#Angle around the z x y axes.
#timestamp(ns), Azimuth , Pitch, Roll (degrees)
#Datetime: 05/06/2014 16:22:20
##########################################
#Activity: 13 - SDL - Sideward-lying - 10s
#Subject ID: 23
#First Name: sub23
#Last Name: sub23
#Age: 23
#Height(cm): 171
#Weight(kg): 64
#Gender: Male
##########################################

@DATA
130091413531000, 50.073532, -177.5695, -64.65867
130091418536000, 50.4863, -176.49225, -66.391205
130091423467000, 49.616318, -177.34796, -64.49343
130091428541000, 50.11341, -177.96419, -65.00345
130091433481000, 49.470417, -177.10493, -64.82114
130091438531000, 48.951195, -176.30476, -64.62537
130091443482000, 48.403698, -175.41396, -64.452774
130091448518000, 47.84348, -174.51852, -64.26337
130091453553000, 47.273647, -173.57652, -64.09327
130091458627000, 46.692554, -172.63345, -63.897156
130091463563000, 46.104294, -171.6513, -63.69976
130091468619000, 45.479424, -170.67421, -63.525883
130091473594000, 44.892765, -169.67188, -63.32211
130091478612000, 44.256577, -168.66693, -63.118595
130091483621000, 250.29472, -167.64606, -62.932034
130091488618000, 251.92114, -166.63135, -62.725395
130091493594000, 253.59674, -165.59904, -62.50153
130091498604000, 255.25223, -164.57474, -62.269394
130091504346000, 256.91537, -163.54079, -62.00472
130091508607000, 258.55167, -162.52106, -61.726192
130091513578000, 260.11777, -161.49684, -61.379074
130091518589000, 261.66614, -160.49133, -61.037785
130091523594000, 263.03467, -159.49495, -60.5734
130091528632000, 264.35703, -158.52203, -60.107464
130091533699000, 265.72144, -157.57883, -59.676304
130091538630000, 267.0003, -156.69415, -59.213524
130091543782000, 268.26498, -155.84328, -58.78934
130091548622000, 269.53857, -155.02689, -58.377632
130091553893000, 270.78934, -154.26936, -57.98753
130091558623000, 272.00043, -153.51918, -57.57893
130091563972000, 273.22736, -152.7902, -57.193134
130091568622000, 274.41516, -152.07494, -56.79797
130091573940000, 275.61395, -151.36499, -56.40471
130091578629000, 276.78152, -150.66904, -56.005905
130091583518000, 277.90897, -149.97191, -55.58817
130091588625000, 279.04926, -149.28561, -55.1797
130091593515000, 280.15976, -148.59445, -54.75289
130091598632000, 281.28754, -147.91272, -54.33743
130091603521000, 282.3874, -147.23051, -53.909523
130091608624000, 283.5099, -146.54239, -53.47733
130091613514000, 284.60205, -145.86252, -53.041348
130091618584000, 285.69086, -145.1717, -52.586246
130091623556000, 286.75153, -144.48532, -52.12461
130091628647000, 287.78174, -143.7973, -51.645855
130091633528000, 288.7896, -143.11534, -51.16202
130091638638000, 289.75085, -142.42393, -50.652664
130091643613000, 290.68912, -141.74304, -50.1412
130091648646000, 291.58643, -141.06444, -49.618015
130091653667000, 292.46335, -140.39264, -49.09194
130091658638000, 293.30472, -139.72966, -48.560486
130091663640000, 294.13358, -139.07489, -48.02929
130091668665000, 294.90552, -138.4345, -47.496113
130091673646000, 295.665, -137.80309, -46.96513
130091678637000, 296.3248, -137.195, -46.43591
130091683642000, 296.97195, -136.58908, -45.90307
130091688636000, 297.54233, -136.0, -45.37228
130091693647000, 298.09918, -135.41537, -44.840717
130091698639000, 298.63016, -134.83307, -44.30522
130091703640000, 299.14407, -134.25076, -43.765636
130091708637000, 299.65234, -133.66856, -43.223198
130091713665000, 300.13852, -133.08914, -42.679405
130091718599000, 300.62878, -132.51042, -42.135315
130091723675000, 301.0933, -131.93323, -41.588955
130091728669000, 301.53366, -131.35506, -41.03741
130091733675000, 301.93753, -130.7785, -40.483017
130091738685000, 302.28787, -130.18304, -39.902515
130091743676000, 302.5936, -129.5878, -39.317173
130091748669000, 302.8474, -128.9769, -38.709915
130091753676000, 303.06473, -128.36714, -38.098606
130091758623000, 303.25974, -127.74114, -37.467934
130091763698000, 303.4367, -127.11901, -36.837814
130091768599000, 303.67218, -126.502594, -36.219414
130091773671000, 303.90616, -125.89113, -35.605194
130091778542000, 304.35474, -125.310425, -35.04673
130091783671000, 304.81152, -124.744514, -34.50396
130091788551000, 305.037, -124.23772, -33.995537
130091793687000, 305.28036, -123.74347, -33.503323
130091798553000, 305.6916, -123.29193, -33.07279
130091803673000, 306.10938, -122.85595, -32.659267
130091808577000, 306.63602, -122.43405, -32.269997
130091813677000, 307.15598, -122.049835, -31.91526
130091818589000, 307.46347, -121.666626, -31.542557
130091823674000, 307.7723, -121.31448, -31.199877
130091829309000, 308.1977, -120.96158, -30.866144
130091833714000, 308.63565, -120.63628, -30.5589
130091838928000, 309.0983, -120.30489, -30.24611
130091843686000, 309.58426, -119.99116, -29.949656
130091848632000, 310.04843, -119.5885, -29.56076
130091853906000, 310.5304, -119.19214, -29.176151
130091858639000, 310.9577, -118.763306, -28.754688
130091863693000, 311.38483, -118.333466, -28.32997
130091868627000, 311.71207, -117.904396, -27.902834
130091873683000, 312.02057, -117.46669, -27.46616
130091878730000, 312.2508, -117.06377, -27.0634
130091883730000, 312.46304, -116.65837, -26.657993
130091888787000, 312.6183, -116.30393, -26.303064
130091893818000, 312.76294, -115.949486, -25.94765
130091899824000, 312.8973, -115.59788, -25.594461
130091903743000, 312.97662, -115.30881, -25.301847
130091908842000, 313.0457, -115.01941, -25.007627
130091913700000, 313.09427, -114.78144, -24.762789
130091918742000, 313.10715, -114.54171, -24.513937
130091923844000, 313.1086, -114.334366, -24.296711
130091928609000, 313.08478, -114.12548, -24.07629
130091933590000, 313.05048, -113.92311, -23.861542
130091938599000, 312.99112, -113.725174, -23.650295
130091943540000, 312.99396, -113.502014, -23.41903
130091948601000, 312.99472, -113.2892, -23.197998
130091953597000, 313.10516, -113.041824, -22.952398
130091958608000, 313.24066, -112.80258, -22.715084
130091963587000, 313.5053, -112.51924, -22.4444
130091968650000, 313.8048, -112.2483, -22.185823
130091973595000, 314.24176, -111.93785, -21.894707
130091978600000, 314.70123, -111.64098, -21.614395
130091983583000, 315.2391, -111.32075, -21.309244
130091988612000, 315.79575, -111.01679, -21.014355
130091993564000, 316.34998, -69.29391, -20.705996
130091998609000, 316.90387, -69.58779, -20.407185
130092003629000, 317.4276, -69.86896, -20.114859
130092008609000, 317.93845, -70.13703, -19.829334
130092013755000, 318.40997, -70.37664, -19.568163
130092018583000, 318.87744, -70.6085, -19.308926
130092023884000, 319.33536, -70.80116, -19.08506
130092028616000, 319.80325, -70.9831, -18.865278
130092033593000, 320.27847, -71.125275, -18.679941
130092038683000, 320.7747, -71.25379, -18.499426
130092043560000, 321.2998, -71.37728, -18.315834
130092048643000, 321.84525, -71.45875, -18.164743
130092053524000, 322.40317, -71.53754, -18.007328
130092058632000, 322.89377, -71.62723, -17.85277
130092063531000, 323.36517, -71.71706, -17.694185
130092068640000, 323.76093, -71.85379, -17.504297
130092073525000, 324.1151, -72.000145, -17.308525
130092078637000, 324.3778, -72.20405, -17.074886
130092083524000, 324.58655, -72.41961, -16.836441
130092088638000, 324.72424, -72.683754, -16.564428
130092093652000, 324.81903, -72.95495, -16.29327
130092098637000, 324.88943, -73.235855, -16.016712
130092103600000, 324.9188, -73.51466, -15.750323
130092108625000, 324.96588, -73.80857, -15.461454
130092113672000, 325.0056, -74.099976, -15.179592
130092118588000, 325.0733, -74.35162, -14.924884
130092123644000, 325.15408, -74.59475, -14.678573
130092128658000, 325.2713, -74.783325, -14.475636
130092133674000, 325.409, -74.96189, -14.27822
130092138666000, 325.59204, -75.07984, -14.130075
130092143660000, 325.80368, -75.18357, -13.989896
130092148654000, 326.07117, -75.23502, -13.8854
130092154390000, 326.37186, -75.268456, -13.790465
130092158656000, 326.71527, -75.28524, -13.6990595
130092163658000, 327.08084, -75.28853, -13.612178
130092168647000, 327.4577, -75.31917, -13.495645
130092173648000, 327.833, -75.34344, -13.384161
130092178634000, 328.17343, -75.41999, -13.237024
130092183658000, 328.49442, -75.49788, -13.093426
130092188644000, 328.74945, -75.621376, -12.934152
130092193652000, 328.9674, -75.750114, -12.781719
130092198646000, 329.1693, -75.8814, -12.636038
130092203668000, 329.31244, -76.018005, -12.497829
130092208598000, 329.43097, -76.10952, -12.425495
130092213648000, 329.53613, -76.202614, -12.357054
130092218566000, 329.65802, -76.24154, -12.326302
130092224460000, 329.80524, -76.26906, -12.300581
130092228529000, 329.96762, -76.26797, -12.277361
130092233648000, 330.17892, -76.2618, -12.253354
130092238527000, 330.4245, -76.25302, -12.197445
130092243645000, 330.6823, -76.24691, -12.13752
130092248551000, 330.9647, -76.25581, -12.042959
130092253656000, 331.24362, -76.27088, -11.94143
130092258529000, 331.51837, -76.30147, -11.820552
130092263650000, 331.7871, -76.33567, -11.695306
130092268577000, 332.0517, -76.369865, -11.569289
130092273667000, 332.303, -76.40203, -11.4458
130092278610000, 332.53473, -76.46213, -11.307854
130092283657000, 332.75784, -76.52301, -11.170659
130092288593000, 332.96194, -76.58481, -11.041098
130092293848000, 333.16428, -76.64857, -10.908765
130092298630000, 333.35437, -76.71634, -10.777709
130092303647000, 333.5315, -76.78533, -10.646406
130092308612000, 333.70667, -76.854996, -10.519212
130092313650000, 333.87497, -76.924866, -10.394215
130092318571000, 334.03955, -76.99227, -10.285821
130092323645000, 334.20386, -77.06207, -10.184454
130092328613000, 334.37482, -77.12676, -10.10056
130092333649000, 334.55328, -77.19806, -10.031765
130092338612000, 334.7818, -77.20042, -9.996551
130092343658000, 335.02277, -77.213684, -9.975352
130092348536000, 335.31186, -77.18491, -9.97925
130092353645000, 335.61206, -77.16866, -9.990452
130092358716000, 335.9364, -77.15303, -10.009421
130092363803000, 336.3333, -77.08715, -10.038117
130092368833000, 336.7631, -77.02315, -10.063973
130092373644000, 337.22385, -76.95366, -10.080162
130092378924000, 337.82834, -76.78448, -10.080595
130092383637000, 338.46558, -76.60518, -10.061673
130092388609000, 339.17984, -76.38587, -9.992119
130092393658000, 339.89722, -76.156525, -9.901236
130092398577000, 340.6174, -75.89973, -9.796117
130092403652000, 341.30478, -75.702774, -9.583355
130092408533000, 341.95575, -75.4546, -9.373162
130092413650000, 342.53665, -75.23934, -9.142592
130092418549000, 343.05658, -74.99349, -8.920005
130092423679000, 343.52466, -74.70671, -8.717529
130092428592000, 343.93085, -74.3929, -8.5308075
130092433705000, 344.3109, -73.98812, -8.404509
130092438619000, 344.6265, -73.56285, -8.302497
130092443690000, 344.92554, -73.04023, -8.279108
130092448620000, 345.18167, -72.50362, -8.278985
130092453676000, 345.39954, -71.91999, -8.381685
130092458673000, 345.59225, -71.3338, -8.50717
130092463680000, 345.7807, -70.72672, -8.700488
130092468643000, 345.97614, -70.11766, -8.893608
130092473674000, 346.1813, -69.527855, -9.101958
130092479214000, 346.41818, -68.944725, -9.286717
130092483692000, 346.66223, -68.400536, -9.442684
130092488685000, 346.9479, -67.866295, -9.570383
130092493674000, 347.21222, -67.38619, -9.669016
130092498671000, 347.53763, -66.902176, -9.736416
130092503670000, 347.82816, -66.47646, -9.774726
130092508692000, 348.13602, -66.04672, -9.805372
130092513645000, 348.4013, -65.683815, -9.825267
130092518647000, 348.64532, -65.34415, -9.852971
130092523586000, 348.8193, -65.06439, -9.906677
130092528657000, 348.94055, -64.82901, -9.976763
130092533558000, 348.98364, -64.634315, -10.124292
130092538641000, 348.96396, -64.49234, -10.304436
130092543526000, 348.89523, -64.33649, -10.609241
130092549405000, 348.7772, -64.22165, -10.95152
130092553528000, 348.68713, -63.98277, -11.452979
130092558652000, 348.59814, -63.75336, -11.973597
130092563526000, 348.6068, -63.341015, -12.598194
130092568645000, 348.6775, -62.910248, -13.19746
130092573570000, 348.88464, -62.344357, -13.7785
130092578644000, 349.1528, -61.75802, -14.301843
130092583569000, 349.5202, -61.159058, -14.67206
130092588664000, 349.91916, -60.546722, -14.987611
130092593594000, 350.32965, -60.056572, -15.0906925
130092598661000, 350.7117, -59.571075, -15.171721
130092603606000, 350.99704, -59.25604, -15.061168
130092608651000, 351.2352, -58.958057, -14.959038
130092613632000, 351.3497, -58.832897, -14.710157
130092618908000, 351.40564, -58.725883, -14.483389
130092623667000, 351.38083, -58.733635, -14.167326
130092628676000, 351.3297, -58.779472, -13.86012
130092633639000, 351.2707, -58.85596, -13.528158
130092638682000, 351.22205, -58.96956, -13.194016
130092643619000, 351.30563, -58.919884, -12.888051
130092648679000, 351.40533, -58.891464, -12.572553
130092653596000, 351.7147, -58.59782, -12.320056
130092658686000, 352.02023, -58.283447, -12.085839
130092663655000, 352.41098, -57.762505, -11.980805
130092668703000, 352.7781, -57.202877, -11.8999195
130092673568000, 353.06348, -56.54226, -12.02204
130092678681000, 353.331, -55.851418, -12.156019
130092683556000, 353.58456, -55.155468, -12.294274
130092688660000, 353.62552, -54.667244, -12.69466
130092693560000, 353.67297, -54.20076, -13.079849
130092698678000, 353.7252, -53.73528, -13.456769
130092703555000, 353.79205, -53.32729, -13.817826
130092708678000, 353.77963, -53.06069, -14.299308
130092713568000, 353.76694, -52.83602, -14.772848
130092718625000, 353.74976, -52.628605, -15.272582
130092723557000, 353.7324, -52.45107, -15.764778
130092728674000, 353.7219, -52.255394, -16.242174
130092733565000, 353.69418, -52.074516, -16.72187
130092738684000, 353.68103, -51.840153, -17.184782
130092743683000, 353.66498, -51.60714, -17.642305
130092748676000, 353.69568, -51.29345, -18.084648
130092753704000, 353.69434, -50.977734, -18.538431
130092758712000, 353.78543, -50.529892, -18.97797
130092763685000, 353.86884, -50.082623, -19.4144
130092768670000, 353.98657, -49.55692, -19.889091
130092773674000, 354.1276, -49.02625, -20.350626
130092778669000, 354.26672, -48.503105, -20.809296
130092783697000, 354.42108, -47.993435, -21.253433
130092788675000, 354.6018, -47.470547, -21.671885
130092793674000, 354.81067, -46.95902, -22.067131
130092798670000, 355.00024, -46.551647, -22.36689
130092804334000, 355.1977, -46.15857, -22.653818
130092808692000, 355.33774, -45.877544, -22.840067
130092813679000, 355.47067, -45.6153, -23.019909
130092818614000, 355.55267, -45.45235, -23.101816
130092823671000, 355.63016, -45.310112, -23.172873
130092828671000, 355.6468, -45.237778, -23.219736
130092833690000, 355.6569, -45.18129, -23.255575
130092838628000, 355.62637, -45.135235, -23.374086
130092843677000, 355.59848, -45.10297, -23.486214
130092848595000, 355.56482, -45.03609, -23.703707
130092853684000, 355.5455, -44.973576, -23.920431
130092858547000, 355.5527, -44.85937, -24.182644
130092863679000, 355.57263, -44.744213, -24.444628
130092868552000, 355.65942, -44.567642, -24.663868
130092874518000, 355.75735, -44.385574, -24.884567
130092878556000, 355.92538, -44.171535, -25.00599
130092883672000, 356.0943, -43.949043, -25.120253
130092888581000, 356.3193, -43.716164, -25.130968
130092893681000, 356.52597, -43.487835, -25.134983
130092898752000, 356.74768, -43.27822, -25.023993
130092903691000, 356.95523, -43.073036, -24.907429
130092908674000, 357.0786, -42.953136, -24.745596
130092913680000, 357.1805, -42.83564, -24.586536
130092918619000, 357.20206, -42.801113, -24.419243
130092923699000, 357.20938, -42.780216, -24.254095
130092928638000, 357.15222, -42.806797, -24.139172
130092933674000, 357.0857, -42.849167, -24.02436
130092938629000, 357.01077, -42.87776, -23.972958
130092944072000, 356.9344, -42.899307, -23.932526
130092948660000, 356.859, -42.873444, -23.927065
130092953685000, 356.76587, -42.810154, -23.95012
130092958680000, 356.51205, -42.818718, -24.002266
130092963679000, 356.19742, -42.834805, -24.039904
130092968974000, 355.5893, -43.08828, -24.140543
130092973688000, 354.86493, -43.354107, -24.223507
130092978942000, 353.75986, -44.01973, -24.31966
130092983674000, 352.62698, -44.6664, -24.366707
130092988634000, 351.3821, -45.399147, -24.451294
130092993696000, 350.21768, -46.02835, -24.529236
130092998564000, 349.1306, -46.639446, -24.5938
130093003674000, 348.13925, -47.15155, -24.786068
130093008553000, 347.27994, -47.666565, -24.990782
130093013670000, 346.6214, -48.334785, -24.961004
130093018636000, 346.05716, -49.033222, -24.96184
130093023692000, 345.67633, -49.814278, -24.736193
130093028611000, 345.33304, -50.5842, -24.539852
130093033672000, 345.0957, -51.307785, -24.22763
130093038664000, 344.78363, -52.00066, -23.950932
130093043676000, 344.3777, -52.63075, -23.734114
130093048646000, 343.9466, -53.226536, -23.512032
130093053669000, 343.33282, -53.7809, -23.5861
130093058669000, 342.77835, -54.228085, -23.747656
130093063673000, 342.2529, -54.36239, -24.196852
130093068672000, 341.8056, -54.35804, -24.759235
130093073669000, 341.44656, -53.977066, -25.709204
130093078664000, 341.11432, -53.59591, -26.666685
130093083784000, 340.80307, -53.20853, -27.764772
130093088678000, 340.54584, -52.873447, -28.816467
130093093669000, 340.2367, -52.794083, -29.656076
130093098673000, 340.0568, -52.88369, -30.394444
130093103678000, 339.81805, -53.191418, -30.917103
130093108691000, 339.47577, -53.534042, -31.393568
130093113670000, 339.15997, -53.888496, -31.740376
130093118648000, 338.6236, -54.241806, -32.064533
130093123667000, 338.16504, -54.47026, -32.328903
130093129628000, 337.56824, -54.69706, -32.55046
130093133675000, 337.0339, -54.763824, -32.798344
130093138676000, 336.42743, -54.797424, -33.040077
130093143667000, 336.0257, -54.595757, -33.37534
130093148672000, 335.64368, -54.35882, -33.72517
130093153685000, 335.3881, -53.927853, -34.218937
130093158672000, 335.21277, -53.46297, -34.737873
130093163547000, 334.93695, -53.016567, -35.303886
130093168680000, 334.75647, -52.539536, -35.895504
130093173553000, 334.50943, -52.154537, -36.440113
130093178683000, 334.39795, -51.783905, -36.949467
130093183553000, 334.24823, -51.46092, -37.419846
130093188681000, 334.10284, -51.20504, -37.81239
130093193560000, 333.92236, -51.09567, -38.051487
130093199302000, 333.70828, -51.02486, -38.244427
130093203606000, 333.40744, -51.066555, -38.32225
130093208673000, 333.0737, -51.127945, -38.371616
130093213596000, 332.73892, -51.129787, -38.466244
130093218647000, 332.39713, -51.110744, -38.569912
130093223931000, 332.1374, -50.965935, -38.778603
130093228684000, 331.87213, -50.78746, -39.01281
130093233650000, 331.78445, -50.478226, -39.355793
130093238673000, 331.7521, -50.122105, -39.737354
130093243641000, 331.85266, -49.708183, -40.1652
130093248685000, 332.0225, -49.27299, -40.609985
130093253624000, 332.30734, -48.932667, -40.952637
130093258679000, 332.6211, -48.599857, -41.286358
130093263630000, 332.81848, -48.51415, -41.382267
130093269006000, 333.00226, -48.44352, -41.464985
130093273693000, 332.96564, -48.504868, -41.42859
130093278679000, 332.91385, -48.56691, -41.38918
130093283821000, 332.69128, -48.53609, -41.444088
130093288670000, 332.49243, -48.502834, -41.49204
130093294019000, 332.27603, -131.76047, -41.760452
130093298676000, 332.07947, -132.03235, -42.026558
130093304043000, 331.9638, -132.51207, -42.491814
130093308672000, 331.89554, -133.00456, -42.964054
130093313601000, 331.8528, -133.64297, -43.577377
130093318633000, 331.84845, -134.29385, -44.20192
130093323553000, 331.8622, -134.95676, -44.838802
130093328668000, 331.81918, -135.66309, -45.51499
130093333552000, 331.8187, -136.3814, -46.20497
130093338630000, 331.62567, -136.87282, -46.652416
130093343604000, 331.44693, -137.37369, -47.107082
130093348673000, 331.2402, -137.7258, -47.40846
130093353550000, 331.04062, -138.06866, -47.69764
130093358666000, 330.75345, -138.24356, -47.806103
130093363597000, 330.42877, -138.39322, -47.881546
130093368668000, 329.94766, -138.37558, -47.763985
130093373595000, 329.4515, -138.31564, -47.59397
130093378666000, 328.67062, -138.17253, -47.284878
130093383627000, 327.94635, -137.98203, -46.919704
130093388676000, 326.99326, -137.94838, -46.641216
130093393687000, 326.09283, -137.9487, -46.380245
130093398669000, 325.12036, -138.43817, -46.564545
130093403670000, 324.23868, -139.00423, -46.823875
130093408823000, 323.42377, -140.02011, -47.543648
130093413674000, 322.64377, -141.08844, -48.321907
130093418687000, 322.05298, -142.27026, -49.283897
130093423689000, 321.51114, -143.4401, -50.258495
130093428674000, 321.2394, -144.55464, -51.282993
130093433689000, 320.997, -145.61765, -52.27555
130093438675000, 321.00897, -146.59227, -53.27224
130093443669000, 321.09357, -147.54285, -54.265198
130093448671000, 321.2674, -148.4774, -55.272125
130093453670000, 321.47308, -149.43065, -56.29925
130093458679000, 321.65085, -150.44102, -57.378086
130093463680000, 321.80054, -151.48308, -58.48083
130093468670000, 321.71616, -152.56479, -59.564648
130093473671000, 321.58197, -153.64609, -60.641727
130093478554000, 321.0547, -154.73682, -61.63383
130093483684000, 320.44012, -155.77193, -62.55814
130093488668000, 319.3523, -156.87068, -63.44093
130093493676000, 318.08652, -157.93896, -64.25433
130093498668000, 316.29105, -159.15697, -65.11087
130093503680000, 314.32672, -160.36752, -65.919365
130093508669000, 311.97336, -161.77382, -66.862785
130093513667000, 309.50314, -163.16829, -67.77654
130093518624000, 306.8141, -164.72739, -68.868774
130093523714000, 303.9747, -166.2712, -69.945114
130093528620000, 300.914, -167.9151, -71.17191
130093533676000, 76.92639, -169.54645, -72.35984
130093538589000, 78.16743, -171.19287, -73.53189
130093543677000, 79.25876, -172.82301, -74.5962
130093548544000, 80.11907, -174.37947, -75.398766
130093553684000, 80.73308, -175.90411, -76.024635
130093559106000, 81.77978, -177.27, -76.33266
130093563677000, 82.7951, -178.58638, -76.46548
130093568547000, 83.46334, -179.69884, -76.459175
130093573676000, 83.984276, 179.27939, -76.31522
130093578575000, 84.28003, 178.4995, -76.15923
130093583678000, 84.52967, 177.79727, -75.93305
130093588584000, 84.603386, 177.32639, -75.75202
130093593708000, 84.65298, 176.90503, -75.57155
130093598604000, 84.59152, 176.61392, -75.44703
130093603653000, 84.53822, 176.34773, -75.33571
130093608622000, 84.5374, 176.05582, -75.314804
130093613678000, 84.57355, 175.76842, -75.29685
130093618626000, 84.76735, 175.3829, -75.20994
130093623671000, 85.03931, 174.98547, -75.106514
130093628655000, 85.52222, 174.43466, -74.88087
130093633686000, 86.08983, 173.86604, -74.63804
130093638642000, 86.875, 173.13913, -74.27806
130093643675000, 87.70918, 172.41162, -73.9128
130093648634000, 88.68649, 171.60081, -73.43714
130093653675000, 89.67658, 170.81335, -72.97725
130093658634000, 90.70933, 170.02127, -72.45019
130093663680000, 91.72574, 169.26756, -71.94206
130093668650000, 92.717354, 168.55197, -71.444275
130093673657000, 218.45392, 167.8638, -70.98712
130093678745000, 216.82593, 167.2202, -70.55829
130093683683000, 215.2534, 166.59105, -70.14093
130093688856000, 213.54147, 165.9334, -69.73984
130093693683000, 211.9555, 165.29588, -69.32761
130093698862000, 210.22151, 164.58925, -68.87449
130093703684000, 208.58, 163.90414, -68.42316
130093708617000, 207.0488, 163.25237, -67.98174
130093713677000, 205.38277, 162.54056, -67.50908
130093718566000, 203.80296, 161.86986, -67.06275
130093723681000, 202.16924, 161.24728, -66.69182
130093728550000, 200.58858, 160.65051, -66.3345
130093733679000, 199.04688, 160.13443, -66.066536
130093738547000, 197.55588, 159.63309, -65.798225
130093743644000, 196.0742, 159.22603, -65.644295
130093748555000, 194.66165, 158.82861, -65.48119
130093753675000, 193.24762, 158.54987, -65.46432
130093758554000, 191.86417, 158.2665, -65.42943
130093763677000, 190.38594, 158.11766, -65.56724
130093768581000, 188.9906, 157.96771, -65.67591
130093773673000, 187.52756, 157.96454, -65.94977
130093778556000, 186.14505, 157.94548, -66.17577
130093783692000, 184.8577, 158.07542, -66.530426
130093788595000, 183.47713, 158.17679, -66.84933
130093793685000, 182.14613, 158.41196, -67.28247
130093798677000, 180.65736, 158.62234, -67.688225
130093803671000, 179.16878, 158.9514, -68.19382
130093808677000, 177.61974, 159.28525, -68.687996
130093813643000, 176.73824, 159.7088, -69.19297
130093818647000, 176.03526, 160.17331, -69.71965
130093823673000, 176.23534, 160.59567, -70.1251
130093828674000, 176.62558, 161.04404, -70.543175
130093833629000, 177.29663, 161.27342, -70.70944
130093838641000, 178.01805, 161.50362, -70.868416
130093843623000, 178.21342, 161.40552, -70.73242
130093848705000, 178.38733, 161.31073, -70.59954
130093853626000, 178.00462, 160.93547, -70.22805
130093858621000, 177.69862, 160.58783, -69.878876
130093863631000, 177.03128, 160.07883, -69.39836
130093868620000, 176.55904, 159.59793, -68.931
130093873671000, 176.00667, 159.10538, -68.46208
130093878674000, 175.6294, 158.64545, -68.01134
130093884201000, 175.30963, 158.2092, -67.58115
130093888681000, 175.09758, 157.82404, -67.19304
130093893672000, 174.98917, 157.48135, -66.8366
130093898668000, 174.97656, 157.17102, -66.50261
130093903672000, 174.88744, 156.93149, -66.24895
130093908674000, 174.79541, 156.71065, -66.01297
130093913644000, 174.77995, 156.56471, -65.84112
130093918708000, 174.73946, 156.42099, -65.671616
130093923606000, 174.75153, 156.3632, -65.58068
130093928648000, 174.78145, 156.30573, -65.48634
130093933551000, 174.87057, 156.32503, -65.46048
130093938677000, 174.91103, 156.34236, -65.43674
130093943547000, 175.07256, 156.433, -65.472336
130093948672000, 175.16823, 156.52513, -65.516785
130093954140000, 175.33997, 156.68323, -65.62134
130093958674000, 175.4562, 156.8466, -65.73726
130093963551000, 175.59572, 157.07138, -65.91817
130093968680000, 175.71208, 157.30225, -66.10853
130093973599000, 175.89275, 157.59694, -66.361374
130093978681000, 176.10721, 157.89447, -66.61425
130093983631000, 176.3538, 158.22441, -66.89824
130093988679000, 176.54192, 158.55742, -67.19662
130093993643000, 176.85484, 158.91998, -67.508446
130093998644000, 177.1871, 159.28568, -67.823364
130094003655000, 177.55573, 159.65096, -68.13254
130094008828000, 177.85297, 160.02231, -68.45811
130094013722000, 178.33676, 160.39526, -68.75759
130094018761000, 178.82625, 160.76242, -69.04807
130094024430000, 179.34424, 161.1171, -69.3185
130094028701000, 179.88309, 161.46567, -69.57764
130094033608000, 180.40472, 161.79227, -69.81429
130094038699000, 180.9463, 162.1044, -70.030266
130094043720000, 181.50089, 162.3934, -70.21775
130094048688000, 182.07143, 162.73224, -70.45796
130094053736000, 182.63373, 163.04297, -70.66822
130094058575000, 183.29724, 163.40305, -70.91807
130094063699000, 183.95044, 163.7471, -71.15221
130094068577000, 184.86113, 164.12836, -71.38485
130094073674000, 185.85753, 164.48537, -71.57304
130094078581000, 186.97475, 164.85194, -71.74869
130094083654000, 188.14081, 165.19162, -71.88222
130094088581000, 189.26112, 165.48677, -71.971146
130094093607000, 190.3857, 165.7598, -72.02708
130094098571000, 191.2889, 165.99648, -72.087746
130094103663000, 192.15604, 166.22133, -72.13798
130094108547000, 192.7535, 166.40765, -72.2041
130094113542000, 193.3031, 166.59167, -72.27699
130094118497000, 193.674, 166.74326, -72.34947
130094123507000, 193.99687, 166.88438, -72.42082
130094128460000, 194.31065, 166.98514, -72.4393
130094133510000, 194.59773, 167.0761, -72.4529
130094138446000, 194.83542, 167.14203, -72.44492
130094143501000, 195.02742, 167.19617, -72.436226
130094148429000, 195.32039, 167.2388, -72.384445
130094153506000, 195.6103, 167.27829, -72.330635
130094158429000, 195.78966, 167.34221, -72.34222
130094163505000, 195.9834, 167.42326, -72.37663
130094168431000, 196.22679, 167.56277, -72.47736
130094173508000, 196.41818, 167.7154, -72.61224
130094178445000, 196.72395, 167.88574, -72.73618
130094183508000, 197.03381, 168.06644, -72.874664
130094188448000, 197.32077, 168.22508, -72.984726
130094193503000, 197.63843, 168.3902, -73.09596
130094198469000, 58.174866, 168.53223, -73.20076
130094203509000, 58.12823, 168.67365, -73.30079
130094208725000, 58.06641, 168.80179, -73.38299
130094213508000, 57.9934, 168.93283, -73.46893
130094218471000, 57.919342, 169.07097, -73.53894
130094223658000, 57.840794, 169.2208, -73.603226
130094228609000, 57.767624, 169.38568, -73.67468
130094233630000, 57.697113, 169.5536, -73.73692
130094238616000, 57.63137, 169.73558, -73.78002
130094243792000, 57.573532, 169.9202, -73.82846
130094248621000, 57.51068, 170.09105, -73.84861
130094253610000, 57.45906, 170.26224, -73.87191
130094258646000, 57.40106, 170.40477, -73.883286
130094263662000, 57.35009, 170.5405, -73.90921
130094268792000, 57.292492, 170.63142, -73.91084
130094273640000, 57.243702, 170.71985, -73.89983
130094279510000, 57.168602, 170.74713, -73.87431
130094283634000, 57.10805, 170.76947, -73.855736
130094288595000, 57.019833, 170.7333, -73.76512
130094293606000, 56.94676, 170.69653, -73.67591
130094298628000, 56.880802, 170.65237, -73.57198
130094303615000, 56.783825, 170.52847, -73.436806
130094308630000, 56.704952, 170.40776, -73.2996
130094313626000, 56.624607, 170.27876, -73.15041
130094318612000, 56.55293, 170.1538, -73.00181
130094323610000, 56.479706, 170.01588, -72.852715
130094328636000, 56.41072, 169.88223, -72.709625
130094333629000, 56.349808, 169.75331, -72.58018
130094338624000, 56.29487, 169.63365, -72.46102
130094343623000, 56.248325, 169.52545, -72.36361
130094349081000, 56.20978, 169.42508, -72.27404
130094353642000, 56.167797, 169.33533, -72.19807
130094358639000, 56.133305, 169.25081, -72.132385
130094363624000, 56.080936, 169.16682, -72.06628
130094368617000, 56.04179, 169.08765, -72.00739
130094373628000, 55.989765, 169.00163, -71.93598
130094378638000, 55.941853, 168.92122, -71.872604
130094383628000, 55.88248, 168.82288, -71.79496
130094388626000, 55.826324, 168.73032, -71.71989
130094393603000, 55.756702, 168.61499, -71.63448
130094398641000, 55.686996, 168.51051, -71.549515
130094403623000, 199.61496, 168.3936, -71.46402
130094408627000, 199.37634, 168.28741, -71.383224
130094413623000, 199.16745, 168.18713, -71.304184
130094418749000, 198.97151, 168.09125, -71.22313
130094423626000, 198.82133, 168.02435, -71.16917
130094428642000, 198.6858, 167.96356, -71.11701
130094433591000, 198.64754, 167.93816, -71.08006
130094438636000, 198.62776, 167.92027, -71.045944
130094443561000, 198.69562, 167.93478, -71.03284
130094448655000, 198.7764, 167.95354, -71.018715
130094453523000, 198.92075, 167.99223, -71.01021
130094458644000, 199.06287, 168.03162, -71.00381
130094463518000, 199.29567, 168.08862, -70.99576
130094468631000, 199.52672, 168.14531, -70.98719
130094473520000, 199.81895, 168.21591, -70.97417
130094478631000, 200.11292, 168.2824, -70.95505
130094483534000, 200.45134, 168.35808, -70.930084
130094488631000, 200.80075, 168.43488, -70.90167
130094493558000, 55.321625, 168.51807, -70.8629
130094498619000, 55.343235, 168.60135, -70.81282
130094503565000, 55.359245, 168.69313, -70.75949
130094508635000, 55.37333, 168.78067, -70.69344
130094513575000, 55.403458, 168.88052, -70.61771
130094518589000, 55.428745, 168.97728, -70.535934
130094523607000, 55.457108, 169.08339, -70.45569
130094528637000, 55.48089, 169.18277, -70.37159
130094534269000, 55.51432, 169.30063, -70.29391
130094538628000, 55.542274, 169.41243, -70.21712
130094543564000, 55.57688, 169.53522, -70.148766
130094548623000, 55.60531, 169.65681, -70.08447
130094553523000, 55.63407, 169.775, -70.02626
130094558629000, 55.65634, 169.89249, -69.971664
130094563526000, 55.676327, 170.004, -69.91992
130094568630000, 55.698532, 170.16655, -69.87563
130094573526000, 55.71652, 170.32259, -69.83448
130094578608000, 55.744595, 170.49492, -69.786224
130094583522000, 55.769993, 170.6648, -69.74284
130094588627000, 55.795628, 170.83498, -69.68505
130094593523000, 55.81886, 171.00233, -69.62993
130094598627000, 55.84944, 171.173, -69.56786
130094604193000, 55.882397, 171.3368, -69.509605
130094608627000, 55.904415, 171.49086, -69.42408
130094613634000, 55.9318, 171.6402, -69.342545
130094618588000, 55.954014, 171.78331, -69.254875
130094623688000, 55.97866, 171.91872, -69.168106
130094628648000, 56.002586, 172.057, -69.08047
130094633688000, 56.025223, 172.1874, -68.99538
130094638749000, 56.05107, 172.32124, -68.9131
130094643686000, 56.077976, 172.45016, -68.83223
130094648643000, 56.109173, 172.58022, -68.75235
130094653679000, 56.139206, 172.70755, -68.6771
130094658669000, 56.182953, 172.83888, -68.59795
130094663677000, 56.222782, 172.95976, -68.52247
130094668670000, 56.277233, 173.08562, -68.44651
130094674270000, 56.327263, 173.20085, -68.37601
130094678667000, 56.379246, 173.31134, -68.2998
130094683686000, 56.423233, 173.41333, -68.22023
130094688670000, 56.470802, 173.5001, -68.149635
130094693701000, 56.511448, 173.58536, -68.07797
130094698626000, 56.546227, 173.65286, -68.008385
130094703686000, 56.576836, 173.723, -67.94314
130094708621000, 56.60611, 173.79257, -67.89013
130094713684000, 56.62756, 173.86034, -67.83923
130094718600000, 56.647106, 173.92781, -67.794
130094723689000, 56.65499, 173.99498, -67.75383
130094728634000, 56.662857, 174.0625, -67.71428
130094733683000, 56.66706, 174.12564, -67.67803
130094738646000, 56.663055, 174.18184, -67.64372
130094743884000, 56.658348, 174.23248, -67.61413
130094748673000, 56.658607, 174.28046, -67.592255
130094753683000, 56.65047, 174.32196, -67.571754
130094758779000, 56.653934, 174.36627, -67.556595
130094763679000, 56.64934, 174.40741, -67.54349
130094768848000, 56.64861, 174.44781, -67.538155
130094773685000, 56.645153, 174.48407, -67.52847
130094778617000, 56.648235, 174.51898, -67.537964
130094783685000, 56.651016, 174.54724, -67.55097
130094788612000, 56.65554, 174.57874, -67.57014
130094793691000, 56.650543, 174.6002, -67.594124
130094798605000, 56.65067, 174.61317, -67.62251
130094803687000, 56.654903, 174.64116, -67.66464
130094808634000, 56.655975, 174.66104, -67.70082
130094813686000, 56.6602, 174.65945, -67.71783
130094818622000, 56.66969, 174.66003, -67.73502
130094823688000, 56.68145, 174.6591, -67.778366
130094828654000, 56.6946, 174.65962, -67.81624
130094833679000, 56.71121, 174.64995, -67.864876
130094838652000, 56.727627, 174.6461, -67.91291
130094843685000, 56.735825, 174.62965, -67.95379
130094848680000, 56.74735, 174.61371, -67.995155
130094853686000, 56.75793, 174.58932, -68.02508
130094859372000, 56.771236, 174.56409, -68.05713
130094863687000, 56.7833, 174.52916, -68.0937
130094868690000, 56.801666, 174.49445, -68.126396
130094873673000, 56.82302, 174.44298, -68.14601
130094878689000, 56.847904, 174.38824, -68.16392
130094883682000, 56.87503, 174.33066, -68.180405
130094888656000, 56.89674, 174.28027, -68.19897
130094893698000, 56.93248, 174.22049, -68.22309
130094898692000, 56.96175, 174.169, -68.24982
130094903675000, 56.9947, 174.11258, -68.27941
130094908685000, 57.02256, 174.06258, -68.30598
130094913677000, 57.048405, 174.0056, -68.34253
130094918625000, 57.073303, 173.95268, -68.37747
130094923672000, 57.099937, 173.89835, -68.418144
130094929093000, 57.12092, 173.84698, -68.45797
130094933677000, 57.147083, 173.79988, -68.499466
130094938701000, 57.17437, 173.75676, -68.5403
130094943680000, 57.1983, 173.70734, -68.59575
130094948692000, 57.217728, 173.65392, -68.645645
130094953627000, 57.24485, 173.5883, -68.71155
130094958689000, 57.27296, 173.52298, -68.769714
130094963659000, 57.29092, 173.45474, -68.83072
130094968693000, 57.309525, 173.38509, -68.89036
130094973594000, 57.337955, 173.33107, -68.95661
130094978678000, 57.3645, 173.27557, -69.01959
130094983573000, 57.396606, 173.24266, -69.08508
130094988675000, 57.432713, 173.20619, -69.152054
130094993551000, 57.466686, 173.16405, -69.217514
130094999324000, 57.498055, 173.12123, -69.284874
130095003559000, 57.53964, 173.09099, -69.34772
130095008692000, 57.582516, 173.06155, -69.416336
130095013553000, 57.6272, 173.0293, -69.47874
130095018641000, 57.666954, 173.00134, -69.54462
130095023586000, 57.709396, 172.96997, -69.618866
130095028682000, 57.743847, 172.94028, -69.68828
130095033614000, 57.779175, 172.90742, -69.76901
130095038677000, 57.804398, 172.8756, -69.84468
130095043615000, 57.827427, 172.83878, -69.92565
130095048684000, 57.844482, 172.8012, -70.00139
130095053625000, 57.85951, 172.77554, -70.08454
130095058677000, 57.86841, 172.7496, -70.16071
130095063692000, 57.874695, 172.7318, -70.23179
130095068994000, 57.88304, 172.70596, -70.29486
130095073770000, 57.869778, 172.68152, -70.35484
130095078684000, 57.86328, 172.65512, -70.41187
130095083854000, 57.843235, 172.6212, -70.461525
130095088682000, 57.828114, 172.59474, -70.50845
130095094043000, 57.81728, 172.58127, -70.56133
130095098683000, 57.80912, 172.57437, -70.6171
130095103565000, 57.801334, 172.55798, -70.66543
130095108681000, 57.79379, 172.54698, -70.71541
130095113654000, 57.790573, 172.53435, -70.76201
130095118664000, 57.765038, 172.51431, -70.796936
130095123795000, 57.7392, 172.49675, -70.82995
130095128711000, 57.716145, 172.47955, -70.86646
130095134000000, 57.696987, 172.4681, -70.90178
130095139467000, 57.66872, 172.44395, -70.940605
130095143669000, 57.64797, 172.42574, -70.97439
130095148698000, 57.595116, 172.39929, -71.00814
130095153789000, 57.540203, 172.37433, -71.04068
130095158723000, 57.49006, 172.36078, -71.072624
130095163772000, 57.43443, 172.34796, -71.101295
130095168705000, 57.380478, 172.33621, -71.12861
130095173742000, 57.326847, 172.3306, -71.160904
130095178678000, 57.26774, 172.32262, -71.18698
130095183713000, 57.20751, 172.31665, -71.21214
130095188625000, 57.148884, 172.3142, -71.235886
130095194112000, 57.093475, 172.31355, -71.253944
130095198662000, 57.041573, 172.3119, -71.27932
130095203690000, 56.992912, 172.30664, -71.2981
130095208659000, 56.947693, 172.31052, -71.32024
130095213647000, 56.900105, 172.31102, -71.34074
130095219284000, 56.8581, 172.31284, -71.35961
130095223686000, 56.814075, 172.31755, -71.376
130095228590000, 56.776833, 172.32117, -71.39055
130095233572000, 56.7174, 172.31908, -71.40128
130095238595000, 56.66183, 172.31569, -71.410194
130095243575000, 56.606167, 172.30733, -71.40906
130095248582000, 56.551655, 172.30025, -71.401634
130095254137000, 56.499687, 172.2902, -71.402466
130095258512000, 56.450542, 172.28285, -71.399445
130095263452000, 56.397724, 172.27168, -71.40198
130095268489000, 56.347836, 172.26141, -71.40123
130095273433000, 56.285904, 172.24199, -71.39784
130095278485000, 56.222954, 172.22812, -71.39569
130095288500000, 56.178333, 172.21278, -71.38921
130095293443000, 56.13135, 172.19908, -71.38369
130095298480000, 56.09091, 172.1881, -71.38232
130095303512000, 56.049446, 172.17294, -71.3727
130095308535000, 56.013508, 172.1628, -71.36543
130095313516000, 55.973778, 172.14445, -71.356926
130095318534000, 55.93566, 172.1304, -71.35034
130095323643000, 55.897034, 172.11267, -71.33489
130095328560000, 55.859592, 172.09642, -71.31942
130095333562000, 55.819202, 172.08496, -71.3033
130095338557000, 55.7838, 172.07362, -71.29036
130095343559000, 55.74696, 172.06056, -71.268394
130095348593000, 55.707016, 172.05174, -71.25404
130095353579000, 55.67804, 172.04276, -71.24106
130095358580000, 55.64968, 172.03401, -71.23275
130095363574000, 55.61859, 172.02365, -71.22822
130095368582000, 55.588383, 172.01393, -71.22065
130095373746000, 55.559544, 172.0047, -71.214355
130095378620000, 55.529545, 171.99777, -71.210846
130095383618000, 55.49041, 171.98695, -71.204254
130095388624000, 55.45672, 171.9774, -71.20001
130095393889000, 55.435238, 171.97038, -71.20045
130095398620000, 55.414974, 171.96614, -71.198685
130095403880000, 55.39386, 171.96214, -71.19917
130095408644000, 55.37519, 171.95474, -71.18836
130095413593000, 55.355667, 171.95274, -71.174866
130095418613000, 55.336132, 171.947, -71.16045
130095423573000, 55.32161, 171.94414, -71.1454
130095428698000, 55.302933, 171.94179, -71.13262
130095433608000, 55.288094, 171.93628, -71.11638
130095438654000, 55.2833, 171.93881, -71.1119
130095443583000, 55.27798, 171.94238, -71.107155
130095448670000, 55.276344, 171.95541, -71.102165
130095453607000, 55.27342, 171.96541, -71.09147
130095458686000, 55.269333, 171.9775, -71.08701
130095463918000, 55.26565, 171.99046, -71.0791
130095468705000, 55.26098, 172.00276, -71.07342
130095473672000, 55.256905, 172.02113, -71.067245
130095478660000, 55.25069, 172.0392, -71.065895
130095483694000, 55.246548, 172.0614, -71.06512
130095488765000, 55.24321, 172.08295, -71.05498
130095493680000, 55.239918, 172.10495, -71.04596
130095498652000, 55.241222, 172.12769, -71.03483
130095503686000, 55.242683, 172.14737, -71.01977
130095508628000, 55.24283, 172.16904, -71.00523
130095513551000, 55.24074, 172.1868, -70.98751
130095518510000, 55.239773, 172.20605, -70.96774
130095523519000, 55.238636, 172.22629, -70.94562
130095528512000, 55.23418, 172.24072, -70.924904
130095533516000, 55.23164, 172.2558, -70.9059
130095538500000, 55.22878, 172.27492, -70.89206
130095543517000, 55.229282, 172.28975, -70.87315
130095548510000, 55.22642, 172.30936, -70.86177
130095553514000, 55.225773, 172.32706, -70.85357
130095558602000, 55.222694, 172.34459, -70.84173
130095563609000, 55.21884, 172.36569, -70.83788
130095568601000, 55.217236, 172.38284, -70.82612
130095573602000, 55.21117, 172.40215, -70.820045
130095579139000, 55.20709, 172.42148, -70.80687
130095583615000, 55.20372, 172.44116, -70.794075
130095588600000, 55.197166, 172.46014, -70.785866
130095593603000, 55.19194, 172.48102, -70.773735
130095598568000, 55.187763, 172.49992, -70.76555
130095603588000, 55.182575, 172.51642, -70.75242
130095608531000, 55.16368, 172.53177, -70.74542
130095613685000, 55.14403, 172.54378, -70.73638
130095618498000, 55.134426, 172.56189, -70.7264
130095623605000, 55.12451, 172.58058, -70.72028
130095628516000, 55.11405, 172.5972, -70.71229
130095633637000, 55.10314, 172.6141, -70.701805
130095638523000, 55.09731, 172.63208, -70.69351
130095643635000, 55.088135, 172.64331, -70.682915
130095649121000, 55.08838, 172.66264, -70.66945
130095653627000, 55.095005, 172.67418, -70.659065
130095658762000, 55.092613, 172.68326, -70.64028
130095663635000, 55.096718, 172.68936, -70.623604
130095668622000, 55.09372, 172.69514, -70.594795
130095673628000, 55.091827, 172.69998, -70.57339
130095678708000, 55.08466, 172.69977, -70.57667
130095683627000, 55.07999, 172.7001, -70.577896
130095688822000, 55.077206, 172.7042, -70.57147
130095693604000, 55.074192, 172.70868, -70.566
130095699000000, 55.069386, 172.71384, -70.56064
130095703624000, 55.06787, 172.71884, -70.55489
130095708582000, 55.06922, 172.72266, -70.55422
130095713618000, 55.075325, 172.72435, -70.55384
130095718929000, 55.075584, 172.73064, -70.55306
130095723637000, 55.08243, 172.73737, -70.54658
130095728552000, 55.08295, 172.74298, -70.53684
130095733618000, 55.075047, 172.74712, -70.52711
130095738577000, 55.065117, 172.75378, -70.512566
130095743642000, 55.06891, 172.75809, -70.50871
130095748588000, 55.073418, 172.76634, -70.50428
130095753641000, 55.079506, 172.775, -70.50099
130095758599000, 55.080433, 172.78252, -70.49817
130095763614000, 55.09955, 172.79422, -70.502975
130095768620000, 55.113712, 172.80347, -70.50368
130095773637000, 55.142445, 172.8129, -70.51618
130095778643000, 55.171127, 172.82434, -70.52442
130095783638000, 55.197575, 172.83226, -70.53364
130095788725000, 55.226444, 172.84262, -70.54613
130095793637000, 55.250492, 172.84503, -70.54712
130095798637000, 55.274773, 172.85098, -70.55047
130095803641000, 55.307346, 172.85757, -70.55467
130095808648000, 55.339706, 172.86218, -70.56204
130095813619000, 55.373215, 172.87994, -70.5589
130095818622000, 55.40016, 172.89418, -70.56174
130095823641000, 55.419476, 172.90619, -70.55846
130095828652000, 55.438656, 172.91681, -70.55329
130095833616000, 55.454597, 172.93047, -70.5581
130095838640000, 55.472298, 172.94127, -70.56111
130095843638000, 55.48936, 172.95354, -70.561714
130095848641000, 55.50132, 172.96474, -70.56413
130095853638000, 55.51175, 172.97179, -70.562004
130095858637000, 55.5162, 172.97733, -70.56134
130095863636000, 55.51842, 172.98648, -70.55317
130095868773000, 55.522774, 172.99277, -70.546326
130095873637000, 55.516968, 172.99753, -70.535446
130095878655000, 55.50781, 173.00276, -70.52663
130095883639000, 55.500748, 173.00378, -70.52067
130095888651000, 55.494377, 173.0092, -70.51935
130095893617000, 55.496246, 173.00687, -70.51471
130095898643000, 55.49441, 173.00845, -70.51244
130095904253000, 55.49046, 173.00792, -70.51217
130095908648000, 55.48811, 173.00554, -70.51086
130095913636000, 55.483482, 173.00517, -70.51079
130095918599000, 55.47871, 173.00293, -70.50891
130095923613000, 55.45058, 172.99638, -70.51217
130095928644000, 55.422947, 172.98805, -70.51434
130095933577000, 55.388557, 172.98502, -70.50815
130095938772000, 55.36398, 172.98038, -70.5026
130095943551000, 55.341248, 172.98154, -70.49967
130095948627000, 55.324116, 172.98071, -70.494354
130095953527000, 55.304745, 172.98297, -70.48702
130095958629000, 55.289097, 172.9839, -70.48207
130095963527000, 55.270004, 172.98148, -70.47023
130095968650000, 55.25368, 172.9755, -70.46176
130095974020000, 55.244335, 172.97232, -70.46211
130095978639000, 55.234024, 172.97227, -70.4622
130095983809000, 55.228695, 172.96626, -70.46626
130095988646000, 55.219765, 172.9644, -70.46839
130095993649000, 55.22172, 172.97775, -70.47759
130095998643000, 55.227318, 172.99251, -70.48769
130096003603000, 55.212738, 173.00174, -70.49341
130096008700000, 55.20224, 173.011, -70.50457
130096013651000, 55.20674, 173.02716, -70.51552
130096018611000, 55.20698, 173.0409, -70.53031
130096023826000, 55.207314, 173.04695, -70.54224
130096028677000, 55.20604, 173.05219, -70.5514
130096034068000, 55.21707, 173.05547, -70.566055
130096038820000, 55.226044, 173.06027, -70.58085
130096044437000, 55.237915, 173.05563, -70.58955
130096048775000, 55.245476, 173.05124, -70.59652
130096053843000, 55.253525, 173.0475, -70.6057
130096058731000, 55.263508, 173.05014, -70.608734
130096063837000, 55.273582, 173.05116, -70.61419
130096068657000, 55.27026, 173.05069, -70.60608
130096073741000, 55.268986, 173.04863, -70.59829
130096078617000, 55.2631, 173.04712, -70.588715
130096083752000, 55.26305, 173.04878, -70.58454
130096088605000, 55.26546, 173.05197, -70.5756
130096093692000, 55.271667, 173.05939, -70.56956
130096098670000, 55.27608, 173.06738, -70.5604
130096103689000, 55.28196, 173.07458, -70.54731
130096108711000, 55.272556, 173.07593, -70.539955
130096113935000, 55.26142, 173.07713, -70.529335
130096123679000, 55.25426, 173.07553, -70.519196
130096128734000, 55.247368, 173.08144, -70.515686
130096133600000, 55.25339, 173.08469, -70.50657
130096138825000, 55.258305, 173.09323, -70.506874
130096143646000, 55.26748, 173.09943, -70.49914
130096148571000, 55.258945, 173.10033, -70.49479
130096153568000, 55.256195, 173.10149, -70.49455
130096158559000, 55.24655, 173.10118, -70.48731
130096163601000, 55.241756, 173.10393, -70.490425
130096168505000, 55.2357, 173.10469, -70.49007
130096173580000, 55.23667, 173.10904, -70.49483
130096178595000, 55.233467, 173.1109, -70.494995
130096183604000, 55.21964, 173.11063, -70.49377
130096188534000, 55.204636, 173.1063, -70.489784
130096193598000, 55.187675, 173.09872, -70.48744
130096198573000, 55.171597, 173.09059, -70.486275
130096203564000, 55.154224, 173.08356, -70.48112
130096208571000, 55.140507, 173.07356, -70.4767
130096213595000, 55.119102, 173.06656, -70.472694
130096218576000, 55.100418, 173.05963, -70.4701
130096223831000, 55.07837, 173.0516, -70.47066
130096229606000, 55.05891, 173.04231, -70.4674
130096233837000, 55.0411, 173.03688, -70.473335
130096238806000, 55.02053, 173.03177, -70.4775
130096244650000, 55.001774, 173.03142, -70.47528
130096248794000, 54.98377, 173.03214, -70.476105
130096253939000, 54.965374, 173.03314, -70.47696
130096260294000, 54.948135, 173.03458, -70.4797
130096264273000, 54.93003, 173.03836, -70.47939
130096268812000, 54.917862, 173.03859, -70.48031
130096273831000, 54.9064, 173.04527, -70.482124
130096278722000, 54.894238, 173.04704, -70.47743
130096283656000, 54.883266, 173.05602, -70.478096
130096288712000, 54.874447, 173.06438, -70.47037
130096293639000, 54.85077, 173.06506, -70.46518
130096299460000, 54.8328, 173.06981, -70.46272
130096303692000, 54.81111, 173.0735, -70.458824
130096308576000, 54.791615, 173.07423, -70.45809
130096313842000, 54.773804, 173.0829, -70.45732
130096318565000, 54.735233, 173.07976, -70.443634
130096323462000, 54.70318, 173.07788, -70.43105
130096328477000, 54.669636, 173.08002, -70.41964
130096333537000, 54.635963, 173.07735, -70.40954
130096338483000, 54.603394, 173.07465, -70.40038
130096343444000, 54.57171, 173.06927, -70.39573
130096348480000, 54.540756, 173.06064, -70.391426
130096353460000, 54.508656, 173.05252, -70.38832
130096358495000, 54.47914, 173.04778, -70.38069
130096363479000, 54.447124, 173.04199, -70.373726
130096368705000, 54.42206, 173.03712, -70.36354
130096373482000, 54.391163, 173.03264, -70.35773
130096378517000, 54.363728, 173.03064, -70.34815
130096383511000, 54.34042, 173.03151, -70.335045
130096388519000, 54.295227, 173.02852, -70.32821
130096393520000, 54.25789, 173.02626, -70.31436
130096398516000, 54.215862, 173.02924, -70.30154
130096408516000, 54.178005, 173.03207, -70.2891
130096418503000, 54.132763, 173.02525, -70.26725
130096423676000, 54.08825, 173.02324, -70.250916
130096428628000, 54.07452, 173.02463, -70.23712
130096433628000, 54.061825, 173.02382, -70.22161
130096438622000, 54.051777, 173.02928, -70.20821
130096443629000, 54.03739, 173.03668, -70.20197
130096448623000, 54.029743, 173.04044, -70.18927
130096453629000, 54.0174, 173.0458, -70.18369
130096458623000, 54.00573, 173.05186, -70.167076
130096463629000, 53.99338, 173.06116, -70.156746
130096468623000, 53.976875, 173.06662, -70.14688
130096473625000, 53.965824, 173.07295, -70.1361
130096478620000, 53.965973, 173.08115, -70.13148
130096483608000, 53.97488, 173.0915, -70.125916
130096493620000, 53.98634, 173.09827, -70.12347
130096498621000, 53.997272, 173.10683, -70.12284
130096503624000, 54.012054, 173.11284, -70.112
130096509051000, 54.03106, 173.12216, -70.112526
130096513653000, 54.05119, 173.13147, -70.10685
130096518591000, 54.06645, 173.13483, -70.10807
130096523586000, 54.086994, 173.13998, -70.106735
130096528585000, 54.101418, 173.14539, -70.10537
130096533580000, 54.121437, 173.1533, -70.10794
130096538585000, 54.1375, 173.15826, -70.107254
130096543582000, 54.153748, 173.1623, -70.106865
130096548584000, 54.168568, 173.1674, -70.105354
130096553625000, 54.183258, 173.17445, -70.10763
130096558565000, 54.214157, 173.17192, -70.12054
130096563620000, 54.241108, 173.17458, -70.137856
130096568533000, 54.270966, 173.17563, -70.15242
130096573615000, 54.294807, 173.1773, -70.17049
130096578511000, 54.326977, 173.17885, -70.18712
130096583622000, 54.353497, 173.17795, -70.20737
130096588514000, 54.3713, 173.17802, -70.223175
130096593623000, 54.38902, 173.17734, -70.23849
130096598515000, 54.40526, 173.16331, -70.2497
130096603624000, 54.422974, 173.15399, -70.261604
130096608541000, 54.453808, 173.14427, -70.27903
130096613631000, 54.486736, 173.13455, -70.29538
130096618545000, 54.520523, 173.12878, -70.307434
130096623626000, 54.551323, 173.12386, -70.32087
130096628560000, 54.586113, 173.11708, -70.33189
130096633628000, 54.61378, 173.1131, -70.341354
130096638596000, 54.64685, 173.10672, -70.351906
130096643628000, 54.676144, 173.10284, -70.35981
130096648597000, 54.702667, 173.11877, -70.37355
130096653628000, 54.734966, 173.13524, -70.38593
130096658621000, 54.758533, 173.14673, -70.40675
130096668603000, 54.791058, 173.16069, -70.423805
130096673623000, 54.81632, 173.16864, -70.442444
130096678601000, 54.852074, 173.17952, -70.466064
130096688603000, 54.891575, 173.18518, -70.48398
130096693630000, 54.93639, 173.19388, -70.50137
130096698591000, 54.983574, 173.20192, -70.52203
130096703623000, 55.02767, 173.20943, -70.53829
130096708568000, 55.07095, 173.20634, -70.546265
130096713630000, 55.113396, 173.20512, -70.55564
130096718602000, 55.152073, 173.20741, -70.56248
130096723626000, 55.19036, 173.20755, -70.56829
130096728672000, 55.22103, 173.20877, -70.56837
130096733632000, 55.247013, 173.20662, -70.57192
130096738780000, 55.276016, 173.20656, -70.57379
130096743624000, 55.301617, 173.20856, -70.575226
130096748859000, 55.344257, 173.21321, -70.58107
130096753631000, 55.384193, 173.22012, -70.5852
130096758971000, 55.42517, 173.23398, -70.59135
130096763634000, 55.460423, 173.2504, -70.59952
130096768568000, 55.49732, 173.26497, -70.60579
130096773631000, 55.53553, 173.28427, -70.61212
130096778517000, 55.567, 173.30176, -70.61577
130096783628000, 55.587452, 173.31088, -70.61272
130096788516000, 55.6081, 173.32103, -70.61043
130096793627000, 55.62564, 173.33406, -70.60701
130096803624000, 55.643963, 173.34215, -70.60367
130096808515000, 55.664036, 173.35019, -70.59875
130096813630000, 55.6967, 173.35686, -70.60156
130096818521000, 55.734875, 173.36491, -70.602
130096823641000, 55.756916, 173.37128, -70.604805
130096828539000, 55.776634, 173.37491, -70.60668
130096833640000, 55.799866, 173.38144, -70.61027
130096838570000, 55.822132, 173.37979, -70.611755
130096843641000, 55.839195, 173.38222, -70.61346
130096848577000, 55.863895, 173.38667, -70.61981
130096853640000, 55.87923, 173.37839, -70.6292
130096858586000, 55.8954, 173.37259, -70.64076
130096863629000, 55.91315, 173.36153, -70.66181
130096868619000, 55.928345, 173.35236, -70.67775
130096873633000, 55.941513, 173.33961, -70.69105
130096878619000, 55.955708, 173.33058, -70.70554
130096883639000, 55.969246, 173.32054, -70.71435
130096888658000, 55.980904, 173.30983, -70.728035
130096893634000, 56.01998, 173.3105, -70.744865
130096898632000, 56.056343, 173.30899, -70.75959
130096903637000, 56.089676, 173.31198, -70.775764
130096908639000, 56.12728, 173.30998, -70.789505
130096913637000, 56.16051, 173.30916, -70.79951
130096918616000, 56.1938, 173.30574, -70.805725
130096923672000, 56.240227, 173.30597, -70.82393
130096928664000, 56.28761, 173.30579, -70.8357
130096933670000, 56.33198, 173.30508, -70.85854
130096938671000, 56.379147, 173.30365, -70.878006
130096943669000, 56.420547, 173.29965, -70.898544
130096948673000, 56.458282, 173.2971, -70.91717
130096953667000, 56.498344, 173.29115, -70.93595
130096958681000, 56.537544, 173.2891, -70.949814
130096963669000, 56.568356, 173.28098, -70.96202
130096968674000, 56.60293, 173.273, -70.96912
130096973664000, 56.63583, 173.27042, -70.984955
130096978664000, 56.66738, 173.26614, -70.99376
130096983667000, 56.69808, 173.26071, -71.005844
130096988672000, 56.730137, 173.25592, -71.01536
130096993664000, 56.759724, 173.24855, -71.02332
130096998646000, 56.78487, 173.23991, -71.03028
130097003701000, 56.83208, 173.2424, -71.03557
130097008679000, 56.87543, 173.24413, -71.0369
130097013666000, 56.910126, 173.2515, -71.042404
130097018651000, 56.949947, 173.25887, -71.04182
130097023647000, 56.986908, 173.26743, -71.04536
130097028672000, 57.018227, 173.2699, -71.046646
130097033581000, 57.048527, 173.2795, -71.048386
130097038670000, 57.07068, 173.28575, -71.04892
130097048673000, 57.097412, 173.29472, -71.04952
130097053543000, 57.12053, 173.29836, -71.04949
130097058666000, 57.15269, 173.31357, -71.048096
130097063545000, 57.18845, 173.32681, -71.045685
130097068674000, 57.222935, 173.34064, -71.04378
130097073647000, 57.254837, 173.35115, -71.03566
130097078670000, 57.288784, 173.36203, -71.03
130097083593000, 57.31108, 173.3704, -71.01999
130097088672000, 57.33383, 173.37964, -71.01319
130097098670000, 57.35709, 173.38986, -71.000565
130097103626000, 57.37829, 173.40237, -70.99235
130097108667000, 57.392616, 173.41191, -70.98007
130097113633000, 57.41392, 173.41815, -70.97027
130097118644000, 57.4315, 173.42448, -70.96163
130097123675000, 57.45505, 173.43152, -70.95407
130097128671000, 57.47502, 173.43869, -70.94738
130097133641000, 57.498123, 173.4441, -70.9439
130097138664000, 57.51865, 173.44287, -70.93561
130097143634000, 57.542812, 173.44772, -70.93586
130097148667000, 57.56595, 173.44682, -70.93272
130097153640000, 57.587753, 173.4475, -70.93429
130097158670000, 57.607986, 173.45122, -70.935814
130097163618000, 57.61881, 173.44849, -70.93701
130097168672000, 57.623356, 173.44409, -70.93383
130097173691000, 57.63056, 173.44157, -70.93265
130097178670000, 57.636883, 173.43622, -70.93097
130097183817000, 57.644875, 173.43446, -70.92688
130097188663000, 57.649334, 173.43378, -70.924385
130097193915000, 57.652695, 173.42955, -70.9191
130097198666000, 57.662792, 173.43047, -70.91662
130097208666000, 57.676933, 173.43413, -70.908775
130097218621000, 57.6935, 173.43935, -70.899605
130097223547000, 57.711697, 173.44055, -70.89358
130097228666000, 57.700947, 173.43314, -70.88404
130097233546000, 57.69888, 173.42783, -70.875275
130097238665000, 57.69962, 173.42111, -70.87203
130097243548000, 57.70316, 173.41962, -70.86769
130097248667000, 57.706112, 173.41032, -70.86392
130097253546000, 57.709267, 173.41, -70.86127
130097258664000, 57.711826, 173.41022, -70.86146
130097263547000, 57.71194, 173.40839, -70.86056
130097268665000, 57.711826, 173.39912, -70.86217
130097273547000, 57.70772, 173.39017, -70.86186
130097278668000, 57.7023, 173.37703, -70.85877
130097283608000, 57.70282, 173.36426, -70.85623
130097288673000, 57.695877, 173.34955, -70.85168
130097293594000, 57.69484, 173.33649, -70.84568
130097298666000, 57.690926, 173.32803, -70.84064
130097303636000, 57.69249, 173.3229, -70.83297
130097308671000, 57.677673, 173.32277, -70.827896
130097313642000, 57.66689, 173.32132, -70.81901
130097318621000, 57.65433, 173.32611, -70.81189
130097323645000, 57.642838, 173.33223, -70.807655
130097328665000, 57.65053, 173.3409, -70.808754
130097333662000, 57.654, 173.35248, -70.811325
130097338668000, 57.662205, 173.3616, -70.81348
130097343701000, 57.669617, 173.3723, -70.8157
130097348665000, 57.666054, 173.37447, -70.81696
130097353679000, 57.65918, 173.37947, -70.82119
130097358668000, 57.658077, 173.38322, -70.828224
130097363684000, 57.653744, 173.38452, -70.831665
130097368668000, 57.650265, 173.38184, -70.835205
130097373680000, 57.64812, 173.37767, -70.83282
130097378668000, 57.610855, 173.36006, -70.8286
130097383681000, 57.57518, 173.34572, -70.823654
130097388665000, 57.54355, 173.32211, -70.81629
130097393677000, 57.510494, 173.29994, -70.81034
130097403672000, 57.466305, 173.28075, -70.79075
130097408664000, 57.427505, 173.26483, -70.77796
130097413675000, 57.38666, 173.23799, -70.75992
130097418641000, 57.35156, 173.2132, -70.73898
130097423679000, 57.31247, 173.1943, -70.72237
130097428669000, 57.28346, 173.17567, -70.70627
130097433683000, 57.248627, 173.15617, -70.68426
130097443675000, 57.202206, 173.14085, -70.66768
130097448666000, 57.157948, 173.1301, -70.64866
130097453683000, 57.117184, 173.11911, -70.630005
130097458666000, 57.09294, 173.11478, -70.622314
130097463677000, 57.07512, 173.11594, -70.60814
130097468645000, 57.051243, 173.11497, -70.60264
130097473681000, 57.03198, 173.1135, -70.594765
130097478602000, 56.997654, 173.11555, -70.57613
130097483679000, 56.96502, 173.11964, -70.5574
130097488570000, 56.93189, 173.1215, -70.54081
130097493672000, 56.903843, 173.12549, -70.52714
130097498547000, 56.886433, 173.13107, -70.515755
130097503650000, 56.874756, 173.13261, -70.50875
130097508581000, 56.85915, 173.13766, -70.50366
130097513711000, 56.845814, 173.1415, -70.49791
130097518563000, 56.8304, 173.13968, -70.49354
130097523667000, 56.819042, 173.14497, -70.48938
130097528554000, 56.8053, 173.14331, -70.48877
130097533665000, 56.793636, 173.15277, -70.48215
130097538551000, 56.7827, 173.15555, -70.47531
130097543668000, 56.773018, 173.16518, -70.46924
130097548603000, 56.75865, 173.17087, -70.463684
130097553667000, 56.7544, 173.17612, -70.45869
130097558594000, 56.745464, 173.18182, -70.456314
130097563667000, 56.734344, 173.18677, -70.45208
130097568639000, 56.730778, 173.19202, -70.44875
130097573666000, 56.723053, 173.19778, -70.44385
130097578636000, 56.71533, 173.20712, -70.44019
130097583666000, 56.726055, 173.20844, -70.447685
130097588647000, 56.7293, 173.21541, -70.45234
130097593664000, 56.741066, 173.2173, -70.45885
130097598670000, 56.74464, 173.2212, -70.464355
130097603665000, 56.76174, 173.22368, -70.47997
130097608678000, 56.773468, 173.22632, -70.49911
130097613667000, 56.789925, 173.22578, -70.51375
130097623666000, 56.80322, 173.22832, -70.52945
130097628679000, 56.793415, 173.21759, -70.53279
130097633665000, 56.78464, 173.20862, -70.53364
130097638671000, 56.77369, 173.19713, -70.53188
130097643666000, 56.78551, 173.18855, -70.537384
130097648680000, 56.788486, 173.18176, -70.54456
130097653671000, 56.801334, 173.17319, -70.55084
130097658680000, 56.80204, 173.16469, -70.55736
130097663667000, 56.793137, 173.14723, -70.56077
130097668667000, 56.778755, 173.12717, -70.563354
130097673666000, 56.76604, 173.11566, -70.56834
130097678671000, 56.753067, 173.10439, -70.57562
130097683667000, 56.75566, 173.092, -70.58548
130097688677000, 56.755474, 173.08072, -70.59498
130097693667000, 56.757027, 173.07521, -70.611595
130097698678000, 56.757755, 173.07051, -70.62167
130097703669000, 56.76299, 173.06609, -70.63595
130097708683000, 56.765877, 173.05959, -70.64942
130097713663000, 56.770973, 173.0614, -70.66341
130097718646000, 56.775105, 173.0637, -70.68152
130097723620000, 56.772564, 173.0618, -70.692505
130097728676000, 56.764645, 173.06396, -70.703896
130097733648000, 56.746395, 173.0614, -70.709724
130097738678000, 56.728333, 173.05959, -70.71392
130097743603000, 56.717117, 173.05968, -70.71532
130097748682000, 56.711555, 173.05646, -70.713524
130097753577000, 56.710762, 173.06114, -70.71334
130097758683000, 56.70952, 173.05984, -70.71156
130097763545000, 56.695274, 173.05728, -70.70638
130097768673000, 56.68077, 173.05484, -70.70549
130097773548000, 56.661236, 173.04897, -70.69637
130097778679000, 56.63663, 173.04643, -70.689026
130097783547000, 56.617718, 173.03812, -70.680405
130097788679000, 56.594875, 173.03366, -70.672966
130097793574000, 56.58363, 173.03075, -70.6694
130097798685000, 56.570564, 173.0239, -70.664536
130097803590000, 56.54111, 173.02464, -70.65684
130097808678000, 56.513756, 173.01917, -70.647545
130097813603000, 56.48061, 173.01682, -70.63796
130097818648000, 56.44967, 173.0147, -70.63026
130097823643000, 56.414436, 173.01245, -70.61877
130097828680000, 56.383038, 173.01288, -70.61159
130097838675000, 56.342636, 173.01091, -70.59322
130097843645000, 56.30488, 173.01048, -70.583305
130097848674000, 56.267467, 173.01015, -70.56607
130097853680000, 56.23261, 173.01428, -70.55379
130097858677000, 56.195557, 173.01341, -70.54226
130097863778000, 56.15829, 173.01294, -70.52271
130097868675000, 56.115242, 173.00871, -70.50599
130097873865000, 56.07968, 173.00688, -70.48969
130097878671000, 56.04319, 173.0054, -70.473465
130097884040000, 56.012054, 173.00072, -70.46008
130097888668000, 55.984383, 172.99718, -70.44613
130097893614000, 55.97576, 172.99606, -70.43846
130097898665000, 55.963955, 172.99576, -70.42958
130097903550000, 55.95585, 172.99666, -70.42414
130097908667000, 55.947243, 173.00131, -70.42076
130097918620000, 55.93882, 173.0068, -70.41879
130097923551000, 55.90617, 173.0038, -70.4144
130097928669000, 55.87715, 173.00186, -70.40905
130097933552000, 55.84589, 173.00058, -70.40551
130097938669000, 55.828648, 173.00104, -70.40188
130097943553000, 55.810352, 172.9996, -70.40027
130097948666000, 55.793903, 172.99847, -70.4035
130097953551000, 55.777023, 172.9946, -70.404945
130097958669000, 55.761253, 172.99167, -70.40619
130097963598000, 55.746326, 172.98953, -70.40796
130097968667000, 55.736412, 172.99048, -70.40749
130097973594000, 55.72907, 172.99301, -70.40634
130097978666000, 55.73045, 173.00105, -70.40443
130097983615000, 55.728786, 173.00906, -70.399864
130097988667000, 55.739365, 173.02046, -70.40709
130097993647000, 55.74768, 173.03368, -70.41035
130097998669000, 55.757637, 173.05255, -70.4137
130098003662000, 55.763523, 173.07053, -70.415794
130098008668000, 55.785103, 173.09203, -70.42535
130098013663000, 55.806248, 173.10844, -70.43277
130098018622000, 55.824257, 173.13095, -70.435394
130098023693000, 55.84414, 173.15039, -70.43632
130098028670000, 55.856277, 173.1665, -70.44068
130098033681000, 55.870007, 173.18083, -70.44045
130098038666000, 55.884678, 173.19315, -70.445526
130098043680000, 55.89634, 173.20284, -70.449
130098048665000, 55.91061, 173.2137, -70.449326
130098053680000, 55.925926, 173.22722, -70.45562
130098058667000, 55.922325, 173.2254, -70.45135
130098063679000, 55.915783, 173.22949, -70.452995
130098068665000, 55.910877, 173.22543, -70.447655
130098073675000, 55.90651, 173.22116, -70.44122
130098078666000, 55.917458, 173.22232, -70.43687
130098083677000, 55.929256, 173.22255, -70.434494
130098093674000, 55.936546, 173.22307, -70.42958
130098098668000, 55.945225, 173.22055, -70.42627
130098103681000, 55.953415, 173.22552, -70.42704
130098108667000, 55.963566, 173.23456, -70.42343
130098113680000, 55.975193, 173.2471, -70.418686
130098118626000, 55.983566, 173.26314, -70.40499
130098123672000, 55.990707, 173.27757, -70.395035
130098128669000, 55.99705, 173.29622, -70.37847
130098133681000, 56.003323, 173.3162, -70.36238
130098138668000, 56.00597, 173.33464, -70.344406
130098143680000, 56.004433, 173.3527, -70.326706
130098148669000, 56.005054, 173.37367, -70.31152
130098153673000, 56.00473, 173.38828, -70.291855
130098158633000, 55.98569, 173.39584, -70.27619
130098163783000, 55.965626, 173.40012, -70.260506
130098168638000, 55.956, 173.40297, -70.24152
130098173866000, 55.950024, 173.40999, -70.22883
130098178626000, 55.9391, 173.4146, -70.21931
130098183844000, 55.932796, 173.42058, -70.206474
130098188646000, 55.924496, 173.42517, -70.201065
130098193846000, 55.916645, 173.42758, -70.1929
130098203743000, 55.923122, 173.429, -70.19152
130098208661000, 55.927853, 173.4341, -70.19235
130098213729000, 55.93513, 173.43968, -70.19078
130098218844000, 55.94082, 173.44994, -70.18461
130098223667000, 55.953537, 173.46584, -70.17731
130098228618000, 55.961575, 173.47449, -70.16633
130098238576000, 55.969547, 173.49101, -70.16123
130098243613000, 55.97199, 173.49406, -70.15932
130098248573000, 55.977257, 173.49706, -70.15641
130098253613000, 55.983955, 173.50883, -70.157
130098258617000, 55.988045, 173.51205, -70.15401
130098263610000, 55.99513, 173.515, -70.15331
130098268718000, 55.978237, 173.51744, -70.14163
130098273605000, 55.962833, 173.51979, -70.12974
130098278842000, 55.943214, 173.51353, -70.127594
130098283607000, 55.921547, 173.5051, -70.12099
130098288955000, 55.90217, 173.50124, -70.12197
130098298559000, 55.881714, 173.49359, -70.11362
130098303603000, 55.86724, 173.49567, -70.11334
130098308506000, 55.855694, 173.49315, -70.11084
130098313604000, 55.86269, 173.49352, -70.11871
130098318504000, 55.874557, 173.49205, -70.12903
130098323663000, 55.88599, 173.49289, -70.13793
130098328557000, 55.89394, 173.49252, -70.147285
130098333672000, 55.90009, 173.4914, -70.15137
130098338554000, 55.910713, 173.49052, -70.15472
130098343669000, 55.923958, 173.49478, -70.15583
130098348601000, 55.93307, 173.49509, -70.15877
130098353673000, 55.94792, 173.4988, -70.15899
130098358619000, 55.95864, 173.50047, -70.16041
130098363670000, 55.968945, 173.497, -70.157326
130098368640000, 55.98007, 173.4954, -70.15195
130098373674000, 55.97851, 173.49216, -70.14118
130098378690000, 55.97734, 173.49306, -70.13441
130098383682000, 55.977776, 173.49077, -70.12092
130098388681000, 55.974674, 173.48862, -70.11301
130098398701000, 55.966736, 173.48637, -70.11384
130098403671000, 55.957, 173.4794, -70.112045
130098408684000, 55.940598, 173.47296, -70.11922
130098413670000, 55.937027, 173.46558, -70.12206
130098418675000, 55.932117, 173.45992, -70.12546
130098423698000, 55.925365, 173.4512, -70.13233
130098428695000, 55.917225, 173.4374, -70.13221
130098433678000, 55.924896, 173.43199, -70.14961
130098438686000, 55.92865, 173.41914, -70.16461
130098443672000, 55.937805, 173.41068, -70.18184
130098448685000, 55.943916, 173.39963, -70.19838
130098453677000, 55.96319, 173.39722, -70.22381
130098458680000, 55.984303, 173.3901, -70.24615
130098463671000, 56.00861, 173.38399, -70.27536
130098468686000, 56.028217, 173.37703, -70.304924
130098473678000, 56.053913, 173.37514, -70.327385
130098478684000, 56.076176, 173.36829, -70.35374
130098483668000, 56.098793, 173.36136, -70.367775
130098488682000, 56.122456, 173.35327, -70.38628
130098493674000, 56.127857, 173.34215, -70.39813
130098498685000, 56.13749, 173.32997, -70.40765
130098503669000, 56.1463, 173.32257, -70.42342
130098508679000, 56.152515, 173.31161, -70.437416
130098513667000, 56.176727, 173.30318, -70.4564
130098518653000, 56.194317, 173.29869, -70.47641
130098523667000, 56.214848, 173.28804, -70.491394
130098528687000, 56.232224, 173.28177, -70.50666
130098533610000, 56.251884, 173.27544, -70.52445
130098538685000, 56.266003, 173.27306, -70.543495
130098543578000, 56.285645, 173.26527, -70.55449
130098553548000, 56.30072, 173.26193, -70.56713
130098558678000, 56.325466, 173.27065, -70.578575
130098563545000, 56.35216, 173.27786, -70.59079
130098568684000, 56.373882, 173.28375, -70.60361
130098573549000, 56.3997, 173.29105, -70.61482
130098578683000, 56.42088, 173.29628, -70.6272
130098583582000, 56.43181, 173.30038, -70.62386
130098588677000, 56.443874, 173.30522, -70.62532
130098593602000, 56.457363, 173.31166, -70.61972
130098598684000, 56.47377, 173.31824, -70.61298
130098603621000, 56.48844, 173.32193, -70.60758
130098608679000, 56.503616, 173.32957, -70.59451
130098613649000, 56.514233, 173.33278, -70.5894
130098618654000, 56.532852, 173.33583, -70.57886
130098623641000, 56.52978, 173.34785, -70.56717
130098628689000, 56.525486, 173.35565, -70.55251
130098633652000, 56.526066, 173.36293, -70.54015
130098638674000, 56.525665, 173.36963, -70.525475
130098643775000, 56.53654, 173.37436, -70.51913
130098648681000, 56.548477, 173.38197, -70.51002
130098653873000, 56.561737, 173.39238, -70.515144
130098658674000, 56.57172, 173.40596, -70.51498
130098664039000, 56.584732, 173.41435, -70.519424
130098668672000, 56.59474, 173.42531, -70.51929
130098673605000, 56.600494, 173.4306, -70.52614
130098678669000, 56.60727, 173.43524, -70.52877
130098683581000, 56.614044, 173.44131, -70.5326
130098688670000, 56.612457, 173.4412, -70.52884
130098693554000, 56.61241, 173.43825, -70.52491
130098698672000, 56.611565, 173.4407, -70.518196
130098703563000, 56.613094, 173.43797, -70.515335
130098708627000, 56.615807, 173.44275, -70.51565
130098713554000, 56.619778, 173.4448, -70.51555
130098718625000, 56.633682, 173.44919, -70.51705
130098723550000, 56.64582, 173.45439, -70.51147
130098728636000, 56.649662, 173.46027, -70.5088
130098733645000, 56.658047, 173.47188, -70.50285
130098738675000, 56.662415, 173.48222, -70.50076
130098743660000, 56.667255, 173.49419, -70.49622
130098748668000, 56.66961, 173.51215, -70.49244
130098753679000, 56.67542, 173.53297, -70.48785
130098758622000, 56.681774, 173.5518, -70.48584
130098763699000, 56.68447, 173.57555, -70.485146
130098768673000, 56.690773, 173.59326, -70.4823
130098773650000, 56.697887, 173.60924, -70.479
130098778726000, 56.692184, 173.61836, -70.47277
130098783857000, 56.68769, 173.62923, -70.463745
130098788759000, 56.67594, 173.63446, -70.459
130098793776000, 56.66929, 173.6402, -70.45186
130098798684000, 56.660404, 173.63614, -70.44661
130098803699000, 56.649788, 173.6351, -70.43853
130098813677000, 56.62736, 173.62575, -70.41833
130098818576000, 56.604813, 173.61923, -70.40059
130098823648000, 56.584515, 173.60988, -70.37633
130098828751000, 56.569424, 173.59906, -70.3645
130098833601000, 56.55583, 173.58627, -70.34996
130098838646000, 56.53644, 173.57693, -70.33461
130098843599000, 56.518112, 173.56651, -70.31827
130098848566000, 56.50239, 173.56847, -70.30821
130098853596000, 56.483837, 173.5731, -70.29964
130098858661000, 56.470753, 173.57626, -70.29094
130098863597000, 56.45816, 173.57654, -70.28448
130098868750000, 56.444458, 173.58124, -70.27476
130098873596000, 56.4308, 173.58264, -70.2676
130098878840000, 56.394062, 173.57535, -70.261375
130098883597000, 56.354263, 173.56578, -70.25178
130098888966000, 56.34091, 173.55585, -70.24684
130098893598000, 56.32379, 173.54523, -70.24135
130098898577000, 56.30931, 173.53224, -70.23887
130098903596000, 56.29703, 173.52243, -70.23019
130098913636000, 56.281353, 173.51201, -70.22708
130098918529000, 56.284348, 173.50078, -70.229836
130098923638000, 56.283245, 173.49345, -70.237976
130098928531000, 56.28588, 173.48859, -70.24645
130098933636000, 56.266605, 173.47842, -70.24993
130098938531000, 56.251423, 173.46907, -70.2531
130098943638000, 56.21117, 173.4501, -70.25436
130098948532000, 56.179394, 173.43509, -70.254585
130098953637000, 56.144257, 173.41722, -70.25899
130098958533000, 56.110935, 173.40121, -70.26595
130098963638000, 56.09548, 173.40007, -70.26964
130098968574000, 56.086163, 173.39569, -70.27656
130098973635000, 56.075687, 173.38904, -70.28979
130098978609000, 56.07176, 173.3798, -70.30234
130098983639000, 56.07352, 173.3762, -70.31466
130098988621000, 56.073315, 173.37485, -70.327484
130098993636000, 56.06331, 173.37263, -70.33238
130098998620000, 56.05379, 173.37383, -70.338646
130099003639000, 56.0467, 173.37592, -70.34287
130099008653000, 56.033447, 173.37685, -70.34894
130099013641000, 56.025566, 173.3762, -70.34954
130099018626000, 56.016685, 173.37802, -70.35464
130099023670000, 56.00503, 173.37494, -70.3572
130099028678000, 55.99035, 173.37285, -70.35836
130099033671000, 55.98198, 173.37231, -70.36149
130099038711000, 55.96659, 173.36945, -70.36598
130099043681000, 55.97427, 173.37459, -70.3756
130099048688000, 55.976986, 173.37238, -70.38413
130099058677000, 55.97963, 173.3667, -70.39388
130099063672000, 55.98514, 173.36136, -70.399704
130099068689000, 55.985878, 173.34886, -70.41153
130099073672000, 55.98647, 173.33716, -70.42049
130099078688000, 55.986057, 173.32901, -70.43059
130099083679000, 56.012333, 173.32437, -70.44096
130099093672000, 56.033463, 173.32452, -70.44912
130099098696000, 56.054756, 173.32413, -70.460106
130099103667000, 56.09635, 173.32387, -70.46947
130099108693000, 56.12836, 173.32771, -70.48455
130099113673000, 56.170776, 173.32697, -70.495094
130099118654000, 56.20186, 173.33054, -70.50763
130099123673000, 56.2283, 173.33183, -70.51578
130099128687000, 56.24894, 173.33322, -70.522415
130099133672000, 56.272743, 173.3363, -70.5365
130099138682000, 56.300976, 173.33606, -70.542656
130099143655000, 56.31585, 173.33769, -70.54957
130099148686000, 56.334778, 173.33965, -70.55585
130099153617000, 56.356598, 173.34644, -70.56095
130099158684000, 56.37112, 173.35071, -70.566536
130099163589000, 56.38983, 173.35211, -70.57159
130099168677000, 56.408184, 173.35324, -70.57435
130099173549000, 56.44516, 173.35329, -70.59354
130099178686000, 56.482487, 173.35297, -70.610344
130099183549000, 56.519444, 173.3481, -70.62707
130099188679000, 56.553288, 173.34518, -70.64285
130099193547000, 56.58237, 173.33928, -70.65622
130099198686000, 56.60729, 173.33304, -70.67213
130099203580000, 56.63523, 173.3296, -70.68039
130099208685000, 56.660408, 173.32233, -70.688965
130099213598000, 56.681873, 173.31837, -70.70092
130099218647000, 56.710575, 173.31522, -70.71376
130099223614000, 56.731987, 173.31651, -70.723755
130099228686000, 56.754017, 173.31683, -70.7351
130099233626000, 56.77283, 173.31827, -70.74312
130099243645000, 56.78713, 173.31847, -70.75442
130099248677000, 56.795692, 173.32048, -70.75569
130099253629000, 56.801105, 173.31905, -70.757935
130099258678000, 56.80553, 173.31996, -70.76188
130099263749000, 56.81641, 173.32108, -70.76049
130099268681000, 56.824844, 173.3211, -70.760864
130099273873000, 56.842438, 173.32347, -70.760895
130099278670000, 56.857716, 173.32753, -70.76147
130099284002000, 56.873844, 173.32988, -70.763725
130099293631000, 56.887707, 173.33336, -70.76339
130099298670000, 56.909626, 173.34149, -70.763855
130099303554000, 56.92667, 173.34969, -70.7665
130099308670000, 56.947975, 173.3629, -70.7649
130099313556000, 56.965645, 173.3726, -70.76218
130099323552000, 56.981316, 173.3811, -70.75597
130099328678000, 56.999035, 173.38748, -70.75208
130099333554000, 57.013725, 173.39592, -70.74883
130099338670000, 57.018955, 173.40587, -70.73483
130099343553000, 57.021866, 173.41747, -70.720505
130099348670000, 57.026897, 173.4258, -70.70598
130099353556000, 57.03233, 173.43745, -70.69387
130099358670000, 57.04563, 173.45074, -70.67903
130099363602000, 57.0664, 173.46475, -70.6636
130099368672000, 57.07989, 173.47626, -70.654434
130099373602000, 57.093212, 173.48117, -70.644966
130099378708000, 57.109608, 173.49796, -70.63856
130099383666000, 57.12492, 173.51038, -70.628174
130099388676000, 57.12397, 173.51903, -70.611404
130099393663000, 57.120987, 173.52873, -70.598305
130099398674000, 57.126743, 173.53793, -70.58048
130099403674000, 57.120823, 173.54556, -70.564384
130099408671000, 57.129906, 173.54797, -70.55091
130099413688000, 57.134167, 173.5463, -70.53548
130099418625000, 57.140263, 173.543, -70.51961
130099423742000, 57.141872, 173.54544, -70.506065
130099428680000, 57.147923, 173.54205, -70.49344
130099433688000, 57.151943, 173.54236, -70.47766
130099438671000, 57.149803, 173.54762, -70.47066
130099443680000, 57.14984, 173.55257, -70.462746
130099453682000, 57.145775, 173.56407, -70.4478
130099458670000, 57.134827, 173.57475, -70.43502
130099463686000, 57.132523, 173.58691, -70.42046
130099468670000, 57.12583, 173.60034, -70.40721
130099473687000, 57.121803, 173.61069, -70.391556
130099478669000, 57.09653, 173.61765, -70.38634
130099483684000, 57.07477, 173.62448, -70.38062
130099488670000, 57.051785, 173.62865, -70.37651
130099493679000, 57.02912, 173.63849, -70.37244
130099498669000, 57.00732, 173.63466, -70.36533
130099503684000, 56.986015, 173.63171, -70.36469
130099508668000, 56.946667, 173.62125, -70.35819
130099513688000, 56.906345, 173.60822, -70.352295
130099518622000, 56.86732, 173.58983, -70.343
130099523675000, 56.831444, 173.57358, -70.33711
130099528671000, 56.815025, 173.56277, -70.32625
130099533688000, 56.799507, 173.55884, -70.3192
130099538667000, 56.783947, 173.54813, -70.3137
130099543684000, 56.768795, 173.53947, -70.3043
130099548659000, 56.7561, 173.53598, -70.29806
130099553684000, 56.739223, 173.5292, -70.28846
130099558609000, 56.72395, 173.52797, -70.27773
130099563679000, 56.708584, 173.52454, -70.26587
130099568584000, 56.68537, 173.5238, -70.25519
130099573681000, 56.661575, 173.52162, -70.245155
130099578549000, 56.640522, 173.5228, -70.23695
130099583682000, 56.619404, 173.52081, -70.22965
130099588549000, 56.611736, 173.52321, -70.22276
130099593683000, 56.596764, 173.52206, -70.21666
130099598548000, 56.586117, 173.52063, -70.21177
130099603679000, 56.56905, 173.51042, -70.20585
130099608579000, 56.55682, 173.50552, -70.19884
130099613686000, 56.542027, 173.50049, -70.19348
130099618593000, 56.528194, 173.49739, -70.1879
130099623676000, 56.513824, 173.49605, -70.18206
130099628600000, 56.500645, 173.49492, -70.18207
130099633679000, 56.48808, 173.49506, -70.1796
130099638616000, 56.475784, 173.49821, -70.18057
130099643682000, 56.465557, 173.49954, -70.179924
130099648653000, 56.450424, 173.49878, -70.18156
130099658591000, 56.442677, 173.49875, -70.18005
130099663680000, 56.43035, 173.49925, -70.18177
130099668606000, 56.419437, 173.4957, -70.17992
130099673680000, 56.408985, 173.49382, -70.178314
130099678694000, 56.40006, 173.49733, -70.17593
130099683679000, 56.399094, 173.4985, -70.17263
130099688845000, 56.388706, 173.50427, -70.16973
130099693680000, 56.385445, 173.50621, -70.16504
130099698948000, 56.371002, 173.51627, -70.154755
130099703674000, 56.363247, 173.52208, -70.14186
130099708642000, 56.348717, 173.53458, -70.135216
130099713670000, 56.340565, 173.54497, -70.127205
130099718553000, 56.331715, 173.55975, -70.121315
130099723672000, 56.317276, 173.5665, -70.11796
130099728554000, 56.309895, 173.57144, -70.10815
130099733671000, 56.295513, 173.58282, -70.105774
130099738557000, 56.286137, 173.59296, -70.10241
130099743670000, 56.279778, 173.59651, -70.09483
130099748555000, 56.269115, 173.60188, -70.09153
130099753672000, 56.262844, 173.60214, -70.0855
130099758554000, 56.253246, 173.60959, -70.079704
130099763670000, 56.246174, 173.60762, -70.07607
130099768549000, 56.236897, 173.60507, -70.07619
130099773673000, 56.246323, 173.61096, -70.07596
130099778609000, 56.253757, 173.61209, -70.07819
130099783673000, 56.244675, 173.60649, -70.07523
130099788627000, 56.23756, 173.60138, -70.06609
130099793649000, 56.23143, 173.59999, -70.05919
130099798711000, 56.223198, 173.5952, -70.0515
130099803678000, 56.236702, 173.59033, -70.051796
130099808691000, 56.24835, 173.5874, -70.057526
130099813674000, 56.26164, 173.58408, -70.061325
130099818654000, 56.271637, 173.58133, -70.06727
130099823672000, 56.28492, 173.58093, -70.07186
130099828684000, 56.296425, 173.58012, -70.077286
130099833671000, 56.312412, 173.58517, -70.07292
130099838686000, 56.327682, 173.59155, -70.07404
130099843674000, 56.347202, 173.59808, -70.07426
130099848684000, 56.36005, 173.60559, -70.07778
130099853669000, 56.37561, 173.61432, -70.07925
130099858690000, 56.389717, 173.6192, -70.08116
130099863674000, 56.419273, 173.62567, -70.0886
130099868686000, 56.443066, 173.63216, -70.09581
130099873672000, 56.468666, 173.64098, -70.10285
130099878684000, 56.494076, 173.65009, -70.11008
130099883669000, 56.529522, 173.65366, -70.1233
130099888685000, 56.56609, 173.65717, -70.13572
130099893671000, 56.60103, 173.66193, -70.148766
130099898684000, 56.63424, 173.66719, -70.16332
130099903672000, 56.670277, 173.67102, -70.170135
130099908685000, 56.703384, 173.67564, -70.18106
130099913679000, 56.726856, 173.69138, -70.178665
130099918663000, 56.753696, 173.70338, -70.1733
130099923672000, 56.764656, 173.7119, -70.16564
130099933646000, 56.778004, 173.72462, -70.15859
130099938682000, 56.790043, 173.73183, -70.153404
130099943596000, 56.80951, 173.74182, -70.147705
130099948685000, 56.827003, 173.75063, -70.146454
130099953575000, 56.844105, 173.76137, -70.14226
130099958677000, 56.864666, 173.77235, -70.135704
130099963547000, 56.867794, 173.783, -70.12428
130099968685000, 56.881554, 173.79416, -70.10846
130099973550000, 56.88615, 173.80797, -70.09887
130099978684000, 56.897064, 173.81638, -70.09096
130099988681000, 56.909588, 173.83559, -70.07881
130099993577000, 56.923454, 173.85294, -70.0643
130099998685000, 56.927723, 173.86783, -70.05151
130100003594000, 56.931564, 173.8824, -70.03918
130100008681000, 56.937584, 173.8962, -70.02495
130100013607000, 56.93215, 173.90532, -70.012245
130100018651000, 56.933704, 173.91467, -69.997055
130100023625000, 56.929523, 173.92456, -69.982414
130100028687000, 56.929787, 173.93132, -69.970604
130100033642000, 56.918465, 173.93541, -69.961815
130100038677000, 56.90841, 173.93597, -69.950294
130100043636000, 56.900146, 173.93596, -69.94055
130100048682000, 56.89029, 173.93439, -69.92995
130100053668000, 56.887913, 173.93987, -69.91837
130100058679000, 56.890877, 173.94765, -69.90744
130100063776000, 56.89158, 173.95346, -69.895096
130100068679000, 56.888527, 173.95802, -69.886406
130100073863000, 56.908756, 173.96745, -69.887596
130100078673000, 56.921978, 173.96962, -69.889496
130100084052000, 56.94239, 173.9806, -69.892296
130100088674000, 56.965057, 173.98668, -69.89354
130100093622000, 56.975365, 173.99834, -69.89381
130100098670000, 56.989464, 174.00896, -69.89133
130100103569000, 57.000206, 174.01926, -69.8923
130100108671000, 57.008907, 174.02524, -69.89211
130100113553000, 57.008408, 174.03209, -69.89318
130100118614000, 57.01252, 174.03613, -69.88852
130100123552000, 57.014927, 174.04008, -69.88189
130100128670000, 57.019382, 174.0475, -69.8766
130100133556000, 57.01989, 174.0492, -69.86999
130100138671000, 57.019764, 174.042, -69.86965
130100143554000, 57.019035, 174.03447, -69.872734
130100148672000, 57.019707, 174.02454, -69.87513
130100153554000, 57.019268, 174.01743, -69.876976
130100158668000, 57.037224, 174.01343, -69.88619
130100168670000, 57.054848, 174.00711, -69.89111
130100173580000, 57.071167, 174.00868, -69.90067
130100178671000, 57.08938, 174.009, -69.9107
130100183614000, 57.1061, 174.01501, -69.92115
130100188672000, 57.117798, 174.02625, -69.92539
130100193634000, 57.126434, 174.03897, -69.93336
130100198671000, 57.14036, 174.05438, -69.93865
130100203664000, 57.151855, 174.06662, -69.94619
130100213663000, 57.128887, 174.06956, -69.947655
130100218622000, 57.118748, 174.0731, -69.94698
130100223697000, 57.095272, 174.06908, -69.94611
130100228672000, 57.079014, 174.06693, -69.9427
130100233680000, 57.059204, 174.0653, -69.94317
130100238670000, 57.039494, 174.0502, -69.93703
130100243684000, 57.023735, 174.03835, -69.93527
130100248671000, 56.988167, 174.01912, -69.9277
130100253683000, 56.961037, 174.00296, -69.91737
130100258670000, 56.929874, 173.98291, -69.91022
130100263848000, 56.90181, 173.96642, -69.9007
130100268762000, 56.88471, 173.95755, -69.88269
130100273841000, 56.869644, 173.95203, -69.86563
130100283798000, 56.852856, 173.95007, -69.849556
130100288728000, 56.838634, 173.94902, -69.83958
130100293829000, 56.832783, 173.94604, -69.82729
130100298739000, 56.823345, 173.94606, -69.82268
130100303805000, 56.822536, 173.944, -69.813576
130100308553000, 56.813198, 173.94177, -69.809425
130100313620000, 56.81031, 173.93947, -69.80473
130100318508000, 56.78011, 173.93527, -69.79506
130100323515000, 56.757095, 173.93239, -69.78715
130100328476000, 56.729744, 173.93002, -69.77862
130100333517000, 56.700096, 173.92801, -69.77077
130100338468000, 56.680473, 173.92384, -69.77052
130100343517000, 56.6516, 173.92041, -69.766
130100348446000, 56.6186, 173.91776, -69.76495
130100353517000, 56.577393, 173.91016, -69.76341
130100358435000, 56.560184, 173.90692, -69.76598
130100363514000, 56.537323, 173.90161, -69.7729
130100368435000, 56.524742, 173.90527, -69.768456
130100373515000, 56.513367, 173.90451, -69.76426
130100378445000, 56.508366, 173.90572, -69.76576
130100383517000, 56.504463, 173.90865, -69.767815
130100388453000, 56.500324, 173.91101, -69.76894
130100393515000, 56.492474, 173.91426, -69.774994
130100398475000, 56.487244, 173.92282, -69.76965
130100403516000, 56.47632, 173.92711, -69.76336
130100408476000, 56.4649, 173.93462, -69.762856
130100413516000, 56.4601, 173.94098, -69.75685
130100418478000, 56.44746, 173.94829, -69.757
130100423678000, 56.4406, 173.95488, -69.758026
130100428608000, 56.406437, 173.95517, -69.754456
130100433656000, 56.373142, 173.9503, -69.75456
130100438646000, 56.33932, 173.95705, -69.74987
130100443646000, 56.307575, 173.95781, -69.74436
130100448604000, 56.268013, 173.95403, -69.74304
130100453650000, 56.22663, 173.94771, -69.74167
130100458646000, 56.19814, 173.94725, -69.74108
130100463646000, 56.167847, 173.94437, -69.74334
130100468734000, 56.141205, 173.94324, -69.74004
130100473647000, 56.11279, 173.94162, -69.74129
130100478865000, 56.07647, 173.93298, -69.73227
130100483643000, 56.03637, 173.92705, -69.72619
130100489000000, 55.999374, 173.91817, -69.715576
130100493639000, 55.962223, 173.91158, -69.70508
130100498598000, 55.93994, 173.89807, -69.70269
130100503639000, 55.90757, 173.8892, -69.70108
130100508570000, 55.887768, 173.87599, -69.699036
130100513646000, 55.859253, 173.86737, -69.6965
130100523640000, 55.83926, 173.85542, -69.69521
130100528533000, 55.82911, 173.85269, -69.696304
130100533654000, 55.82438, 173.845, -69.70255
130100538571000, 55.818386, 173.83919, -69.71053
130100543594000, 55.80192, 173.82625, -69.71412
130100548676000, 55.779476, 173.8154, -69.71763
130100553638000, 55.768024, 173.80788, -69.72567
130100558642000, 55.751434, 173.7975, -69.73167
130100568641000, 55.736988, 173.79147, -69.73759
130100573638000, 55.72318, 173.78716, -69.741974
130100578642000, 55.7106, 173.7685, -69.75225
130100583641000, 55.698624, 173.76051, -69.75616
130100588635000, 55.688538, 173.7452, -69.76232
130100593637000, 55.677612, 173.73712, -69.7721
130100598637000, 55.662437, 173.72678, -69.77762
130100603637000, 55.674, 173.7265, -69.78506
130100608643000, 55.679028, 173.72778, -69.790184
130100613640000, 55.689335, 173.72856, -69.80019
130100618611000, 55.700993, 173.7328, -69.80725
130100623636000, 55.71048, 173.73837, -69.81383
130100628638000, 55.72086, 173.74158, -69.82092
130100633633000, 55.730305, 173.74907, -69.82577
130100638640000, 55.739777, 173.75453, -69.83071
130100643637000, 55.75072, 173.76143, -69.83554
130100648641000, 55.760536, 173.76999, -69.84061
130100653637000, 55.77487, 173.78008, -69.85377
130100658639000, 55.797153, 173.78807, -69.86195
130100663636000, 55.810444, 173.79855, -69.87432
130100668634000, 55.82697, 173.80827, -69.88152
130100673636000, 55.83577, 173.80966, -69.89624
130100678637000, 55.843452, 173.81316, -69.906906
130100683618000, 55.839092, 173.80801, -69.92329
130100688640000, 55.842678, 173.80594, -69.93728
130100693578000, 55.837814, 173.79301, -69.94962
130100698634000, 55.838047, 173.78108, -69.95769
130100703568000, 55.833717, 173.77065, -69.97125
130100708638000, 55.832508, 173.75948, -69.98523
130100713521000, 55.831043, 173.75146, -69.99946
130100718618000, 55.827904, 173.73892, -70.00894
130100723526000, 55.827564, 173.73247, -70.01977
130100728645000, 55.825436, 173.72545, -70.03061
130100733522000, 55.8292, 173.72104, -70.02408
130100738644000, 55.831017, 173.71796, -70.01915
130100748637000, 55.83604, 173.71463, -70.01578
130100753566000, 55.838615, 173.71129, -70.008934
130100758646000, 55.841656, 173.703, -70.01054
130100763577000, 55.837425, 173.69933, -70.00391
130100768644000, 55.83816, 173.69377, -69.99618
130100773589000, 55.831333, 173.69191, -69.99243
130100778644000, 55.82754, 173.68431, -69.98509
130100783621000, 55.82911, 173.68503, -69.98579
130100788641000, 55.829376, 173.68373, -69.985146
130100793638000, 55.830177, 173.68475, -69.98551
130100798653000, 55.828762, 173.68245, -69.98419
130100803618000, 55.829468, 173.68532, -69.976204
130100808645000, 55.82325, 173.68988, -69.972206
130100813617000, 55.8219, 173.69171, -69.9667
130100818618000, 55.82095, 173.69519, -69.9616
130100823619000, 55.836296, 173.70523, -69.957924
130100828688000, 55.849613, 173.71289, -69.95338
130100833623000, 55.873352, 173.72443, -69.95506
130100838686000, 55.894512, 173.73256, -69.95486
130100843698000, 55.91647, 173.74152, -69.959114
130100848681000, 55.93638, 173.75099, -69.96277
130100853808000, 55.94715, 173.76405, -69.951004
130100858687000, 55.957333, 173.77565, -69.94129
130100863941000, 55.970116, 173.78233, -69.92979
130100868677000, 55.97949, 173.7873, -69.91786
130100874049000, 56.00303, 173.79074, -69.91619
130100878677000, 56.029697, 173.79288, -69.912415
130100883603000, 56.045246, 173.80052, -69.91111
130100888676000, 56.06269, 173.8083, -69.90645
130100893564000, 56.07901, 173.8136, -69.906944
130100898676000, 56.09379, 173.8235, -69.90281
130100908672000, 56.10978, 173.8326, -69.902405
130100913550000, 56.14368, 173.85368, -69.90062
130100918622000, 56.1748, 173.87733, -69.898964
130100923546000, 56.206905, 173.89912, -69.898544
130100928673000, 56.24036, 173.92479, -69.89648
130100933547000, 56.2685, 173.95142, -69.89483
130100938671000, 56.29939, 173.97542, -69.90092
130100943548000, 56.325947, 174.00046, -69.90484
130100948669000, 56.354385, 174.01694, -69.90755
130100953569000, 56.379593, 174.0369, -69.90967
130100958670000, 56.406094, 174.04729, -69.909355
130100963588000, 56.42689, 174.05882, -69.91167
130100968669000, 56.446728, 174.05685, -69.903015
130100973602000, 56.460712, 174.06075, -69.9025
130100978667000, 56.463017, 174.05002, -69.89321
130100983636000, 56.464474, 174.04474, -69.88491
130100988663000, 56.45245, 174.03131, -69.878876
130100993658000, 56.44143, 174.01405, -69.874084
130100998643000, 56.412586, 174.00372, -69.84974
130101003653000, 56.384007, 173.98915, -69.828156
130101008667000, 56.365795, 173.98141, -69.81291
130101013692000, 56.346664, 173.97324, -69.79684
130101018620000, 56.33044, 173.96971, -69.787834
130101023667000, 56.315292, 173.96638, -69.77559
130101028665000, 56.298054, 173.96262, -69.770515
130101033669000, 56.28299, 173.9592, -69.76137
130101038664000, 56.260445, 173.9564, -69.74951
130101043671000, 56.239807, 173.9529, -69.74249
130101048663000, 56.227592, 173.95409, -69.73691
130101053664000, 56.219086, 173.95027, -69.72912
130101058665000, 56.20602, 173.94962, -69.72431
130101063671000, 56.199528, 173.95164, -69.717606
130101068665000, 56.171646, 173.93802, -69.71505
130101073672000, 56.147938, 173.92834, -69.71266
130101078665000, 56.115044, 173.9127, -69.718925
130101083669000, 56.087177, 173.89778, -69.72137
130101088664000, 56.05534, 173.88794, -69.72755
130101093669000, 56.023453, 173.87462, -69.73181
130101098666000, 55.993248, 173.86668, -69.73803
130101103668000, 55.96301, 173.86215, -69.746124
130101108666000, 55.939476, 173.85052, -69.75432
130101113670000, 55.917194, 173.84172, -69.767815
130101118621000, 55.89879, 173.82776, -69.78107
130101123670000, 55.881336, 173.8148, -69.79271
130101128669000, 55.866543, 173.80244, -69.8084
130101133664000, 55.84982, 173.78952, -69.82041
130101143669000, 55.8343, 173.78001, -69.83106
130101148639000, 55.8232, 173.77255, -69.84031
130101153672000, 55.81744, 173.76743, -69.85003
130101158592000, 55.81378, 173.76447, -69.85378
130101163692000, 55.808437, 173.76038, -69.8594
130101168565000, 55.79886, 173.7565, -69.87101
130101173685000, 55.789158, 173.75061, -69.87782
130101178545000, 55.7808, 173.74525, -69.89331
130101183679000, 55.771194, 173.74512, -69.90457
130101188549000, 55.7815, 173.7462, -69.916145
130101193681000, 55.790707, 173.74658, -69.925995
130101198548000, 55.78788, 173.7474, -69.93193
130101203681000, 55.78425, 173.74312, -69.9387
130101208600000, 55.779232, 173.742, -69.94699
130101213674000, 55.775764, 173.73842, -69.95437
130101218591000, 55.77457, 173.73503, -69.959625
130101223680000, 55.76521, 173.72932, -69.96023
130101228639000, 55.761543, 173.72623, -69.96686
130101233674000, 55.760487, 173.72137, -69.9714
130101238654000, 55.739643, 173.709, -69.97588
130101243678000, 55.723576, 173.69807, -69.98174
130101248668000, 55.719017, 173.68993, -69.99183
130101258642000, 55.713997, 173.67998, -70.00042
130101263669000, 55.70681, 173.66898, -70.00414
130101268632000, 55.70084, 173.65791, -70.00517
130101273675000, 55.697685, 173.65112, -70.00922
130101278623000, 55.683945, 173.64137, -70.01205
130101283677000, 55.66749, 173.63457, -70.01623
130101293677000, 55.659565, 173.6254, -70.01833
130101298690000, 55.644234, 173.61987, -70.01583
130101303677000, 55.642467, 173.61351, -70.027275
130101308801000, 55.64836, 173.61725, -70.024025
130101313668000, 55.649868, 173.62012, -70.024155
130101318892000, 55.66245, 173.623, -70.02713
130101323697000, 55.667137, 173.62369, -70.030914
130101328755000, 55.68435, 173.62798, -70.03785
130101333749000, 55.698483, 173.63066, -70.04336
130101338798000, 55.709705, 173.63196, -70.05031
130101343715000, 55.71836, 173.6334, -70.0622
130101348794000, 55.72138, 173.62862, -70.0711
130101353716000, 55.727722, 173.63011, -70.083855
130101358589000, 55.730648, 173.62436, -70.09488
130101363541000, 55.73704, 173.62364, -70.102585
130101368539000, 55.741146, 173.61896, -70.11409
130101373535000, 55.743366, 173.62154, -70.11928
130101378532000, 55.745182, 173.6207, -70.121735
130101383531000, 55.751225, 173.62088, -70.12939
130101388533000, 55.75134, 173.62105, -70.13232
130101393532000, 55.751423, 173.62529, -70.13242
130101398535000, 55.75197, 173.62953, -70.12963
130101408529000, 55.75549, 173.6362, -70.125916
