#Angle around the z x y axes.
#timestamp(ns), Azimuth , Pitch, Roll (degrees)
#Datetime: 03/04/2015 15:38:48
##########################################
#Activity: 13 - SDL - Sideward-lying - 10s
#Subject ID: 44
#First Name: sub44
#Last Name: sub44
#Age: 25
#Height(cm): 176
#Weight(kg): 80
#Gender: Male
##########################################

@DATA
17873412120000, 315.2788, -30.149088, -31.553389
17873417107000, 314.68567, -30.753624, -30.609177
17873422827000, 314.95605, -30.100872, -31.573444
17873427122000, 317.33817, -30.929544, -30.509846
17873432115000, 317.01996, -30.884474, -30.527632
17873437098000, 316.69, -31.12074, -30.538218
17873442098000, 316.35602, -31.367203, -30.539726
17873447106000, 316.01245, -31.613264, -30.533798
17873452008000, 315.66193, -31.866816, -30.520582
17873457016000, 315.3133, -32.118347, -30.490072
17873462026000, 314.96198, -32.369213, -30.45654
17873467024000, 314.5719, -32.6548, -30.433123
17873472056000, 314.21466, -32.88279, -30.370472
17873477057000, 313.82803, -33.162483, -30.32478
17873482026000, 313.4357, -33.423275, -30.262573
17873487037000, 313.04218, -33.68649, -30.190235
17873492386000, 312.6452, -33.9499, -30.109165
17873497023000, 312.25427, -34.215797, -30.008453
17873502059000, 311.8723, -34.49747, -29.89352
17873507048000, 311.49506, -34.789864, -29.765202
17873512070000, 311.13522, -35.098618, -29.615587
17873517074000, 310.78787, -35.435787, -29.452251
17873522045000, 310.4565, -35.79362, -29.275562
17873527049000, 310.18774, -36.175335, -29.052782
17873532043000, 309.9068, -36.656315, -28.843075
17873537054000, 309.6471, -37.112316, -28.611744
17873542053000, 309.4281, -37.599586, -28.361145
17873547033000, 309.21014, -38.134796, -28.111647
17873552131000, 308.99225, -38.665108, -27.859646
17873557114000, 308.77786, -39.188076, -27.608004
17873562311000, 308.57175, -39.703857, -27.35126
17873567124000, 308.36932, -40.216904, -27.095524
17873572066000, 308.17322, -40.72777, -26.83468
17873577151000, 307.9803, -41.23114, -26.575512
17873582091000, 307.7945, -41.73329, -26.314184
17873587152000, 307.61572, -42.22528, -26.052565
17873592118000, 307.43988, -42.727, -25.775871
17873597098000, 307.27423, -43.227257, -25.499578
17873602230000, 307.11035, -43.71617, -25.221169
17873607144000, 306.9508, -44.206627, -24.946821
17873612119000, 306.7984, -44.688198, -24.667961
17873617103000, 306.6442, -45.16832, -24.393364
17873622126000, 306.5011, -45.64197, -24.117
17873627114000, 306.3534, -46.108837, -23.84203
17873632316000, 306.21777, -46.57182, -23.567781
17873637113000, 306.08066, -47.027164, -23.296515
17873642128000, 305.9445, -47.479637, -23.025381
17873647096000, 305.81973, -47.918537, -22.757462
17873652154000, 305.68872, -48.360188, -22.494703
17873657136000, 305.56955, -48.788822, -22.22859
17873662114000, 305.44733, -49.21642, -21.972115
17873667100000, 305.33392, -49.636562, -21.712963
17873672123000, 305.2195, -50.05598, -21.457071
17873677111000, 305.11417, -50.45985, -21.204908
17873682113000, 305.0109, -50.86975, -20.95213
17873687129000, 304.90988, -51.268696, -20.703165
17873692116000, 304.81506, -51.664097, -20.453056
17873697096000, 304.7242, -52.050102, -20.208273
17873702199000, 304.6358, -52.434998, -19.96363
17873707120000, 304.55292, -52.812695, -19.719313
17873712115000, 304.4706, -53.18771, -19.480612
17873717102000, 304.39664, -53.5528, -19.240814
17873722122000, 304.32147, -53.91515, -19.00347
17873727120000, 304.25577, -54.270657, -18.768372
17873732109000, 304.18982, -54.623333, -18.534803
17873737127000, 304.13022, -54.96849, -18.301031
17873742117000, 304.0726, -55.30494, -18.072992
17873747887000, 304.02084, -55.640434, -17.844889
17873752115000, 303.9732, -55.968567, -17.6201
17873757121000, 303.92377, -56.29239, -17.399462
17873762115000, 303.88367, -56.609943, -17.18307
17873767125000, 303.84335, -56.922035, -16.967289
17873772085000, 303.80457, -57.230656, -16.760715
17873777114000, 303.7708, -57.531906, -16.553457
17873782148000, 303.73407, -57.828323, -16.353996
17873787097000, 303.7055, -58.120094, -16.15743
17873792119000, 303.67935, -58.41949, -15.955946
17873797098000, 303.6576, -58.71798, -15.75235
17873802213000, 303.63727, -59.037743, -15.543391
17873807206000, 303.61707, -59.35606, -15.330989
17873812103000, 303.61475, -59.6777, -15.103879
17873817921000, 303.6105, -59.998756, -14.878435
17873822120000, 303.61264, -60.308567, -14.657469
17873827115000, 303.65872, -60.587646, -14.398463
17873832114000, 303.7085, -60.859318, -14.144706
17873837122000, 303.7844, -61.14058, -13.86413
17873842115000, 303.8611, -61.424206, -13.5839615
17873847095000, 303.97012, -61.72226, -13.270866
17873852191000, 304.09155, -62.0151, -12.9609375
17873857221000, 304.26328, -62.33013, -12.602624
17873862114000, 304.436, -62.641945, -12.247625
17873867084000, 304.6975, -62.983803, -11.811913
17873872091000, 304.95517, -63.31798, -11.3869505
17873877147000, 305.2568, -63.680164, -10.910802
17873882109000, 305.5589, -64.0296, -10.449357
17873887691000, 305.90884, -64.4159, -9.920591
17873892122000, 306.26956, -64.7934, -9.403801
17873897087000, 306.73868, -65.21789, -8.77016
17873902124000, 307.21045, -65.633095, -8.147139
17873907123000, 307.89142, -66.12259, -7.3261323
17873912122000, 308.5733, -66.58957, -6.5283093
17873917174000, 309.64243, -67.18522, -5.363154
17873922126000, 310.7075, -67.7357, -4.2416434
17873927104000, 312.45627, -68.46791, -2.4925146
17873932097000, 314.173, -69.10914, -0.846421
17873937135000, 315.859, -69.65799, 0.7051187
17873942193000, 318.0675, -70.25414, 2.6682658
17873947098000, 320.2135, -70.70523, 4.4766912
17873952174000, 322.29507, -71.04216, 6.1397614
17873957215000, 324.3214, -71.26553, 7.667129
17873962118000, 326.2941, -71.40233, 9.075779
17873967121000, 328.22226, -71.4573, 10.367873
17873972124000, 330.09988, -71.45179, 11.553516
17873977143000, 331.93265, -71.38894, 12.641667
17873982065000, 333.7287, -71.28594, 13.631885
17873987161000, 335.48505, -71.15199, 14.538573
17873992150000, 337.1971, -70.994125, 15.36071
17873997112000, 338.86792, -70.82508, 16.107107
17874002194000, 340.49634, -70.65164, 16.779873
17874007216000, 342.08417, -70.47803, 17.385427
17874012116000, 343.62595, -70.30366, 17.92981
17874017109000, 345.1266, -70.1407, 18.415518
17874022121000, 346.5755, -69.98304, 18.84786
17874027095000, 347.99182, -69.83544, 19.232409
17874032108000, 349.36404, -69.69601, 19.571167
17874037124000, 350.6937, -69.56284, 19.871763
17874042117000, 351.9892, -69.43937, 20.133587
17874047090000, 353.24887, -69.31949, 20.365877
17874052117000, 354.47336, -69.211235, 20.56473
17874057112000, 355.6616, -69.11199, 20.735178
17874062112000, 356.8266, -69.02415, 20.878391
17874067098000, 357.9631, -68.94523, 20.998405
17874072121000, 359.07672, -68.87339, 21.099224
17874077137000, 0.17406335, -68.82119, 21.169281
17874082103000, 1.245831, -68.77561, 21.223398
17874087111000, 2.308541, -111.25113, 21.250158
17874092117000, 3.352181, -111.26639, 21.257914
17874097107000, 4.3826685, -111.26186, 21.239794
17874102133000, 5.4036837, -111.245674, 21.204147
17874107051000, 6.4151406, -111.20994, 21.14369
17874112114000, 7.416804, -111.16187, 21.065865
17874117101000, 8.406419, -111.099945, 20.969135
17874122130000, 9.377031, -111.02385, 20.854435
17874127085000, 10.336791, -110.93377, 20.720234
17874132105000, 11.274322, -110.83502, 20.574722
17874137368000, 12.182248, -110.72351, 20.415655
17874142680000, 13.066582, -110.60535, 20.247927
17874147091000, 13.925504, -110.47875, 20.069773
17874152127000, 14.761367, -110.34701, 19.885723
17874157078000, 15.5684595, -110.20414, 19.689375
17874162117000, 16.361782, -110.07339, 19.50586
17874167086000, 17.136677, -109.93031, 19.310547
17874172129000, 17.884146, -109.788, 19.118206
17874177170000, 18.615395, -109.64017, 18.922
17874182108000, 19.339329, -109.494255, 18.730036
17874187148000, 20.049892, -109.34575, 18.535116
17874192119000, 20.74816, -109.19287, 18.343525
17874197097000, 21.439287, -109.03458, 18.147253
17874202201000, 22.121695, -108.87311, 17.950409
17874207118000, 22.801676, -108.706566, 17.750772
17874212334000, 23.487436, -108.536446, 17.550825
17874217113000, 24.17306, -108.36757, 17.354465
17874222119000, 24.843136, -108.192696, 17.155434
17874227110000, 25.51644, -108.01493, 16.95674
17874232095000, 26.180193, -107.84479, 16.764387
17874237116000, 26.835371, -107.6702, 16.572638
17874242129000, 27.483316, -107.491875, 16.377855
17874247108000, 28.121134, -107.310905, 16.183027
17874252115000, 28.747816, -107.12773, 15.985978
17874257134000, 29.359755, -106.93685, 15.783737
17874262093000, 29.969517, -106.75905, 15.591292
17874267175000, 30.56292, -106.57665, 15.39538
17874273984000, 31.141926, -106.40449, 15.213539
17874277120000, 31.713505, -106.22639, 15.027557
17874282497000, 32.27236, -106.06431, 14.857539
17874287137000, 32.81874, -105.89656, 14.684285
17874292141000, 33.34831, -105.73233, 14.51719
17874297193000, 33.860996, -105.572266, 14.357999
17874302036000, 34.36002, -105.41333, 14.201343
17874307033000, 34.859962, -105.26558, 14.05668
17874312074000, 35.348446, -105.11614, 13.916558
17874317044000, 35.826332, -104.963875, 13.7732725
17874322035000, 36.29733, -104.81196, 13.633804
17874327034000, 36.762203, -104.658875, 13.492754
17874332029000, 37.214943, -104.50051, 13.351602
17874337167000, 37.67584, -104.34295, 13.213683
17874342034000, 38.124195, -104.18358, 13.077386
17874347017000, 38.567764, -104.02012, 12.937274
17874352134000, 39.00357, -103.85717, 12.798758
17874357052000, 39.425377, -103.688515, 12.659627
17874362049000, 39.838272, -103.52719, 12.523038
17874367064000, 40.234016, -103.35976, 12.384729
17874372048000, 40.62625, -103.19886, 12.25234
17874377074000, 41.009766, -103.03725, 12.120808
17874382038000, 41.387554, -102.87457, 11.992298
17874387053000, 41.764988, -102.7165, 11.868475
17874392048000, 42.127502, -102.56228, 11.7495
17874397034000, 42.488586, -102.414894, 11.637053
17874402122000, 42.8513, -102.274055, 11.533421
17874407119000, 43.205006, -102.13634, 11.434315
17874412120000, 43.560905, -102.005226, 11.341676
17874417108000, 43.90586, -101.87702, 11.251192
17874422101000, 44.24567, -101.74857, 11.1603365
17874427113000, 44.571606, -101.62086, 11.069636
17874432057000, 44.891228, -101.503265, 10.989844
17874437084000, 45.197624, -101.38321, 10.906115
17874442053000, 45.497375, -101.26904, 10.825794
17874447096000, 45.780216, -101.15264, 10.742348
17874452085000, 46.05372, -101.049995, 10.671686
17874457144000, 46.315155, -100.944084, 10.596718
17874462088000, 46.557808, -100.84412, 10.52616
17874467769000, 46.78981, -100.74597, 10.457563
17874472147000, 47.0109, -100.63404, 10.377076
17874477098000, 47.219173, -100.52782, 10.300242
17874502468000, 48.100365, -99.92167, 9.853269
17874507099000, 48.245647, -99.80415, 9.759863
17874512455000, 48.369602, -99.68854, 9.667149
17874517124000, 48.490536, -99.57083, 9.564368
17874522068000, 48.60541, -99.470535, 9.470463
17874527091000, 48.727856, -80.626526, 9.369222
17874532086000, 48.846745, -80.710175, 9.270358
17874537141000, 48.976757, -80.77987, 9.173748
17874542102000, 49.116703, -80.838234, 9.077956
17874547122000, 49.27393, -80.867645, 8.99714
17874552023000, 49.441593, -80.887215, 8.912731
17874557037000, 49.616955, -80.888, 8.832102
17874562031000, 49.80919, -80.87963, 8.744877
17874567019000, 50.01396, -80.8572, 8.650279
17874572034000, 50.22972, -80.824776, 8.55005
17874576978000, 50.46866, -80.779724, 8.439919
17874582035000, 50.71648, -80.72693, 8.321209
17874586983000, 50.95524, -80.65534, 8.193009
17874592033000, 51.202396, -80.56964, 8.058811
17874597014000, 51.457718, -80.477844, 7.903759
17874602107000, 51.72122, -80.373955, 7.743092
17874607282000, 51.999302, -80.25064, 7.566157
17874612089000, 52.29674, -80.11731, 7.3828325
17874617084000, 52.614803, -79.96194, 7.194307
17874622095000, 52.94912, -79.78958, 7.007336
17874627093000, 53.298103, -79.57876, 6.8307924
17874632080000, 53.661808, -79.349785, 6.6621685
17874637105000, 54.025867, -79.08695, 6.5028634
17874642091000, 54.40935, -78.81853, 6.352454
17874647070000, 54.78857, -78.513176, 6.2131853
17874652248000, 55.172096, -78.207855, 6.087051
17874657146000, 55.557854, -77.87297, 5.974097
17874662114000, 55.937176, -77.5423, 5.867654
17874667099000, 56.310474, -77.17996, 5.782205
17874672089000, 56.680965, -76.8196, 5.696103
17874677309000, 57.043217, -76.46087, 5.6134787
17874682094000, 57.39537, -76.09677, 5.530659
17874687056000, 57.748306, -75.743034, 5.4435954
17874692114000, 58.08538, -75.38125, 5.3624444
17874697064000, 58.41835, -75.02691, 5.277567
17874702117000, 58.74634, -74.66133, 5.197094
17874707129000, 59.060993, -74.308815, 5.1108274
17874712118000, 59.373264, -73.93928, 5.0311456
17874717150000, 59.67464, -73.57708, 4.949878
17874722146000, 59.967194, -73.21132, 4.8601103
17874727157000, 60.248535, -72.857254, 4.7635026
17874732114000, 60.528458, -72.50739, 4.6505
17874737128000, 60.802734, -72.16734, 4.531749
17874742184000, 61.079338, -71.82938, 4.4089284
17874747110000, 61.35629, -71.49436, 4.280281
17874752121000, 61.623055, -71.17416, 4.113786
17874757123000, 61.88891, -70.86016, 3.9441679
17874762113000, 62.151146, -70.5621, 3.7734787
17874767091000, 62.419777, -70.28153, 3.606149
17874772094000, 62.69675, -70.01758, 3.4521122
17874777120000, 62.98687, -69.76282, 3.308928
17874782081000, 63.283577, -69.54237, 3.190587
17874787096000, 63.590073, -69.33332, 3.086985
17874792858000, 63.896908, -69.17854, 3.0357451
17874797108000, 64.20929, -69.034805, 3.0031934
17874802104000, 64.4936, -68.951836, 3.0410628
17874807122000, 64.773766, -68.87566, 3.0933018
17874812043000, 65.025795, -68.85827, 3.1944299
17874817114000, 65.26658, -68.84149, 3.303338
17874822057000, 65.48098, -68.853325, 3.4676366
17874827116000, 65.68618, -68.85134, 3.6351166
17874832057000, 65.874626, -68.86368, 3.8250313
17874837135000, 66.06175, -68.864746, 4.0136185
17874842161000, 66.237076, -68.86996, 4.203105
17874847088000, 66.39419, -68.86065, 4.392116
17874852134000, 66.546715, -68.842735, 4.584788
17874857122000, 66.67696, -68.82213, 4.7733574
17874862828000, 66.7743, -68.76183, 4.9778194
17874867116000, 66.844124, -68.68961, 5.1602855
17874872096000, 66.885376, -68.58083, 5.3787556
17874877116000, 66.90506, -68.44563, 5.588605
17874882090000, 66.900665, -68.27487, 5.8128967
17874887095000, 66.88019, -68.07924, 6.032367
17874892085000, 66.853676, -67.856094, 6.2445903
17874897090000, 66.81663, -67.606834, 6.444363
17874902163000, 66.77253, -67.35656, 6.613907
17874907117000, 66.7259, -67.09049, 6.766683
17874912051000, 66.67468, -66.81264, 6.909379
17874917102000, 66.63288, -66.55496, 7.0354414
17874922134000, 66.59795, -66.28309, 7.150377
17874927114000, 66.56848, -66.030685, 7.2758527
17874932337000, 66.5515, -65.76984, 7.3930287
17874937134000, 66.52876, -65.521645, 7.5387354
17874942168000, 66.53398, -65.26955, 7.6785264
17874947088000, 66.54243, -65.03374, 7.853018
17874952206000, 66.57379, -64.79545, 8.018117
17874957219000, 66.634094, -64.52688, 8.205277
17874962115000, 66.712364, -64.25295, 8.381326
17874967306000, 66.8436, -63.870583, 8.545215
17874972158000, 66.985825, -63.453876, 8.693773
17874977091000, 67.19619, -62.841953, 8.865372
17874982097000, 67.42997, -62.21487, 9.064606
17874987301000, 67.63091, -61.41962, 9.472893
17874992116000, 67.823715, -60.626606, 9.904854
17874997084000, 67.99627, -60.011646, 10.596049
17875002508000, 68.21867, -59.429268, 11.360082
17875010077000, 68.22691, -58.937008, 12.009752
17875012111000, 68.309784, -58.49462, 12.683131
17875017099000, 68.03776, -57.996643, 13.179865
17875022117000, 67.55812, -57.761227, 13.510413
17875027098000, 66.74172, -57.514675, 13.658215
17875032128000, 65.84163, -57.20809, 13.3484
17875037119000, 64.58672, -56.95132, 12.834937
17875042143000, 63.482224, -56.692577, 12.074238
17875047092000, 62.337704, -56.573147, 11.282517
17875052221000, 61.282883, -56.33955, 10.455377
17875057090000, 60.359585, -56.128685, 9.714029
17875062065000, 59.64551, -55.64983, 9.271757
17875067122000, 59.009815, -55.1339, 8.912723
17875072106000, 58.39814, -54.572945, 8.62173
17875077082000, 57.890263, -54.204746, 8.542944
17875082116000, 57.407387, -53.86509, 8.5213785
17875087155000, 56.593166, -54.165024, 8.425037
17875092089000, 55.797523, -54.475758, 8.376152
17875097115000, 55.046417, -54.72555, 8.006099
17875102133000, 54.37786, -54.986683, 7.7011466
17875107013000, 53.830807, -55.07442, 7.449286
17875112028000, 53.36415, -55.161797, 7.2605505
17875117642000, 53.01523, -55.089806, 7.238574
17875122097000, 52.737873, -55.013325, 7.2755
17875127021000, 52.528107, -54.849625, 7.5241575
17875132052000, 52.37862, -54.67167, 7.8150425
17875137032000, 52.2782, -54.44517, 8.342083
17875142048000, 52.208614, -54.178665, 8.893162
17875147039000, 52.268173, -53.84473, 9.706272
17875152058000, 52.336758, -53.477013, 10.53909
17875157023000, 52.50995, -53.017815, 11.545994
17875162019000, 52.65872, -52.551834, 12.515253
17875167028000, 52.679146, -51.98995, 13.422241
17875172020000, 52.525196, -51.43329, 14.205014
17875177016000, 52.21084, -51.004974, 15.039353
17875182015000, 51.73479, -50.606728, 15.72209
17875187164000, 51.02756, -50.257626, 16.645517
17875192024000, 50.24261, -49.91352, 17.439203
17875197002000, 49.31598, -49.416225, 18.338543
17875202133000, 48.336243, -48.88699, 19.120903
17875207051000, 47.336502, -48.256886, 19.831133
17875212120000, 46.33539, -47.52444, 20.517872
17875217073000, 45.316414, -46.79624, 21.109858
17875222118000, 44.289017, -46.017044, 21.64295
17875227046000, 43.250683, -45.21747, 22.028517
17875232094000, 42.25656, -44.400433, 22.421305
17875237101000, 41.177032, -43.58443, 22.667322
17875242115000, 40.147255, -42.814804, 22.899963
17875247116000, 39.116596, -41.984444, 23.036812
17875252217000, 38.16167, -41.17393, 23.233566
17875257303000, 37.264072, -40.21505, 23.31653
17875262111000, 36.48908, -39.25462, 23.461226
17875267087000, 35.841156, -38.24863, 23.66928
17875272144000, 35.215725, -37.120995, 23.694271
17875277091000, 34.60579, -35.95257, 23.60161
17875282091000, 34.030987, -34.77491, 23.479443
17875287230000, 33.446796, -33.576855, 23.340734
17875292152000, 32.86811, -32.359447, 23.18568
17875297146000, 32.324055, -31.104877, 23.149324
17875302216000, 31.805275, -29.834871, 23.149702
17875307219000, 31.351, -28.542473, 23.26123
17875312149000, 31.031204, -27.369236, 23.399134
17875317328000, 30.928665, -26.346167, 23.689297
17875322160000, 31.210945, -25.661203, 24.069368
17875327339000, 31.692015, -25.071043, 24.626282
17875332143000, 32.221157, -24.729494, 25.125374
17875337054000, 32.741917, -24.623304, 25.123764
17875342149000, 33.17587, -24.208317, 25.637829
17875347158000, 33.37585, -23.704378, 26.200596
17875352176000, 32.96542, -23.130339, 26.74586
17875357163000, 32.37053, -22.427248, 27.154333
17875362138000, 31.456387, -21.46439, 27.958109
17875367131000, 30.2417, -20.311346, 28.895025
17875372168000, 28.828516, -18.962687, 29.50822
17875377137000, 27.354563, -17.617624, 30.018147
17875382101000, 25.84202, -16.196362, 30.06171
17875387090000, 24.477077, -14.862493, 30.04108
17875392115000, 23.273348, -13.6256895, 29.924767
17875397162000, 22.213867, -12.501966, 29.719759
17875402119000, 21.35718, -11.578886, 29.498316
17875407135000, 20.661148, -10.738662, 29.335632
17875412114000, 20.138529, -10.042, 29.190351
17875417144000, 19.753027, -9.456559, 29.109312
17875422159000, 19.45137, -8.941561, 28.663641
17875427162000, 19.240946, -8.530697, 28.321136
17875432147000, 19.081966, -8.229948, 27.999624
17875437151000, 19.029366, -8.035195, 27.683842
17875442962000, 19.036434, -7.894887, 27.51087
17875447224000, 19.092155, -7.7820735, 27.299131
17875452176000, 19.208883, -7.699429, 27.293589
17875457149000, 19.398417, -7.6261888, 27.346512
17875462127000, 19.673594, -7.6329155, 27.66468
17875467159000, 20.015287, -7.673591, 28.058506
17875472120000, 20.453417, -7.79969, 28.644053
17875477159000, 20.99943, -7.9935746, 29.363615
17875482092000, 21.641806, -8.227016, 30.2803
17875492121000, 23.175892, -8.817491, 32.397354
17875497170000, 24.001335, -9.134089, 33.544228
17875502090000, 24.694788, -9.345305, 34.87205
17875507049000, 25.287674, -9.512416, 36.142242
17875511991000, 25.832369, -9.695295, 37.675217
17875517070000, 26.2229, -9.801296, 39.09053
17875521981000, 26.509588, -9.811634, 40.909912
17875527058000, 26.602352, -9.752895, 42.43898
17875531996000, 26.366793, -9.4085, 44.141724
17875537059000, 26.087193, -9.093137, 45.669586
17875541981000, 25.617445, -8.587094, 47.11405
17875547050000, 25.051764, -8.101724, 48.424416
17875552126000, 24.38243, -7.5460806, 49.6587
17875557156000, 23.639887, -6.9983783, 50.79867
17875562107000, 22.88867, -6.5068545, 51.743572
17875567103000, 22.074188, -6.0035334, 52.64762
17875572127000, 13.789316, -5.5086064, 53.303394
17875577148000, 13.515003, -5.02708, 53.92707
17875582166000, 13.312682, -4.624259, 54.336952
17875587135000, 13.119715, -4.2268686, 54.71363
17875592176000, 12.951613, -3.9138474, 54.979195
17875597172000, 12.792492, -3.5898325, 55.222107
17875602179000, 12.666466, -3.3091738, 55.39695
17875607128000, 12.562739, -3.0119128, 55.5787
17875612231000, 12.498622, -2.7318761, 55.71612
17875617636000, 12.474858, -2.4397418, 55.888546
17875622291000, 12.471084, -2.179358, 56.06238
17875627118000, 12.50175, -1.9043901, 56.246468
17875632448000, 12.608943, -1.6937038, 56.45197
17875637085000, 12.73123, -1.4700829, 56.66068
17875642458000, 12.895845, -1.2976958, 56.874043
17875647126000, 13.058421, -1.1465474, 57.089985
17875652093000, 13.250912, -1.019167, 57.300587
17875657122000, 13.452345, -0.9131167, 57.46874
17875662087000, 13.680798, -0.82257384, 57.568813
17875667111000, 13.9269085, -0.7496721, 57.67628
17875672057000, 14.206959, -0.68354136, 57.681534
17875677116000, 14.47458, -0.6269107, 57.7437
17875682061000, 14.761584, -0.5789678, 57.70514
17875687100000, 14.992883, -0.5410367, 57.84124
17875692122000, 15.220964, -0.5324474, 57.936787
17875697113000, 15.366389, -0.5382665, 58.259407
17875702165000, 15.4862995, -0.5771948, 58.641003
17875707112000, 15.562918, -0.6215812, 59.218014
17875712115000, 15.599374, -0.70085204, 59.91847
17875717103000, 15.594348, -0.7836362, 60.657528
17875722122000, 15.536729, -0.9035878, 61.64206
17875727115000, 15.537055, -0.9767875, 62.59444
17875732119000, 15.455928, -1.1452235, 63.67497
17875737128000, 15.549104, -1.0107284, 64.5375
17875742149000, 15.6647625, -1.0231172, 65.41217
17875747169000, 15.854446, -0.8584626, 66.21463
17875752130000, 16.13152, -0.78645825, 66.8603
17875757124000, 16.415596, -0.4538468, 67.509735
17875762112000, 16.78213, -0.11457651, 67.94648
17875767082000, 17.201965, 0.20100346, 68.17752
17875772125000, 17.663807, 0.63442147, 68.2613
17875777071000, 18.13516, 1.0854981, 68.28648
17875782092000, 18.606218, 1.651871, 68.24193
17875787050000, 19.091232, 2.121115, 68.18907
17875792121000, 19.569757, 2.6576471, 68.152435
17875797088000, 20.02108, 3.0422902, 68.187645
17875802941000, 20.451065, 3.4221442, 68.28258
17875807049000, 20.822268, 3.6579545, 68.40861
17875812143000, 21.156643, 3.8746123, 68.53276
17875817090000, 21.459019, 4.0426755, 68.68208
17875822127000, 21.737865, 4.164347, 68.77728
17875827100000, 21.961308, 4.160933, 68.818275
17875832100000, 22.13751, 4.1418777, 68.83023
17875837175000, 22.283983, 4.0271335, 68.730316
17875842118000, 22.377338, 3.8760414, 68.63759
17875847124000, 22.4363, 3.6897297, 68.518585
17875852175000, 22.459303, 3.4766965, 68.40103
17875857151000, 22.474268, 3.254633, 68.31266
17875862111000, 22.497578, 3.0122442, 68.24704
17875867167000, 22.514025, 2.750501, 68.2371
17875872812000, 22.536814, 2.4636495, 68.26794
17875877300000, 22.579624, 2.1574664, 68.32486
17875882093000, 22.631529, 1.8254468, 68.42756
17875887156000, 22.708895, 1.4901292, 68.53884
17875892115000, 22.797659, 1.1440847, 68.68604
17875897087000, 22.89882, 0.8059385, 68.85033
17875902179000, 23.012981, 0.4921442, 69.03432
17875907190000, 23.143623, 0.19555041, 69.21684
17875912111000, 23.278198, -0.025634551, 69.44048
17875917076000, 23.429327, -0.23801738, 69.65198
17875922119000, 23.554743, -0.36095312, 69.90903
17875927127000, 23.71603, -0.46255657, 70.13229
17875932092000, 23.845776, -0.49471247, 70.3982
17875937205000, 23.986383, -0.50133884, 70.61983
17875942663000, 24.0848, -0.48205397, 70.89719
17875947106000, 24.176746, -0.4335965, 71.139725
17875952145000, 24.234426, -0.38785356, 71.40752
17875957214000, 24.274267, -0.31357557, 71.65768
17875962112000, 24.29863, -0.23956615, 71.90812
17875967118000, 24.303133, -0.1235642, 72.1368
17875972112000, 24.29879, -0.009382118, 72.351105
17875977117000, 24.283224, 0.14486505, 72.56112
17875982091000, 24.276827, 0.28291783, 72.74438
17875987118000, 24.267487, 0.4470114, 72.934
17875992099000, 24.289341, 0.5725228, 73.08409
17875997107000, 24.31894, 0.7121868, 73.25553
17876002116000, 24.378586, 0.8245261, 73.385735
17876007120000, 24.450565, 0.9477917, 73.53639
17876012293000, 24.51647, 1.004919, 73.69859
17876017104000, 24.58772, 1.0690619, 73.865814
17876022099000, 24.655548, 1.0518347, 74.03994
17876027113000, 24.699715, 1.0197678, 74.199295
17876032255000, 24.740034, 0.9079187, 74.34001
17876037183000, 24.750723, 0.7760638, 74.445
17876042102000, 24.705107, 0.52279675, 74.52171
17876047122000, 24.624437, 0.24971077, 74.550606
17876052245000, 24.500341, -0.14124076, 74.53459
17876057137000, 24.333193, -0.5458761, 74.48005
17876062102000, 24.144482, -1.0109093, 74.36149
17876067116000, 23.914986, -1.4807807, 74.24474
17876072105000, 23.674967, -1.9383776, 74.08488
17876077111000, 23.413614, -2.3915672, 73.944084
17876082107000, 23.178465, -2.819689, 73.77613
17876087184000, 22.932123, -3.241539, 73.620995
17876092113000, 22.673714, -3.6538014, 73.48033
17876097109000, 22.448208, -4.056923, 73.28685
17876102406000, 22.260487, -4.4442954, 73.08455
17876107152000, 22.08582, -4.810331, 72.88471
17876112067000, 21.92864, -5.126093, 72.71312
17876117105000, 21.776695, -5.4206724, 72.556786
17876122130000, 21.667152, -5.6843805, 72.42528
17876127111000, 21.543997, -5.8912816, 72.38003
17876132063000, 21.434618, -6.074229, 72.376305
17876137109000, 21.340538, -6.235861, 72.39958
17876142072000, 21.253014, -6.378837, 72.44469
17876147148000, 21.15666, -6.5049176, 72.52116
17876152134000, 21.054451, -6.6186514, 72.58884
17876157133000, 20.931208, -6.7360816, 72.66679
17876162156000, 20.808638, -6.8367243, 72.709724
17876167127000, 20.686954, -6.9366155, 72.73848
17876172160000, 20.57001, -7.016963, 72.73948
17876177096000, 20.44225, -7.121046, 72.7093
17876182101000, 20.318584, -7.21246, 72.65687
17876187210000, 20.1865, -7.339468, 72.56953
17876192133000, 20.0581, -7.459678, 72.47201
17876197732000, 19.922522, -7.634407, 72.326164
17876202114000, 19.796127, -7.7992706, 72.182846
17876207114000, 19.675539, -7.9819174, 72.02235
17876212113000, 19.564486, -8.160592, 71.86522
17876217084000, 19.44758, -8.332089, 71.71582
17876222126000, 19.34807, -8.504629, 71.57903
17876227111000, 19.24096, -8.67915, 71.446335
17876232243000, 19.14123, -8.858185, 71.33114
17876237117000, 19.04106, -9.037187, 71.20498
17876242118000, 18.941404, -9.229425, 71.083534
17876247129000, 18.84202, -9.431317, 70.928185
17876252186000, 18.741697, -9.646644, 70.76733
17876257182000, 18.634796, -9.870915, 70.59213
17876262114000, 18.526716, -10.105089, 70.3947
17876267769000, 18.414766, -10.33639, 70.20247
17876272120000, 18.30497, -10.572098, 70.00793
17876277056000, 18.208727, -10.7809515, 69.83691
17876282100000, 18.112581, -10.98247, 69.67196
17876287113000, 18.033924, -11.158195, 69.51423
17876292117000, 17.95587, -11.3281, 69.36923
17876297116000, 17.872366, -11.482521, 69.235466
17876302172000, 50.819084, -11.6320505, 69.11568
17876307128000, 50.917465, -11.755549, 68.97789
17876312114000, 51.033417, -11.876122, 68.85509
17876317076000, 51.11265, -11.984359, 68.72967
17876322119000, 51.20068, -12.086803, 68.619514
17876327108000, 51.320118, -12.1925335, 68.51105
17876332105000, 51.424763, -12.2916565, 68.40775
17876337102000, 51.529232, -12.388979, 68.31052
17876342116000, 51.62944, -12.487281, 68.21063
17876347156000, 51.731434, -12.583968, 68.121475
17876352170000, 51.801445, -12.67948, 68.02107
17876357195000, 51.833557, -12.764981, 67.93121
17876362118000, 51.811134, -12.844772, 67.825645
17876367075000, 51.72022, -12.895483, 67.74365
17876372126000, 51.570927, -12.934231, 67.6528
17876377377000, 51.392273, -12.967552, 67.55537
17876382091000, 51.143597, -12.9691515, 67.48205
17876387148000, 50.809566, -12.936944, 67.41055
17876392116000, 50.465664, -12.894867, 67.350296
17876397122000, 50.110878, -12.843337, 67.29952
17876402126000, 49.681664, -12.760662, 67.253624
17876407056000, 49.251286, -12.672843, 67.21332
17876412143000, 48.736702, -12.558695, 67.1692
17876417074000, 48.220074, -12.440314, 67.12909
17876422151000, 47.68007, -12.312893, 67.089516
17876427119000, 47.137035, -12.181482, 67.05271
17876432167000, 46.63572, -12.075186, 66.98691
17876437123000, 46.14579, -11.965451, 66.92973
17876442119000, 45.732086, -11.886067, 66.85466
17876447176000, 45.343388, -11.801753, 66.79971
17876452103000, 45.041584, -11.7449045, 66.7377
17876457140000, 44.776955, -11.686777, 66.69667
17876462118000, 44.572468, -11.638568, 66.659645
17876467132000, 44.418842, -11.598904, 66.631355
17876472132000, 44.281895, -11.550688, 66.62081
17876477150000, 15.770072, -11.512576, 66.61235
17876482138000, 15.783321, -11.482638, 66.57253
17876487236000, 15.814734, -11.451503, 66.53586
17876492147000, 15.848176, -11.425604, 66.48042
17876497178000, 15.894186, -11.398984, 66.42479
17876502164000, 15.949272, -11.366118, 66.35602
17876507131000, 16.008553, -11.336626, 66.28293
17876512131000, 16.075296, -11.283326, 66.20856
17876517155000, 16.143303, -11.246838, 66.12379
17876522701000, 16.197807, -11.19879, 66.03397
17876527137000, 16.25874, -11.16503, 65.934456
17876532096000, 16.31328, -11.135407, 65.83773
17876537135000, 16.376608, -11.112986, 65.74374
17876542077000, 16.444853, -11.101097, 65.63836
17876547207000, 16.514551, -11.098187, 65.543175
17876552095000, 16.59955, -11.09052, 65.44185
17876557193000, 16.682009, -11.095659, 65.3465
17876562045000, 16.78426, -11.084516, 65.257385
17876567098000, 16.883522, -11.080433, 65.174904
17876572049000, 16.97935, -11.061011, 65.097694
17876577124000, 17.077986, -11.039131, 65.023346
17876582079000, 17.168392, -10.990063, 64.980995
17876587222000, 17.262693, -10.935584, 64.94024
17876592684000, 17.355927, -10.8688135, 64.91262
17876597238000, 17.457146, -10.793865, 64.88288
17876602452000, 17.549227, -10.707051, 64.87081
17876607124000, 17.643698, -10.619315, 64.85587
17876612047000, 17.735443, -10.522969, 64.83875
17876617149000, 17.832308, -10.424035, 64.825745
17876622056000, 17.926413, -10.322527, 64.80806
17876627149000, 18.022907, -10.222019, 64.77953
17876632108000, 18.117443, -10.120608, 64.74725
17876637173000, 18.202055, -10.021442, 64.712425
17876642049000, 18.284475, -9.923588, 64.67237
17876647230000, 18.350897, -9.838427, 64.629814
17876652168000, 18.414848, -9.756428, 64.58571
17876657137000, 18.455061, -9.690338, 64.53963
17876662483000, 18.495667, -9.625957, 64.49371
17876667148000, 18.520136, -9.57352, 64.45879
17876672171000, 18.540127, -9.5239725, 64.43242
17876677142000, 18.555944, -9.478713, 64.40843
17876682115000, 18.568121, -9.436687, 64.39589
17876687200000, 18.576328, -9.395283, 64.38609
17876692151000, 18.583786, -9.348276, 64.3914
17876697249000, 18.587412, -9.306163, 64.39394
17876702182000, 18.592283, -9.260489, 64.40766
17876707111000, 18.59587, -9.208049, 64.425705
17876712150000, 18.603708, -9.159959, 64.44559
17876717135000, 18.611704, -9.10749, 64.47115
17876722142000, 18.616194, -9.057882, 64.499435
17876727145000, 18.638124, -9.005841, 64.514244
17876732262000, 18.660389, -8.956409, 64.52819
17876737208000, 18.686598, -8.902762, 64.53603
17876742152000, 18.710135, -8.855451, 64.53809
17876747169000, 18.739895, -8.809941, 64.53033
17876752180000, 18.767757, -8.76932, 64.51742
17876757232000, 18.803068, -8.735701, 64.49474
17876762143000, 18.835575, -8.70666, 64.46844
17876767134000, 18.870556, -8.680876, 64.44288
17876772149000, 18.906992, -8.660694, 64.41435
17876777061000, 18.933676, -8.666404, 64.383026
17876782133000, 18.969063, -8.675927, 64.34757
17876787115000, 19.003254, -8.683038, 64.313934
17876792153000, 19.035711, -8.694108, 64.27971
17876797069000, 19.06025, -8.728977, 64.24231
17876802126000, 19.083344, -8.765056, 64.205345
17876807048000, 19.107098, -8.805918, 64.172424
17876812241000, 19.129324, -8.850379, 64.13149
17876817080000, 19.150537, -8.904166, 64.09206
17876822124000, 19.169249, -8.957061, 64.05412
17876827091000, 19.183792, -9.010687, 64.012085
17876832113000, 19.201357, -9.066414, 63.970627
17876837124000, 19.209917, -9.120054, 63.932148
17876842118000, 19.221165, -9.173499, 63.89394
17876847779000, 19.21919, -9.228098, 63.867065
17876857139000, 19.217897, -9.279716, 63.84229
17876862148000, 19.215591, -9.326907, 63.817146
17876867138000, 19.201681, -9.36995, 63.812042
17876872150000, 19.186724, -9.41372, 63.80569
17876882235000, 19.168646, -9.450579, 63.803177
17876887438000, 19.152428, -9.487557, 63.801876
17876892139000, 19.129723, -9.519059, 63.79655
17876897278000, 19.110735, -9.545788, 63.79374
17876902188000, 19.088213, -9.570625, 63.790154
17876907392000, 19.066591, -9.589384, 63.78455
17876912148000, 19.042622, -9.6094, 63.779747
17876917727000, 19.023462, -9.61719, 63.778996
17876922149000, 19.000355, -9.626536, 63.78113
17876927172000, 18.981094, -9.634117, 63.77799
17876932114000, 18.95977, -9.641727, 63.77981
17876937180000, 18.939972, -9.649279, 63.781704
17876942151000, 18.918873, -9.655469, 63.78275
17876947139000, 18.896727, -9.661405, 63.784695
17876952207000, 18.873903, -9.667622, 63.78804
17876957154000, 18.848385, -9.677379, 63.789085
17876962131000, 18.828568, -9.682381, 63.79431
17876967139000, 18.80197, -9.691204, 63.80053
17876972153000, 18.79212, -9.691977, 63.794346
17876977153000, 18.780273, -9.69556, 63.78638
17876982126000, 18.776262, -9.696726, 63.776264
17876987593000, 18.771152, -9.702171, 63.76383
17876992147000, 18.76696, -9.703421, 63.755726
17876997126000, 18.76182, -9.706127, 63.744816
17877002178000, 18.75853, -9.708941, 63.738525
17877007127000, 18.75755, -9.709519, 63.731922
17877012137000, 18.75462, -9.706564, 63.730865
17877017152000, 18.755835, -9.702104, 63.728523
17877022153000, 18.756905, -9.693818, 63.737377
17877027136000, 18.757278, -9.68536, 63.744038
17877032106000, 18.759777, -9.677087, 63.751335
17877037222000, 18.755604, -9.666301, 63.76085
17877042147000, 18.763811, -9.660812, 63.76929
17877047147000, 18.76367, -9.651949, 63.777485
17877052116000, 18.770966, -9.643384, 63.784138
17877057255000, 18.775429, -9.635196, 63.78843
17877062136000, 18.776573, -9.625995, 63.793385
17877067116000, 18.776861, -9.615796, 63.798927
17877072072000, 18.787262, -9.603853, 63.78814
17877077117000, 18.79616, -9.589074, 63.781265
17877082077000, 18.806128, -9.579815, 63.771812
17877087206000, 18.819767, -9.561633, 63.76002
17877092046000, 18.828, -9.549316, 63.751595
17877097159000, 18.84135, -9.532359, 63.744225
17877102100000, 18.854208, -9.513977, 63.74389
17877107122000, 18.868687, -9.498536, 63.741455
17877112048000, 18.87225, -9.481309, 63.749676
17877117139000, 18.887589, -9.464333, 63.756382
17877127147000, 18.891455, -9.45001, 63.774868
17877132099000, 18.899818, -9.434294, 63.79054
17877137188000, 18.904612, -9.427833, 63.809727
17877142122000, 18.903484, -9.416767, 63.829426
17877147124000, 18.905222, -9.410346, 63.848972
17877152131000, 18.895172, -9.4115925, 63.868877
17877157142000, 18.889336, -9.409895, 63.88796
17877162267000, 18.877779, -9.412969, 63.898216
17877167139000, 18.866941, -9.413948, 63.91357
17877172865000, 18.853561, -9.409199, 63.931534
17877177152000, 18.8376, -9.408193, 63.95211
17877182061000, 18.829237, -9.39723, 63.971096
17877187200000, 18.817673, -9.388945, 63.99636
17877192049000, 18.807735, -9.379783, 64.01663
17877197146000, 18.803885, -9.364264, 64.03545
17877202147000, 18.793928, -9.352595, 64.05291
17877207145000, 18.790407, -9.336227, 64.06928
17877212113000, 18.781742, -9.323825, 64.08284
17877217121000, 18.77565, -9.314595, 64.09168
17877222134000, 18.763897, -9.304908, 64.09905
17877227148000, 18.757538, -9.30383, 64.095184
17877232139000, 18.753548, -9.298311, 64.09258
17877237150000, 18.745174, -9.291286, 64.08731
17877242800000, 18.739494, -9.282728, 64.082695
17877247158000, 18.73435, -9.2741585, 64.07647
17877252188000, 18.729824, -9.265791, 64.07288
17877257148000, 18.73183, -9.261155, 64.07785
17877262156000, 18.730719, -9.256718, 64.08083
17877267145000, 18.730068, -9.258629, 64.08431
17877277218000, 18.728157, -9.264677, 64.08673
17877282135000, 18.729183, -9.268803, 64.094925
17877287149000, 18.728563, -9.278578, 64.09902
17877292153000, 18.730806, -9.287353, 64.103714
17877297159000, 18.731087, -9.298402, 64.10666
17877302174000, 18.728992, -9.310566, 64.10731
17877307115000, 18.734444, -9.318819, 64.11035
17877312695000, 18.732973, -9.33127, 64.10934
17877317111000, 18.736813, -9.337827, 64.104294
17877322158000, 18.741352, -9.344068, 64.09586
17877327145000, 18.744232, -9.355016, 64.08637
17877332112000, 18.747942, -9.360183, 64.075966
17877337089000, 18.746304, -9.365216, 64.06897
17877342152000, 18.745407, -9.369922, 64.063194
17877347073000, 18.739355, -9.376772, 64.056656
17877352179000, 18.73352, -9.383887, 64.04872
17877357066000, 18.726486, -9.392634, 64.04953
17877362141000, 18.718884, -9.401982, 64.048805
17877367110000, 18.708412, -9.4115305, 64.05087
17877372154000, 18.701328, -9.419484, 64.05544
17877377097000, 18.689959, -9.428938, 64.05746
17877382371000, 18.679497, -9.436513, 64.059654
17877387197000, 18.66689, -9.442887, 64.06398
17877392147000, 18.655487, -9.45072, 64.068306
17877397175000, 18.647291, -9.457586, 64.06551
17877402163000, 18.640955, -9.45945, 64.06199
17877407114000, 18.63859, -9.46061, 64.060776
17877412149000, 18.634615, -9.461886, 64.05871
17877417097000, 18.638979, -9.456943, 64.05274
17877422093000, 18.638124, -9.453171, 64.04676
17877427126000, 18.640726, -9.449599, 64.037796
17877432100000, 18.63542, -9.440496, 64.03004
17877437093000, 18.636446, -9.432018, 64.02444
17877442073000, 18.631027, -9.422898, 64.01457
17877447105000, 18.630674, -9.409583, 64.01095
17877452065000, 18.628246, -9.397137, 64.004135
17877457135000, 18.626953, -9.385418, 63.997597
17877462125000, 18.627798, -9.369541, 63.995438
17877467136000, 18.626177, -9.354553, 63.99778
17877472100000, 18.627857, -9.336678, 64.00189
17877477159000, 18.63145, -9.316864, 64.012695
17877482137000, 18.634499, -9.300682, 64.02152
17877487125000, 18.634806, -9.282482, 64.03464
17877492125000, 18.63869, -9.2667, 64.05461
17877497171000, 18.640114, -9.251492, 64.07056
17877502026000, 18.646471, -9.238893, 64.088295
17877507048000, 18.653383, -9.222545, 64.10643
17877512027000, 18.659586, -9.212084, 64.12165
17877517081000, 18.663897, -9.198702, 64.13938
17877522045000, 18.668442, -9.185608, 64.160805
17877527056000, 18.668734, -9.17309, 64.17847
17877532059000, 18.675869, -9.159968, 64.19792
17877537059000, 18.675488, -9.147438, 64.221664
17877541980000, 18.672132, -9.137102, 64.24097
17877547052000, 18.678646, -9.126698, 64.26213
17877552063000, 18.673735, -9.1182165, 64.27575
17877557156000, 18.677925, -9.111443, 64.28923
17877562069000, 18.673122, -9.105545, 64.302505
17877567627000, 18.673487, -9.0982275, 64.31034
17877572090000, 18.677973, -9.088625, 64.32467
17877577137000, 18.679346, -9.083499, 64.329994
17877582104000, 18.680548, -9.082514, 64.33017
17877587230000, 18.68263, -9.082238, 64.33095
17877592091000, 18.681887, -9.08578, 64.32378
17877597173000, 18.68552, -9.090654, 64.31781
17877602232000, 18.687958, -9.093054, 64.30798
17877607132000, 18.692764, -9.100804, 64.296555
17877612047000, 18.703705, -9.109467, 64.28172
17877617159000, 18.709974, -9.116097, 64.26536
17877622162000, 18.719065, -9.125402, 64.25212
17877627154000, 18.723196, -9.139832, 64.24277
17877632151000, 18.72267, -9.157218, 64.231186
17877637625000, 18.723528, -9.170155, 64.233345
17877642139000, 18.719254, -9.181352, 64.23319
17877647180000, 18.717777, -9.197396, 64.235146
17877652189000, 18.718126, -9.210916, 64.23549
17877657136000, 18.718021, -9.222389, 64.2325
17877662148000, 18.720474, -9.236612, 64.230545
17877667142000, 18.717707, -9.247043, 64.223015
17877672162000, 18.716488, -9.256556, 64.216835
17877677148000, 18.713814, -9.2690735, 64.21033
17877682129000, 18.712545, -9.279244, 64.2065
17877687158000, 18.707232, -9.288266, 64.20531
17877692145000, 18.702839, -9.294182, 64.20511
17877697138000, 18.701813, -9.300545, 64.209496
17877702182000, 18.69517, -9.310686, 64.20836
17877707146000, 18.689949, -9.320855, 64.20954
17877712149000, 18.684029, -9.331858, 64.20484
17877717142000, 18.680574, -9.345426, 64.20224
17877722143000, 18.673012, -9.35914, 64.195305
17877727136000, 18.668388, -9.37142, 64.18769
17877732144000, 18.661554, -9.388137, 64.17749
17877737200000, 18.65869, -9.401013, 64.16119
17877742153000, 18.652214, -9.416777, 64.143105
17877747156000, 18.647745, -9.422371, 64.131
17877752157000, 18.63954, -9.429708, 64.11381
17877757149000, 18.629145, -9.434889, 64.099655
17877762138000, 18.623241, -9.434183, 64.08789
17877767127000, 18.613312, -9.43715, 64.08206
17877772138000, 18.599861, -9.435694, 64.0795
17877777045000, 18.59655, -9.435064, 64.077866
17877782150000, 18.586998, -9.433869, 64.08169
17877787142000, 18.584665, -9.432615, 64.08509
17877792152000, 18.581327, -9.431348, 64.09086
17877797141000, 18.5785, -9.428982, 64.10091
17877802217000, 18.57688, -9.426076, 64.10634
17877807097000, 18.577774, -9.4276705, 64.10924
17877812147000, 18.57987, -9.425761, 64.11016
17877817118000, 18.576746, -9.426172, 64.10724
17877822141000, 18.574373, -9.42603, 64.10229
17877827163000, 18.575861, -9.424308, 64.09075
17877832148000, 18.573912, -9.422204, 64.082466
17877837150000, 18.570593, -9.429399, 64.06822
17877842150000, 18.569443, -9.432553, 64.05632
17877847344000, 18.562485, -9.436738, 64.052376
17877852121000, 18.560734, -9.438449, 64.047066
17877857426000, 18.55276, -9.440297, 64.0551
17877862109000, 18.546532, -9.438903, 64.05392
17877867096000, 18.541002, -9.43709, 64.06067
17877872127000, 18.536606, -9.436491, 64.06051
17877877082000, 18.533083, -9.431924, 64.06517
17877882102000, 18.516426, -9.44211, 64.0683
17877887120000, 18.50134, -9.450592, 64.07044
17877892656000, 18.487223, -9.458962, 64.075356
17877897068000, 18.47248, -9.463071, 64.07661
17877902147000, 18.462719, -9.471726, 64.07479
17877907054000, 18.451193, -9.47512, 64.07492
17877912112000, 18.441687, -9.479215, 64.07153
17877917071000, 18.434858, -9.47918, 64.06903
17877922127000, 18.427036, -9.478377, 64.06501
17877927130000, 18.420118, -9.474742, 64.06125
17877932098000, 18.410446, -9.472195, 64.05756
17877937155000, 18.403126, -9.469549, 64.05608
17877942116000, 18.396414, -9.460919, 64.06039
17877947088000, 18.389248, -9.455817, 64.06161
17877952116000, 18.385077, -9.45141, 64.066154
17877957110000, 18.38397, -9.445666, 64.0707
17877962678000, 18.381401, -9.440308, 64.06691
17877967089000, 18.382254, -9.432057, 64.0647
17877977127000, 18.386477, -9.418792, 64.064865
17877982093000, 18.38568, -9.411508, 64.063614
17877987163000, 18.384869, -9.402499, 64.06516
17877992116000, 18.3875, -9.396538, 64.06677
17877997172000, 18.38336, -9.392477, 64.07237
17878002118000, 18.386786, -9.393233, 64.07079
17878007131000, 18.389189, -9.392819, 64.07341
17878012128000, 18.392275, -9.396593, 64.07356
17878017137000, 18.390919, -9.401378, 64.067764
17878022122000, 18.396616, -9.403436, 64.06662
17878027109000, 18.396746, -9.4086075, 64.061874
17878032571000, 18.399977, -9.411536, 64.05958
17878037228000, 18.40611, -9.408721, 64.05881
17878042083000, 18.408363, -9.411761, 64.05525
17878047199000, 18.40894, -9.4118, 64.05287
17878052158000, 18.42127, -9.406218, 64.05838
17878057037000, 18.426859, -9.399819, 64.0628
17878062065000, 18.439215, -9.398517, 64.064835
17878067087000, 18.445332, -9.393197, 64.06852
17878072126000, 18.459936, -9.389367, 64.067505
17878077025000, 18.467636, -9.384242, 64.069496
17878082022000, 18.480568, -9.379333, 64.06521
17878087037000, 18.494493, -9.376347, 64.064
17878092021000, 18.495384, -9.374257, 64.060486
17878097051000, 18.508953, -9.371348, 64.060394
17878102006000, 18.51275, -9.366338, 64.058105
17878107046000, 18.520145, -9.35985, 64.05836
17878111989000, 18.52791, -9.353865, 64.0573
17878117039000, 18.533583, -9.349692, 64.05514
17878121992000, 18.545181, -9.342356, 64.051155
17878127050000, 18.555105, -9.335229, 64.05105
17878132028000, 18.56394, -9.329075, 64.04939
17878137071000, 18.573893, -9.324963, 64.04827
17878142013000, 18.580444, -9.320789, 64.05333
17878147044000, 18.58548, -9.316902, 64.052185
17878152151000, 18.587425, -9.315014, 64.0619
17878157117000, 18.5886, -9.314424, 64.065605
17878162092000, 18.592356, -9.303896, 64.07197
17878167091000, 18.591557, -9.298291, 64.0759
17878172429000, 18.59275, -9.28746, 64.078674
17878177113000, 18.597517, -9.279166, 64.08316
17878182795000, 18.595188, -9.2714815, 64.0876
17878187125000, 18.596346, -9.265214, 64.08983
17878192273000, 18.59552, -9.255308, 64.09625
17878197199000, 18.598263, -9.243083, 64.098724
17878202419000, 18.601768, -9.234258, 64.09943
17878207118000, 18.606058, -9.220583, 64.09805
17878212329000, 18.610817, -9.209966, 64.099174
17878217729000, 18.614262, -9.202309, 64.103264
17878222481000, 18.611847, -9.190876, 64.10379
17878227109000, 18.61592, -9.180398, 64.11427
17878232070000, 18.612501, -9.168714, 64.11966
17878237128000, 18.617392, -9.157409, 64.12998
17878242054000, 18.613758, -9.149446, 64.139854
17878247194000, 18.61745, -9.142585, 64.149345
17878252281000, 18.619778, -9.136412, 64.155304
17878257114000, 18.618551, -9.128968, 64.1594
17878262050000, 18.622858, -9.120506, 64.16435
17878267104000, 18.630144, -9.112479, 64.1576
17878272142000, 18.635916, -9.106356, 64.14894
17878277115000, 18.646616, -9.096492, 64.14024
17878282095000, 18.654356, -9.089343, 64.13155
17878287832000, 18.657328, -9.08809, 64.11689
17878292181000, 18.656614, -9.08437, 64.1053
17878297137000, 18.649454, -9.074204, 64.10931
17878302127000, 18.639591, -9.066118, 64.117775
17878307118000, 18.62158, -9.056016, 64.123314
17878312151000, 18.607733, -9.044814, 64.13639
17878317151000, 18.583475, -9.033322, 64.153625
17878322156000, 18.5694, -9.022419, 64.166885
17878327144000, 18.550215, -9.0106125, 64.186035
17878332121000, 18.536987, -9.000875, 64.20234
17878337244000, 18.522554, -8.986416, 64.2191
17878342152000, 18.510471, -8.973451, 64.23849
17878347221000, 18.503284, -8.957236, 64.25279
17878352150000, 18.491745, -8.943797, 64.27325
17878357690000, 18.478905, -8.927593, 64.28846
17878362139000, 18.465498, -8.914436, 64.30637
17878367114000, 18.45152, -8.899926, 64.31767
17878372153000, 18.443613, -8.8851, 64.332985
17878377130000, 18.43507, -8.874301, 64.34312
17878382147000, 18.426702, -8.8610525, 64.35293
17878387233000, 18.42557, -8.850525, 64.35913
17878392169000, 18.421278, -8.83715, 64.364784
17878397223000, 18.415907, -8.8338175, 64.36311
17878402141000, 18.416826, -8.82794, 64.3615
17878407109000, 18.41459, -8.819985, 64.35712
17878412147000, 18.419264, -8.8110075, 64.35381
17878417094000, 18.415993, -8.808172, 64.34962
17878422155000, 18.417267, -8.802278, 64.34974
17878427198000, 18.40618, -8.796757, 64.35294
17878432122000, 18.39652, -8.79376, 64.35622
17878437139000, 18.394585, -8.7880745, 64.36326
17878442134000, 18.388266, -8.784525, 64.37098
17878447117000, 18.381365, -8.780344, 64.38125
17878452154000, 18.373276, -8.775249, 64.39662
17878457130000, 18.364079, -8.772824, 64.40463
17878462137000, 18.357828, -8.76649, 64.421196
17878467098000, 18.35252, -8.764487, 64.43617
17878472112000, 18.345957, -8.758933, 64.45241
17878477175000, 18.338535, -8.756355, 64.464485
17878482149000, 18.333363, -8.753443, 64.47974
17878487132000, 18.326675, -8.749172, 64.484085
17878492152000, 18.315275, -8.7498865, 64.486626
17878497236000, 18.312807, -8.747111, 64.48494
17878502128000, 18.30527, -8.747109, 64.480286
17878507098000, 18.298788, -8.747951, 64.47433
17878512115000, 18.286499, -8.747632, 64.473206
17878517105000, 18.27852, -8.746247, 64.47061
17878522094000, 18.269644, -8.758932, 64.47317
17878527119000, 18.264727, -8.769278, 64.47358
17878532086000, 18.257282, -8.779623, 64.4795
17878537161000, 18.25172, -8.793683, 64.4851
17878542113000, 18.238031, -8.802003, 64.492065
17878547121000, 18.226263, -8.810967, 64.49497
17878552163000, 18.216965, -8.821085, 64.50417
17878557155000, 18.202208, -8.82867, 64.50924
17878562132000, 18.197311, -8.837144, 64.50543
17878567134000, 18.194677, -8.842597, 64.501816
17878572150000, 18.190313, -8.844735, 64.492485
17878577138000, 18.19066, -8.844549, 64.483826
17878587214000, 18.184443, -8.854237, 64.46403
17878592132000, 18.17844, -8.860675, 64.44728
17878597146000, 18.174068, -8.86968, 64.42939
17878602099000, 18.166126, -8.876788, 64.4091
17878607138000, 18.164316, -8.883632, 64.39112
17878612078000, 18.156134, -8.893389, 64.37812
17878617140000, 18.153267, -8.903272, 64.364784
17878622052000, 18.150675, -8.908075, 64.35443
17878627155000, 18.152216, -8.9094515, 64.3461
17878632061000, 18.155945, -8.913267, 64.33734
17878637230000, 18.157148, -8.915967, 64.33117
17878642052000, 18.167133, -8.913056, 64.32125
17878647149000, 18.170622, -8.9154005, 64.311356
17878652096000, 18.184654, -8.909175, 64.30292
17878657143000, 18.193558, -8.90421, 64.291725
17878662102000, 18.208305, -8.900173, 64.27839
17878667147000, 18.221718, -8.895464, 64.26621
17878672114000, 18.233356, -8.888469, 64.25391
17878677145000, 18.247368, -8.883091, 64.24388
17878682121000, 18.25594, -8.877188, 64.23642
17878687189000, 18.270216, -8.869834, 64.227425
17878692177000, 18.27621, -8.864101, 64.23095
17878697151000, 18.283028, -8.860888, 64.23353
17878702150000, 18.289587, -8.850488, 64.24132
17878707124000, 18.301071, -8.841574, 64.25371
17878712279000, 18.307566, -8.837671, 64.25917
17878717145000, 18.315706, -8.833317, 64.26526
17878722305000, 18.32289, -8.828385, 64.2705
17878727149000, 18.326311, -8.824723, 64.27814
17878732380000, 18.335272, -8.825485, 64.27638
17878737220000, 18.339125, -8.825389, 64.27744
17878742070000, 18.348766, -8.819003, 64.275505
17878747145000, 18.357573, -8.818097, 64.269875
17878752098000, 18.367405, -8.815512, 64.26992
17878757145000, 18.37596, -8.806719, 64.27161
17878762050000, 18.387753, -8.802432, 64.27416
17878767129000, 18.39693, -8.795457, 64.27925
17878772056000, 18.406948, -8.788956, 64.27961
17878777149000, 18.418716, -8.79003, 64.2804
17878782067000, 18.427687, -8.792652, 64.27942
17878787160000, 18.430943, -8.797324, 64.28374
17878792053000, 18.43568, -8.80212, 64.29048
17878797142000, 18.437155, -8.808549, 64.29556
17878802152000, 18.4362, -8.816855, 64.30177
17878807131000, 18.434195, -8.8212185, 64.30365
17878812144000, 18.426222, -8.827651, 64.30661
17878817138000, 18.424889, -8.837306, 64.301186
17878822154000, 18.42133, -8.842443, 64.299324
17878832140000, 18.419584, -8.849816, 64.29549
17878837219000, 18.418945, -8.857889, 64.29086
17878842151000, 18.41884, -8.855058, 64.287964
17878847143000, 18.420841, -8.855965, 64.28826
17878852156000, 18.420637, -8.854155, 64.282295
17878857142000, 18.413345, -8.860725, 64.28152
17878862151000, 18.405153, -8.867761, 64.275444
17878867091000, 18.395332, -8.873229, 64.27255
17878872125000, 18.388193, -8.879993, 64.26965
17878877112000, 18.373566, -8.886673, 64.26041
17878882096000, 18.358171, -8.896871, 64.25317
17878887127000, 18.346098, -8.901323, 64.245056
17878892118000, 18.33086, -8.912005, 64.23641
17878897107000, 18.318687, -8.919704, 64.22559
17878902114000, 18.307001, -8.923871, 64.21608
17878907114000, 18.300064, -8.932488, 64.20474
17878912113000, 18.29064, -8.937483, 64.1918
17878917091000, 18.280792, -8.945541, 64.179634
17878922124000, 18.272652, -8.9532175, 64.1738
17878927111000, 18.261608, -8.963668, 64.16146
17878932090000, 18.252993, -8.970546, 64.15323
17878937147000, 18.24298, -8.979214, 64.14669
17878942116000, 18.233234, -8.989442, 64.14019
17878947110000, 18.228174, -8.99223, 64.13712
17878952126000, 18.222006, -8.998457, 64.13243
17878957110000, 18.22421, -8.996256, 64.123215
17878962113000, 18.224264, -8.994189, 64.11835
17878967087000, 18.226957, -8.987765, 64.11276
17878972098000, 18.233484, -8.984141, 64.10893
17878977066000, 18.237562, -8.971241, 64.10278
17878982166000, 18.244282, -8.962167, 64.10139
17878987103000, 18.24523, -8.954698, 64.09276
17878992119000, 18.245378, -8.948535, 64.08699
17878997043000, 18.246593, -8.940432, 64.07871
17879002114000, 18.247087, -8.933165, 64.070854
17879007066000, 18.24974, -8.924739, 64.07044
17879012113000, 18.247068, -8.917748, 64.07059
17879017083000, 18.247982, -8.907565, 64.08034
17879022124000, 18.243118, -8.897073, 64.0898
17879027089000, 18.24673, -8.885913, 64.099915
17879032137000, 18.248964, -8.875649, 64.112
17879037122000, 18.254576, -8.861942, 64.130615
17879042151000, 18.261705, -8.847936, 64.14559
17879047149000, 18.269926, -8.83327, 64.16305
17879052162000, 18.27505, -8.820668, 64.17875
17879057134000, 18.267141, -8.812282, 64.1943
17879062151000, 18.266626, -8.804098, 64.20517
17879067103000, 18.2578, -8.797935, 64.21617
17879072156000, 18.253223, -8.791026, 64.226395
17879077114000, 18.249447, -8.784615, 64.234924
17879082134000, 18.244677, -8.77759, 64.24164
17879087158000, 18.241972, -8.76752, 64.24824
17879092151000, 18.240347, -8.757323, 64.26017
17879097100000, 18.234278, -8.750727, 64.27022
17879102118000, 18.22528, -8.746556, 64.282814
17879107092000, 18.217722, -8.743449, 64.29856
17879112110000, 18.206947, -8.737043, 64.3117
17879122133000, 18.195585, -8.739527, 64.32414
17879127496000, 18.184519, -8.738317, 64.33616
17879132092000, 18.1745, -8.738587, 64.3411
17879137116000, 18.175722, -8.733729, 64.33959
17879142116000, 18.1762, -8.728783, 64.34154
17879147120000, 18.17947, -8.723692, 64.33686
17879152105000, 18.181059, -8.71675, 64.33853
17879157085000, 18.181656, -8.710399, 64.33725
17879162113000, 18.182804, -8.703069, 64.33338
17879167053000, 18.186283, -8.700472, 64.32499
17879172104000, 18.190403, -8.697303, 64.32182
17879177053000, 18.19331, -8.698098, 64.31335
17879182087000, 18.19474, -8.693679, 64.30866
17879187095000, 18.194864, -8.695716, 64.3015
17879192122000, 18.191225, -8.69458, 64.29918
17879197064000, 18.190638, -8.693168, 64.2982
17879202173000, 18.191349, -8.695152, 64.298515
17879207055000, 18.195261, -8.694589, 64.29617
17879212143000, 18.192959, -8.698035, 64.30203
17879217060000, 18.195704, -8.703867, 64.30435
17879222149000, 18.188602, -8.709012, 64.311775
17879227079000, 18.187796, -8.713483, 64.31991
17879232091000, 18.183722, -8.720297, 64.32265
17879237169000, 18.18439, -8.730311, 64.322266
17879242115000, 18.178959, -8.733574, 64.326805
17879247099000, 18.177052, -8.738871, 64.32534
17879252165000, 18.174746, -8.742573, 64.32392
17879257115000, 18.175472, -8.747632, 64.3242
17879262107000, 18.172892, -8.744917, 64.31712
17879267091000, 18.170969, -8.743659, 64.318405
17879272143000, 18.172329, -8.73974, 64.31633
17879277111000, 18.172003, -8.734413, 64.31931
17879282088000, 18.16866, -8.724447, 64.322395
17879287176000, 18.165115, -8.715856, 64.325905
17879292117000, 18.158716, -8.706272, 64.32827
17879297109000, 18.155535, -8.69687, 64.330246
17879302106000, 18.150444, -8.691904, 64.325035
17879307114000, 18.14862, -8.684989, 64.3173
17879312145000, 18.141886, -8.6835375, 64.31112
17879317141000, 18.139149, -8.680133, 64.303474
17879322156000, 18.134552, -8.677284, 64.29569
17879327151000, 18.131308, -8.673465, 64.2918
17879332134000, 18.12206, -8.666559, 64.287094
17879337186000, 18.117805, -8.660982, 64.27997
17879342139000, 18.108389, -8.65396, 64.28536
17879347137000, 18.102598, -8.647964, 64.28659
17879352140000, 18.094196, -8.638193, 64.29365
17879357154000, 18.088198, -8.632469, 64.295616
17879362128000, 18.074371, -8.618351, 64.30786
17879367122000, 18.064947, -8.600456, 64.319756
17879372060000, 18.056723, -8.585172, 64.32976
17879377148000, 18.053392, -8.570346, 64.33909
17879382087000, 18.042273, -8.5549555, 64.350334
17879387314000, 18.036709, -8.542849, 64.35884
17879392145000, 18.031994, -8.531646, 64.3638
17879397146000, 18.023071, -8.519921, 64.36947
17879402161000, 18.027946, -8.517333, 64.370895
17879407119000, 18.030918, -8.510776, 64.3705
17879412103000, 18.03371, -8.508113, 64.3684
17879417094000, 18.03963, -8.503688, 64.3635
17879422121000, 18.047176, -8.505677, 64.3634
17879427111000, 18.056091, -8.504423, 64.36252
17879432228000, 18.066355, -8.504785, 64.36068
17879437134000, 18.075838, -8.50295, 64.36469
17879442065000, 18.078583, -8.504603, 64.372086
17879447070000, 18.081345, -8.507394, 64.37662
17879452080000, 18.084114, -8.506843, 64.387924
17879457079000, 18.087955, -8.50911, 64.3931
17879462090000, 18.082932, -8.510069, 64.404305
17879467073000, 18.081694, -8.509529, 64.41177
17879472070000, 18.077988, -8.511392, 64.421
17879477094000, 18.072224, -8.512813, 64.4278
17879482095000, 18.07, -8.515436, 64.43336
17879487081000, 18.063797, -8.520924, 64.43709
17879492074000, 18.061954, -8.520874, 64.44178
17879497067000, 18.062788, -8.520053, 64.44231
17879502066000, 18.063541, -8.52265, 64.446724
17879507032000, 18.06441, -8.525312, 64.44906
17879512034000, 18.066626, -8.525601, 64.453186
17879517043000, 18.063322, -8.527797, 64.46153
17879522048000, 18.063417, -8.528383, 64.47371
17879527029000, 18.058828, -8.532983, 64.48479
17879532019000, 18.0532, -8.532335, 64.4952
17879537044000, 18.05214, -8.532552, 64.509995
17879542063000, 18.046417, -8.535842, 64.51971
17879547028000, 18.041311, -8.535706, 64.53256
17879552064000, 18.043114, -8.534908, 64.53316
17879557115000, 18.043604, -8.535559, 64.529816
17879562040000, 18.04355, -8.534047, 64.52924
17879567094000, 18.039589, -8.538515, 64.52235
17879572071000, 18.037964, -8.53747, 64.51431
17879577116000, 18.037205, -8.539549, 64.50926
17879582130000, 18.034119, -8.5435, 64.50028
17879587129000, 18.031448, -8.544538, 64.49483
17879592055000, 18.03031, -8.547146, 64.4902
17879597110000, 18.028902, -8.5454855, 64.4903
17879602160000, 18.026503, -8.5442295, 64.48869
17879607115000, 18.015688, -8.536786, 64.501335
17879612111000, 18.005323, -8.531565, 64.509834
17879617093000, 17.99505, -8.51695, 64.53099
17879622126000, 17.986656, -8.508612, 64.547485
17879627126000, 17.975927, -8.497337, 64.56963
17879632103000, 17.965055, -8.491718, 64.58605
17879637123000, 17.961277, -8.477893, 64.59696
17879642121000, 17.962141, -8.465964, 64.61091
17879647109000, 17.952028, -8.45379, 64.62611
17879652106000, 17.949741, -8.440492, 64.6384
17879657120000, 17.947643, -8.428139, 64.650566
17879662110000, 17.942713, -8.41306, 64.66146
17879667085000, 17.94443, -8.396072, 64.668686
17879672156000, 17.944569, -8.380084, 64.67137
17879677149000, 17.94494, -8.363881, 64.67488
17879682148000, 17.94758, -8.347725, 64.67848
17879687191000, 17.937834, -8.332451, 64.68162
17879692147000, 17.933903, -8.319057, 64.68528
17879697140000, 17.927507, -8.3032875, 64.69224
17879702119000, 17.92108, -8.291186, 64.7016
17879707088000, 17.919724, -8.283712, 64.70761
17879712119000, 17.920408, -8.279917, 64.71814
17879717086000, 17.925402, -8.279566, 64.724464
17879727106000, 17.931293, -8.27817, 64.73073
17879732134000, 17.935062, -8.278885, 64.73503
17879737090000, 17.938704, -8.278154, 64.74188
17879742155000, 17.94345, -8.275849, 64.74953
17879747042000, 17.952206, -8.271225, 64.75343
17879752126000, 17.96277, -8.268925, 64.75667
17879757060000, 17.972672, -8.263214, 64.760826
17879762112000, 17.985, -8.261134, 64.76586
17879767118000, 17.985964, -8.258178, 64.76983
17879772158000, 17.995249, -8.25746, 64.77636
17879777104000, 17.993723, -8.259032, 64.78251
17879782140000, 17.999283, -8.260296, 64.79184
17879787157000, 17.995367, -8.262841, 64.79583
17879792157000, 18.005032, -8.262211, 64.80415
17879797114000, 17.999657, -8.268077, 64.80911
17879802237000, 18.004288, -8.271824, 64.81225
17879807106000, 18.000011, -8.271389, 64.81408
17879812147000, 17.997282, -8.275943, 64.812256
17879817113000, 17.99015, -8.278862, 64.80508
17879822157000, 17.988394, -8.284487, 64.7965
17879827175000, 17.978765, -8.287786, 64.79568
17879832141000, 17.973347, -8.295852, 64.79243
17879837151000, 17.965105, -8.305777, 64.79224
17879842153000, 17.961964, -8.317215, 64.79306
17879847047000, 17.951689, -8.327275, 64.7961
17879852210000, 17.946928, -8.333313, 64.80514
17879857056000, 17.936167, -8.342343, 64.814735
17879862151000, 17.928362, -8.34946, 64.82255
17879867069000, 17.91665, -8.35282, 64.83388
17879872157000, 17.908342, -8.353396, 64.84246
17879877089000, 17.902239, -8.354459, 64.85008
17879882133000, 17.895905, -8.334383, 64.85331
17879887172000, 17.890179, -8.321321, 64.85626
17879892152000, 17.887554, -8.305509, 64.86171
17879897121000, 17.880907, -8.2939205, 64.864044
17879902172000, 17.876162, -8.281231, 64.86879
17879912143000, 17.869316, -8.266114, 64.875305
17879917164000, 17.87331, -8.267504, 64.87946
17879922155000, 17.87338, -8.264481, 64.88127
17879932132000, 17.872898, -8.264931, 64.88818
17879937173000, 17.879692, -8.263321, 64.88598
17879942153000, 17.881975, -8.25943, 64.88814
17879947153000, 17.881731, -8.25484, 64.88597
17879952200000, 17.8877, -8.25544, 64.88094
17879957152000, 17.8893, -8.256028, 64.873344
17879962130000, 17.896559, -8.252415, 64.86624
17879967139000, 17.903551, -8.247036, 64.86251
17879972160000, 17.915745, -8.246335, 64.85586
17879977151000, 17.92311, -8.245154, 64.854965
17879982140000, 17.940323, -8.236746, 64.85868
17879987163000, 17.950888, -8.227802, 64.86569
17879992147000, 17.959827, -8.220595, 64.880554
17879997149000, 17.96755, -8.21346, 64.89563
17880002239000, 17.97374, -8.205043, 64.917816
17880007136000, 17.977745, -8.199616, 64.94257
17880012141000, 17.984474, -8.19629, 64.96605
17880017148000, 17.987173, -8.196875, 64.98968
17880022149000, 17.985401, -8.1926565, 65.014626
17880027151000, 17.98671, -8.193315, 65.036255
17880032128000, 17.983217, -8.194605, 65.05767
17880037183000, 17.985794, -8.196828, 65.076996
17880042114000, 17.976639, -8.20912, 65.10505
17880047157000, 17.966324, -8.222862, 65.13102
17880052143000, 17.954948, -8.242763, 65.16592
17880057102000, 17.948484, -8.264968, 65.1923
17880062058000, 17.928501, -8.292794, 65.22317
17880067127000, 17.92085, -8.320904, 65.24417
17880072079000, 17.89128, -8.35584, 65.27362
17880077105000, 17.86705, -8.38768, 65.29835
17880082082000, 17.842022, -8.418759, 65.31903
17880087127000, 17.81597, -8.450306, 65.33851
17880092046000, 17.79711, -8.481085, 65.34652
17880097143000, 17.774374, -8.512299, 65.35766
17880102168000, 17.764671, -8.543115, 65.36114
17880107133000, 17.756693, -8.570477, 65.36454
17880112081000, 17.753246, -8.597552, 65.366974
17880117092000, 17.747246, -8.620574, 65.3656
17880122106000, 17.751556, -8.639214, 65.36542
17880127141000, 17.754427, -8.658379, 65.36237
17880132095000, 17.755678, -8.673754, 65.35608
17880137143000, 17.76218, -8.685992, 65.35141
17880142093000, 17.770193, -8.69912, 65.334465
17880147113000, 17.777773, -8.707654, 65.31944
17880152142000, 17.802454, -8.715119, 65.294556
17880157082000, 17.824858, -8.721369, 65.26813
17880162127000, 17.84776, -8.722214, 65.245125
17880167105000, 17.86982, -8.721761, 65.22393
17880172239000, 17.89022, -8.718033, 65.19759
17880177119000, 17.90852, -8.711484, 65.17718
17880182327000, 17.938251, -8.70281, 65.15114
17880187152000, 17.962934, -8.690827, 65.12611
17880192494000, 17.994257, -8.678665, 65.10277
17880197147000, 18.021933, -8.664392, 65.08204
17880202364000, 18.055513, -8.648307, 65.07147
17880207128000, 18.080427, -8.631852, 65.06102
17880212452000, 18.112429, -8.610417, 65.04844
17880217151000, 18.137041, -8.593048, 65.037025
17880222107000, 18.16392, -8.578475, 65.02266
17880227152000, 18.182552, -8.565547, 65.00948
17880232081000, 18.205256, -8.55083, 65.00117
17880237174000, 18.22252, -8.545676, 64.98363
17880242144000, 18.244238, -8.534013, 64.9673
17880247145000, 18.262344, -8.522435, 64.95522
17880252114000, 18.281687, -8.510186, 64.94437
17880257151000, 18.299154, -8.494354, 64.93164
17880262173000, 18.31628, -8.486756, 64.92257
17880267141000, 18.334126, -8.468646, 64.90915
17880272155000, 18.348845, -8.452018, 64.89855
17880277149000, 18.367403, -8.437765, 64.88805
17880282103000, 18.378986, -8.423455, 64.877174
17880287099000, 18.39151, -8.408884, 64.86918
17880292127000, 18.402746, -8.392339, 64.85644
17880297112000, 18.414288, -8.377912, 64.84335
17880302145000, 18.421783, -8.36494, 64.83228
17880307115000, 18.436218, -8.3435955, 64.825294
17880312114000, 18.447836, -8.322711, 64.81885
17880317113000, 18.460587, -8.307513, 64.81515
17880322093000, 18.473953, -8.289457, 64.808846
17880327113000, 18.480673, -8.276526, 64.81355
17880332110000, 18.488483, -8.263731, 64.81955
17880337112000, 18.488697, -8.258795, 64.82102
17880342119000, 18.490156, -8.25246, 64.828354
17880347109000, 18.491194, -8.247949, 64.834274
17880357112000, 18.491198, -8.243005, 64.840164
17880362112000, 18.486734, -8.244071, 64.84826
17880367140000, 18.475023, -8.250859, 64.851814
17880372151000, 18.456804, -8.255655, 64.85304
17880377141000, 18.446342, -8.262357, 64.85152
17880382143000, 18.42929, -8.269121, 64.850235
17880387107000, 18.411543, -8.273786, 64.84174
17880392141000, 18.395327, -8.279445, 64.82405
17880397083000, 18.374928, -8.28691, 64.815765
17880402167000, 18.35172, -8.293818, 64.80417
17880407049000, 18.332695, -8.3034115, 64.78967
17880412147000, 18.309868, -8.316569, 64.77787
17880417065000, 18.286015, -8.323193, 64.77167
17880422157000, 18.266327, -8.334541, 64.76613
17880427050000, 18.246483, -8.341434, 64.76009
17880432150000, 18.227465, -8.35008, 64.75722
17880437113000, 18.21831, -8.353305, 64.74628
17880442130000, 18.209028, -8.356583, 64.734406
17880447090000, 18.2059, -8.356872, 64.718864
17880452164000, 18.20351, -8.354621, 64.70539
17880457101000, 18.203306, -8.362397, 64.688065
17880462078000, 18.205256, -8.368991, 64.67475
17880467095000, 18.20945, -8.370447, 64.66
17880472092000, 18.212364, -8.371743, 64.650955
17880477128000, 18.212662, -8.379918, 64.626945
17880487158000, 18.216732, -8.380232, 64.61943
17880492204000, 18.223297, -8.387207, 64.59915
17880497132000, 18.223492, -8.390714, 64.58703
17880502076000, 18.228212, -8.390631, 64.572945
17880517017000, 18.235374, -8.395711, 64.5505
17880522082000, 18.23838, -8.400203, 64.52757
17880527030000, 18.241184, -8.40412, 64.50524
17880532013000, 18.246851, -8.407838, 64.48542
17880537037000, 18.246017, -8.411709, 64.467636
17880542032000, 18.248802, -8.418392, 64.44661
17880547033000, 18.246033, -8.425135, 64.43342
17880552132000, 18.245153, -8.436147, 64.41884
17880557381000, 18.239721, -8.446143, 64.413284
17880562110000, 18.236422, -8.463205, 64.40541
17880567100000, 18.232306, -8.476781, 64.40423
17880572122000, 18.224894, -8.48956, 64.40364
17880577084000, 18.225307, -8.505996, 64.403656
17880582106000, 18.210655, -8.518097, 64.409355
17880587101000, 18.203384, -8.531521, 64.41592
17880592153000, 18.189157, -8.541524, 64.42781
17880597056000, 18.180252, -8.548563, 64.43485
17880602142000, 18.169909, -8.555858, 64.443825
17880607048000, 18.15916, -8.560565, 64.44998
17880612115000, 18.155542, -8.562658, 64.45034
17880617074000, 18.151108, -8.562374, 64.45292
17880622127000, 18.140642, -8.565866, 64.453064
17880627048000, 18.129318, -8.565939, 64.45348
17880632112000, 18.116625, -8.56942, 64.45596
17880637105000, 18.106432, -8.571727, 64.463295
17880642105000, 18.09829, -8.571952, 64.47525
17880647071000, 18.09199, -8.571384, 64.4903
17880652166000, 18.083975, -8.578853, 64.502365
17880657104000, 18.07982, -8.583002, 64.51952
17880662109000, 18.074995, -8.587326, 64.53079
17880667115000, 18.07045, -8.589303, 64.545845
17880672119000, 18.077736, -8.597562, 64.55291
17880677112000, 18.084068, -8.604971, 64.56079
17880682108000, 18.085535, -8.610632, 64.565926
17880687128000, 18.087395, -8.619448, 64.572685
17880692116000, 18.085154, -8.638445, 64.56242
17880697112000, 18.080187, -8.656787, 64.55687
17880702089000, 18.077389, -8.676274, 64.547714
17880707121000, 18.07624, -8.694505, 64.54329
17880712113000, 18.0672, -8.709514, 64.53271
17880717105000, 18.063362, -8.723689, 64.525085
17880722120000, 18.05233, -8.734477, 64.52889
17880727113000, 18.04189, -8.745968, 64.53236
17880732124000, 18.030005, -8.755231, 64.53549
17880737123000, 18.020292, -8.765924, 64.53751
17880742113000, 18.005367, -8.773162, 64.53373
17880747115000, 18.001566, -8.779705, 64.52936
17880752165000, 17.996733, -8.780775, 64.522354
17880757121000, 18.000444, -8.78667, 64.51187
17880762112000, 17.997334, -8.786226, 64.50681
17880767100000, 17.998392, -8.787201, 64.497055
17880772125000, 17.995697, -8.78298, 64.49473
17880777151000, 18.002636, -8.778399, 64.495224
17880782155000, 18.00097, -8.767746, 64.50579
17880787156000, 18.003157, -8.756727, 64.518005
17880792047000, 18.012014, -8.745739, 64.530914
17880797152000, 18.014193, -8.734651, 64.542145
17880802124000, 18.014961, -8.7197485, 64.55551
17880807130000, 18.014534, -8.704533, 64.56676
17880812047000, 18.009546, -8.694951, 64.565865
17880817102000, 18.00426, -8.681453, 64.56219
17880822052000, 17.999977, -8.6609, 64.56073
17880827115000, 17.996805, -8.641088, 64.556885
17880832108000, 17.998236, -8.622138, 64.54573
17880837132000, 17.99395, -8.604021, 64.53853
17880842117000, 17.991344, -8.586109, 64.53372
17880847114000, 17.987354, -8.5691185, 64.52632
17880852150000, 17.986286, -8.547721, 64.53361
17880857129000, 17.983698, -8.533744, 64.53781
17880862127000, 17.984562, -8.513626, 64.54508
17880867100000, 17.984907, -8.501155, 64.55567
17880872459000, 17.983088, -8.490629, 64.56556
17880877111000, 17.982508, -8.477572, 64.57668
17880882108000, 17.977219, -8.466561, 64.5858
17880887117000, 17.976799, -8.458533, 64.59257
17880892053000, 17.971943, -8.445313, 64.59824
17880897113000, 17.980568, -8.433524, 64.601
17880902130000, 17.984423, -8.420678, 64.60074
17880907115000, 17.987066, -8.403811, 64.602585
17880912111000, 17.991646, -8.385149, 64.61076
17880917097000, 17.989141, -8.368732, 64.611465
17880922087000, 17.992958, -8.3518, 64.613205
17880927092000, 17.986942, -8.336191, 64.62474
17880932111000, 17.987501, -8.320357, 64.631485
17880937105000, 17.975777, -8.307182, 64.64305
17880942117000, 17.966398, -8.290619, 64.65038
17880947058000, 17.95765, -8.285172, 64.65611
17880952099000, 17.944168, -8.279325, 64.660484
17880957050000, 17.930195, -8.272977, 64.659424
17880962111000, 17.916435, -8.270706, 64.66135
17880967110000, 17.907015, -8.26394, 64.65632
17880972120000, 17.898472, -8.261952, 64.64707
17880977084000, 17.898893, -8.257732, 64.63987
17880982097000, 17.899824, -8.256857, 64.63095
17880987379000, 17.898077, -8.259954, 64.61963
17880992114000, 17.892963, -8.265718, 64.601875
17880997083000, 17.892817, -8.2662, 64.58736
17881002118000, 17.887705, -8.272782, 64.57294
17881007056000, 17.88765, -8.275435, 64.556335
17881012113000, 17.884964, -8.277609, 64.53805
17881017074000, 17.884651, -8.283456, 64.520004
17881022122000, 17.883268, -8.285118, 64.51045
17881027078000, 17.88304, -8.291071, 64.49978
17881032101000, 17.884354, -8.294745, 64.488174
17881037139000, 17.881163, -8.30023, 64.48179
17881042116000, 17.88009, -8.305817, 64.472984
17881047082000, 17.875956, -8.315776, 64.46091
17881052124000, 17.87785, -8.321221, 64.45385
17881057118000, 17.873102, -8.324933, 64.44445
17881062111000, 17.868727, -8.327167, 64.43465
17881067102000, 17.858725, -8.330721, 64.424736
17881072121000, 17.855019, -8.331006, 64.4128
17881077110000, 17.853823, -8.332751, 64.39964
17881082105000, 17.847351, -8.337373, 64.386604
17881087136000, 17.845425, -8.334405, 64.376015
17881092116000, 17.843996, -8.338603, 64.36652
17881097111000, 17.841543, -8.33672, 64.358215
17881107119000, 17.838104, -8.3408985, 64.35299
17881112112000, 17.835321, -8.341864, 64.3468
17881117103000, 17.830685, -8.342056, 64.34461
17881122123000, 17.83176, -8.341702, 64.33135
17881127114000, 17.833113, -8.341253, 64.31954
17881132107000, 17.834549, -8.340258, 64.30658
17881137128000, 17.83971, -8.339401, 64.29454
17881142114000, 17.842756, -8.338771, 64.28027
17881147112000, 17.846088, -8.33616, 64.26904
17881152127000, 17.855354, -8.334347, 64.26233
17881157119000, 17.86787, -8.333459, 64.25563
17881162109000, 17.87618, -8.327513, 64.25339
17881167098000, 17.884687, -8.3256235, 64.246185
17881172120000, 17.893072, -8.320861, 64.24225
17881177114000, 17.896162, -8.316697, 64.23941
17881182094000, 17.90182, -8.3142395, 64.23315
17881187130000, 17.907303, -8.309799, 64.22912
17881192069000, 17.91067, -8.309519, 64.22391
17881197156000, 17.913733, -8.307435, 64.21321
17881202104000, 17.918804, -8.308738, 64.20815
17881207120000, 17.927612, -8.30573, 64.197914
17881212058000, 17.937025, -8.298238, 64.19943
17881217104000, 17.943676, -8.294508, 64.199554
17881222053000, 17.954397, -8.288397, 64.203964
17881227113000, 17.964592, -8.280416, 64.207054
17881232101000, 17.969543, -8.279537, 64.21797
17881237143000, 17.972069, -8.274347, 64.227554
17881242114000, 17.968157, -8.269319, 64.24267
17881247113000, 17.967216, -8.263477, 64.25798
17881252132000, 17.962769, -8.259957, 64.27222
17881257117000, 17.959658, -8.257149, 64.28691
17881262089000, 17.959639, -8.257097, 64.29755
17881267101000, 17.956379, -8.259551, 64.307014
17881272496000, 17.958338, -8.262173, 64.313515
17881277115000, 17.957636, -8.264784, 64.31855
17881282109000, 17.96096, -8.270467, 64.32112
17881287195000, 17.964737, -8.273442, 64.32521
17881292616000, 17.967693, -8.277942, 64.3282
17881297111000, 17.972643, -8.28439, 64.335754
17881302120000, 17.975773, -8.282145, 64.34885
17881307118000, 17.975748, -8.279934, 64.36037
17881312049000, 17.983074, -8.277514, 64.36887
17881317103000, 17.97775, -8.278432, 64.38503
17881322058000, 17.981472, -8.274752, 64.39804
17881327112000, 17.97771, -8.275119, 64.411446
17881332100000, 17.972572, -8.276719, 64.4273
17881337125000, 17.965042, -8.272353, 64.43736
17881342052000, 17.958338, -8.272283, 64.44971
17881347110000, 17.949709, -8.271424, 64.459816
17881352147000, 17.943855, -8.268284, 64.46606
17881357116000, 17.936367, -8.2683, 64.47423
17881362110000, 17.930399, -8.266456, 64.48469
17881367085000, 17.915514, -8.263463, 64.48969
17881372105000, 17.902056, -8.260774, 64.4975
17881377083000, 17.891876, -8.2647085, 64.49638
17881382103000, 17.882181, -8.269755, 64.49961
17881387112000, 17.871496, -8.271624, 64.49801
17881392116000, 17.86471, -8.273128, 64.49541
17881397041000, 17.856441, -8.269776, 64.49573
17881402134000, 17.839485, -8.2684965, 64.49361
17881407047000, 17.83091, -8.264495, 64.49032
17881412112000, 17.816835, -8.262696, 64.489075
17881417060000, 17.80726, -8.258246, 64.48458
17881422126000, 17.795534, -8.254546, 64.48003
17881427067000, 17.784006, -8.246164, 64.4771
17881432103000, 17.773449, -8.23761, 64.474655
17881437103000, 17.764078, -8.225934, 64.47265
17881442073000, 17.755419, -8.215303, 64.47354
17881447064000, 17.747211, -8.208352, 64.474236
17881452081000, 17.733986, -8.197852, 64.47525
17881457081000, 17.733267, -8.18698, 64.48494
17881462096000, 17.722553, -8.177498, 64.491325
17881467096000, 17.719963, -8.164085, 64.49665
17881472087000, 17.713877, -8.155546, 64.49959
17881477082000, 17.709576, -8.143851, 64.499626
17881482132000, 17.70831, -8.13545, 64.498535
17881487124000, 17.703947, -8.1243515, 64.498604
17881492143000, 17.698563, -8.1130495, 64.495964
17881497103000, 17.694057, -8.114595, 64.49181
17881502039000, 17.683693, -8.112628, 64.49181
17881512027000, 17.676105, -8.108373, 64.49434
17881517013000, 17.665178, -8.108264, 64.49853
17881522036000, 17.66087, -8.107623, 64.508026
17881527074000, 17.654844, -8.110042, 64.52055
17881532011000, 17.651909, -8.109031, 64.5283
17881537186000, 17.649399, -8.109989, 64.54055
17881542030000, 17.642925, -8.110781, 64.54785
17881547206000, 17.638887, -8.111814, 64.558815
17881552150000, 17.633966, -8.111913, 64.56227
17881557052000, 17.635277, -8.1201315, 64.568
17881562108000, 17.63664, -8.123927, 64.57618
17881567066000, 17.637903, -8.131402, 64.57603
17881572098000, 17.645985, -8.130019, 64.59056
17881577051000, 17.649248, -8.131316, 64.60039
17881582097000, 17.657927, -8.127922, 64.612495
17881587103000, 17.66376, -8.12596, 64.62679
17881592140000, 17.666035, -8.124178, 64.64005
17881597042000, 17.670769, -8.123035, 64.653854
17881602168000, 17.67398, -8.126552, 64.65932
17881607050000, 17.67494, -8.1285, 64.664925
17881612148000, 17.676289, -8.135225, 64.66819
17881617112000, 17.678104, -8.139753, 64.671616
17881622157000, 17.677652, -8.13675, 64.66879
17881627096000, 17.681555, -8.1411495, 64.66433
17881632148000, 17.679892, -8.141093, 64.66045
17881637183000, 17.682678, -8.141497, 64.65718
17881642214000, 17.686571, -8.142624, 64.64757
17881647104000, 17.693434, -8.144313, 64.641136
17881652161000, 17.697802, -8.145675, 64.63186
17881657152000, 17.703253, -8.143903, 64.62731
17881662147000, 17.705303, -8.145858, 64.63052
17881667176000, 17.704544, -8.149476, 64.63595
17881672164000, 17.70316, -8.147733, 64.64161
17881677152000, 17.706532, -8.146424, 64.65051
17881682107000, 17.70535, -8.146534, 64.65804
17881692131000, 17.7042, -8.143982, 64.66708
17881697100000, 17.704002, -8.1392975, 64.67224
17881702114000, 17.70553, -8.13436, 64.67874
17881707123000, 17.704035, -8.12941, 64.68333
17881712114000, 17.70741, -8.125047, 64.68688
17881717105000, 17.706045, -8.119485, 64.6911
17881722123000, 17.702648, -8.113522, 64.707085
17881727118000, 17.699549, -8.1064825, 64.7234
17881732085000, 17.68794, -8.099245, 64.73954
17881737129000, 17.679031, -8.094727, 64.75998
17881742087000, 17.66831, -8.087526, 64.77997
17881747118000, 17.66257, -8.081558, 64.803795
17881752090000, 17.658579, -8.075666, 64.81233
17881757126000, 17.656078, -8.072342, 64.82249
17881762109000, 17.655912, -8.065752, 64.831375
17881767101000, 17.651707, -8.064019, 64.83815
17881772123000, 17.650635, -8.060179, 64.84223
17881777117000, 17.646694, -8.058942, 64.84395
17881782096000, 17.64383, -8.062078, 64.83855
17881787155000, 17.638304, -8.066422, 64.82821
17881792112000, 17.636024, -8.064462, 64.82331
17881797114000, 17.632723, -8.064097, 64.81285
17881802089000, 17.631212, -8.06074, 64.80615
17881807091000, 17.630602, -8.058415, 64.79714
17881812087000, 17.618933, -8.051724, 64.79983
17881817101000, 17.611076, -8.040353, 64.805855
17881822051000, 17.597313, -8.028569, 64.80834
17881827114000, 17.584587, -8.014393, 64.813416
17881832102000, 17.572174, -8.013671, 64.81363
17881837135000, 17.555805, -8.009066, 64.81393
17881842052000, 17.543365, -8.00841, 64.813156
17881852122000, 17.530293, -8.012518, 64.81376
17881857118000, 17.51934, -8.010352, 64.805916
17881867101000, 17.51375, -8.00478, 64.80492
17881872115000, 17.506224, -8.005093, 64.80399
17881877111000, 17.501448, -8.002995, 64.80705
17881882098000, 17.494982, -8.000912, 64.813545
17881887209000, 17.491657, -8.002198, 64.817635
17881892144000, 17.481844, -8.003291, 64.82432
17881897150000, 17.475456, -8.004338, 64.82421
17881902154000, 17.469973, -8.004889, 64.82308
17881907133000, 17.468157, -8.004257, 64.82074
17881912279000, 17.458544, -7.99692, 64.81827
17881917150000, 17.449528, -7.989632, 64.81681
17881922118000, 17.440771, -7.9865704, 64.81573
17881927147000, 17.43356, -7.977376, 64.819916
17881932123000, 17.427177, -7.973904, 64.82022
17881937250000, 17.41758, -7.96921, 64.82204
17881942116000, 17.411478, -7.9632845, 64.82568
17881947148000, 17.408598, -7.9641895, 64.82388
17881952095000, 17.407562, -7.9561667, 64.828835
17881957153000, 17.403833, -7.957311, 64.828156
17881962050000, 17.401722, -7.952656, 64.83207
17881967151000, 17.393595, -7.9517293, 64.83267
17881972059000, 17.39547, -7.9497037, 64.83228
17881977151000, 17.386395, -7.947475, 64.832085
17881982071000, 17.386866, -7.94689, 64.827484
17881987138000, 17.385347, -7.942754, 64.82539
17881992161000, 17.383024, -7.937491, 64.82373
17881997110000, 17.39114, -7.9329877, 64.82916
17882002144000, 17.393286, -7.9247475, 64.83414
17882007119000, 17.408741, -7.9141617, 64.83908
17882012104000, 17.419056, -7.9029193, 64.84601
17882017107000, 17.432775, -7.895249, 64.84557
17882022116000, 17.44463, -7.8850675, 64.84867
17882027111000, 17.457981, -7.878257, 64.847206
17882032095000, 17.47085, -7.8705683, 64.8495
17882037144000, 17.480206, -7.8623185, 64.84754
17882042236000, 17.4879, -7.8540516, 64.84797
17882047099000, 17.492672, -7.8467383, 64.8551
17882052206000, 17.498316, -7.839395, 64.86394
17882057120000, 17.498682, -7.833291, 64.868126
17882062120000, 17.500101, -7.8268504, 64.87639
17882067110000, 17.507717, -7.8174458, 64.879135
17882072088000, 17.509665, -7.8129992, 64.87994
17882077092000, 17.518297, -7.81209, 64.88828
17882082107000, 17.52328, -7.8118844, 64.89314
17882087138000, 17.531872, -7.80865, 64.90504
17882092190000, 17.54052, -7.8056035, 64.914375
17882097046000, 17.541925, -7.80266, 64.92826
17882102157000, 17.549864, -7.7971544, 64.94004
17882107050000, 17.55365, -7.789915, 64.955666
17882112112000, 17.559454, -7.780386, 64.96739
17882117127000, 17.574144, -7.7734056, 64.979935
17882122127000, 17.583729, -7.7689075, 64.98799
17882127115000, 17.596567, -7.7632294, 64.9947
17882132094000, 17.60728, -7.757424, 65.00152
17882137176000, 17.621033, -7.748264, 65.00924
17882142177000, 17.62967, -7.738983, 65.02129
17882147442000, 17.6395, -7.739157, 65.0265
17882152172000, 17.643553, -7.7362485, 65.03923
17882157055000, 17.652346, -7.7345314, 65.049126
17882162114000, 17.660866, -7.7333713, 65.0593
17882167070000, 17.669008, -7.7308846, 65.07104
17882172120000, 17.666264, -7.7288175, 65.074745
17882177083000, 17.664726, -7.725085, 65.07991
17882182100000, 17.66535, -7.723504, 65.07768
17882187187000, 17.66399, -7.719992, 65.07871
17882192184000, 17.663256, -7.719159, 65.07209
17882197095000, 17.661419, -7.7164497, 65.0642
17882202112000, 17.666142, -7.715441, 65.0568
17882207120000, 17.667416, -7.717517, 65.04892
17882212109000, 17.665747, -7.722531, 65.040016
17882217110000, 17.66413, -7.7278624, 65.034134
17882222126000, 17.663671, -7.7331243, 65.0261
17882227118000, 17.662395, -7.73835, 65.01841
17882232088000, 17.656738, -7.744334, 65.0167
17882237186000, 17.647778, -7.7508445, 65.0097
17882242175000, 17.63805, -7.754414, 65.007225
17882247113000, 17.628279, -7.761252, 64.99863
17882252091000, 17.618017, -7.767367, 64.99315
17882257121000, 17.605932, -7.7729206, 64.9862
17882262113000, 17.595644, -7.777611, 64.97944
17882267107000, 17.58591, -7.781313, 64.97519
17882272120000, 17.581627, -7.7866735, 64.96987
17882277115000, 17.579214, -7.790401, 64.966965
17882282099000, 17.574558, -7.792648, 64.96756
17882287128000, 17.572346, -7.7985067, 64.96261
17882292111000, 17.571434, -7.80053, 64.959366
17882297114000, 17.566963, -7.8072047, 64.95841
17882302104000, 17.570639, -7.812875, 64.95817
17882307119000, 17.574867, -7.820994, 64.95492
17882312106000, 17.578833, -7.8250494, 64.951744
17882317104000, 17.586123, -7.8301506, 64.95158
17882322108000, 17.590345, -7.8352213, 64.941895
17882327116000, 17.599957, -7.837235, 64.939445
17882332112000, 17.607203, -7.840611, 64.93302
17882347108000, 17.614857, -7.847067, 64.92829
17882352088000, 17.620031, -7.849299, 64.924904
17882357117000, 17.63063, -7.851838, 64.93913
17882362072000, 17.642239, -7.8506293, 64.95483
17882372043000, 17.650965, -7.855041, 64.96794
17882377117000, 17.657864, -7.8539715, 64.9746
17882382098000, 17.669859, -7.8557854, 64.980225
17882387193000, 17.672005, -7.8593416, 64.98855
17882392143000, 17.686647, -7.8602595, 64.98747
17882397110000, 17.693354, -7.861462, 64.98925
17882402154000, 17.70498, -7.8647203, 64.984535
17882407119000, 17.719109, -7.8647, 64.98044
17882412079000, 17.725662, -7.8631725, 64.97565
17882417103000, 17.740297, -7.856676, 64.971504
17882422087000, 17.750603, -7.853594, 64.96604
17882427117000, 17.761713, -7.848461, 64.96196
17882432119000, 17.772802, -7.8437405, 64.95631
17882437233000, 17.783274, -7.8407497, 64.95432
17882442109000, 17.79257, -7.8524995, 64.940895
17882447105000, 17.798073, -7.864354, 64.92992
17882452099000, 17.804373, -7.8710933, 64.92285
17882457119000, 17.808235, -7.880566, 64.91201
17882462106000, 17.812363, -7.8877673, 64.906975
17882467102000, 17.811255, -7.8971553, 64.89466
17882472348000, 17.813797, -7.901708, 64.88613
17882477115000, 17.815891, -7.910037, 64.879326
17882482097000, 17.817, -7.9169908, 64.86878
17882487185000, 17.819317, -7.9223723, 64.85845
17882492444000, 17.822474, -7.931166, 64.850266
17882497107000, 17.824482, -7.9347816, 64.846146
17882502539000, 17.832865, -7.93951, 64.84391
17882507118000, 17.84052, -7.9458647, 64.84318
17882512045000, 17.8472, -7.952918, 64.84237
17882517108000, 17.849274, -7.9589753, 64.84343
17882522056000, 17.855637, -7.966635, 64.84408
17882527113000, 17.855684, -7.969956, 64.84404
17882532094000, 17.85776, -7.9727774, 64.84458
17882537208000, 17.861046, -7.976761, 64.84436
17882542116000, 17.864655, -7.9792514, 64.84213
17882547113000, 17.867178, -7.98521, 64.84074
17882552107000, 17.873207, -7.9921217, 64.83604
17882557117000, 17.877842, -7.996896, 64.82877
17882562045000, 17.885296, -8.000359, 64.82312
17882567094000, 17.8894, -7.9996753, 64.820526
17882572059000, 17.898281, -7.99512, 64.82084
17882577118000, 17.901402, -7.9934826, 64.81861
17882582091000, 17.907373, -7.9950414, 64.815056
17882587212000, 17.911741, -7.9911, 64.81421
17882592141000, 17.915813, -7.987303, 64.8168
17882597113000, 17.91413, -7.985172, 64.8204
17882602121000, 17.909206, -7.9847703, 64.82374
17882607116000, 17.910198, -7.9742417, 64.83497
17882612107000, 17.903088, -7.969448, 64.84265
17882617103000, 17.904074, -7.958553, 64.85689
17882622126000, 17.89791, -7.954713, 64.86121
17882627115000, 17.895555, -7.9417353, 64.86571
17882632090000, 17.890982, -7.9340067, 64.866936
17882637204000, 17.887741, -7.9227643, 64.86913
17882642149000, 17.8833, -7.912401, 64.87348
17882647115000, 17.878593, -7.901965, 64.881294
17882652161000, 17.876074, -7.8914356, 64.88725
17882657119000, 17.867998, -7.883496, 64.89591
17882662108000, 17.862293, -7.8749466, 64.90433
17882667081000, 17.860188, -7.8649416, 64.909836
17882672100000, 17.850899, -7.860859, 64.916885
17882677113000, 17.842108, -7.8492937, 64.921425
17882682079000, 17.836527, -7.8416767, 64.92558
17882687120000, 17.831303, -7.8335695, 64.929596
17882692114000, 17.835367, -7.822984, 64.93006
17882697112000, 17.831152, -7.8182693, 64.92809
17882702166000, 17.83513, -7.8128724, 64.931274
17882707121000, 17.835228, -7.80348, 64.9292
17882712111000, 17.839705, -7.7952957, 64.93175
17882717145000, 17.83233, -7.7832894, 64.93324
17882722156000, 17.82955, -7.7711387, 64.936
17882727145000, 17.820427, -7.760468, 64.9366
17882732151000, 17.817608, -7.74795, 64.94048
17882737228000, 17.809038, -7.739832, 64.93962
17882742192000, 17.802702, -7.728683, 64.93896
17882747146000, 17.807558, -7.724123, 64.92948
17882752202000, 17.810616, -7.718326, 64.916664
17882757151000, 17.811026, -7.714041, 64.908806
17882762139000, 17.810846, -7.7101007, 64.90167
17882767150000, 17.809513, -7.701232, 64.89259
17882772184000, 17.804613, -7.695826, 64.88297
17882777107000, 17.796326, -7.687478, 64.88548
17882782150000, 17.791187, -7.6812453, 64.88353
17882787246000, 17.785505, -7.6733675, 64.889336
17882792250000, 17.782589, -7.6674757, 64.89634
17882802207000, 17.776114, -7.667574, 64.900665
17882807114000, 17.769903, -7.6662755, 64.90356
17882812146000, 17.768478, -7.6682196, 64.8986
17882817132000, 17.774656, -7.6584716, 64.89229
17882822154000, 17.77364, -7.649949, 64.88858
17882827095000, 17.780352, -7.6491456, 64.87681
17882832151000, 17.780443, -7.646736, 64.86673
17882837300000, 17.785349, -7.644716, 64.85469
17882842183000, 17.79075, -7.6416674, 64.84605
17882847349000, 17.79533, -7.6367564, 64.83391
17882852209000, 17.802088, -7.6366487, 64.823875
17882857490000, 17.802044, -7.6320853, 64.82404
17882862151000, 17.801826, -7.630171, 64.82344
17882867125000, 17.800354, -7.62724, 64.8265
17882872154000, 17.803137, -7.622391, 64.83135
17882877099000, 17.797892, -7.622794, 64.83516
17882882142000, 17.801182, -7.620433, 64.84084
17882887171000, 17.802507, -7.622448, 64.84785
17882892148000, 17.802568, -7.620901, 64.85506
17882897047000, 17.800104, -7.623019, 64.85908
17882902158000, 17.803637, -7.625494, 64.86302
17882907055000, 17.801525, -7.6285663, 64.86902
17882912147000, 17.802435, -7.62053, 64.870384
17882917109000, 17.804445, -7.6161337, 64.87623
17882922154000, 17.801882, -7.60531, 64.884415
17882927082000, 17.806465, -7.597995, 64.895485
17882932143000, 17.811037, -7.5975347, 64.90462
17882937216000, 17.82602, -7.590484, 64.92212
17882942249000, 17.831762, -7.5957584, 64.93171
17882947115000, 17.838345, -7.59656, 64.94165
17882952161000, 17.842014, -7.60068, 64.954315
17882957162000, 17.84953, -7.6048045, 64.96211
17882962132000, 17.85412, -7.61008, 64.964134
17882967110000, 17.865623, -7.6124086, 64.966034
17882972150000, 17.874996, -7.614176, 64.96722
17882977117000, 17.884247, -7.619258, 64.96595
17882987223000, 17.89564, -7.6247945, 64.966515
17882992204000, 17.90841, -7.6318345, 64.96305
17882997107000, 17.918648, -7.636585, 64.96136
17883002103000, 17.922554, -7.642502, 64.96516
17883007119000, 17.932487, -7.647619, 64.96887
17883012110000, 17.938078, -7.652614, 64.97088
17883017105000, 17.94313, -7.657067, 64.97212
17883022124000, 17.956661, -7.661796, 64.97492
17883027116000, 17.962313, -7.669874, 64.9749
17883032096000, 17.96906, -7.676694, 64.976105
17883037203000, 17.969557, -7.6878653, 64.97507
17883042195000, 17.981693, -7.6917744, 64.97144
17883047107000, 17.993073, -7.6978707, 64.965324
17883052091000, 18.008942, -7.7018642, 64.96623
17883057124000, 18.026848, -7.7056594, 64.96725
17883067103000, 18.037724, -7.7128563, 64.96338
17883072125000, 18.054117, -7.715544, 64.96329
17883077117000, 18.07115, -7.7090607, 64.963745
17883082100000, 18.08404, -7.704401, 64.949646
17883087207000, 18.09991, -7.7000704, 64.93983
17883092117000, 18.11159, -7.698515, 64.92421
17883097110000, 18.126883, -7.6978064, 64.906815
17883102101000, 18.133911, -7.6947026, 64.89361
17883107121000, 18.145126, -7.6921425, 64.87864
17883112113000, 18.150396, -7.679884, 64.86562
17883117101000, 18.154333, -7.666241, 64.85576
17883122054000, 18.153606, -7.6567426, 64.84793
17883132101000, 18.15448, -7.6496944, 64.84771
17883137187000, 18.151217, -7.638223, 64.84969
17883142137000, 18.147177, -7.634581, 64.85418
17883147110000, 18.144485, -7.6292887, 64.858696
17883152094000, 18.140623, -7.6203213, 64.860664
17883157122000, 18.139383, -7.612871, 64.86293
17883162059000, 18.136824, -7.6004024, 64.86454
17883167122000, 18.134493, -7.590451, 64.86759
17883172093000, 18.122263, -7.577642, 64.86678
17883177117000, 18.114151, -7.5630937, 64.869354
17883182104000, 18.103416, -7.5518885, 64.86278
17883187219000, 18.100943, -7.5380144, 64.85722
17883192115000, 18.093128, -7.5303545, 64.84965
17883197110000, 18.087215, -7.5170813, 64.84619
17883202108000, 18.078539, -7.508916, 64.84182
17883207120000, 18.06874, -7.5014663, 64.841385
17883212102000, 18.056433, -7.4961767, 64.84811
17883217099000, 18.043608, -7.4892983, 64.84963
17883222472000, 18.028723, -7.4856286, 64.855804
17883227114000, 18.017672, -7.478544, 64.85937
17883232456000, 18.005781, -7.4844384, 64.86176
17883237133000, 17.990309, -7.489599, 64.86116
17883242391000, 17.97971, -7.4912596, 64.86375
17883247111000, 17.966372, -7.495801, 64.86419
17883252094000, 17.95308, -7.496352, 64.869385
17883257122000, 17.936316, -7.502999, 64.86916
17883262051000, 17.926508, -7.5016146, 64.87111
17883267096000, 17.914255, -7.5070972, 64.86242
17883272058000, 17.908281, -7.509125, 64.85676
17883277119000, 17.895805, -7.5123816, 64.85012
17883282097000, 17.890898, -7.5122366, 64.84216
17883287197000, 17.876608, -7.518006, 64.83928
17883292088000, 17.865463, -7.523608, 64.83392
17883297107000, 17.858921, -7.525309, 64.83155
17883302090000, 17.848492, -7.531476, 64.824005
17883307121000, 17.840906, -7.539368, 64.819244
17883312051000, 17.839201, -7.5545464, 64.8108
17883317104000, 17.83297, -7.563243, 64.80216
17883322067000, 17.82967, -7.5721474, 64.79035
17883327114000, 17.82442, -7.5822506, 64.779755
17883332078000, 17.82025, -7.593422, 64.769
17883337181000, 17.815481, -7.598067, 64.76323
17883342176000, 17.808382, -7.602805, 64.758934
17883347108000, 17.807936, -7.6036987, 64.75083
17883352124000, 17.804037, -7.606377, 64.74692
17883357120000, 17.80741, -7.608283, 64.74073
17883362109000, 17.807505, -7.610911, 64.73805
17883367110000, 17.805452, -7.6147337, 64.73489
17883372149000, 17.80216, -7.6144886, 64.73176
17883377048000, 17.797987, -7.618792, 64.72247
17883382090000, 17.79926, -7.61858, 64.72149
17883387170000, 17.8034, -7.6237373, 64.70971
17883392121000, 17.806288, -7.624999, 64.706245
17883397074000, 17.81236, -7.629281, 64.69539
17883402131000, 17.822021, -7.633384, 64.68981
