#Acceleration force along the x y z axes (including gravity).
#timestamp(ns),x,y,z(m/s^2)
#Datetime: 04/06/2014 16:05:07
##########################################
#Activity: 8 - CSI - Car-Step in - 6s
#Subject ID: 26
#First Name: sub26
#Last Name: sub26
#Age: 25
#Height(cm): 163
#Weight(kg): 60
#Gender: Female
##########################################

@DATA
57020050782000, 5.583278, 8.082825, -0.61291564
57020060108000, 5.9184666, 7.872135, -0.6703765
57020069953000, 6.081272, 7.73806, -0.6607997
57020080176000, 6.157887, 7.7093296, -0.6703765
57020090305000, 6.1866174, 7.6614456, -0.6512229
57020111235000, 6.2728086, 7.651869, -0.59376204
57020120895000, 6.2823853, 7.642292, -0.62249243
57020130852000, 6.244078, 7.5944076, -0.6607997
57020140996000, 6.2728086, 7.5465236, -0.61291564
57020151790000, 6.2632318, 7.565677, -0.6607997
57020161567000, 6.2345014, 7.603985, -0.6799533
57020173469000, 6.205771, 7.6135616, -0.6991069
57020182645000, 6.2249246, 7.642292, -0.6607997
57020203411000, 6.2345014, 7.603985, -0.6895301
57020234081000, 6.2823853, 7.632715, -0.6703765
57020243332000, 6.2632318, 7.642292, -0.6607997
57020253411000, 6.2823853, 7.6710224, -0.6895301
57020263538000, 6.2632318, 7.728483, -0.6607997
57020273916000, 6.253655, 7.7189064, -0.6799533
57020293970000, 6.244078, 7.699753, -0.641646
57020303927000, 6.2345014, 7.6710224, -0.6703765
57020314093000, 6.205771, 7.680599, -0.6607997
57020335192000, 6.205771, 7.690176, -0.6991069
57020344621000, 6.2249246, 7.7093296, -0.6799533
57020354636000, 6.2632318, 7.7189064, -0.6607997
57020364632000, 6.205771, 7.7093296, -0.7086837
57020405425000, 6.1100025, 7.642292, -0.11492168
57020415526000, 6.167464, 7.728483, -0.6799533
57020425582000, 6.196194, 7.7093296, -0.29688102
57020435886000, 6.1866174, 7.728483, -0.7757214
57020446521000, 6.205771, 7.7093296, -0.94810385
57020466413000, 6.1195793, 7.747637, -0.6607997
57020476599000, 6.157887, 7.776367, -0.94810385
57020486755000, 6.1866174, 7.785944, -1.1875241
57020498586000, 6.167464, 7.776367, -1.2162545
57020507889000, 6.205771, 7.7667904, -1.1683705
57020517926000, 6.167464, 7.7572136, -1.0726024
57020548597000, 6.1770406, 7.7189064, -0.90021986
57020568804000, 6.2345014, 7.7093296, -0.6703765
57020590433000, 6.253655, 7.6710224, -0.41180268
57020599543000, 6.205771, 7.699753, -0.33518824
57020609682000, 6.1866174, 7.6710224, -0.2681506
57020629881000, 6.215348, 7.690176, -0.2681506
57020660575000, 6.1770406, 7.6614456, -0.5363012
57020670487000, 6.196194, 7.6710224, -0.6512229
57020702811000, 6.167464, 7.728483, -1.0630256
57020723900000, 6.196194, 7.6710224, -1.0726024
57020734109000, 6.1866174, 7.680599, -1.0247183
57020743799000, 6.205771, 7.699753, -0.91937345
57020754166000, 6.2345014, 7.7093296, -0.8331822
57020763637000, 6.2249246, 7.690176, -0.7374141
57020774087000, 6.2345014, 7.7093296, -0.6895301
57020793986000, 6.215348, 7.680599, -0.51714754
57020804163000, 6.1866174, 7.6710224, -0.47884035
57020814164000, 6.215348, 7.651869, -0.41180268
57020824311000, 6.196194, 7.642292, -0.29688102
57020834388000, 6.2345014, 7.651869, -0.30645782
57020854631000, 6.2728086, 7.6710224, -0.45010993
57020865091000, 6.253655, 7.6614456, -0.5267244
57020874694000, 6.2345014, 7.6710224, -0.62249243
57020884796000, 6.2823853, 7.7093296, -0.7565677
57020905368000, 6.3111157, 7.747637, -1.043872
57020925781000, 6.2632318, 7.8050976, -1.1013328
57020935692000, 6.253655, 7.872135, -1.1587936
57020951620000, 6.157887, 7.929596, -1.1875241
57020960955000, 6.1195793, 7.97748, -1.1683705
57020971741000, 6.042965, 8.025364, -1.1204864
57020982405000, 5.985504, 8.054094, -1.1013328
57020991696000, 5.9663506, 8.121132, -1.091756
57021002514000, 5.9567738, 8.130709, -0.9864111
57021012570000, 5.985504, 8.169016, -1.1971009
57021021989000, 6.033388, 8.178593, -0.94810385
57021032371000, 6.0046577, 8.111555, -0.79487497
57021042403000, 6.0142345, 8.0924015, -0.641646
57021052415000, 6.033388, 8.063671, -0.6703765
57021062787000, 6.042965, 7.97748, -0.6991069
57021072902000, 6.0716953, 7.8912888, -0.7374141
57021092995000, 6.0621185, 7.699753, -0.7086837
57021102952000, 6.0716953, 7.6231384, -0.78529817
57021112778000, 6.090849, 7.4986396, -0.8619126
57021123286000, 6.129156, 7.2687964, -0.9768343
57021133075000, 6.1866174, 7.0006456, -1.2162545
57021143109000, 6.2728086, 6.751649, -1.3024458
57021153511000, 6.38773, 6.5218053, -1.4460979
57021163477000, 6.4739213, 6.3302693, -1.5131354
57021173855000, 6.579266, 5.995081, -1.2449849
57021183777000, 7.1155677, 6.1100025, -1.1779473
57021193929000, 7.3549876, 6.1770406, -0.9768343
57021203846000, 7.489063, 6.2823853, -0.45010993
57021214227000, 7.4986396, 6.033388, -0.23942018
57021224469000, 7.6614456, 6.291962, 0.11492168
57021234485000, 7.920019, 6.7803793, 0.02873042
57021244743000, 8.063671, 7.0581064, 0.20111294
57021254759000, 8.446744, 7.4124484, -0.1340753
57021264748000, 8.820239, 7.8050976, -0.62249243
57021274825000, 8.743625, 8.063671, -0.7278373
57021284928000, 8.571242, 8.552089, -0.5554548
57021295279000, 8.39886, 9.078813, -0.009576807
57021305824000, 8.24563, 8.983045, 1.3120226
57021316144000, 8.197746, 8.8777, 2.8921957
57021326240000, 7.9583263, 8.90643, 3.8402996
57021335991000, 7.345411, 9.097966, 3.9552212
57021345801000, 6.196194, 9.040505, 3.1603463
57021357243000, 5.0757074, 8.839393, 1.9249382
57021366259000, 4.367024, 8.418014, 0.9672575
57021376421000, 4.10845, 7.795521, 0.23942018
57021386586000, 4.3382936, 7.2209125, -0.35434186
57021396712000, 4.7405195, 6.789956, -0.60333884
57021406935000, 5.4683566, 6.6654577, -0.80445176
57021417212000, 6.339846, 6.751649, -1.0247183
57021428042000, 7.192182, 6.847417, -0.91937345
57021438012000, 7.929596, 6.9719152, -0.6607997
57021458524000, 8.628703, 6.646304, -0.1436521
57021468536000, 8.532935, 6.129156, -0.21068975
57021478570000, 8.073248, 5.717354, -0.1340753
57021488391000, 7.4507556, 5.315128, 0.12449849
57021508820000, 5.5258174, 5.535394, 0.29688102
57021519649000, 5.2480903, 5.8226986, 0.22984336
57021528886000, 5.2385135, 6.0621185, 0.22026655
57021539039000, 5.535394, 6.2728086, 0.095768064
57021548990000, 5.9663506, 6.5505357, -0.009576807
57021559118000, 6.4164605, 6.8761473, 0.18195933
57021569201000, 6.7229185, 7.1155677, 0.45968673
57021579318000, 6.8282633, 7.28795, 0.6799533
57021589805000, 6.7612257, 7.2592196, 0.80445176
57021599522000, 6.703765, 7.0485296, 0.8714894
57021609610000, 6.655881, 6.694188, 1.0151415
57021620545000, 6.7612257, 6.435614, 1.0055647
57021629960000, 6.8569937, 6.1195793, 1.0630256
57021640351000, 7.07726, 5.861006, 1.043872
57021650248000, 7.2209125, 5.659893, 1.0055647
57021660618000, 7.422025, 5.5737014, 0.9768343
57021670517000, 7.5465236, 5.6215854, 0.9672575
57021681865000, 7.5944076, 5.7843914, 1.0534488
57021691119000, 7.690176, 5.9567738, 1.1587936
57021701167000, 7.833828, 6.0716953, 1.1109096
57021711341000, 7.9487495, 6.0621185, 0.90979666
57021721387000, 8.063671, 6.0525417, 0.6607997
57021731366000, 8.0445175, 5.8705826, 0.49799395
57021741533000, 7.9966335, 5.7365074, 0.37349546
57021751656000, 7.97748, 5.707777, 0.35434186
57021771917000, 7.7093296, 5.8322754, 0.6799533
57021782492000, 7.6614456, 5.90889, 0.7374141
57021792596000, 7.728483, 5.93762, 0.6991069
57021802721000, 7.881712, 5.899313, 0.5650316
57021812935000, 7.9487495, 5.93762, 0.46926352
57021823340000, 7.9008656, 5.9280434, 0.5363012
57021833042000, 7.8625584, 5.9184666, 0.48841715
57021844028000, 7.6710224, 6.0046577, 0.39264908
57021863374000, 7.345411, 5.9663506, 0.15322891
57021873476000, 7.2592196, 6.0142345, 0.0
57021893832000, 7.1251445, 5.9663506, -0.23942018
57021903758000, 7.1347213, 5.9280434, -0.4309563
57021914471000, 6.991069, 5.8801594, -0.60333884
57021924381000, 6.7803793, 6.0142345, -0.40222588
57021935148000, 6.3111157, 6.2345014, 0.12449849
57021945178000, 5.6982, 6.694188, 0.40222588
57021954379000, 5.0757074, 7.1059904, 0.5554548
57021964462000, 4.510676, 7.422025, 0.641646
57021974568000, 4.2042184, 7.747637, 0.45010993
57021985693000, 4.050989, 8.2169, 0.31603462
57021994950000, 4.060566, 8.552089, 0.40222588
57022004934000, 4.2521024, 8.734048, 0.45010993
57022015080000, 4.673482, 8.820239, 0.545878
57022025197000, 5.094861, 8.90643, 0.58418524
57022035541000, 5.439626, 8.820239, 0.45968673
57022045550000, 5.6407394, 8.590396, 0.24899697
57022055727000, 5.8705826, 8.293514, -0.047884032
57022065644000, 6.157887, 8.121132, -0.58418524
57022076640000, 6.694188, 8.331821, -1.2162545
57022085844000, 6.7708025, 8.513782, -1.1300632
57022095878000, 6.5122285, 8.848969, -0.5554548
57022105942000, 6.196194, 9.203311, 0.5650316
57022115758000, 5.1235914, 8.820239, 0.9768343
57022125937000, 4.3766007, 8.513782, 1.4077905
57022136021000, 4.3478703, 8.485051, 1.541866
57022146051000, 4.4819455, 8.695741, 1.6567876
57022156811000, 4.644751, 9.174581, 1.6472107
57022166625000, 4.3287168, 9.385271, 1.2449849
57022176860000, 3.715801, 9.452309, 0.78529817
57022187126000, 2.9975405, 9.5385, 0.41180268
57022197389000, 2.2601264, 9.662998, 0.38307226
57022207474000, 1.8291701, 9.998186, 0.41180268
57022228649000, 2.4229321, 9.14585, 1.5801731
57022238809000, 3.0454245, 8.734048, 1.6950948
57022248467000, 3.4380736, 8.350976, 1.8483237
57022258897000, 3.964798, 8.24563, 1.8195933
57022269099000, 4.4244847, 8.121132, 1.685518
57022279193000, 4.596867, 7.843405, 1.4269443
57022289298000, 4.4915223, 7.603985, 1.6759412
57022299111000, 4.357447, 7.642292, 1.8579005
57022309208000, 4.213795, 8.034941, 2.3558946
57022320166000, 3.8115692, 8.408437, 3.2273839
57022329465000, 3.7541082, 8.8777, 3.916914
57022339836000, 3.715801, 8.944737, 4.462792
57022349659000, 3.6966474, 9.097966, 5.085284
57022359783000, 3.41892, 9.251195, 5.1906295
57022369864000, 3.0454245, 9.279925, 4.903325
57022379974000, 2.5953147, 8.935161, 5.142745
57022390675000, 1.8195933, 8.542512, 5.746084
57022400353000, 1.982399, 8.868123, 6.885724
57022410711000, 2.2697031, 9.337387, 7.6614456
57022422220000, 2.681506, 9.576807, 8.264784
57022432864000, 2.9975405, 9.519346, 8.762778
57022442842000, 3.2752678, 9.442732, 9.279925
57022453053000, 3.5051112, 9.346964, 9.203311
57022462905000, 3.4093432, 8.954314, 8.896853
57022473381000, 2.9400797, 8.207323, 8.379706
57022483835000, 2.1643584, 6.8091097, 8.082825
57022493759000, 2.3558946, 6.7133417, 8.724471
57022503563000, 2.5761611, 6.7324953, 9.097966
57022514366000, 2.6910827, 6.4643445, 9.270349
57022524201000, 2.7485435, 5.9184666, 9.165004
57022533732000, 2.6144683, 5.3247046, 8.791509
57022543915000, 2.6910827, 4.76925, 8.686164
57022553963000, 2.96881, 4.3287168, 8.858546
57022564086000, 3.1507695, 3.9264908, 9.14585
57022574966000, 3.0358477, 3.620033, 9.3661175
57022584376000, 2.7389667, 3.0933087, 9.56723
57022594749000, 2.2505496, 2.585738, 9.404425
57022604474000, 1.7238252, 2.3080103, 9.059659
57022614660000, 1.2641385, 2.2122424, 8.676587
57022624750000, 0.8523358, 2.4612393, 8.2169
57022634838000, 0.8331822, 2.4420857, 8.197746
57022645881000, 1.0055647, 2.3750482, 8.169016
57022655208000, 1.3215994, 2.2984335, 8.082825
57022665200000, 1.7621324, 2.1930888, 7.9391727
57022675313000, 2.0973208, 2.135628, 7.872135
57022685525000, 2.5091233, 2.0590134, 7.97748
57022695632000, 2.8921957, 2.0685902, 7.967903
57022706687000, 3.074155, 1.9536686, 7.8146744
57022716351000, 3.1411927, 1.733402, 7.73806
57022726507000, 3.2082303, 1.2449849, 7.728483
57022737435000, 3.265691, 0.7278373, 7.651869
57022747790000, 3.4380736, 0.40222588, 7.8146744
57022758249000, 3.8307228, 0.18195933, 8.00621
57022768085000, 4.0892963, 0.095768064, 8.178593
57022777823000, 4.261679, 0.038307227, 8.293514
57022787769000, 4.3478703, -0.019153614, 8.446744
57022797895000, 4.3382936, -0.25857377, 8.66701
57022808261000, 4.4244847, -0.6512229, 8.695741
57022818106000, 4.414908, -0.6703765, 8.868123
57022828224000, 4.673482, -0.6895301, 9.308656
57022838296000, 4.817134, -0.82360536, 9.452309
57022848234000, 4.903325, -0.94810385, 9.576807
57022858325000, 4.912902, -1.0821792, 9.634268
57022868429000, 4.7884035, -1.4173675, 9.768343
57022878604000, 4.6160207, -1.7717092, 9.931149
57022889031000, 4.414908, -2.087744, 9.959879
57022898941000, 4.280833, -2.327164, 9.854534
57022909092000, 4.012682, -2.4899697, 9.662998
57022918971000, 3.7541082, -2.4420857, 9.308656
57022929279000, 3.4476504, -2.2505496, 8.954314
57022939280000, 3.122039, -2.231396, 9.136273
57022949288000, 2.7102363, -2.4516625, 9.184157
57022959422000, 2.2601264, -2.633622, 9.519346
57022970279000, 1.7525556, -2.8921957, 9.739613
57022979848000, 1.2449849, -3.169923, 9.212888
57022990232000, 0.80445176, -3.4284968, 8.475474
57022999881000, 0.22984336, -3.4763808, 8.169016
57023009994000, 0.05746084, -3.2273839, 8.494628
57023020116000, 0.12449849, -2.8921957, 8.944737
57023030373000, 0.11492168, -2.7389667, 9.471462
57023041036000, 0.02873042, -2.8538885, 9.519346
57023050822000, -0.009576807, -2.8921957, 9.471462
57023060724000, 0.076614454, -2.7389667, 9.452309
57023071404000, 0.24899697, -2.3558946, 9.682152
57023080843000, 0.33518824, -1.9249382, 9.787497
57023090889000, 0.30645782, -1.7908629, 9.490616
57023101758000, 0.1436521, -1.7142484, 9.346964
57023110776000, 0.11492168, -1.6184803, 9.203311
57023121069000, 0.02873042, -1.5993267, 8.944737
57023130917000, -0.06703765, -1.6472107, 8.781932
57023140990000, -0.18195933, -1.7429788, 8.532935
57023151093000, -0.2777274, -1.8004397, 8.456321
57023161151000, -0.36391866, -1.7525556, 8.39886
57023171310000, -0.46926352, -1.6376339, 8.255207
57023181396000, -0.61291564, -1.4652514, 8.207323
57023201960000, -0.90979666, -1.1875241, 8.236053
57023211919000, -1.1013328, -1.13964, 8.303091
57023222441000, -1.6184803, -1.2641385, 8.66701
57023232501000, -1.7429788, -1.5131354, 8.848969
57023242696000, -1.7812861, -1.484405, 9.356541
57023252709000, -1.733402, -1.8579005, 9.375694
57023262813000, -1.6950948, -2.2505496, 9.481039
57023273223000, -1.5514427, -2.5761611, 9.586384
57023283170000, -1.4173675, -2.834735, 9.624691
57023293074000, -1.2162545, -3.083732, 9.586384
57023303911000, -0.9864111, -3.0454245, 9.509769
57023314595000, -0.62249243, -2.9783869, 9.56723
57023324044000, -0.37349546, -3.016694, 9.624691
57023334093000, -0.19153613, -3.083732, 9.576807
57023344159000, -0.15322891, -3.1794999, 9.471462
57023354381000, -0.05746084, -3.2369606, 9.337387
57023364667000, -0.02873042, -3.2944214, 9.174581
57023374397000, -0.06703765, -3.323152, 9.011775
57023384503000, -0.009576807, -3.2752678, 9.155427
57023394567000, 0.20111294, -3.1603463, 9.270349
57023404710000, 0.47884035, -2.9879637, 9.471462
57023415502000, 0.6895301, -2.8634653, 9.672575
57023425258000, 0.7469909, -2.719813, 9.423578
57023435490000, 0.6991069, -2.566584, 9.3182335
57023445747000, 0.5554548, -2.3750482, 9.385271
57023457402000, 0.41180268, -2.2409728, 9.251195
57023466380000, 0.37349546, -2.0685902, 9.222465
57023476600000, 0.34476504, -1.8866309, 9.14585
57023486877000, 0.30645782, -1.7621324, 9.289502
57023496816000, 0.24899697, -1.6950948, 9.346964
57023507509000, 0.10534488, -1.5897499, 9.548077
57023527956000, 0.06703765, -1.2641385, 9.854534
57023547441000, 0.12449849, -1.1971009, 9.758766
57023557783000, 0.08619126, -1.4269443, 9.691729
57023567690000, 0.06703765, -1.532289, 9.452309
57023577923000, 0.0, -1.5514427, 9.222465
57023587955000, -0.10534488, -1.4652514, 8.896853
57023598024000, -0.1340753, -1.1875241, 8.580819
57023607866000, -0.095768064, -0.7757214, 8.303091
57023618106000, -0.05746084, -0.41180268, 8.1881695
57023639083000, -0.30645782, 0.08619126, 8.714894
57023649026000, -0.48841715, 0.10534488, 9.174581
57023658965000, -0.6703765, 0.05746084, 9.471462
57023669060000, -1.0247183, -0.12449849, 9.758766
57023679172000, -1.1875241, -0.23942018, 9.902418
57023690315000, -1.2066777, -0.36391866, 9.758766
57023699412000, -1.13964, -0.6703765, 9.356541
57023709471000, -1.0342951, -1.0342951, 8.954314
57023719738000, -0.8523358, -1.2162545, 8.810662
57023729663000, -0.47884035, -1.340753, 9.097966
57023740151000, -0.08619126, -1.3503298, 9.672575
57023749842000, 0.40222588, -1.2258313, 10.28549
57023760311000, 0.90979666, -1.3215994, 10.601525
57023770230000, 1.4077905, -1.283292, 10.764331
57023780310000, 1.5035586, -1.043872, 10.70687
57023791328000, 1.292869, -0.7469909, 10.5440645
57023800607000, 0.90979666, -0.5746084, 10.362105
57023810897000, 0.51714754, -0.6895301, 10.400413
57023820766000, 0.22026655, -0.7757214, 10.371682
57023830870000, 0.49799395, -0.49799395, 9.80665
57023841213000, 0.009576807, 0.37349546, 11.042058
57023851087000, -0.36391866, 1.8387469, 12.162544
57023861532000, -0.38307226, 3.1124623, 12.899959
57023871280000, 0.21068975, 3.763685, 12.708423
57023881591000, 0.17238252, 2.0685902, 11.568783
57023891538000, 0.29688102, 0.7374141, 9.998186
57023901603000, 0.7469909, -0.90021986, 7.690176
57023911835000, 0.62249243, -1.3024458, 6.943185
57023922792000, 0.60333884, -1.2354081, 6.655881
57023931875000, 0.78529817, -0.78529817, 6.9623384
57023942397000, 1.0726024, -0.23942018, 7.565677
57023952401000, 1.5131354, 0.22026655, 8.063671
57023962427000, 1.8770541, 0.45968673, 8.236053
57023972746000, 2.3463178, 0.6799533, 8.303091
57023982700000, 2.873042, 0.7278373, 8.226477
57023992876000, 3.3327289, 0.60333884, 8.073248
57024002951000, 3.6104562, 0.31603462, 7.9104424
57024012901000, 3.6391866, -0.06703765, 7.872135
57024023739000, 3.4763808, -0.5267244, 7.690176
57024033447000, 3.0933087, -1.0055647, 7.52737
57024053808000, 2.2601264, -1.388637, 7.920019
57024063951000, 1.8195933, -1.3503298, 8.197746
57024073933000, 1.3503298, -1.13964, 8.63828
57024084679000, 0.79487497, -0.7374141, 9.069236
57024094168000, -0.05746084, -0.39264908, 9.279925
57024114269000, -2.0685902, 0.35434186, 8.935161
57024124112000, -2.7485435, 0.63206923, 9.14585
57024134170000, -3.2082303, 0.842759, 9.414001
57024144195000, -3.3135753, 0.93852705, 9.710882
57024154347000, -3.1411927, 0.91937345, 9.911995
57024164344000, -2.7964275, 0.93852705, 10.160992
57024174689000, -2.585738, 1.0534488, 10.582372
57024184914000, -2.2122424, 1.2066777, 10.812215
57024195164000, -1.8579005, 1.3790601, 10.802638
57024205246000, -1.4173675, 1.6089035, 10.821792
57024215270000, -1.1300632, 1.3120226, 11.15698
57024225411000, -0.94810385, 1.292869, 11.262324
57024245685000, -1.0247183, 1.2737153, 11.070788
57024256063000, -1.0726024, 1.0726024, 10.7356
57024265920000, -1.1971009, 0.842759, 10.0269165
57024276047000, -1.1683705, 0.79487497, 9.835381
57024286082000, -1.0630256, 0.7086837, 9.662998
57024296239000, -0.8523358, 0.7469909, 9.471462
57024306630000, -0.5554548, 0.81402856, 9.3661175
57024317387000, -0.16280572, 0.9959879, 9.289502
57024336748000, 0.545878, 1.1204864, 9.308656
57024347161000, 0.7757214, 1.1300632, 9.232041
57024357754000, 0.9768343, 1.0151415, 9.136273
57024367919000, 1.1013328, 0.8331822, 9.203311
57024377963000, 1.2258313, 0.6799533, 9.097966
57024388055000, 1.3694834, 0.48841715, 9.021352
57024398095000, 1.5035586, 0.25857377, 9.107543
57024408254000, 1.6184803, 0.009576807, 9.184157
57024418798000, 1.8004397, -0.21068975, 9.222465
57024428651000, 1.9057846, -0.4213795, 9.270349
57024438784000, 2.0590134, -0.6799533, 9.193734
57024458779000, 2.2218192, -1.2066777, 9.14585
57024468650000, 2.2505496, -1.5131354, 9.136273
57024479706000, 2.2218192, -1.8291701, 9.107543
57024488982000, 2.183512, -2.087744, 9.184157
57024509221000, 2.231396, -2.2505496, 9.509769
57024519193000, 2.1452048, -2.3750482, 9.423578
57024539493000, 2.0494366, -2.7964275, 9.461885
57024549766000, 2.087744, -2.719813, 9.452309
57024559630000, 2.1452048, -2.6048915, 9.461885
57024569685000, 2.1068976, -2.566584, 9.490616
57024581161000, 2.0685902, -2.4229321, 9.375694
57024600380000, 2.030283, -2.3175871, 9.3661175
57024610594000, 2.1260512, -1.9153614, 9.375694
57024620721000, 2.2505496, -1.7142484, 9.346964
57024631096000, 2.3654714, -1.4748282, 9.299079
57024652484000, 2.432509, -1.1587936, 9.251195
57024661729000, 2.4420857, -0.9576807, 9.193734
57024672172000, 2.3750482, -0.8619126, 9.174581
57024682342000, 2.231396, -0.7278373, 9.136273
57024692141000, 2.1164744, -0.7086837, 9.14585
57024712698000, 1.9440918, -0.60333884, 9.184157
57024732721000, 1.9632454, -0.5363012, 9.203311
57024743989000, 2.0015526, -0.50757074, 9.241618
57024763121000, 1.9728222, -0.641646, 9.260772
57024773630000, 2.030283, -0.7469909, 9.193734
57024783669000, 1.982399, -0.8523358, 9.241618
57024793831000, 2.0207062, -0.92895025, 9.251195
57024814235000, 1.982399, -1.1300632, 9.126697
57024825323000, 1.934515, -1.292869, 9.107543
57024835897000, 1.8866309, -1.4269443, 9.174581
57024845096000, 1.8770541, -1.4939818, 9.184157
57024855210000, 1.8387469, -1.6089035, 9.203311
57024865229000, 1.8100165, -1.6472107, 9.385271
57024875230000, 2.0590134, -1.3694834, 9.346964
57024885772000, 1.9728222, -1.6184803, 9.394848
57024895339000, 1.8579005, -1.7525556, 9.260772
57024905849000, 1.8483237, -1.733402, 9.270349
57024915544000, 1.9153614, -1.685518, 9.241618
57024935507000, 1.8962077, -1.3694834, 9.260772
57024955736000, 1.8579005, -1.3024458, 9.346964
57024965731000, 1.8674773, -1.2545617, 9.356541
57024975875000, 1.8004397, -1.1587936, 9.3661175
57024985944000, 1.7525556, -1.0151415, 9.375694
57024996011000, 1.733402, -0.90021986, 9.3182335
57025016638000, 1.685518, -0.8331822, 9.251195
57025026807000, 1.6663644, -0.7469909, 9.165004
57025037634000, 1.6472107, -0.89064306, 9.241618
57025057522000, 1.6567876, -1.0247183, 9.232041
57025067569000, 1.7142484, -0.93852705, 9.222465
57025077522000, 1.7525556, -0.94810385, 9.251195
57025087636000, 1.7142484, -0.9864111, 9.270349
57025097700000, 1.7046716, -1.091756, 9.260772
57025108159000, 1.7429788, -1.1109096, 9.251195
57025118378000, 1.7046716, -1.1971009, 9.260772
57025139033000, 1.7142484, -1.1875241, 9.203311
57025148751000, 1.7238252, -1.2354081, 9.270349
57025158484000, 1.7142484, -1.340753, 9.241618
57025179214000, 1.7525556, -1.3982137, 9.232041
57025188961000, 1.6950948, -1.5514427, 9.260772
57025198987000, 1.8004397, -1.484405, 9.337387
57025209097000, 1.8579005, -1.436521, 9.32781
57025219142000, 1.8962077, -1.4748282, 9.385271
57025229256000, 1.9057846, -1.5131354, 9.3661175
57025239577000, 1.8962077, -1.5035586, 9.404425
57025249530000, 1.9057846, -1.5131354, 9.385271
57025259595000, 1.9249382, -1.5227122, 9.337387
57025269864000, 1.9153614, -1.5705963, 9.270349
57025290189000, 1.934515, -1.4939818, 9.222465
57025310574000, 1.9249382, -1.4748282, 9.251195
57025341266000, 1.9057846, -1.4269443, 9.193734
57025352596000, 1.8866309, -1.3790601, 9.222465
57025362130000, 1.8674773, -1.3694834, 9.232041
57025382490000, 1.8195933, -1.3599066, 9.174581
57025392971000, 1.7908629, -1.3694834, 9.193734
57025413019000, 1.733402, -1.3982137, 9.184157
57025433940000, 1.7238252, -1.3790601, 9.232041
57025454735000, 1.6759412, -1.3503298, 9.251195
57025464658000, 1.7046716, -1.3311762, 9.222465
57025485820000, 1.7142484, -1.3024458, 9.193734
57025495174000, 1.685518, -1.2737153, 9.212888
57025515379000, 1.6663644, -1.3599066, 9.279925
57025525412000, 1.6567876, -1.3503298, 9.260772
57025536136000, 1.685518, -1.340753, 9.308656
57025545677000, 1.6759412, -1.3694834, 9.3182335
57025556096000, 1.7238252, -1.3215994, 9.356541
57025585926000, 1.7142484, -1.3024458, 9.308656
57025596051000, 1.685518, -1.3120226, 9.270349
57025616284000, 1.6950948, -1.3215994, 9.270349
57025636796000, 1.7812861, -1.3790601, 9.203311
57025646661000, 1.7429788, -1.3694834, 9.193734
57025657649000, 1.7621324, -1.3790601, 9.251195
57025666873000, 1.7812861, -1.4077905, 9.193734
57025677134000, 1.7717092, -1.4269443, 9.174581
57025697761000, 1.733402, -1.4748282, 9.222465
57025708270000, 1.7525556, -1.4652514, 9.212888
57025728338000, 1.7717092, -1.4460979, 9.289502
57025748305000, 1.7621324, -1.4077905, 9.289502
57025758468000, 1.7525556, -1.4173675, 9.251195
57025768130000, 1.7621324, -1.3982137, 9.260772
57025778763000, 1.7525556, -1.436521, 9.222465
57025788799000, 1.7908629, -1.4173675, 9.241618
57025808569000, 1.7525556, -1.3982137, 9.279925
57025828959000, 1.733402, -1.4077905, 9.289502
57025848916000, 1.7525556, -1.3790601, 9.279925
57025859018000, 1.7908629, -1.3982137, 9.241618
57025868967000, 1.7429788, -1.388637, 9.222465
57025889312000, 1.7621324, -1.3694834, 9.260772
57025909575000, 1.8100165, -1.3503298, 9.3182335
57025919551000, 1.8291701, -1.3599066, 9.308656
57025929662000, 1.7812861, -1.3694834, 9.260772
57025949835000, 1.7525556, -1.3694834, 9.251195
57025961719000, 1.733402, -1.340753, 9.260772
57025981189000, 1.7238252, -1.3694834, 9.270349
57026002396000, 1.7046716, -1.3503298, 9.241618
57026011668000, 1.685518, -1.3024458, 9.251195
57026021932000, 1.7142484, -1.3120226, 9.232041
57026031890000, 1.7238252, -1.3215994, 9.212888
