#Acceleration force along the x y z axes (including gravity).
#timestamp(ns),x,y,z(m/s^2)
#Datetime: 17/12/2015 14:40:14
##########################################
#Activity: 8 - CSI - Car-Step in - 6s
#Subject ID: 64
#First Name: sub64
#Last Name: sub64
#Age: 26
#Height(cm): 181
#Weight(kg): 70
#Gender: Male
##########################################

@DATA
565951409000, -0.10534488, 9.797073, -1.6184803
566150390000, -0.06703765, 9.835381, -1.6567876
566350461000, -0.1340753, 9.873688, -1.7908629
566550888000, -0.20111294, 9.232041, -1.685518
566561414000, -0.23942018, 9.394848, -1.7238252
566571259000, -0.31603462, 9.720459, -1.7525556
566581606000, -0.34476504, 10.113108, -1.7142484
566591236000, -0.2681506, 10.43872, -1.685518
566601600000, -0.076614454, 10.237606, -1.6663644
566611967000, -0.05746084, 10.036493, -1.3694834
566621613000, -0.095768064, 9.710882, -1.4939818
566632312000, -0.1436521, 9.404425, -1.685518
566641914000, -0.25857377, 9.414001, -1.9153614
566651778000, -0.37349546, 9.442732, -2.0685902
566671977000, -0.5650316, 9.509769, -1.9536686
566682155000, -0.7086837, 9.528923, -1.8483237
566692146000, -0.7565677, 9.433155, -1.8387469
566702532000, -0.6607997, 9.279925, -1.8100165
566712849000, -0.45968673, 9.088389, -1.8579005
566733177000, 0.21068975, 9.232041, -1.982399
566744291000, 0.7757214, 9.308656, -2.0207062
566753452000, 1.5227122, 9.615114, -2.1643584
566764661000, 2.2888567, 9.825804, -2.231396
566774795000, 2.7964275, 9.950302, -2.3080103
566785367000, 2.9975405, 10.314221, -2.087744
566796208000, 2.7006595, 10.160992, -1.9249382
566806104000, 2.0685902, 10.01734, -1.541866
566815723000, 1.6089035, 9.509769, -1.3311762
566825779000, 0.9768343, 9.672575, -0.6895301
566835935000, 0.7469909, 9.758766, -0.5554548
566845981000, 0.5554548, 10.036493, -0.6512229
566857445000, 0.37349546, 10.323798, -0.92895025
566876176000, 0.33518824, 10.199299, -1.0630256
566886286000, 0.40222588, 9.873688, -1.2066777
566896362000, 0.5746084, 9.835381, -1.5705963
566906471000, 0.93852705, 9.749189, -2.1739352
566916648000, 1.091756, 9.80665, -2.2984335
566936943000, 1.541866, 9.902418, -2.030283
566946977000, 1.6950948, 9.911995, -1.532289
566978004000, 1.6950948, 9.931149, -0.25857377
566988752000, 1.5227122, 10.007763, 0.05746084
566998754000, 1.2737153, 10.141838, 0.2681506
567009238000, 0.92895025, 10.400413, 0.35434186
567020442000, 0.545878, 10.553641, 0.5554548
567029872000, 0.29688102, 10.611102, 0.7278373
567040256000, 0.12449849, 10.572795, 0.90021986
567050575000, 0.095768064, 10.524911, 1.0630256
567060326000, 0.12449849, 10.448297, 1.292869
567070063000, 0.18195933, 10.371682, 1.5993267
567090217000, 0.2777274, 10.352529, 1.8962077
567100338000, 0.33518824, 10.25676, 1.7525556
567111503000, 0.4309563, 10.151415, 1.5514427
567121051000, 0.58418524, 10.295067, 1.4269443
567131088000, 0.92895025, 10.773908, 1.5131354
567141248000, 1.2641385, 11.712435, 1.7142484
567151366000, 1.8004397, 13.2351465, 1.6280571
567161548000, 1.934515, 15.035586, 1.436521
567171714000, 1.8866309, 17.017986, 0.5267244
567182858000, 0.61291564, 17.764977, 0.7086837
567202061000, -1.8674773, 15.016433, 1.5897499
567213199000, -2.3175871, 13.369223, 2.8060043
567222364000, -1.8770541, 11.291056, 3.0071173
567233028000, -0.6895301, 10.103531, 2.72939
567242552000, 1.0630256, 10.170568, 2.9400797
567253095000, 2.6623523, 11.252748, 4.060566
567263222000, 3.016694, 12.200851, 4.0701427
567274326000, 2.2984335, 12.488156, 3.4284968
567283463000, 1.0247183, 12.248735, 3.3806129
567294406000, -0.32561144, 11.683704, 3.4476504
567303698000, -1.1875241, 10.94629, 3.1316159
567313898000, -1.733402, 10.25676, 3.4284968
567324293000, -1.8866309, 9.270349, 3.86903
567334861000, -2.0111294, 8.331821, 4.185065
567345891000, -2.1643584, 7.680599, 4.6160207
567355162000, -2.4899697, 7.422025, 4.903325
567365573000, -2.7485435, 7.144298, 5.133168
567376089000, -2.882619, 6.9527617, 5.267244
567386460000, -3.016694, 6.9048777, 5.257667
567396798000, -2.8060043, 6.7803793, 5.0182467
567407210000, -2.9496565, 6.5505357, 5.315128
567417570000, -2.930503, 6.0238113, 5.5737014
567428257000, -3.3614593, 5.21936, 5.8322754
567438083000, -3.9743748, 5.0182467, 5.861006
567457874000, -3.86903, 4.223372, 5.3725886
567469823000, -3.4763808, 3.9552212, 5.209783
567478838000, -2.9783869, 3.9935284, 4.663905
567488934000, -2.96881, 3.4859576, 4.4340615
567500647000, -2.6048915, 3.2752678, 4.5394063
567511496000, -2.0973208, 3.4859576, 4.5298295
567521381000, -2.1068976, 3.2944214, 4.3287168
567530989000, -2.480393, 2.719813, 3.964798
567540881000, -3.0454245, 1.982399, 3.6008794
567551360000, -3.8977604, 1.0055647, 3.3997664
567562113000, -4.4436383, 0.41180268, 3.1507695
567571496000, -4.817134, 0.076614454, 3.0358477
567581719000, -4.9895163, 0.038307227, 3.1028855
567591502000, -5.133168, -0.02873042, 3.0454245
567601644000, -4.9895163, -0.11492168, 3.1986535
567612177000, -4.8362875, -0.22984336, 3.3997664
567622547000, -4.4915223, -0.2873042, 3.7062242
567632631000, -4.213795, -0.38307226, 3.8881836
567642245000, -4.156334, -0.47884035, 4.185065
567654017000, -4.3287168, -0.6607997, 4.5681367
567663901000, -4.3861775, -0.51714754, 4.596867
567674007000, -4.462792, -0.1340753, 4.6160207
567684254000, -5.353435, 0.8810662, 4.644751
567694328000, -5.793968, 1.1875241, 5.21936
567705302000, -6.1004257, 1.2641385, 5.5162406
567715584000, -6.253655, 1.13964, 5.8226986
567724771000, -6.1004257, 1.1109096, 5.93762
567734870000, -6.0716953, 1.091756, 5.9759274
567745149000, -5.995081, 1.0151415, 6.167464
567755095000, -5.8801594, 1.2641385, 6.0716953
567765250000, -5.3821654, 1.9057846, 5.410896
567775285000, -5.1235914, 2.7964275, 4.8745947
567785459000, -5.142745, 3.5242648, 4.6351743
567795898000, -5.401319, 4.309563, 4.6160207
567805855000, -5.7843914, 4.8841715, 4.9320555
567815844000, -6.1100025, 5.2385135, 5.401319
567825704000, -6.1770406, 5.2480903, 6.1866174
567835927000, -6.2345014, 5.142745, 6.9527617
567845978000, -6.4260373, 5.056554, 6.6846113
567864154000, -6.9144545, 5.085284, 5.813122
567883301000, -8.130709, 6.14831, 4.7022123
567893484000, -8.015787, 6.3302693, 5.0278234
567903334000, -7.690176, 6.205771, 5.6120086
567913411000, -7.441179, 5.8226986, 6.3111157
567923610000, -7.192182, 5.410896, 6.6750345
567933692000, -6.7612257, 5.1906295, 6.483498
567944667000, -6.2632318, 5.1523223, 6.0621185
567954261000, -5.6120086, 5.5641246, 5.45878
567965167000, -4.9895163, 6.3781533, 5.0278234
567974778000, -4.4915223, 7.3549876, 5.0374002
567984784000, -4.1276035, 8.283937, 5.3821654
567995694000, -3.7445314, 8.916007, 5.9567738
568005669000, -3.2848446, 9.356541, 6.3111157
568016900000, -3.1124623, 9.653421, 6.6367273
568026211000, -3.2465374, 9.691729, 6.895301
568036580000, -3.5529952, 9.548077, 6.8665705
568046668000, -4.156334, 9.069236, 6.9048777
568056771000, -4.5394063, 8.331821, 6.8282633
568067004000, -4.6830587, 7.575254, 6.588843
568077743000, -4.6160207, 6.9527617, 5.995081
568087321000, -4.3766007, 6.5122285, 5.4683566
568097167000, -4.1371803, 6.033388, 5.2863975
568107880000, -3.7828386, 5.592855, 5.2480903
568117928000, -3.821146, 5.602432, 5.861006
568128171000, -3.8115692, 5.8705826, 6.8091097
568148244000, -3.466804, 7.038953, 7.795521
568158343000, -2.9592333, 6.9527617, 6.8282633
568169069000, -3.1028855, 6.2632318, 5.1523223
568179103000, -4.175488, 5.449203, 3.4380736
568188724000, -4.960786, 5.133168, 3.8019924
568199515000, -4.8841715, 5.449203, 5.535394
568209568000, -4.012682, 6.1387334, 6.397307
568219299000, -2.72939, 6.847417, 6.3302693
568229577000, -1.8195933, 7.5944076, 6.847417
568239812000, -2.0111294, 8.1881695, 7.7093296
568259801000, -3.9935284, 7.52737, 7.6135616
568270978000, -4.4723687, 6.799533, 7.517793
568281116000, -4.4915223, 6.196194, 7.833828
568291086000, -3.667917, 5.2385135, 7.517793
568301446000, -2.4037786, 4.6160207, 6.847417
568311477000, -1.9057846, 4.261679, 6.2632318
568321436000, -1.8004397, 4.3861775, 5.995081
568332331000, -1.982399, 4.309563, 6.1387334
568341956000, -2.7964275, 4.232949, 6.6367273
568352189000, -3.8786068, 4.4340615, 7.1251445
568362851000, -5.449203, 4.1180267, 8.015787
568373150000, -6.215348, 3.821146, 8.054094
568383774000, -4.4915223, 1.5227122, 7.6231384
568394616000, -2.6240451, 1.2066777, 7.632715
568404934000, -1.1109096, 0.6512229, 7.1059904
568415369000, -0.545878, -0.009576807, 7.3549876
568424880000, -0.63206923, -0.59376204, 7.5848308
568435274000, -0.9672575, -1.5227122, 7.843405
568446751000, -0.9576807, -1.8770541, 8.37013
568455793000, -0.80445176, -2.3942018, 8.63828
568466042000, -0.095768064, -2.7485435, 9.11712
568475960000, 0.48841715, -3.8594532, 10.113108
568486636000, 0.8619126, -4.721366, 10.601525
568496712000, 1.3311762, -4.903325, 10.994174
568506963000, 0.9959879, -5.0374002, 11.195287
568517968000, 0.0, -5.00867, 11.712435
568527997000, -1.0342951, -4.6830587, 12.095507
568537421000, -1.6950948, -4.912902, 12.287044
568547308000, -2.7389667, -5.803545, 12.401965
568557441000, -3.466804, -6.540959, 12.497733
568567768000, -3.7253778, -6.8761473, 12.239159
568578540000, -2.9496565, -6.885724, 11.836933
568587925000, -2.1068976, -7.0102224, 11.405977
568598356000, -1.2449849, -6.933608, 10.620679
568608109000, -0.6703765, -6.8569937, 9.768343
568618170000, -0.36391866, -6.694188, 9.040505
568628741000, -0.076614454, -6.5505357, 8.686164
568638532000, 0.076614454, -6.253655, 8.580819
568648754000, 0.1340753, -5.9759274, 8.676587
568658528000, 0.05746084, -5.9280434, 8.772355
568668679000, -0.2681506, -6.033388, 8.887277
568679946000, -0.10534488, -4.654328, 9.346964
568689067000, 0.12449849, -4.050989, 9.548077
568699607000, 0.17238252, -3.7349546, 9.385271
568709194000, -0.1436521, -3.4955344, 8.983045
568719323000, -0.45968673, -3.3806129, 8.6095495
568729593000, -0.58418524, -3.3327289, 8.552089
568740231000, -0.4405331, -3.0454245, 8.858546
568751081000, -0.33518824, -2.72939, 8.992621
568761214000, -0.22984336, -2.6144683, 9.241618
568770332000, -0.37349546, -2.384625, 9.404425
568780521000, -0.51714754, -2.2601264, 9.5385
568800816000, -0.89064306, -2.6048915, 9.452309
568811633000, -1.1587936, -2.6910827, 9.346964
568820799000, -1.5610195, -2.8921957, 9.32781
568830888000, -1.8674773, -3.0933087, 9.414001
568841526000, -2.0973208, -3.265691, 9.375694
568860951000, -1.9632454, -3.3806129, 9.442732
568871010000, -1.934515, -3.2465374, 9.548077
568881275000, -1.9919758, -3.064578, 9.672575
568891136000, -2.0590134, -2.834735, 9.825804
568901437000, -1.8866309, -2.6719291, 10.01734
568911459000, -1.484405, -2.480393, 10.055647
568921500000, -0.9768343, -2.3942018, 9.883265
568931944000, -0.33518824, -2.3175871, 9.414001
568941826000, 0.37349546, -2.1930888, 8.925584
568952062000, 1.1492168, -2.0494366, 8.63828
568962452000, 1.8004397, -1.8579005, 8.532935
568972359000, 2.2122424, -1.685518, 8.504205
568992609000, 1.8866309, -2.0590134, 8.0445175
569002688000, 1.4077905, -2.4420857, 8.025364
569012869000, 0.9576807, -2.7964275, 7.7572136
569023238000, 0.6607997, -3.016694, 8.542512
569033407000, 0.9864111, -3.0358477, 9.002198
569043209000, 1.1109096, -3.0550013, 9.260772
569053348000, 0.93852705, -3.122039, 9.184157
569063365000, 0.5650316, -3.1986535, 9.126697
569074213000, 0.22026655, -3.1411927, 9.14585
569083705000, -0.019153614, -2.9879637, 8.791509
569093792000, -0.08619126, -2.815581, 8.341399
569104127000, 0.009576807, -2.6623523, 8.293514
569114002000, 0.10534488, -2.5474305, 8.264784
569124109000, 0.009576807, -2.4899697, 8.283937
569134373000, -0.18195933, -2.3942018, 8.437167
569145175000, -0.4405331, -2.327164, 9.040505
569155378000, -0.60333884, -2.183512, 9.77792
569165796000, -0.5746084, -2.1739352, 9.959879
569175885000, -0.5267244, -2.3080103, 10.036493
569186281000, -0.50757074, -2.6048915, 9.892841
569196414000, -0.46926352, -2.777274, 9.375694
569206256000, -0.49799395, -2.681506, 9.088389
569216380000, -0.4405331, -2.4133554, 9.394848
569226272000, -0.2777274, -2.3750482, 9.414001
569237085000, -0.20111294, -2.4995465, 9.595961
569247923000, -0.49799395, -2.8538885, 10.25676
569257146000, -0.8714894, -3.083732, 10.333375
569267010000, -0.15322891, -3.2848446, 10.323798
569277142000, -0.63206923, -2.7006595, 9.32781
569287203000, -0.35434186, -2.1260512, 8.963891
569297346000, 0.6799533, -2.2218192, 9.212888
569307501000, 0.8714894, -2.9400797, 9.136273
569317907000, 1.0534488, -3.514688, 9.509769
569327724000, 0.9864111, -3.3806129, 9.615114
569337930000, 1.3311762, -3.169923, 9.385271
569349067000, 1.2737153, -2.9975405, 8.236053
569359152000, 1.484405, -2.930503, 8.00621
569369143000, 1.4652514, -3.2273839, 8.39886
569379189000, 1.7908629, -3.620033, 8.331821
569389449000, 1.9919758, -3.4763808, 8.599973
569399925000, 2.2505496, -3.667917, 8.580819
569410484000, 2.5474305, -4.0414124, 8.7532015
569419855000, 2.6431987, -3.964798, 8.513782
569430116000, 2.0590134, -3.8402996, 8.073248
569440153000, 2.3654714, -3.2561142, 8.475474
569450954000, 2.777274, -3.083732, 8.418014
569460329000, 2.9496565, -3.0262709, 8.2169
569480718000, 2.7964275, -2.585738, 8.149862
569490664000, 3.0262709, -2.633622, 8.418014
569501173000, 3.3806129, -2.9017725, 8.686164
569511741000, 3.6104562, -2.930503, 9.165004
569521162000, 3.6391866, -2.7485435, 9.423578
569530963000, 3.5817258, -2.6431987, 9.749189
569541276000, 3.3806129, -2.633622, 9.892841
569551561000, 3.0071173, -2.8921957, 9.710882
569562178000, 2.633622, -3.1124623, 9.356541
569571329000, 2.3463178, -3.0358477, 9.222465
569581740000, 2.030283, -2.834735, 9.404425
569591538000, 1.6184803, -2.6527755, 9.337387
569601852000, 1.3024458, -2.432509, 9.289502
569612495000, 1.0055647, -2.2505496, 9.241618
569622014000, 0.8331822, -2.2026656, 9.212888
569632587000, 0.8619126, -2.1068976, 9.32781
569642042000, 0.7661445, -2.1164744, 9.423578
569652136000, 0.50757074, -2.2122424, 9.471462
569663062000, 0.29688102, -2.2984335, 9.586384
569673362000, 0.038307227, -2.1260512, 9.260772
569683277000, -0.02873042, -2.0590134, 9.279925
569693325000, -0.047884032, -2.1260512, 9.299079
569703819000, 0.16280572, -2.1068976, 9.165004
569713892000, 0.46926352, -2.078167, 9.011775
569724770000, 0.6607997, -2.0207062, 8.791509
569734889000, 0.61291564, -2.0685902, 8.571242
569745187000, 0.5267244, -2.27928, 8.341399
569755363000, 0.18195933, -2.480393, 8.121132
569765244000, -0.10534488, -2.9113493, 8.331821
569775349000, -0.2681506, -3.169923, 8.293514
569785061000, -0.46926352, -3.1316159, 8.274361
569796134000, -0.5650316, -3.1411927, 8.37013
569816996000, -0.6703765, -3.016694, 8.580819
569826221000, -0.6512229, -2.9017725, 8.781932
569836394000, -0.58418524, -2.9783869, 8.820239
569846331000, -0.60333884, -3.0454245, 8.810662
569866753000, -0.45968673, -3.4093432, 8.896853
569876675000, -0.20111294, -3.5338416, 8.954314
569887504000, 0.047884032, -3.4859576, 8.724471
569896869000, 0.36391866, -3.3997664, 8.293514
569907002000, 0.81402856, -3.2273839, 8.1881695
569917171000, 1.1587936, -2.9879637, 8.121132
569927342000, 1.3024458, -2.815581, 8.1881695
569937313000, 1.2066777, -2.8634653, 8.599973
569947591000, 0.79487497, -3.1316159, 9.165004
569957674000, 0.4309563, -3.074155, 9.289502
569967994000, 0.11492168, -2.920926, 9.32781
569977998000, -0.019153614, -2.8538885, 9.3661175
569988562000, 0.19153613, -2.5187001, 10.055647
569998368000, 0.37349546, -2.1643584, 10.649409
570009619000, 0.4405331, -1.8004397, 10.984597
570020300000, 0.45968673, -1.5227122, 10.860099
570030385000, 0.4213795, -1.292869, 10.362105
570040379000, 0.24899697, -1.5131354, 9.816227
570051262000, 0.11492168, -2.1068976, 9.260772
570061228000, 0.17238252, -2.9113493, 8.887277
570071366000, 0.31603462, -3.3806129, 8.63828
570081325000, 0.545878, -3.4093432, 8.590396
570091515000, 0.7086837, -3.0358477, 8.542512
570101683000, 0.6895301, -2.6144683, 8.532935
570111853000, 0.60333884, -2.327164, 8.810662
570121893000, 0.36391866, -2.2122424, 9.126697
570132046000, 0.1436521, -2.2026656, 9.509769
570142701000, 0.05746084, -2.2218192, 9.787497
570152110000, 0.17238252, -2.2601264, 9.739613
570162259000, 0.33518824, -2.1930888, 9.481039
570172380000, 0.46926352, -2.0685902, 9.260772
570182679000, 0.61291564, -2.0111294, 9.241618
570192719000, 0.7469909, -2.135628, 9.212888
570203150000, 0.8714894, -2.2601264, 9.203311
570213843000, 1.0247183, -2.3654714, 9.069236
570223715000, 1.1013328, -2.4037786, 8.963891
570233934000, 1.1587936, -2.3942018, 8.829816
570244146000, 1.1492168, -2.384625, 8.7532015
570254064000, 1.043872, -2.3558946, 8.858546
570264153000, 0.78529817, -2.2409728, 9.414001
570274246000, 0.6703765, -2.183512, 9.605537
570285361000, 0.641646, -2.231396, 9.739613
570295351000, 0.82360536, -2.3654714, 9.672575
570305596000, 0.9959879, -2.4612393, 9.5385
570314870000, 1.2354081, -2.4995465, 9.32781
570324821000, 1.3982137, -2.5091233, 9.097966
570335299000, 1.4556746, -2.4708161, 8.944737
570355818000, 1.3982137, -2.480393, 8.781932
570366090000, 1.2641385, -2.3750482, 8.944737
570375987000, 1.0534488, -2.2984335, 9.165004
570386068000, 0.8523358, -2.2505496, 9.346964
570397730000, 0.6895301, -2.1739352, 9.528923
570417829000, 0.61291564, -2.2122424, 9.461885
570427886000, 0.62249243, -2.2026656, 9.337387
570448700000, 0.61291564, -2.2505496, 9.126697
570458880000, 0.50757074, -2.2409728, 9.040505
570469009000, 0.4405331, -2.2218192, 9.11712
570478999000, 0.35434186, -2.2026656, 9.279925
570489234000, 0.20111294, -2.2409728, 9.385271
570499746000, 0.12449849, -2.3463178, 9.509769
570510296000, 0.038307227, -2.4133554, 9.576807
570530143000, 0.10534488, -2.4612393, 9.356541
570540270000, 0.18195933, -2.432509, 9.241618
570550764000, 0.29688102, -2.4037786, 9.097966
570561874000, 0.36391866, -2.336741, 9.002198
570571385000, 0.41180268, -2.3080103, 8.916007
570580970000, 0.4405331, -2.2984335, 8.983045
570601568000, 0.48841715, -2.3080103, 9.078813
570612152000, 0.4405331, -2.384625, 9.193734
570631599000, 0.50757074, -2.5187001, 9.337387
570641648000, 0.51714754, -2.5378537, 9.346964
570661887000, 0.5363012, -2.5570073, 9.299079
570672136000, 0.5650316, -2.5378537, 9.279925
570682373000, 0.5554548, -2.5187001, 9.270349
570692149000, 0.5363012, -2.4899697, 9.222465
570702255000, 0.5554548, -2.4420857, 9.203311
570712749000, 0.5267244, -2.384625, 9.193734
570723146000, 0.5363012, -2.336741, 9.203311
570742671000, 0.51714754, -2.3654714, 9.193734
570775234000, 0.60333884, -2.3750482, 9.299079
570785636000, 0.63206923, -2.3942018, 9.260772
570796682000, 0.6895301, -2.3750482, 9.251195
570806227000, 0.7086837, -2.3463178, 9.222465
570837093000, 0.61291564, -2.3175871, 9.203311
570847211000, 0.60333884, -2.3080103, 9.279925
570857315000, 0.545878, -2.3463178, 9.289502
570867477000, 0.5363012, -2.384625, 9.251195
570887630000, 0.5267244, -2.4133554, 9.260772
570907997000, 0.5746084, -2.4516625, 9.212888
570918063000, 0.5650316, -2.4612393, 9.174581
570929074000, 0.58418524, -2.4229321, 9.155427
570938462000, 0.5746084, -2.4133554, 9.136273
570968581000, 0.61291564, -2.4229321, 9.174581
570988828000, 0.63206923, -2.4133554, 9.203311
571009082000, 0.6895301, -2.3942018, 9.222465
571019168000, 0.6703765, -2.4229321, 9.184157
571029883000, 0.6895301, -2.4612393, 9.193734
571049979000, 0.6703765, -2.4229321, 9.270349
571060420000, 0.641646, -2.3942018, 9.279925
571070562000, 0.60333884, -2.3750482, 9.289502
571090720000, 0.63206923, -2.4037786, 9.251195
571101491000, 0.62249243, -2.3942018, 9.184157
571111711000, 0.6607997, -2.4037786, 9.155427
571121086000, 0.63206923, -2.384625, 9.14585
571141118000, 0.61291564, -2.4037786, 9.193734
571151534000, 0.60333884, -2.432509, 9.241618
571162151000, 0.61291564, -2.4612393, 9.174581
571171554000, 0.58418524, -2.480393, 9.193734
571181631000, 0.60333884, -2.4899697, 9.184157
571191562000, 0.5746084, -2.4708161, 9.14585
571201942000, 0.5650316, -2.5091233, 9.184157
571222035000, 0.61291564, -2.4612393, 9.174581
571242063000, 0.6607997, -2.4708161, 9.165004
571252179000, 0.641646, -2.4516625, 9.174581
571263013000, 0.6703765, -2.4229321, 9.184157
571272543000, 0.6607997, -2.4133554, 9.165004
571282749000, 0.6895301, -2.3942018, 9.193734
571292700000, 0.6607997, -2.3654714, 9.165004
571303845000, 0.6512229, -2.3750482, 9.222465
571313681000, 0.6703765, -2.384625, 9.232041
571344018000, 0.7086837, -2.384625, 9.251195
571354339000, 0.6703765, -2.3750482, 9.241618
571374554000, 0.6799533, -2.3654714, 9.193734
571385374000, 0.7086837, -2.3750482, 9.222465
571395637000, 0.6895301, -2.3942018, 9.212888
571404968000, 0.6607997, -2.4037786, 9.193734
571425116000, 0.6895301, -2.384625, 9.212888
571435276000, 0.6607997, -2.3750482, 9.251195
571446267000, 0.6703765, -2.4037786, 9.241618
571455573000, 0.6512229, -2.4133554, 9.251195
571475650000, 0.6703765, -2.4037786, 9.184157
571485753000, 0.641646, -2.432509, 9.203311
571516826000, 0.5650316, -2.4229321, 9.184157
571536959000, 0.58418524, -2.3942018, 9.203311
571547116000, 0.60333884, -2.384625, 9.193734
571567136000, 0.62249243, -2.3942018, 9.212888
571587451000, 0.6607997, -2.3942018, 9.174581
571597374000, 0.6895301, -2.4037786, 9.241618
571617854000, 0.6991069, -2.3654714, 9.203311
571628416000, 0.6895301, -2.384625, 9.222465
571638003000, 0.6799533, -2.3750482, 9.241618
571658238000, 0.6991069, -2.384625, 9.212888
571668402000, 0.6703765, -2.4037786, 9.222465
571688540000, 0.6799533, -2.384625, 9.203311
571698547000, 0.6895301, -2.3463178, 9.232041
571708485000, 0.7182605, -2.384625, 9.251195
571718693000, 0.6991069, -2.3942018, 9.232041
571729352000, 0.7374141, -2.4133554, 9.241618
571738918000, 0.7182605, -2.4037786, 9.232041
571771374000, 0.6991069, -2.4229321, 9.251195
571781251000, 0.6607997, -2.4133554, 9.270349
