#Acceleration force along the x y z axes (including gravity).
#timestamp(ns),x,y,z(m/s^2)
#Datetime: 29/04/2015 14:21:16
##########################################
#Activity: 8 - CSI - Car-Step in - 6s
#Subject ID: 46
#First Name: sub46
#Last Name: sub46
#Age: 23
#Height(cm): 175
#Weight(kg): 68
#Gender: Female
##########################################

@DATA
716393160000, 0.63206923, 9.844957, -0.047884032
716593576000, 0.5650316, 9.835381, -0.10534488
716793992000, 0.5363012, 9.844957, -0.1340753
716994708000, 0.51714754, 9.921572, 0.009576807
717195909000, -0.36391866, 9.452309, -1.1875241
717394324000, -0.11492168, 9.787497, -1.13964
717595324000, -2.3654714, 10.132261, -1.1109096
717795412000, -1.8866309, 7.4986396, -1.7525556
717995737000, -3.7445314, 8.465898, -2.1547816
718006062000, -3.4380736, 8.303091, -2.0590134
718017012000, -3.265691, 8.236053, -1.8962077
718027131000, -3.1507695, 8.293514, -1.9440918
718037722000, -3.0550013, 8.446744, -1.8962077
718047552000, -2.9017725, 8.724471, -1.6184803
718057626000, -2.3654714, 9.040505, -0.78529817
718067713000, -2.5187001, 9.203311, -1.0821792
718078012000, -2.3654714, 9.184157, -0.8523358
718088261000, -2.2026656, 9.021352, -0.45968673
718098202000, -1.982399, 8.647857, 0.009576807
718108368000, -1.6950948, 8.1881695, 0.2681506
718118461000, -1.6567876, 7.52737, 0.12449849
718129054000, -1.1779473, 7.383718, -0.20111294
718139079000, -0.7661445, 7.345411, -0.62249243
718149658000, -0.18195933, 7.4124484, -0.80445176
718159828000, 0.095768064, 7.6710224, -0.8714894
718182914000, -0.047884032, 8.963891, -0.58418524
718193440000, -0.4309563, 9.56723, -1.1013328
718203062000, -0.63206923, 10.237606, -1.6663644
718212829000, -0.545878, 10.840945, -2.0590134
718224408000, -0.90021986, 11.18571, -3.1986535
718234972000, -0.79487497, 10.907983, -4.654328
718246435000, -0.24899697, 10.429143, -6.2632318
718256522000, -0.5650316, 10.70687, -6.703765
718267506000, -1.9632454, 10.400413, -7.019799
718277317000, -1.9919758, 10.352529, -7.4986396
718288439000, -1.9536686, 10.103531, -7.8625584
718298894000, -1.6472107, 9.720459, -7.699753
718308987000, -1.436521, 9.672575, -7.517793
718318368000, -1.4939818, 9.615114, -6.5505357
718328480000, -0.46926352, 9.672575, -6.0525417
718339087000, 1.532289, 9.615114, -4.951209
718348786000, 1.7142484, 10.534488, -4.2042184
718359813000, 2.4229321, 11.176133, -2.432509
718368941000, 3.4284968, 11.386824, -1.1683705
718379140000, 4.2999864, 11.319786, -0.641646
718388822000, 4.1371803, 10.802638, -0.60333884
718399504000, 4.2904096, 9.471462, 0.90979666
718411672000, 4.414908, 7.8146744, 2.3175871
718424456000, 4.3766007, 7.3645644, 1.7908629
718434082000, 4.6926355, 7.6135616, 1.2258313
718446804000, 4.3766007, 9.011775, -0.7661445
718457009000, 4.10845, 9.14585, -1.7717092
718467546000, 4.098873, 9.423578, -2.7581203
718477397000, 4.1371803, 9.854534, -3.466804
718488161000, 4.271256, 9.528923, -4.5872903
718497479000, 3.9552212, 8.992621, -4.4436383
718509403000, 3.3997664, 8.0445175, -4.0414124
718532325000, 2.920926, 7.8050976, -4.4819455
718542465000, 2.7006595, 8.446744, -4.4723687
718553515000, 1.388637, 12.277467, -5.7843914
718563056000, 1.2354081, 7.086837, -6.3111157
718573451000, 1.7238252, 3.8786068, -6.493075
718583546000, 1.8866309, 5.497087, -5.93762
718593348000, 2.1643584, 6.885724, -5.554548
718604031000, 2.566584, 7.28795, -5.506664
718613609000, 2.4229321, 7.144298, -5.6886234
718625498000, 2.3463178, 7.0581064, -5.9184666
718635371000, 1.982399, 7.2209125, -6.5026517
718646518000, 1.3215994, 7.2113357, -7.8050976
718656039000, 0.25857377, 7.690176, -8.178593
718666048000, -0.45968673, 7.8529816, -8.571242
718676050000, -0.8331822, 7.9008656, -9.069236
718686395000, -0.5363012, 8.1402855, -10.036493
718696429000, -0.40222588, 8.389283, -10.802638
718706341000, -0.06703765, 8.169016, -11.195287
718717027000, 0.2777274, 7.632715, -10.965444
718726660000, 0.8331822, 6.885724, -10.994174
718736755000, 0.61291564, 5.9280434, -11.070788
718747294000, 0.5650316, 5.1810527, -10.333375
718757175000, 0.009576807, 4.7788267, -9.921572
718767522000, -0.2873042, 4.5681367, -9.768343
718777286000, -0.7182605, 4.673482, -9.902418
718787882000, -0.6991069, 4.6926355, -9.615114
718797469000, -1.0247183, 4.5298295, -10.160992
718808759000, -0.2777274, 4.5202527, -10.955867
718828861000, 0.82360536, 5.171476, -11.33894
718838990000, 1.340753, 5.401319, -11.779472
718850575000, 1.8770541, 5.104438, -11.81778
718863266000, 2.1260512, 4.6926355, -11.597513
718872706000, 2.4229321, 4.1180267, -11.492168
718882711000, 2.4899697, 3.371036, -11.434708
718892824000, 2.4133554, 2.528277, -11.051635
718903006000, 2.1643584, 1.3599066, -10.850522
718913326000, 1.6950948, 0.7278373, -10.409989
718923155000, 1.436521, 0.7757214, -10.25676
718933220000, 1.3215994, 0.60333884, -10.295067
718953471000, 1.4652514, 0.7469909, -10.668563
718963547000, 1.1683705, 0.94810385, -10.649409
718975392000, 1.0342951, 0.5746084, -10.563218
718985260000, 0.79487497, 1.6663644, -10.160992
718996522000, 0.60333884, -0.79487497, -9.854534
719006177000, 0.59376204, -1.8866309, -9.615114
719017261000, 0.038307227, -1.1779473, -9.059659
719026849000, -0.4309563, 0.11492168, -9.088389
719036699000, -0.47884035, 1.3694834, -8.868123
719046761000, -0.45968673, 2.2505496, -8.686164
719056714000, -1.340753, 5.66947, -6.7803793
719067382000, -1.2737153, 2.6048915, -8.418014
719078273000, -1.0247183, -1.7717092, -9.672575
719088146000, -0.7661445, -2.0111294, -9.787497
719098628000, -0.6512229, -1.1971009, -9.452309
719108422000, -0.46926352, -0.39264908, -9.643845
719120253000, -0.32561144, 0.06703765, -9.720459
719129240000, -0.22984336, 0.1340753, -9.835381
719140845000, -0.076614454, 0.06703765, -9.902418
719152020000, 0.019153614, -0.02873042, -9.959879
719163479000, 0.05746084, -0.21068975, -10.323798
719173786000, -0.038307227, -0.05746084, -10.362105
719183614000, 0.19153613, 0.1436521, -10.409989
719193893000, 0.18195933, 0.12449849, -10.381259
719204832000, 0.11492168, 0.0, -10.429143
719214560000, -0.009576807, -0.22026655, -10.477027
719225128000, -0.12449849, -0.37349546, -10.419566
719236782000, -0.16280572, -0.6991069, -10.247183
719247099000, -0.15322891, -1.0534488, -9.950302
719257225000, -0.24899697, -1.2258313, -9.586384
719267140000, -0.21068975, -1.1013328, -9.203311
719287382000, -0.047884032, 0.009576807, -9.050082
719297694000, -0.019153614, 0.5746084, -9.088389
719307530000, 0.095768064, 1.091756, -9.203311
719317410000, 0.22026655, 1.4939818, -9.193734
719327920000, 0.29688102, 1.6759412, -9.289502
719337977000, 0.39264908, 1.6950948, -9.490616
719348084000, 0.5267244, 1.685518, -9.682152
719389372000, 0.93852705, 1.7142484, -9.251195
719399108000, 1.0534488, 1.6950948, -9.203311
719409310000, 1.2162545, 1.6280571, -9.088389
719419277000, 1.292869, 1.5705963, -8.973468
719432712000, 1.4173675, 1.5131354, -9.069236
719442396000, 1.436521, 1.6376339, -9.212888
719452527000, 1.3982137, 1.7046716, -9.251195
719462174000, 1.1683705, 1.6472107, -9.509769
719472078000, 0.93852705, 1.5514427, -9.595961
719482956000, 0.58418524, 1.4269443, -9.749189
719492202000, 0.17238252, 1.3024458, -9.921572
719503066000, -0.17238252, 1.1204864, -9.988609
719512521000, -0.6895301, 0.8810662, -9.998186
719522609000, -0.8331822, 1.0342951, -10.132261
719532841000, -0.9959879, 1.2258313, -10.25676
719542792000, -1.1204864, 1.532289, -10.457873
719553934000, -1.2162545, 1.8962077, -10.505757
719563396000, -1.3790601, 2.0111294, -10.170568
719576176000, -1.5610195, 2.087744, -9.758766
719585485000, -1.6376339, 2.1643584, -9.385271
719595346000, -1.7238252, 2.3463178, -9.414001
719606188000, -1.8100165, 2.5474305, -9.56723
719616686000, -2.030283, 2.8921957, -10.189722
719636429000, -2.4229321, 3.1507695, -10.371682
719646672000, -2.5761611, 3.1028855, -10.199299
719656533000, -2.767697, 3.0550013, -9.911995
719667837000, -2.9400797, 2.873042, -9.471462
719677249000, -3.2752678, 2.6623523, -9.050082
719687284000, -3.6391866, 2.4995465, -8.839393
719697446000, -3.8498764, 2.480393, -8.781932
719707571000, -3.9743748, 2.6719291, -8.90643
719728262000, -3.8977604, 3.265691, -9.442732
719738401000, -3.964798, 3.4093432, -9.883265
719749393000, -4.0892963, 3.323152, -10.199299
719758833000, -4.414908, 2.9113493, -10.400413
719769656000, -4.7405195, 2.336741, -10.486604
719779487000, -4.865018, 1.8770541, -10.333375
719790091000, -4.663905, 1.6567876, -10.151415
719801032000, -4.185065, 1.5801731, -9.988609
719810549000, -3.7062242, 1.5514427, -9.864111
719823235000, -3.083732, 1.5897499, -9.356541
719833174000, -2.5761611, 1.8100165, -8.858546
719842315000, -2.384625, 1.6472107, -8.7532015
719853745000, -2.327164, 1.7429788, -9.404425
719862913000, -2.4516625, 1.6950948, -9.844957
719873072000, -2.5378537, 1.7908629, -10.084377
719893246000, -2.6719291, 2.1643584, -10.093954
719903597000, -2.6144683, 2.2218192, -9.873688
719924786000, -2.2505496, 2.231396, -9.758766
719945134000, -1.7908629, 2.183512, -9.730036
719956324000, -1.6950948, 2.1643584, -9.787497
719966589000, -1.6663644, 2.1164744, -9.758766
719976558000, -1.8195933, 2.078167, -9.634268
719986432000, -1.8674773, 2.0973208, -9.576807
719996402000, -2.0685902, 1.9728222, -9.414001
720006382000, -2.2601264, 1.9057846, -9.241618
720017284000, -2.3654714, 1.8866309, -9.069236
720026635000, -2.4995465, 1.8770541, -9.002198
720036800000, -2.528277, 1.9440918, -8.954314
720047563000, -2.6431987, 1.8674773, -8.935161
720056920000, -2.6527755, 1.8866309, -8.983045
720067343000, -2.7485435, 1.8483237, -9.050082
720077621000, -2.5953147, 2.0015526, -9.212888
720087996000, -2.432509, 2.1068976, -9.356541
720108505000, -2.2888567, 1.9632454, -9.193734
720128604000, -1.9153614, 2.1547816, -9.500193
720149194000, -1.436521, 1.8770541, -10.314221
720158821000, -1.388637, 1.8387469, -10.01734
720168710000, -1.5514427, 1.7429788, -9.758766
720179262000, -1.7046716, 1.7238252, -9.615114
720190213000, -1.7812861, 1.685518, -9.519346
720200448000, -1.7908629, 1.6089035, -9.557653
720211959000, -1.8770541, 1.4556746, -9.586384
720224540000, -2.087744, 1.388637, -9.662998
720233680000, -2.3558946, 1.3982137, -9.816227
720243862000, -2.6431987, 1.4269443, -9.931149
720254069000, -2.920926, 1.5705963, -9.950302
720264132000, -3.016694, 1.7525556, -9.892841
720275815000, -2.930503, 1.8483237, -9.758766
720287409000, -2.4516625, 1.8004397, -9.509769
720297328000, -2.1930888, 1.7621324, -9.423578
720307920000, -2.0111294, 1.7717092, -9.461885
720318545000, -1.982399, 1.733402, -9.519346
720327868000, -2.087744, 1.7142484, -9.595961
720338006000, -2.183512, 1.6950948, -9.634268
720358118000, -2.432509, 1.6663644, -9.691729
720367995000, -2.4899697, 1.7525556, -9.605537
720378080000, -2.5761611, 1.685518, -9.5385
720398802000, -2.4899697, 1.7046716, -9.490616
720408574000, -2.4420857, 1.733402, -9.56723
720419322000, -2.4037786, 1.7525556, -9.5385
720432582000, -2.3942018, 1.7238252, -9.519346
720452618000, -2.2697031, 1.7525556, -9.481039
720462999000, -2.2026656, 1.7621324, -9.490616
720483676000, -2.183512, 1.8195933, -9.557653
720504559000, -2.231396, 1.685518, -9.576807
720516057000, -2.2122424, 1.6759412, -9.653421
720527608000, -1.8866309, 1.8962077, -9.730036
720538090000, -2.0398598, 1.733402, -9.615114
720547779000, -2.0590134, 1.685518, -9.643845
720559343000, -2.030283, 1.6472107, -9.56723
720570576000, -2.0398598, 1.6567876, -9.586384
720581422000, -1.9919758, 1.685518, -9.557653
720592373000, -1.8579005, 1.7142484, -9.634268
720602539000, -1.8291701, 1.6950948, -9.653421
720612326000, -1.9057846, 1.6376339, -9.730036
720623932000, -1.9536686, 1.6089035, -9.643845
720634367000, -2.0015526, 1.5610195, -9.634268
720643757000, -2.0111294, 1.6184803, -9.615114
720654259000, -2.0685902, 1.6567876, -9.624691
720664207000, -2.1260512, 1.7046716, -9.586384
720677260000, -2.2026656, 1.6567876, -9.548077
720687775000, -2.231396, 1.6663644, -9.519346
720708156000, -2.2697031, 1.685518, -9.452309
720718238000, -2.2601264, 1.6759412, -9.481039
720739000000, -2.2505496, 1.6567876, -9.548077
720779247000, -2.2888567, 1.7142484, -9.595961
720789707000, -2.27928, 1.733402, -9.624691
720800795000, -2.2984335, 1.6759412, -9.653421
720820429000, -2.3175871, 1.7046716, -9.749189
720831582000, -2.3080103, 1.685518, -9.730036
720841728000, -2.2984335, 1.6663644, -9.691729
720852782000, -2.2888567, 1.6280571, -9.653421
720861878000, -2.27928, 1.6184803, -9.662998
720872317000, -2.2409728, 1.6089035, -9.682152
720882672000, -2.2218192, 1.6280571, -9.643845
720892142000, -2.1739352, 1.6472107, -9.605537
720902681000, -2.1260512, 1.6663644, -9.624691
720923376000, -2.1452048, 1.7429788, -9.653421
720932795000, -2.1643584, 1.7142484, -9.624691
720953701000, -2.183512, 1.6472107, -9.595961
720963403000, -2.1547816, 1.6184803, -9.615114
720983808000, -2.1164744, 1.6184803, -9.586384
720993749000, -2.1068976, 1.6089035, -9.56723
721037956000, -2.2218192, 1.6089035, -9.576807
721058217000, -2.2505496, 1.5897499, -9.595961
721068263000, -2.2409728, 1.6089035, -9.56723
721079239000, -2.2697031, 1.6472107, -9.576807
721088647000, -2.2888567, 1.6567876, -9.557653
721119054000, -2.27928, 1.6184803, -9.624691
721131487000, -2.2697031, 1.5801731, -9.615114
721142469000, -2.2601264, 1.5897499, -9.682152
721152302000, -2.231396, 1.6184803, -9.653421
721173375000, -2.1739352, 1.6089035, -9.691729
721183795000, -2.1930888, 1.6184803, -9.653421
721193402000, -2.1643584, 1.5993267, -9.634268
721203264000, -2.1547816, 1.6089035, -9.615114
721213368000, -2.135628, 1.5897499, -9.605537
721224729000, -2.183512, 1.6089035, -9.595961
721234394000, -2.2026656, 1.5610195, -9.634268
721256536000, -2.183512, 1.5514427, -9.653421
721277399000, -2.1739352, 1.5610195, -9.634268
721297946000, -2.1260512, 1.5610195, -9.624691
721321868000, -2.1164744, 1.5705963, -9.624691
721343476000, -2.1452048, 1.5801731, -9.643845
721364117000, -2.1547816, 1.5801731, -9.672575
721374421000, -2.135628, 1.6089035, -9.662998
721384975000, -2.1452048, 1.5801731, -9.701305
721398948000, -2.1643584, 1.5897499, -9.710882
721418443000, -2.1643584, 1.5801731, -9.605537
721428771000, -2.1739352, 1.5705963, -9.615114
721449899000, -2.2026656, 1.5227122, -9.586384
721471304000, -2.1930888, 1.5610195, -9.548077
721480654000, -2.1643584, 1.5705963, -9.624691
721502922000, -2.183512, 1.5514427, -9.56723
721512405000, -2.1739352, 1.541866, -9.634268
721542848000, -2.135628, 1.532289, -9.643845
721553212000, -2.1164744, 1.5035586, -9.605537
721573397000, -2.1452048, 1.532289, -9.634268
721583952000, -2.183512, 1.5227122, -9.595961
721593577000, -2.1452048, 1.532289, -9.586384
721613951000, -2.1547816, 1.5227122, -9.662998
721633932000, -2.1643584, 1.532289, -9.615114
721644056000, -2.1452048, 1.5131354, -9.653421
721654174000, -2.1547816, 1.532289, -9.624691
721664875000, -2.1739352, 1.5227122, -9.643845
721676678000, -2.1164744, 1.484405, -9.624691
721696929000, -2.1547816, 1.5514427, -9.643845
721717864000, -2.1547816, 1.5227122, -9.615114
721727401000, -2.1164744, 1.5131354, -9.605537
721737936000, -2.135628, 1.541866, -9.662998
721747712000, -2.1452048, 1.5610195, -9.653421
721768345000, -2.1547816, 1.532289, -9.691729
721778508000, -2.1739352, 1.541866, -9.634268
721788984000, -2.1547816, 1.5705963, -9.615114
721799507000, -2.1452048, 1.532289, -9.605537
721819112000, -2.1547816, 1.5227122, -9.653421
721831488000, -2.1643584, 1.5131354, -9.662998
721841641000, -2.135628, 1.484405, -9.682152
721851182000, -2.1260512, 1.5035586, -9.691729
721881179000, -2.1452048, 1.532289, -9.624691
721901907000, -2.1452048, 1.4939818, -9.576807
721911912000, -2.1547816, 1.5131354, -9.634268
721922622000, -2.1452048, 1.4939818, -9.615114
721932835000, -2.1068976, 1.532289, -9.682152
721942237000, -2.1164744, 1.5705963, -9.691729
721952321000, -2.087744, 1.541866, -9.710882
721973083000, -2.1068976, 1.5035586, -9.701305
721992959000, -2.087744, 1.484405, -9.662998
722002928000, -2.0973208, 1.5131354, -9.643845
722023886000, -2.0973208, 1.4556746, -9.634268
722033975000, -2.1452048, 1.4748282, -9.605537
722043614000, -2.2218192, 1.4652514, -9.672575
722053870000, -2.1739352, 1.5035586, -9.634268
722073758000, -2.1930888, 1.5227122, -9.691729
722094120000, -2.1643584, 1.5514427, -9.653421
722104314000, -2.1547816, 1.541866, -9.691729
722126696000, -2.1068976, 1.532289, -9.701305
722137071000, -2.1164744, 1.5227122, -9.710882
722157385000, -2.135628, 1.5131354, -9.643845
722167764000, -2.1260512, 1.5035586, -9.653421
722208293000, -2.1643584, 1.5227122, -9.682152
722227880000, -2.135628, 1.532289, -9.653421
722238102000, -2.1547816, 1.4652514, -9.615114
722249570000, -2.1452048, 1.4748282, -9.586384
722260203000, -2.1164744, 1.532289, -9.56723
722270445000, -2.1260512, 1.5131354, -9.576807
