#Acceleration force along the x y z axes (including gravity).
#timestamp(ns),x,y,z(m/s^2)
#Datetime: 21/12/2015 11:28:08
##########################################
#Activity: 14 - CHU - Chair up - 6s
#Subject ID: 5
#First Name: sub5
#Last Name: sub5
#Age: 36
#Height(cm): 160
#Weight(kg): 50
#Gender: Female
##########################################

@DATA
2205880532000, 3.8402996, 8.178593, 3.8019924
2206080683000, 3.8307228, 8.274361, 3.6487634
2206280815000, 3.8115692, 8.312668, 3.5242648
2206481397000, 3.8402996, 8.322245, 3.1603463
2206881258000, 3.7541082, 8.312668, 3.4476504
2207081710000, 3.763685, 8.169016, 3.7541082
2207282322000, 3.8498764, 8.2169, 3.4859576
2207481958000, 3.2369606, 8.6574335, 2.3463178
2207491992000, 3.1028855, 8.848969, 2.2888567
2207503098000, 3.016694, 9.021352, 2.2218192
2207512599000, 2.9400797, 9.097966, 2.2026656
2207523624000, 2.873042, 9.107543, 2.1452048
2207532989000, 2.825158, 9.069236, 2.1068976
2207543393000, 2.8443117, 8.992621, 2.1164744
2207552985000, 2.882619, 8.944737, 2.087744
2207563994000, 2.8921957, 8.954314, 1.982399
2207574077000, 2.825158, 8.944737, 1.7621324
2207583740000, 2.815581, 9.030929, 1.5610195
2207594129000, 2.7006595, 9.11712, 1.4556746
2207604087000, 2.6048915, 9.232041, 1.3120226
2207614606000, 2.5378537, 9.299079, 1.2066777
2207624367000, 2.5187001, 9.279925, 1.1492168
2207634366000, 2.4899697, 9.241618, 1.0726024
2207644277000, 2.5187001, 9.126697, 0.9864111
2207654195000, 2.528277, 9.011775, 0.90021986
2207665160000, 2.5091233, 8.954314, 0.7661445
2207675168000, 2.4708161, 8.973468, 0.6512229
2207685235000, 2.3654714, 9.174581, 0.46926352
2207695925000, 2.27928, 9.394848, 0.34476504
2207706133000, 2.1164744, 9.605537, 0.22026655
2207715551000, 1.9919758, 9.77792, 0.1340753
2207726821000, 1.9440918, 10.0269165, 0.0
2207736215000, 1.9632454, 10.275913, -0.4309563
2207746152000, 2.0207062, 10.199299, -0.641646
2207756862000, 2.1068976, 10.1226845, -0.8523358
2207766165000, 2.1164744, 10.0269165, -0.9959879
2207776196000, 2.0973208, 9.883265, -1.0247183
2207786612000, 2.1739352, 9.701305, -1.091756
2207796635000, 2.1452048, 9.490616, -1.2066777
2207806663000, 2.087744, 9.423578, -1.532289
2207816669000, 1.9536686, 9.557653, -1.9632454
2207828369000, 1.8291701, 9.873688, -2.5570073
2207838398000, 1.6376339, 10.381259, -3.1603463
2207849068000, 1.4077905, 10.821792, -3.6966474
2207858365000, 1.0342951, 11.118672, -4.050989
2207868186000, 0.5267244, 11.128249, -4.156334
2207879369000, -0.019153614, 10.91756, -4.185065
2207889794000, -0.5363012, 10.6877165, -4.1946416
2207898908000, -1.0630256, 10.477027, -4.3766007
2207909879000, -1.283292, 10.352529, -4.721366
2207919419000, -1.3599066, 10.295067, -5.171476
2207929749000, -1.3503298, 10.28549, -5.6215854
2207940319000, -1.2737153, 10.180145, -5.9567738
2207949841000, -1.2641385, 9.998186, -6.1100025
2207960347000, -1.388637, 9.672575, -6.205771
2207970365000, -1.5514427, 9.279925, -6.1770406
2207979842000, -1.8100165, 9.002198, -6.1866174
2207990623000, -2.0111294, 8.935161, -6.167464
2208000300000, -2.1164744, 9.069236, -6.157887
2208010836000, -2.0973208, 9.241618, -6.167464
2208020711000, -2.087744, 9.3661175, -6.244078
2208030469000, -2.030283, 9.385271, -6.3685765
2208041083000, -1.982399, 9.193734, -6.4260373
2208060850000, -1.7142484, 9.299079, -6.3685765
2208070830000, -1.6184803, 9.32781, -6.291962
2208081593000, -1.5801731, 9.3661175, -6.196194
2208091108000, -1.5131354, 9.423578, -6.1004257
2208101423000, -1.4748282, 9.442732, -6.042965
2208111714000, -1.4556746, 9.452309, -6.0046577
2208121455000, -1.4652514, 9.423578, -5.9663506
2208131585000, -1.5705963, 9.414001, -5.841852
2208141669000, -1.5993267, 9.385271, -5.7365074
2208152002000, -1.6184803, 9.337387, -5.544971
2208172234000, -1.5610195, 9.193734, -5.544971
2208182441000, -1.5131354, 9.241618, -5.707777
2208192052000, -1.3982137, 9.423578, -5.9184666
2208203055000, -1.340753, 9.634268, -6.081272
2208212602000, -1.2354081, 9.864111, -6.167464
2208222929000, -1.1204864, 10.036493, -6.1100025
2208232660000, -1.0151415, 10.084377, -5.9663506
2208242957000, -0.9768343, 10.065224, -5.755661
2208252971000, -0.89064306, 10.01734, -5.5258174
2208263125000, -0.8714894, 9.921572, -5.353435
2208274459000, -0.842759, 9.720459, -5.1523223
2208283882000, -0.7757214, 9.548077, -4.951209
2208294041000, -0.7278373, 9.279925, -4.76925
2208304367000, -0.6512229, 9.040505, -4.673482
2208315251000, -0.5746084, 8.858546, -4.711789
2208324491000, -0.4405331, 8.734048, -4.6830587
2208334534000, -0.34476504, 8.6574335, -4.644751
2208345637000, -0.23942018, 8.6095495, -4.5872903
2208365796000, -0.23942018, 8.485051, -4.3957543
2208388145000, -0.36391866, 8.197746, -4.0222588
2208398052000, -0.4213795, 8.054094, -3.8307228
2208408412000, -0.4309563, 7.9008656, -3.6774938
2208418333000, -0.34476504, 7.7572136, -3.5434184
2208428885000, -0.24899697, 7.632715, -3.4476504
2208440151000, -0.15322891, 7.517793, -3.4093432
2208449981000, -0.019153614, 7.469909, -3.371036
2208460123000, 0.08619126, 7.383718, -3.3614593
2208470091000, 0.21068975, 7.335834, -3.3423057
2208481317000, 0.23942018, 7.2304893, -3.2465374
2208490691000, 0.21068975, 7.1730285, -3.1986535
2208501078000, 0.12449849, 7.192182, -3.083732
2208511276000, 0.009576807, 7.1347213, -2.9783869
2208521058000, -0.11492168, 7.201759, -2.8921957
2208531139000, -0.18195933, 7.3549876, -2.815581
2208541244000, -0.22026655, 7.489063, -2.6623523
2208552101000, -0.2681506, 7.5944076, -2.6144683
2208561771000, -0.20111294, 7.6135616, -2.5091233
2208571506000, -0.12449849, 7.5561004, -2.4037786
2208582660000, 0.05746084, 7.3071036, -2.2888567
2208602056000, 0.34476504, 7.28795, -2.2505496
2208612250000, 0.46926352, 7.469909, -2.2122424
2208622407000, 0.5363012, 7.776367, -2.183512
2208632522000, 0.5554548, 8.063671, -2.1930888
2208653037000, 0.5363012, 8.513782, -2.327164
2208663109000, 0.45010993, 8.552089, -2.3750482
2208673925000, 0.32561144, 8.504205, -2.2888567
2208683165000, 0.18195933, 8.42759, -2.1930888
2208693720000, 0.05746084, 8.456321, -2.030283
2208703614000, -0.009576807, 8.561666, -1.8004397
2208723750000, 0.019153614, 9.069236, -1.4652514
2208734076000, 0.076614454, 9.337387, -1.4077905
2208744357000, 0.12449849, 9.528923, -1.3599066
2208754072000, 0.22026655, 9.624691, -1.3694834
2208764916000, 0.2873042, 9.595961, -1.3599066
2208784323000, 0.33518824, 9.576807, -1.3503298
2208804389000, 0.45968673, 9.701305, -1.388637
2208814474000, 0.47884035, 9.739613, -1.3790601
2208824534000, 0.49799395, 9.758766, -1.4077905
2208834626000, 0.50757074, 9.80665, -1.436521
2208845110000, 0.4309563, 9.768343, -1.3982137
2208876835000, 0.48841715, 9.80665, -0.6799533
2208886645000, 0.5650316, 9.787497, -0.5267244
2208896694000, 0.6607997, 9.720459, -0.4213795
2208907125000, 0.9959879, 9.672575, -0.61291564
2208917449000, 1.1204864, 9.653421, -0.6895301
2208927489000, 1.1587936, 9.701305, -0.8331822
2208937544000, 1.1300632, 9.682152, -0.8619126
2208947673000, 1.1492168, 9.691729, -0.8714894
2208957843000, 1.0630256, 9.662998, -0.80445176
2208978111000, 0.8714894, 9.682152, -0.7278373
2208988656000, 0.7565677, 9.730036, -0.6799533
2208998597000, 0.641646, 9.816227, -0.62249243
2209008614000, 0.5554548, 9.883265, -0.5650316
2209018933000, 0.49799395, 9.892841, -0.39264908
2209028831000, 0.50757074, 9.911995, -0.32561144
2209039932000, 0.5554548, 9.9790325, -0.31603462
2209049223000, 0.641646, 10.036493, -0.47884035
2209059147000, 0.6703765, 9.988609, -0.5554548
2209080642000, 0.61291564, 9.940725, -0.62249243
2209099635000, 0.47884035, 9.911995, -0.59376204
2209109769000, 0.4309563, 9.921572, -0.50757074
2209119962000, 0.41180268, 9.883265, -0.45010993
2209129924000, 0.37349546, 9.864111, -0.29688102
2209140181000, 0.41180268, 9.787497, -0.12449849
2209150371000, 0.5267244, 9.720459, -0.019153614
2209160373000, 0.6607997, 9.710882, 0.019153614
2209170479000, 0.7661445, 9.691729, 0.08619126
2209180551000, 0.80445176, 9.739613, 0.095768064
2209190641000, 0.82360536, 9.77792, 0.019153614
2209211166000, 0.7278373, 9.797073, -0.06703765
2209231164000, 0.58418524, 9.77792, 0.0
2209241210000, 0.5746084, 9.797073, 0.08619126
2209251463000, 0.60333884, 9.816227, 0.34476504
2209261560000, 0.6607997, 9.80665, 0.33518824
2209271744000, 0.7086837, 9.739613, 0.36391866
2209282427000, 0.81402856, 9.720459, 0.34476504
2209291999000, 0.91937345, 9.739613, 0.33518824
2209302883000, 0.9672575, 9.80665, 0.2681506
2209313598000, 0.9959879, 9.816227, 0.18195933
2209324278000, 1.0534488, 9.854534, 0.10534488
2209333796000, 0.9959879, 9.797073, 0.047884032
2209343611000, 0.93852705, 9.80665, 0.038307227
2209353892000, 0.82360536, 9.825804, 0.08619126
2209364391000, 0.7757214, 9.844957, 0.095768064
2209374739000, 0.6607997, 9.854534, 0.19153613
2209384196000, 0.61291564, 9.844957, 0.25857377
2209394390000, 0.6607997, 9.825804, 0.2873042
2209404391000, 0.7374141, 9.80665, 0.2681506
2209415181000, 0.842759, 9.758766, 0.20111294
2209424418000, 0.8714894, 9.77792, 0.16280572
2209444946000, 0.79487497, 9.77792, 0.02873042
2209454534000, 0.7182605, 9.749189, 0.047884032
2209465288000, 0.6703765, 9.80665, 0.038307227
2209475375000, 0.62249243, 9.892841, 0.06703765
2209485585000, 0.5746084, 9.902418, 0.17238252
2209496147000, 0.58418524, 9.921572, 0.22026655
2209515895000, 0.62249243, 9.873688, 0.2777274
2209526866000, 0.7182605, 9.749189, 0.22984336
2209546428000, 0.7278373, 9.701305, 0.009576807
2209556550000, 0.7086837, 9.758766, 0.08619126
2209566701000, 0.6607997, 9.787497, 0.06703765
2209576702000, 0.61291564, 9.835381, 0.08619126
2209587156000, 0.58418524, 9.844957, 0.1436521
2209597223000, 0.5554548, 9.892841, 0.1340753
2209629155000, 0.5267244, 9.873688, 0.16280572
2209639138000, 0.545878, 9.854534, 0.1436521
2209649053000, 0.5363012, 9.816227, 0.095768064
2209658824000, 0.5267244, 9.797073, 0.06703765
2209689786000, 0.5554548, 9.797073, 0.02873042
2209709302000, 0.61291564, 9.825804, -0.06703765
2209719306000, 0.62249243, 9.854534, -0.05746084
2209729600000, 0.59376204, 9.883265, -0.038307227
2209739695000, 0.545878, 9.892841, -0.02873042
2209750125000, 0.50757074, 9.911995, 0.047884032
2209759984000, 0.45010993, 9.902418, 0.08619126
2209770096000, 0.45968673, 9.864111, 0.1340753
2209780053000, 0.46926352, 9.835381, 0.19153613
2209790265000, 0.51714754, 9.816227, 0.16280572
2209800178000, 0.5363012, 9.787497, 0.1436521
2209810285000, 0.59376204, 9.758766, 0.21068975
2209820384000, 0.641646, 9.787497, 0.20111294
2209830544000, 0.6799533, 9.835381, 0.1436521
2209840662000, 0.6991069, 9.873688, 0.20111294
2209852326000, 0.63206923, 9.816227, 0.16280572
2209881223000, 0.5650316, 9.844957, 0.16280572
2209891376000, 0.58418524, 9.825804, 0.21068975
2209901413000, 0.59376204, 9.835381, 0.19153613
2209911571000, 0.61291564, 9.80665, 0.20111294
2209922053000, 0.60333884, 9.77792, 0.22984336
2209953594000, 0.5650316, 9.77792, 0.22026655
2209963598000, 0.51714754, 9.80665, 0.18195933
2209974285000, 0.5554548, 9.816227, 0.16280572
2209993725000, 0.58418524, 9.787497, 0.19153613
2210003580000, 0.641646, 9.797073, 0.17238252
2210014469000, 0.60333884, 9.825804, 0.1436521
2210023883000, 0.62249243, 9.844957, 0.1340753
2210034013000, 0.641646, 9.854534, 0.15322891
2210054298000, 0.6607997, 9.835381, 0.1340753
2210074259000, 0.60333884, 9.797073, 0.16280572
2210084706000, 0.5746084, 9.80665, 0.19153613
2210104427000, 0.5363012, 9.816227, 0.18195933
2210115288000, 0.50757074, 9.825804, 0.22026655
2210125491000, 0.5554548, 9.835381, 0.18195933
2210146088000, 0.6607997, 9.80665, 0.12449849
2210155886000, 0.6512229, 9.787497, 0.11492168
2210165891000, 0.641646, 9.80665, 0.10534488
2210177955000, 0.60333884, 9.854534, 0.11492168
2210198024000, 0.63206923, 9.797073, 0.17238252
2210219304000, 0.6799533, 9.749189, 0.25857377
2210229991000, 0.6703765, 9.768343, 0.22026655
2210239422000, 0.6512229, 9.787497, 0.20111294
2210249244000, 0.641646, 9.80665, 0.22026655
2210289740000, 0.6703765, 9.797073, 0.15322891
2210309762000, 0.6799533, 9.844957, 0.1340753
2210330188000, 0.6703765, 9.873688, 0.11492168
2210341143000, 0.60333884, 9.892841, 0.1340753
2210350863000, 0.61291564, 9.825804, 0.19153613
2210371082000, 0.62249243, 9.816227, 0.22984336
2210381610000, 0.6607997, 9.797073, 0.21068975
2210401655000, 0.6799533, 9.816227, 0.12449849
2210412629000, 0.6991069, 9.844957, 0.20111294
2210432685000, 0.7182605, 9.80665, 0.18195933
2210444330000, 0.7374141, 9.77792, 0.21068975
2210455186000, 0.7086837, 9.768343, 0.17238252
2210464940000, 0.6703765, 9.787497, 0.1436521
2210474950000, 0.61291564, 9.854534, 0.095768064
2210484582000, 0.58418524, 9.883265, 0.1340753
2210504809000, 0.5363012, 9.873688, 0.22026655
2210514889000, 0.58418524, 9.844957, 0.22984336
2210525642000, 0.62249243, 9.816227, 0.2873042
2210535413000, 0.6607997, 9.80665, 0.2777274
2210545589000, 0.6991069, 9.797073, 0.22984336
2210555293000, 0.7278373, 9.77792, 0.18195933
2210565439000, 0.7182605, 9.758766, 0.22984336
2210575549000, 0.7374141, 9.77792, 0.22026655
2210585625000, 0.7661445, 9.768343, 0.22984336
2210595930000, 0.7469909, 9.797073, 0.19153613
2210605978000, 0.7182605, 9.80665, 0.18195933
2210626203000, 0.7086837, 9.844957, 0.20111294
2210636328000, 0.6895301, 9.883265, 0.1340753
2210646591000, 0.6607997, 9.873688, 0.1436521
2210657544000, 0.6512229, 9.864111, 0.1340753
2210668993000, 0.63206923, 9.844957, 0.12449849
2210690226000, 0.6703765, 9.835381, 0.18195933
2210710729000, 0.641646, 9.797073, 0.1436521
2210719820000, 0.6512229, 9.768343, 0.16280572
2210741641000, 0.7182605, 9.77792, 0.21068975
2210752435000, 0.6991069, 9.797073, 0.20111294
2210762259000, 0.7086837, 9.844957, 0.17238252
2210783069000, 0.7182605, 9.844957, 0.10534488
2210793426000, 0.6991069, 9.816227, 0.019153614
2210804916000, 0.7182605, 9.80665, -0.02873042
2210815298000, 0.7374141, 9.787497, -0.009576807
2210824807000, 0.7182605, 9.77792, 0.009576807
2210845384000, 0.7278373, 9.921572, 0.08619126
2210855157000, 0.6703765, 9.825804, 0.16280572
2210875779000, 0.62249243, 9.797073, 0.12449849
2210885828000, 0.61291564, 9.816227, 0.1436521
2210897094000, 0.6895301, 9.864111, 0.15322891
2210906769000, 0.6703765, 9.854534, 0.12449849
2210916565000, 0.6895301, 9.77792, 0.19153613
2210926745000, 0.6799533, 9.749189, 0.23942018
2210936978000, 0.7374141, 9.739613, 0.25857377
2210957590000, 0.7278373, 9.739613, 0.23942018
2210967246000, 0.6703765, 9.768343, 0.17238252
2210977426000, 0.6512229, 9.797073, 0.12449849
2211007979000, 0.60333884, 9.816227, 0.06703765
2211017675000, 0.62249243, 9.835381, 0.02873042
2211037651000, 0.6607997, 9.844957, 0.06703765
2211048956000, 0.62249243, 9.854534, 0.009576807
2211058636000, 0.641646, 9.844957, 0.047884032
2211068592000, 0.6512229, 9.816227, 0.02873042
2211079807000, 0.62249243, 9.825804, 0.10534488
2211090139000, 0.59376204, 9.80665, 0.1436521
2211100197000, 0.60333884, 9.797073, 0.12449849
2211110161000, 0.62249243, 9.787497, 0.10534488
2211130424000, 0.6512229, 9.768343, 0.05746084
2211140772000, 0.63206923, 9.825804, 0.08619126
2211160268000, 0.6607997, 9.825804, 0.08619126
2211170200000, 0.6799533, 9.844957, 0.019153614
2211180584000, 0.6703765, 9.835381, -0.02873042
2211200695000, 0.6799533, 9.825804, -0.047884032
2211220750000, 0.60333884, 9.835381, 0.019153614
2211241252000, 0.60333884, 9.892841, -0.009576807
2211251060000, 0.59376204, 9.883265, 0.047884032
2211261497000, 0.58418524, 9.864111, 0.05746084
2211271518000, 0.61291564, 9.825804, 0.06703765
2211282423000, 0.6607997, 9.787497, 0.02873042
2211292541000, 0.6991069, 9.739613, 0.0
2211302632000, 0.6703765, 9.758766, -0.009576807
2211313351000, 0.6512229, 9.768343, 0.0
2211333039000, 0.6607997, 9.911995, 0.047884032
2211343599000, 0.641646, 9.921572, 0.038307227
2211353741000, 0.6512229, 9.844957, 0.047884032
2211363729000, 0.6607997, 9.77792, 0.06703765
2211375111000, 0.6799533, 9.768343, -0.019153614
2211384393000, 0.6991069, 9.80665, -0.08619126
2211394787000, 0.6895301, 9.844957, -0.12449849
2211404279000, 0.6512229, 9.892841, -0.095768064
2211414391000, 0.62249243, 9.854534, -0.02873042
2211424868000, 0.61291564, 9.80665, 0.047884032
2211434623000, 0.6512229, 9.787497, 0.095768064
2211454830000, 0.6895301, 9.80665, 0.047884032
2211465633000, 0.6512229, 9.787497, -0.019153614
2211475748000, 0.61291564, 9.797073, -0.009576807
2211498020000, 0.63206923, 9.844957, 0.019153614
2211518037000, 0.6895301, 9.902418, -0.02873042
2211528863000, 0.7469909, 9.873688, -0.019153614
2211549146000, 0.7278373, 9.835381, 0.0
2211559204000, 0.6991069, 9.816227, -0.009576807
2211569227000, 0.6895301, 9.873688, 0.009576807
2211579583000, 0.6512229, 9.864111, 0.047884032
2211590204000, 0.60333884, 9.835381, 0.06703765
2211609582000, 0.61291564, 9.80665, 0.02873042
2211619614000, 0.62249243, 9.797073, 0.076614454
2211629996000, 0.63206923, 9.816227, 0.05746084
2211640742000, 0.6512229, 9.844957, 0.019153614
2211649942000, 0.641646, 9.835381, -0.009576807
2211660295000, 0.6512229, 9.816227, 0.019153614
2211670286000, 0.641646, 9.77792, 0.02873042
2211680509000, 0.6703765, 9.787497, 0.06703765
2211691346000, 0.6607997, 9.80665, 0.05746084
2211720861000, 0.7086837, 9.835381, 0.06703765
2211741255000, 0.7278373, 9.854534, 0.038307227
2211751166000, 0.6991069, 9.873688, 0.02873042
2211761472000, 0.7182605, 9.854534, 0.038307227
