#Rate of rotation around the x y z axes (Angular velocity).
#timestamp(ns),x,y,z(rad/s)
#Datetime: 14/05/2015 16:12:21
##########################################
#Activity: 9 - CSO - Car Step-out - 6s
#Subject ID: 52
#First Name: sub52
#Last Name: sub52
#Age: 20
#Height(cm): 179
#Weight(kg): 79
#Gender: Male
##########################################

@DATA
4511045102000, -0.01863139, -0.0067195175, 0.007330383
4511050224000, -0.011301007, 0.007330383, 0.0027488936
4511055104000, -0.014966198, 0.007330383, 0.005192355
4511060115000, -0.018020526, -0.0012217305, 0.013133603
4511065455000, -0.015882496, 0.004276057, 0.012217305
4511070117000, -0.014966198, 0.008552114, 0.00580322
4511075141000, -0.015577064, 0.004886922, 0.01160644
4511080105000, -0.013439035, 0.0015271631, 0.01160644
4511085196000, -0.01863139, -0.002443461, 0.011301007
4511090133000, -0.008246681, 0.003970624, 0.009162978
4511095103000, -0.0143553335, -0.0012217305, 0.011911872
4511100189000, -0.02076942, -0.01160644, -0.008552114
4511105106000, -0.013133603, -0.0027488936, 0.0030543262
4511110116000, -0.013439035, -0.008246681, 0.0030543262
4511115097000, -0.02076942, -0.00580322, 0.0012217305
4511120144000, -0.011911872, -0.009162978, -0.004581489
4511125095000, -0.009468411, -0.008857546, 9.162979E-4
4511130124000, -0.0125227375, -0.006414085, 0.006414085
4511135167000, -0.015882496, 0.0012217305, 0.0061086523
4511140123000, -0.014049901, 0.004276057, 0.008552114
4511145079000, -0.013133603, 0.0036651916, 0.004581489
4511150208000, -0.016493361, 0.002443461, 0.011301007
4511155107000, -0.021991149, -0.0067195175, 0.006414085
4511160111000, -0.011911872, 0.0030543262, 0.008246681
4511165110000, -0.012217305, 0.0030543262, 0.007941248
4511170131000, -0.013133603, 0.0033597588, 0.0027488936
4511175116000, -0.008246681, -6.1086525E-4, 0.007330383
4511180140000, -0.012217305, 0.0061086523, 0.004581489
4511185218000, -0.020158553, -9.162979E-4, 0.003970624
4511190127000, -0.015577064, 0.0033597588, 0.014660766
4511195102000, -0.020158553, 0.010995574, 0.0076358155
4511200213000, -0.026267206, 0.0033597588, 0.0061086523
4511205113000, -0.019547688, 0.0061086523, 0.0036651916
4511210115000, -0.019242255, 0.0067195175, 0.0030543262
4511215108000, -0.016187929, 0.002443461, 0.0067195175
4511220122000, -0.020158553, -0.0018325958, -0.0018325958
4511225120000, -6.1086525E-4, 0.008246681, 0.007330383
4511230141000, -0.01038471, 0.013439035, 0.0125227375
4511235390000, -0.020463986, 0.01282817, 0.015577064
4511240119000, -0.01863139, 0.009468411, 0.016798794
4511245118000, -0.018936822, 0.0067195175, 0.0033597588
4511250113000, -0.018325957, 0.003970624, 0.009773844
4511255131000, -0.015271631, 0.016187929, 0.017104227
4511260077000, -0.016798794, 0.011911872, 0.008857546
4511265111000, -0.013439035, 0.010079277, 0.013133603
4511270070000, -0.0125227375, 0.0143553335, 0.006414085
4511275147000, -0.015577064, 0.004276057, 0.010995574
4511280102000, -0.02107485, 0.004581489, 0.011911872
4511285195000, -0.02076942, 0.006414085, 0.008857546
4511290071000, -0.016187929, 0.008246681, 0.008552114
4511295095000, -0.0143553335, 0.01282817, 0.008552114
4511300203000, -0.010995574, 0.0033597588, 0.016493361
4511305109000, -0.022602014, 0.00580322, 0.0106901415
4511310078000, -0.013133603, -0.005497787, 0.015882496
4511315116000, -0.009162978, -0.02076942, 0.009773844
4511320942000, -0.0030543262, -0.04062254, 0.008246681
4511325118000, 6.1086525E-4, -0.062308256, 0.007941248
4511330109000, -0.0027488936, -0.08674286, 0.021991149
4511335234000, 0.01863139, -0.103847094, 0.022296581
4511340216000, 0.01985312, -0.1328632, 0.02107485
4511345125000, 0.030848695, -0.16371189, 0.0143553335
4511350177000, 0.036957346, -0.20708331, 0.014049901
4511355107000, 0.047036625, -0.23762658, 0.0070249503
4511360084000, 0.057726767, -0.25717425, 0.0061086523
4511365082000, 0.064446285, -0.29352075, -3.0543262E-4
4511370071000, 0.07941248, -0.33169982, 0.005192355
4511375107000, 0.08246681, -0.36010507, -3.0543262E-4
4511380115000, 0.11453723, -0.37110063, -0.005192355
4511385213000, 0.13775012, -0.37965274, -0.011911872
4511390129000, 0.16798794, -0.3753767, -0.007941248
4511395127000, 0.1957823, -0.37995818, -0.008246681
4511400145000, 0.22937989, -0.3753767, -0.007330383
4511405132000, 0.2678644, -0.38973203, -0.0067195175
4511410128000, 0.3222314, -0.43982297, -0.0125227375
4511415102000, 0.3735441, -0.50976706, -0.0030543262
4511420137000, 0.41996986, -0.6096435, -0.005497787
4511425115000, 0.46211955, -0.68477994, -0.005192355
4511430147000, 0.48502702, -0.75228053, -0.018936822
4511435108000, 0.49754974, -0.8042041, -0.029321533
4511440127000, 0.49480084, -0.82650065, -0.031154128
4511445117000, 0.4981606, -0.8378017, -0.04153884
4511450141000, 0.50976706, -0.8396343, -0.04520403
4511455126000, 0.5122105, -0.8051204, -0.059864793
4511460108000, 0.50640726, -0.77121735, -0.07360926
4511465120000, 0.5015204, -0.67103547, -0.077579886
4511470137000, 0.5195409, -0.5647449, -0.08460484
4511475115000, 0.54061574, -0.50426924, -0.0888809
4511480125000, 0.56688297, -0.48441613, -0.070554934
4511485186000, 0.5864306, -0.47891834, -0.05681047
4511490117000, 0.627664, -0.44898596, -0.053145275
4511495115000, 0.6930266, -0.42088616, -0.043982297
4511500130000, 0.7825184, -0.3817908, -0.029321533
4511505127000, 0.88147855, -0.3118467, -0.015577064
4511510123000, 0.9999864, -0.22968534, 0.0070249503
4511515123000, 1.1313224, -0.16126843, 0.025350908
4511520120000, 1.2812898, -0.11362094, 0.046731193
4511525115000, 1.4223998, -0.11056661, 0.051618114
4511530198000, 1.5360206, -0.18417588, 0.062002823
4511535135000, 1.6423112, -0.38087448, 0.054367006
4511540128000, 1.7327193, -0.43188173, 0.03726278
4511545115000, 1.8252654, -0.31031954, 0.043982297
4511550159000, 1.919644, -0.15882497, 0.07666359
4511555087000, 2.0146337, -0.116980694, 0.12003502
4511560120000, 2.080607, -0.053145275, 0.13652839
4511565109000, 2.112983, -0.029626964, 0.17837265
4511570128000, 2.1481075, -0.021685716, 0.21868975
4511575054000, 2.1468859, -0.0018325958, 0.2593123
4511580179000, 2.1160371, 0.054061573, 0.29016098
4511585183000, 2.0576997, 0.10995574, 0.30543262
4511590119000, 1.9911152, 0.15974127, 0.2932153
4511595075000, 1.9401081, 0.2125811, 0.25900686
4511600226000, 1.9251418, 0.25900686, 0.20677789
4511605108000, 1.9367483, 0.3136793, 0.14202617
4511610117000, 1.9685133, 0.3463606, 0.0852157
4511615094000, 2.0357084, 0.36071593, 0.035124753
4511620118000, 2.1132884, 0.3848451, 0.008246681
4511625221000, 2.1868975, 0.3659083, -0.010995574
4511630116000, 2.2531765, 0.3304781, -0.024740042
4511635129000, 2.3145685, 0.32986724, -0.050396383
4511640105000, 2.3402247, 0.37965274, -0.064446285
4511646277000, 2.3338106, 0.43890667, -0.076052725
4511650168000, 2.300213, 0.5183192, -0.100792766
4511655110000, 2.2379048, 0.5717699, -0.1001819
4511660102000, 2.2162192, 0.64812803, -0.11178834
4511665116000, 2.1572707, 0.6945538, -0.14263703
4511670104000, 2.0928242, 0.6951646, -0.20769419
4511675106000, 2.0463986, 0.6600399, -0.28955013
4511680094000, 2.0137172, 0.5919284, -0.36957347
4511685167000, 1.992337, 0.5421429, -0.4456262
4511690090000, 1.9795089, 0.48563787, -0.4972443
4511695110000, 1.9843957, 0.46731192, -0.5360342
4511700155000, 2.0143282, 0.49205196, -0.55833083
4511705139000, 2.0463986, 0.5497787, -0.57543504
4511710099000, 2.0638082, 0.6563747, -0.59559363
4511715642000, 2.0665572, 0.81489426, -0.5867361
4511720091000, 2.0366247, 0.947452, -0.5665775
4511725104000, 1.996613, 1.0684034, -0.54336464
4511730113000, 1.9462167, 1.1725558, -0.53023106
4511735136000, 1.8793269, 1.2431108, -0.5204572
4511740137000, 1.8167132, 1.2925909, -0.5140431
4511745100000, 1.7418822, 1.2644911, -0.46914452
4511750136000, 1.681712, 1.2400564, -0.4343252
4511755110000, 1.6194037, 1.2076806, -0.41630468
4511760071000, 1.5763378, 1.1670581, -0.36743546
4511765129000, 1.5149459, 1.1389582, -0.33383787
4511770095000, 1.4526376, 1.1313224, -0.30482176
4511775075000, 1.3955216, 1.097114, -0.29993483
4511780087000, 1.3460416, 1.0580186, -0.3173445
4511785593000, 1.2782356, 1.024421, -0.33658674
4511790084000, 1.2034045, 0.9783007, -0.36865717
4511795073000, 1.0937542, 0.96486163, -0.4007276
4511800102000, 0.9831876, 0.95569867, -0.4202753
4511805031000, 0.8729264, 0.9663888, -0.4373795
4511810063000, 0.8038987, 0.93737274, -0.43218717
4511815058000, 0.68752885, 0.93279123, -0.4560109
4511819999000, 0.56505036, 0.890947, -0.4792238
4511824996000, 0.46639562, 0.86345804, -0.52412236
4511830044000, 0.3387248, 0.8185594, -0.5742133
4511835097000, 0.22418754, 0.7464773, -0.59559363
4511840039000, 0.124005646, 0.63438356, -0.5925393
4511845021000, 0.021380283, 0.56779927, -0.55833083
4511850257000, -0.06811147, 0.52839845, -0.5018258
4511855056000, -0.118507855, 0.42485678, -0.47800204
4511860072000, -0.19150625, 0.35521814, -0.42638394
4511865066000, -0.27183503, 0.30085114, -0.3717115
4511870086000, -0.36254853, 0.23426682, -0.31795537
4511875052000, -0.4474588, 0.18661933, -0.27366763
4511880066000, -0.5235115, 0.13408493, -0.22296582
4511885174000, -0.5900958, 0.087659165, -0.16218472
4511890059000, -0.66981375, 0.028710667, -0.095294975
4511895051000, -0.743423, -0.028405234, -0.034513887
4511900995000, -0.7987063, -0.14080444, 0.04734206
4511905103000, -0.89888823, -0.17012598, 0.11148291
4511910053000, -0.98746365, -0.21594086, 0.16554448
4511915108000, -1.0549643, -0.27488935, 0.23823744
4511920125000, -1.1129965, -0.30879238, 0.30451632
4511925104000, -1.1478158, -0.3115413, 0.38056904
4511930127000, -1.1691961, -0.30543262, 0.45753807
4511935140000, -1.1939361, -0.30024028, 0.54183745
4511940109000, -1.2223413, -0.2846632, 0.6252206
4511945115000, -1.239751, -0.27488935, 0.6969972
4511950207000, -1.2596041, -0.2751948, 0.77457714
4511955146000, -1.2718215, -0.28191432, 0.8167268
4511960071000, -1.3075571, -0.28405234, 0.8940013
4511965145000, -1.3497068, -0.30024028, 0.9755518
4511970848000, -1.3723087, -0.3155119, 1.0500773
4511975127000, -1.3814718, -0.31642818, 1.1209377
4511980107000, -1.3976597, -0.31856623, 1.185384
4511985197000, -1.4022411, -0.33261612, 1.2592987
4511990124000, -1.3939945, -0.33475417, 1.3249667
4511995077000, -1.3704761, -0.28985557, 1.3930782
4512000332000, -1.3588698, -0.24098633, 1.464244
4512005044000, -1.3494014, -0.24648413, 1.5311338
4512010034000, -1.3414601, -0.27030787, 1.5833627
4512014998000, -1.3249667, -0.28955013, 1.6349808
4512020061000, -1.3185526, -0.3005457, 1.6856827
4512025030000, -1.2681563, -0.28405234, 1.740966
4512029999000, -1.2119566, -0.26297748, 1.7971655
4512035002000, -1.1294898, -0.26389378, 1.7825048
4512040521000, -1.0338894, -0.23090707, 1.8356501
4512044956000, -0.9410379, -0.20616703, 1.8680259
4512050246000, -0.8970556, -0.15088372, 1.953547
4512055055000, -0.8210029, -0.09560041, 1.9990565
4512060059000, -0.74128497, -0.013133603, 2.0320432
4512065096000, -0.68294734, 0.06566802, 2.0525072
4512070107000, -0.6432411, 0.12339478, 2.084883
4512075072000, -0.6075055, 0.13561209, 2.1163425
4512080080000, -0.589485, 0.105068825, 2.1471913
4512085159000, -0.57940567, 0.05009095, 2.1859813
4512090101000, -0.57726765, -0.011911872, 2.205529
4512095071000, -0.5900958, -0.035430185, 2.2317963
4512100257000, -0.59681535, -0.008857546, 2.2305744
4512105235000, -0.59131753, 0.032070424, 2.2262983
4512110278000, -0.5858198, 0.08002335, 2.2061398
4512115126000, -0.5839872, 0.09315695, 2.189952
4512120127000, -0.5873469, 0.08674286, 2.1658227
4512125065000, -0.5852089, 0.063224554, 2.1337523
4512130124000, -0.5739079, 0.035430185, 2.1099286
4512135143000, -0.55955255, 0.019547688, 2.0992384
4512140136000, -0.5421429, 0.029321533, 2.0616703
4512145076000, -0.5308419, 0.038179077, 2.0405953
4512150178000, -0.5180137, 0.058337633, 1.9990565
4512155103000, -0.5109888, 0.10781772, 1.9724839
4512160117000, -0.52778757, 0.15699236, 1.9679024
4512165153000, -0.5366451, 0.17470746, 1.9578232
4512170127000, -0.56230146, 0.19975294, 1.9297233
4512175119000, -0.6072, 0.23365596, 1.8985692
4512180295000, -0.6649268, 0.19853121, 1.8689423
4512185238000, -0.70738196, 0.19242255, 1.8173242
4512190133000, -0.71929383, 0.15974127, 1.7510452
4512195098000, -0.75502944, 0.14110987, 1.6701056
4512200181000, -0.7602218, 0.11362094, 1.5726726
4512205112000, -0.7583892, 0.13225232, 1.4770721
4512210095000, -0.7593055, 0.18142697, 1.3796391
4512215098000, -0.75411314, 0.21685717, 1.3045027
4512220089000, -0.77091193, 0.21777347, 1.2516629
4512225107000, -0.766025, 0.19486602, 1.1633929
4512230120000, -0.77366084, 0.21227567, 1.0247264
4512235426000, -0.7706065, 0.19700404, 0.8756753
4512240172000, -0.743423, 0.17165314, 0.7516697
4512245105000, -0.6927212, 0.15577064, 0.6844745
4512250182000, -0.6719518, 0.10934488, 0.56291234
4512255141000, -0.63346726, 0.03390302, 0.4184427
4512260081000, -0.6203337, -0.076358154, 0.28985557
4512265111000, -0.627664, -0.19547687, 0.16707164
4512270102000, -0.64873886, -0.29840767, 0.05497787
4512275104000, -0.68203104, -0.3662137, -0.051923547
4512280121000, -0.7131852, -0.4202753, -0.14660765
4512285160000, -0.72265357, -0.43799037, -0.23304509
4512290340000, -0.7266242, -0.39492437, -0.33933565
4512295976000, -0.71593404, -0.35430184, -0.45051312
4512300159000, -0.70005155, -0.3436117, -0.5421429
4512305107000, -0.6649268, -0.35277468, -0.625526
4512310076000, -0.6453791, -0.37934732, -0.68844515
4512315110000, -0.6239988, -0.4361578, -0.74128497
4512320139000, -0.59559363, -0.44501534, -0.784351
4512325106000, -0.58093286, -0.4578435, -0.79779
4512330248000, -0.56169057, -0.48930305, -0.795652
4512335213000, -0.5519168, -0.516792, -0.7733554
4512340149000, -0.5412266, -0.52503866, -0.7449502
4512345109000, -0.5329799, -0.552833, -0.72784597
4512350238000, -0.5369505, -0.5681047, -0.68203104
4512355108000, -0.5296202, -0.6059783, -0.6261369
4512360111000, -0.54702985, -0.63346726, -0.5540548
4512365909000, -0.5354234, -0.64660084, -0.45051312
4512370127000, -0.51923543, -0.6600399, -0.42363504
4512375103000, -0.52503866, -0.6936375, -0.364992
4512380129000, -0.50243664, -0.72112644, -0.29993483
4512385215000, -0.48197266, -0.8045095, -0.22999077
4512390147000, -0.45020768, -0.86009824, -0.14110987
4512395109000, -0.41630468, -0.8393288, -0.06383542
4512400242000, -0.38881573, -0.82986045, -0.016187929
4512405121000, -0.37812558, -0.7993172, 0.04337143
4512410119000, -0.36102137, -0.81183994, 0.093767814
4512415121000, -0.3549127, -0.8454375, 0.1554652
4512420138000, -0.32742378, -0.8790351, 0.21319197
4512425096000, -0.29718593, -0.9062186, 0.25228736
4512430093000, -0.27397305, -0.9300423, 0.3100141
4512435420000, -0.2510656, -0.9993755, 0.37415496
4512440121000, -0.21227567, -1.1612549, 0.47250426
4512445070000, -0.14905111, -1.7935003, 0.9068295
4512450179000, 0.04734206, -1.7235563, 0.8927795
4512455075000, 0.008857546, -1.7403551, 0.88300574
4512460128000, -0.026267206, -1.7186694, 0.9642508
4512465107000, -0.04795292, -1.6820174, 1.0280862
4512470126000, -0.05009095, -1.6481144, 1.0497719
4512475113000, -0.01985312, -1.6303993, 1.0888673
4512480088000, 0.0143553335, -1.6236799, 1.104139
4512485231000, 0.05100725, -1.627345, 1.1023064
4512490085000, 0.09407325, -1.6426166, 1.1148291
4512495128000, 0.13805555, -1.6759088, 1.1059716
4512500190000, 0.15974127, -1.6841555, 1.1261301
4512505098000, 0.17715092, -1.7421877, 1.0720685
4512510096000, 0.19425514, -1.8096883, 1.0418307
4512515111000, 0.2406809, -1.861001, 0.98532563
4512520081000, 0.2874121, -1.9184223, 0.90224797
4512525104000, 0.31642818, -1.9682078, 0.8512407
4512530103000, 0.31642818, -2.0134118, 0.82833326
4512535154000, 0.29993483, -2.0421226, 0.7901542
4512540162000, 0.2919936, -2.0879374, 0.7611381
4512545139000, 0.2910773, -2.111761, 0.7492262
4512550189000, 0.2764165, -2.0277672, 0.7324274
4512555091000, 0.26328292, -1.887879, 0.79198676
4512560096000, 0.24770586, -1.783421, 0.84788096
4512565111000, 0.2864958, -1.6606371, 0.91599244
4512570094000, 0.34697145, -1.4804319, 0.9798279
4512575101000, 0.3747658, -1.3390167, 1.0577132
4512580100000, 0.39675698, -1.2394456, 1.1533136
4512585183000, 0.45448375, -1.1074986, 1.2528846
4512590082000, 0.48930305, -1.01312, 1.3292428
4512595146000, 0.5476407, -0.9114109, 1.3805555
4512600206000, 0.59498274, -0.8695667, 1.3875804
4512605135000, 0.589485, -0.75228053, 1.35551
4512610081000, 0.5674938, -0.6969972, 1.2476922
4512615114000, 0.50915617, -0.6933321, 1.1276573
4512620921000, 0.40378192, -0.6444628, 0.99021256
4512625097000, 0.2611449, -0.5839872, 0.8509353
4512630075000, 0.08246681, -0.46731192, 0.69913524
4512635158000, -0.0842994, -0.4147775, 0.5537493
4512640088000, -0.23793201, -0.22602014, 0.47861293
4512645149000, -0.3313944, 0.039095376, 0.36560285
4512650262000, -0.5140431, 0.12797627, 0.2950479
4512655130000, -0.59895337, 0.082161374, 0.28099802
4512660120000, -0.5644395, -0.1731803, 0.26542094
4512665126000, -0.38362336, -0.058337633, 0.31337386
4512670214000, -0.33567044, 0.06963864, 0.39095375
4512675118000, -0.34147367, 0.40378192, 0.5039638
4512680130000, -0.43035457, 0.44715336, 0.52381694
4512685227000, -0.39522982, 0.5552765, 0.51068336
4512690731000, -0.42638394, 0.5564982, 0.47067168
4512695127000, -0.41508293, 0.57879484, 0.42424592
4512700170000, -0.39920044, 0.59498274, 0.40439278
4512705124000, -0.37751472, 0.57940567, 0.38698313
4512710119000, -0.31978795, 0.4269948, 0.39400807
4512715121000, -0.17501289, 0.17501289, 0.4352415
4512720144000, 0.006414085, -0.062002823, 0.45998153
4512725125000, 0.15943582, -0.23457226, 0.49510628
4512730122000, 0.25870144, -0.2770274, 0.5357288
4512735237000, 0.31795537, -0.28008172, 0.6032294
4512740190000, 0.3827071, -0.25473082, 0.6389651
4512745092000, 0.41630468, -0.23396139, 0.700357
4512750386000, 0.47311515, -0.22296582, 0.7620544
4512755097000, 0.5045747, -0.21624629, 0.8145888
4512760094000, 0.5305365, -0.20372356, 0.85154617
4512765113000, 0.5739079, -0.22143865, 0.8940013
4512770085000, 0.61575216, -0.2321288, 0.9379836
4512775073000, 0.64721173, -0.27855456, 0.9868528
4512780103000, 0.6704246, -0.32162055, 1.0369438
4512785098000, 0.7150178, -0.34574974, 1.0754282
4512790077000, 0.7654142, -0.34513888, 1.1001683
4512795094000, 0.784351, -0.32589662, 1.1200215
4512800152000, 0.80848014, -0.30482176, 1.1459832
4512805099000, 0.82619524, -0.28588495, 1.1652255
4512810143000, 0.84665924, -0.29443705, 1.1917981
4512815095000, 0.8713993, -0.31795537, 1.2012665
4512830547000, 0.8891144, -0.4034765, 1.2654073
4512835563000, 0.86437434, -0.38728857, 1.2760975
4512840121000, 0.84238315, -0.4007276, 1.2910637
4512845112000, 0.8417723, -0.4279111, 1.3182472
4512850279000, 0.8542951, -0.4474588, 1.3579534
4512855028000, 0.8567385, -0.4456262, 1.3848315
4512860025000, 0.8762862, -0.44043383, 1.4278975
4512865001000, 0.90133166, -0.40866885, 1.4563028
4512870035000, 0.9071349, -0.4147775, 1.4892895
4512874972000, 0.93554014, -0.43982297, 1.5137241
4512879989000, 0.945314, -0.4801401, 1.5421293
4512884991000, 0.9630291, -0.52381694, 1.566564
4512890034000, 0.98746365, -0.5308419, 1.6022996
4512894962000, 1.0155635, -0.5119051, 1.6337591
4512900268000, 1.0650436, -0.52290064, 1.6658295
4512905062000, 1.1178834, -0.5332854, 1.7052304
4512910097000, 1.1481212, -0.54519725, 1.7314975
4512915089000, 1.1756102, -0.56169057, 1.756543
4512920105000, 1.2018774, -0.5635232, 1.7660115
4512925078000, 1.2043208, -0.5467244, 1.7763962
4512930099000, 1.2018774, -0.5360342, 1.7809776
4512935122000, 1.1979067, -0.52564955, 1.7785342
4512940155000, 1.2061534, -0.50854534, 1.7910569
4512945075000, 1.2134838, -0.4746423, 1.8057177
4512950152000, 1.2186762, -0.43493605, 1.8411479
4512955111000, 1.2370021, -0.38881573, 1.8839084
4512960106000, 1.2321151, -0.34605515, 1.9370537
4512965124000, 1.2363913, -0.31429017, 1.9856175
4512970116000, 1.2406673, -0.30726522, 2.022575
4512975125000, 1.246776, -0.32589662, 2.0589213
4512980116000, 1.2614367, -0.37110063, 2.079996
4512985262000, 1.2568552, -0.40958515, 2.1132884
4512990230000, 1.2846496, -0.4269948, 2.1389446
4512995126000, 1.3069462, -0.4251622, 2.16399
4513000124000, 1.3307699, -0.3839288, 2.1859813
4513005123000, 1.3707817, -0.40866885, 2.1951442
4513010124000, 1.427592, -0.44776422, 2.19209
4513015187000, 1.475545, -0.47036624, 2.1902573
4513020109000, 1.5134187, -0.4550946, 2.191479
4513025118000, 1.5146403, -0.45173484, 2.1835377
4513030095000, 1.5183055, -0.441961, 2.189341
4513035169000, 1.50731, -0.41874814, 2.1960607
4513040180000, 1.488984, -0.45448375, 2.195755
4513045098000, 1.4770721, -0.52473325, 2.189952
4513050870000, 1.4825699, -0.63407815, 2.1810944
4513055107000, 1.4443909, -0.6603453, 2.1755965
4513060101000, 1.4251486, -0.675617, 2.1731532
4513065091000, 1.3545936, -0.64660084, 2.1740694
4513070103000, 1.2980887, -0.5384777, 2.182316
4513075098000, 1.244638, -0.42424592, 2.1853704
4513080101000, 1.2458596, -0.34055737, 2.16399
4513085254000, 1.284955, -0.26175576, 2.147802
4513090140000, 1.3026701, -0.2406809, 2.1533
4513095078000, 1.2861768, -0.17104226, 2.1523838
4513100117000, 1.2406673, -0.09712757, 2.1368067
4513105130000, 1.1881329, -0.05681047, 2.112372
4513110098000, 1.1453724, -0.042760566, 2.0912971
4513115121000, 1.1246029, -0.008857546, 2.0595322
4513120660000, 1.0995574, 0.03970624, 2.0060816
4513125087000, 1.0454959, 0.07666359, 1.9828686
4513130126000, 1.0164797, 0.108123146, 1.9199494
4513135194000, 0.926988, 0.10567969, 1.8402315
4513140148000, 0.8136725, 0.10903945, 1.7571539
4513145087000, 0.7021896, 0.118507855, 1.6649132
4513150269000, 0.5925393, 0.1151481, 1.5757269
4513155066000, 0.4801401, 0.12095132, 1.4862351
4513160057000, 0.35735616, 0.13775012, 1.3891076
4513165055000, 0.2434298, 0.12186762, 1.2922854
4513170036000, 0.14538592, 0.057421334, 1.2040154
4513174990000, 0.062308256, -0.014966198, 1.1224649
4513180077000, -0.0076358155, -0.087659165, 1.0436633
4513185133000, -0.07422013, -0.16157386, 0.9810496
4513189996000, -0.116980694, -0.20708331, 0.9245446
4513195000000, -0.14905111, -0.22968534, 0.87872964
4513200126000, -0.15668693, -0.2574797, 0.85154617
4513204976000, -0.15118915, -0.3417791, 0.82986045
4513209981000, -0.15485434, -0.40866885, 0.82863873
4513215039000, -0.1572978, -0.40591997, 0.7974846
4513219978000, -0.16676621, -0.4025602, 0.7678576
4513224977000, -0.17592919, -0.46883908, 0.7284568
4513230035000, -0.18661933, -0.53969944, 0.7150178
4513235058000, -0.2134974, -0.59864795, 0.70646566
4513240000000, -0.2501493, -0.6282749, 0.73426
4513244961000, -0.2773328, -0.6243043, 0.7706065
4513250109000, -0.29168814, -0.6273586, 0.82344633
4513254969000, -0.29046643, -0.62796944, 0.88208944
4513259997000, -0.26267207, -0.71837753, 0.9767735
4513265053000, -0.21166481, -0.6246097, 1.0253373
4513269996000, -0.17745635, -0.54611355, 1.0332786
4513274981000, -0.160963, -0.5540548, 1.022283
4513280041000, -0.172264, -0.6056729, 1.0183123
4513285063000, -0.19853121, -0.64812803, 1.022283
4513290002000, -0.2180789, -0.6927212, 1.0305296
4513294996000, -0.24007004, -0.7089091, 1.0564915
4513300076000, -0.24495697, -0.7272351, 1.1099422
4513305000000, -0.25961772, -0.700357, 1.1410962
4513309991000, -0.25961772, -0.66156703, 1.1621711
4513315041000, -0.27672195, -0.65087694, 1.1890492
4513320026000, -0.28496864, -0.6597345, 1.1917981
4513325025000, -0.28680122, -0.6921103, 1.1850786
4513330044000, -0.30298916, -0.75594574, 1.1615603
4513335043000, -0.33841935, -0.8579602, 1.1319333
4513340041000, -0.36957347, -0.9245446, 1.1111639
4513345026000, -0.39553526, -0.94225967, 1.0876455
4513350070000, -0.4279111, -0.93370754, 1.0684034
4513355020000, -0.44868052, -0.8906415, 1.035722
4513360034000, -0.4605924, -0.8472701, 0.9941832
4513364980000, -0.47342056, -0.8127562, 0.9297369
4513370063000, -0.48349985, -0.8368854, 0.895223
4513375108000, -0.5015204, -0.9080512, 0.883922
4513379983000, -0.5381723, -0.981355, 0.8707884
4513385054000, -0.57726765, -1.0586295, 0.87598073
4513389998000, -0.5882632, -1.0934488, 0.88606006
4513394986000, -0.61575216, -1.094976, 0.8738427
4513400303000, -0.64812803, -1.0998629, 0.86406887
4513405093000, -0.6768387, -1.1282681, 0.8594874
4513410135000, -0.7153232, -1.1603385, 0.8426886
4513415089000, -0.76052725, -1.1685852, 0.8472701
4513420130000, -0.8014552, -1.2403619, 0.86376345
4513425066000, -0.8222246, -1.2880094, 0.8772025
4513430112000, -0.86529064, -1.2089024, 0.8481864
4513435303000, -0.9129381, -1.0910053, 0.7870999
4513440132000, -0.9602802, -1.0528263, 0.75411314
4513445569000, -0.9819659, -1.0503827, 0.7657196
4513450244000, -1.0140363, -1.0375546, 0.77732605
4513455122000, -1.0134255, -1.0858129, 0.8374963
4513460126000, -1.0369438, -1.0403035, 0.8604037
4513465134000, -1.0149527, -0.93401295, 0.8549059
4513470112000, -0.98990715, -0.8881981, 0.84329945
4513475109000, -0.9822713, -0.8863655, 0.82527894
4513480092000, -1.0005972, -0.8891144, 0.79717916
4513485198000, -1.0140363, -0.8689558, 0.7611381
4513490130000, -1.0173961, -0.86834496, 0.7302894
4513495102000, -1.0366384, -0.8933904, 0.68508536
4513500325000, -1.0567969, -0.9440922, 0.65240407
4513505121000, -1.0586295, -1.003957, 0.6053675
4513510105000, -1.0473285, -1.0629056, 0.569021
4513515585000, -1.0262536, -1.1325442, 0.53969944
4513520107000, -0.9999864, -1.1588113, 0.52870387
4513525104000, -0.98440933, -1.201572, 0.49449542
4513530090000, -0.9502009, -1.2198979, 0.49388456
4513535209000, -0.88514376, -1.205848, 0.49235737
4513540101000, -0.7959574, -1.1801916, 0.49388456
4513545099000, -0.6976081, -1.1640037, 0.50518554
4513550168000, -0.58032197, -1.1704178, 0.5152648
4513555137000, -0.45906523, -1.1969905, 0.5158757
4513560102000, -0.3408628, -1.2293663, 0.5204572
4513565113000, -0.22021692, -1.255328, 0.5342017
4513570106000, -0.1255328, -1.287704, 0.5503896
4513575103000, -0.06627888, -1.3267993, 0.5589417
4513580092000, -0.035124753, -1.3833044, 0.56169057
4513585206000, -0.019242255, -1.4785993, 0.5580254
4513590102000, -0.024129177, -1.5873333, 0.54611355
4513595097000, -0.032986723, -1.6777414, 0.5534439
4513600160000, -0.039095376, -1.7330247, 0.5479461
4513605108000, -0.026267206, -1.7715092, 0.5448918
4513610105000, -0.005192355, -1.781894, 0.5684101
4513615105000, 0.03176499, -1.78617, 0.5751296
4513620069000, 0.042760566, -1.783421, 0.59742624
4513625103000, 0.06780604, -1.790446, 0.6102544
4513630110000, 0.10903945, -1.7852536, 0.6065892
4513635123000, 0.14630222, -1.7742581, 0.6160576
4513640061000, 0.15302174, -1.7574593, 0.61666846
4513645103000, 0.18387043, -1.7314975, 0.6243043
4513650111000, 0.183565, -1.7150042, 0.6224717
4513655109000, 0.18845193, -1.674687, 0.6188065
4513660101000, 0.1994475, -1.6325374, 0.6072
4513665214000, 0.18051068, -1.5809193, 0.5870415
4513670126000, 0.17989981, -1.5360206, 0.5702427
4513675106000, 0.16187929, -1.4840971, 0.5531385
4513680156000, 0.15149458, -1.4648548, 0.5326745
4513685223000, 0.14019357, -1.4651603, 0.50640726
4513690181000, 0.106595986, -1.5057828, 0.4596761
4513695104000, 0.099571034, -1.5308284, 0.41355577
4513700820000, 0.06841691, -1.5338826, 0.37843102
4513705116000, 0.0571159, -1.5283848, 0.3643811
4513710079000, 0.036957346, -1.5238034, 0.3631594
4513715124000, 0.03176499, -1.5296066, 0.36743546
4513720131000, 0.027794369, -1.534188, 0.37598756
4513725127000, 0.027488936, -1.536326, 0.37690386
4513730159000, 0.027488936, -1.5259414, 0.4092797
4513735308000, 0.015882496, -1.4966198, 0.44898596
4513740183000, 0.004581489, -1.4978416, 0.473726
4513745117000, -0.01038471, -1.5012014, 0.49602258
4513750211000, -0.028710667, -1.5121969, 0.50946164
4513755105000, -0.03726278, -1.5650368, 0.54153204
4513760121000, -0.03176499, -1.600467, 0.5726862
4513765139000, -0.0027488936, -1.636508, 0.61666846
4513770604000, 0.05131268, -1.6313156, 0.63438356
4513775074000, 0.07391469, -1.5613716, 0.65301496
4513780072000, 0.055588737, -1.5586227, 0.68569624
4513785145000, 0.05131268, -1.5778649, 0.7104363
4513790074000, 0.04062254, -1.6074919, 0.7156286
4513795102000, 0.028405234, -1.6374242, 0.70707655
4513800132000, 0.023518313, -1.6615535, 0.68783426
4513805101000, 0.013439035, -1.7146988, 0.6542367
4513810117000, -0.0030543262, -1.7241671, 0.60994893
4513815527000, -0.014049901, -1.752267, 0.573297
4513830122000, 0.018020526, -1.7971655, 0.43951756
4513835119000, 0.047036625, -1.8212948, 0.3894266
4513840150000, 0.070554934, -1.8295414, 0.3481932
4513845128000, 0.07544186, -1.8344283, 0.3115413
4513850132000, 0.08032878, -1.8182404, 0.28221974
4513855033000, 0.08674286, -1.7950275, 0.24373524
4513860032000, 0.08857546, -1.7837266, 0.21868975
4513864998000, 0.101098195, -1.7974709, 0.17623462
4513870029000, 0.1459968, -1.7965547, 0.1414153
4513875033000, 0.2012801, -1.8063285, 0.105068825
4513879993000, 0.21227567, -1.8261817, 0.06505715
4513885133000, 0.21899518, -1.8286251, 0.042760566
4513890028000, 0.23151793, -1.8500054, 0.03023783
4513895020000, 0.2284636, -1.8805487, 0.025045475
4513900244000, 0.19120082, -1.9052887, 0.026267206
4513905087000, 0.1872302, -1.9126191, 0.03390302
4513910086000, 0.19333886, -1.9181169, 0.03481932
4513915076000, 0.20158553, -1.8628336, 0.03970624
4513920095000, 0.22174409, -1.813048, 0.044898596
4513925085000, 0.2302962, -1.7519615, 0.058643065
4513930066000, 0.22724187, -1.6881261, 0.0720821
4513935179000, 0.20372356, -1.6221527, 0.07880162
4513940094000, 0.18295415, -1.5604553, 0.086132
4513945070000, 0.16890424, -1.4856243, 0.08002335
4513950088000, 0.1563815, -1.4239268, 0.08460484
4513955083000, 0.15790866, -1.3561208, 0.07819075
4513960098000, 0.16401732, -1.2916746, 0.070249505
4513965089000, 0.15363261, -1.2360858, 0.069027774
4513970081000, 0.15515977, -1.1997393, 0.054367006
4513975104000, 0.1777618, -1.1453724, 0.06291912
4513980136000, 0.18478674, -1.1200215, 0.065973446
4513985204000, 0.2098322, -1.103528, 0.06994407
4513990222000, 0.21624629, -1.1026118, 0.0852157
4513995117000, 0.20525073, -1.1294898, 0.08460484
4514000111000, 0.18906279, -1.1468995, 0.082161374
4514005114000, 0.17501289, -1.1582005, 0.08246681
4514010124000, 0.17959438, -1.1502593, 0.086437434
4514015118000, 0.17745635, -1.1484267, 0.09468412
4514020088000, 0.16493362, -1.1450669, 0.105374254
4514025746000, 0.15363261, -1.1630874, 0.11789699
4514030084000, 0.15607607, -1.1902709, 0.13072516
4514035455000, 0.14049901, -1.205848, 0.1282817
4514040491000, 0.113926366, -1.2247849, 0.122478485
4514045109000, 0.080634214, -1.2247849, 0.113926366
4514050106000, 0.06352998, -1.1994339, 0.09101892
4514055104000, 0.023823744, -1.1453724, 0.07360926
4514060174000, 0.0015271631, -1.0974194, 0.057421334
4514065106000, -0.02687807, -1.0467176, 0.04337143
4514070135000, -0.03176499, -1.0198395, 0.04917465
4514075161000, -0.03573562, -1.0143417, 0.056199603
4514080130000, -0.018936822, -1.0186177, 0.076052725
4514085150000, -0.0067195175, -1.0238101, 0.09193522
4514090102000, 0.011911872, -1.0363328, 0.099265605
4514095725000, 0.0290161, -1.0412198, 0.106595986
4514100172000, 0.052534413, -1.0461067, 0.12767084
4514105102000, 0.07147124, -1.0497719, 0.14110987
4514110097000, 0.092240654, -1.0656544, 0.1600467
4514115102000, 0.12461651, -1.0998629, 0.17470746
4514120132000, 0.160963, -1.1349876, 0.18753563
4514125098000, 0.18753563, -1.1585059, 0.19211712
4514130098000, 0.19517145, -1.181108, 0.18784106
4514135177000, 0.21685717, -1.2027937, 0.1740966
4514140101000, 0.21563543, -1.2205088, 0.1554652
4514145099000, 0.20830505, -1.2281445, 0.13469578
4514150163000, 0.19517145, -1.2366967, 0.10995574
4514155101000, 0.18203785, -1.239751, 0.09285152
4514160097000, 0.16920967, -1.2501358, 0.0720821
4514165616000, 0.16890424, -1.2547172, 0.049785517
4514170130000, 0.1826487, -1.2611313, 0.032070424
4514175097000, 0.21930063, -1.2916746, 0.014966198
4514180118000, 0.27214047, -1.3252722, 9.162979E-4
4514185232000, 0.32986724, -1.3610078, -0.015271631
4514190133000, 0.36651915, -1.4019357, -0.015271631
4514195063000, 0.4016439, -1.426065, -0.010995574
4514200158000, 0.42546764, -1.4208726, -0.009773844
4514205083000, 0.43768495, -1.4187346, -0.004886922
4514210098000, 0.43463063, -1.3924674, 0.011911872
4514215089000, 0.42821655, -1.3530666, 0.036957346
4514220104000, 0.44409904, -1.3255776, 0.057726767
4514225075000, 0.4569272, -1.2660183, 0.08827003
4514230086000, 0.48380527, -1.1869112, 0.11148291
4514236164000, 0.49418998, -1.1010846, 0.12186762
4514240136000, 0.45234573, -1.0690142, 0.11484267
4514245055000, 0.42821655, -1.0210613, 0.09407325
4514250187000, 0.3643811, -0.9981538, 0.06414085
4514255084000, 0.30757064, -0.98349303, 0.030848695
4514260101000, 0.26450464, -0.98990715, -0.018325957
4514265079000, 0.26633725, -1.0051788, -0.105374254
4514270105000, 0.26389378, -1.0268645, -0.183565
4514275069000, 0.2648101, -1.0464121, -0.22815818
4514280105000, 0.28619036, -1.0302242, -0.26389378
4514285229000, 0.3100141, -1.0064005, -0.29626966
4514290211000, 0.35063666, -0.97494096, -0.33017266
4514295093000, 0.37690386, -0.9651671, -0.35460728
4514300159000, 0.40011674, -0.97127575, -0.36010507
4514305102000, 0.4016439, -0.99204516, -0.3930918
4514310107000, 0.41233405, -1.0250319, -0.43218717
4514315121000, 0.43585235, -1.063211, -0.4615087
4514320130000, 0.4709771, -1.1007792, -0.49174652
4514325117000, 0.5109888, -1.1609493, -0.52381694
4514330127000, 0.5705481, -1.2195925, -0.5626069
4514335168000, 0.65026605, -1.2751812, -0.5867361
4514340111000, 0.7290677, -1.3399329, -0.6056729
4514345116000, 0.81122905, -1.3912456, -0.6267477
4514350850000, 0.89827734, -1.4379768, -0.6407976
4514355123000, 0.9801333, -1.4993688, -0.65118235
4514360117000, 1.0577132, -1.5460999, -0.66523224
4514365125000, 1.0980303, -1.597718, -0.6737844
4514370124000, 1.135904, -1.6481144, -0.68966687
4514375114000, 1.1701124, -1.6896533, -0.7134906
4514380125000, 1.1921035, -1.6966782, -0.74006325
4514385271000, 1.1972959, -1.6939293, -0.7641924
4514390123000, 1.2049317, -1.6884315, -0.7788532
4514395116000, 1.2095132, -1.6966782, -0.8014552
4514400099000, 1.2360858, -1.7217237, -0.79809546
4514405125000, 1.2550226, -1.7669277, -0.7968737
4514410122000, 1.2971723, -1.8255708, -0.784351
4514415124000, 1.323745, -1.9168952, -0.7593055
4514420891000, 1.3573426, -2.0317378, -0.6966918
4514425118000, 1.3665055, -2.058616, -0.67347896
4514430125000, 1.359786, -2.1105394, -0.61758476
4514435213000, 1.3432927, -2.1679606, -0.5519168
4514440124000, 1.310306, -2.2198844, -0.48502702
4514445119000, 1.2730432, -2.264783, -0.42546764
4514450073000, 1.2394456, -2.2785273, -0.37323865
4514455162000, 1.201572, -2.284636, -0.33353242
4514460051000, 1.1606439, -2.2421808, -0.3042109
4514465132000, 1.1090258, -2.108096, -0.28924468
4514470086000, 1.056186, -1.9278907, -0.2828306
4514475122000, 1.0115929, -1.7742581, -0.27977628
4514480095000, 0.9621128, -1.6933185, -0.27122417
4514485200000, 0.9053023, -1.6560557, -0.269697
4514490664000, 0.84665924, -1.6548339, -0.25625798
4514495123000, 0.8038987, -1.6392568, -0.24281894
4514500141000, 0.784351, -1.5842791, -0.2284636
4514505122000, 0.7666359, -1.4859297, -0.18020524
4514510464000, 0.7742717, -1.3377949, -0.121256754
4514515127000, 0.7699956, -1.1633929, -0.046731193
4514520082000, 0.7504479, -1.0189233, 0.04550946
4514525123000, 0.72173727, -0.9184359, 0.13072516
4514530101000, 0.6753115, -0.8857546, 0.20738874
4514535172000, 0.61117065, -0.88606006, 0.2611449
4514540109000, 0.5503896, -0.9095783, 0.28771752
4514545114000, 0.49174652, -0.94989544, 0.30970868
4514550097000, 0.43218717, -0.9755518, 0.33536503
4514555129000, 0.36560285, -0.9957104, 0.35979962
4514560272000, 0.29718593, -1.0167851, 0.38637227
4514565120000, 0.24984388, -1.0396926, 0.38423425
4514570121000, 0.22815818, -1.0812315, 0.4034765
4514575118000, 0.19822577, -1.14018, 0.43401974
4514580127000, 0.17134771, -1.1523973, 0.4746423
4514585195000, 0.1459968, -1.1655309, 0.49418998
4514590231000, 0.10629055, -1.2073752, 0.49418998
4514595119000, 0.04734206, -1.2315043, 0.48930305
4514600127000, 0.008552114, -1.280679, 0.49113566
4514605122000, -0.06719518, -1.3326025, 0.48166725
4514610120000, -0.13408493, -1.3643675, 0.47769663
4514615113000, -0.19975294, -1.3616186, 0.44776422
4514620119000, -0.26633725, -1.3332134, 0.41996986
4514625120000, -0.30024028, -1.2959507, 0.4071417
4514630143000, -0.32803464, -1.2608259, 0.41538838
4514635191000, -0.3631594, -1.2431108, 0.43463063
4514640356000, -0.39278635, -1.2421945, 0.44257188
4514645117000, -0.41813725, -1.237613, 0.45204028
4514650120000, -0.42577308, -1.2528846, 0.46120325
4514655116000, -0.42332962, -1.2767084, 0.46028697
4514660117000, -0.4175264, -1.2986995, 0.4596761
4514665106000, -0.39461896, -1.3109168, 0.45478916
4514670127000, -0.34972036, -1.3136657, 0.44684792
4514675070000, -0.31978795, -1.2938126, 0.4428773
4514680122000, -0.28038713, -1.2470814, 0.42546764
4514685157000, -0.23915374, -1.1927143, 0.42180246
4514690184000, -0.22937989, -1.14018, 0.41630468
4514695054000, -0.20280726, -1.099252, 0.4098906
4514700121000, -0.17959438, -1.0140363, 0.40225476
4514705069000, -0.14446963, -0.91507614, 0.38698313
4514710138000, -0.10567969, -0.83016586, 0.3585779
4514715069000, -0.084910266, -0.75319684, 0.3200934
4514720125000, -0.09743301, -0.7110472, 0.2742785
4514725073000, -0.14019357, -0.72356987, 0.24953845
4514730115000, -0.18387043, -0.73364913, 0.21594086
4514735150000, -0.23060162, -0.7415904, 0.1863139
4514740098000, -0.24465153, -0.74006325, 0.16065755
4514745585000, -0.2098322, -0.73426, 0.1160644
4514750157000, -0.12034045, -0.70280045, 0.08582657
4514755127000, 0.026267206, -0.6450737, 0.099265605
4514760101000, 0.14935656, -0.57940567, 0.13683382
4514765101000, 0.26450464, -0.51159966, 0.16829337
4514770095000, 0.31520647, -0.46517387, 0.2003638
4514775087000, 0.34880406, -0.45081854, 0.21502456
4514780198000, 0.36743546, -0.45478916, 0.23884831
4514785105000, 0.37232238, -0.47861293, 0.258396
4514790090000, 0.40958515, -0.48716503, 0.269697
4514795146000, 0.41508293, -0.50793445, 0.30207285
4514800108000, 0.42852196, -0.5161811, 0.32406402
4514805251000, 0.4098906, -0.50946164, 0.35216382
4514810045000, 0.33933565, -0.50823987, 0.37415496
4514815063000, 0.20891592, -0.48655418, 0.39522982
4514820059000, 0.029321533, -0.45142943, 0.40653083
4514825130000, -0.15760323, -0.3652974, 0.40622538
4514829989000, -0.34055737, -0.26725355, 0.38759398
4514835049000, -0.4801401, -0.15851954, 0.35979962
4514840033000, -0.559858, -0.077579886, 0.3155119
4514845305000, -0.57604593, -0.024129177, 0.26419923
4514850232000, -0.5552765, 0.0033597588, 0.20341812
4514854988000, -0.49480084, 0.016493361, 0.12370021
4514860061000, -0.4334089, -0.0125227375, 0.06963864
4514865044000, -0.36010507, -0.04795292, 0.025961773
4514870063000, -0.30909783, -0.06291912, 0.01038471
4514874989000, -0.24312437, -0.071776666, -0.00580322
4514880052000, -0.17348573, -0.06047566, -0.01038471
4514885204000, -0.12980886, -0.054061573, -0.0076358155
4514890060000, -0.092240654, -0.056505036, -0.005497787
4514894983000, -0.06291912, -0.05589417, 0.004886922
4514900094000, -0.018325957, -0.06841691, 0.021685716
4514905062000, 0.015882496, -0.1020145, 0.032070424
4514910121000, 0.05222898, -0.14630222, 0.03481932
4514915125000, 0.09010262, -0.17684549, 0.04153884
4514920125000, 0.14049901, -0.21563543, 0.033292156
4514925129000, 0.1853976, -0.25442538, 0.035124753
4514930125000, 0.23060162, -0.26419923, 0.018936822
4514935224000, 0.2434298, -0.27763826, 0.005497787
4514940135000, 0.25381452, -0.29077184, -0.002443461
4514945119000, 0.23365596, -0.27885997, -0.01160644
4514950133000, 0.20708331, -0.28038713, -0.024129177
4514955123000, 0.19028452, -0.27580565, -0.031154128
4514960113000, 0.13072516, -0.27183503, -0.043676864
4514965123000, 0.10934488, -0.2519819, -0.048258353
4514970129000, 0.07727446, -0.22785273, -0.046731193
4514975118000, 0.047647487, -0.20952678, -0.046731193
4514980124000, 0.01985312, -0.1863139, -0.04550946
4514985281000, -0.021685716, -0.172264, -0.038179077
4514990117000, -0.03940081, -0.1469131, -0.04062254
4514995121000, -0.044593163, -0.12522738, -0.034513887
4515000118000, -0.06872234, -0.11453723, -0.029626964
4515005124000, -0.0842994, -0.10323623, -0.02687807
4515010115000, -0.08674286, -0.086132, -0.028099801
4515015126000, -0.08979719, -0.06963864, -0.03023783
4515020125000, -0.08277224, -0.05955936, -0.028710667
4515025120000, -0.08093964, -0.04550946, -0.022602014
4515030108000, -0.0729984, -0.03390302, -0.020158553
4515035230000, -0.069027774, -0.019242255, -0.022296581
4515040152000, -0.05589417, -0.011301007, -0.0143553335
4515045117000, -0.035124753, -0.0070249503, -0.013744468
4515050108000, -0.034208454, -0.004886922, -0.016493361
4515055124000, -0.012217305, 0.003970624, -0.0070249503
4515060116000, -0.003970624, 0.022602014, -3.0543262E-4
4515065126000, 9.162979E-4, 0.03848451, 0.015271631
4515070724000, 0.0061086523, 0.043066, 0.02321288
4515075118000, 0.004886922, 0.03940081, 0.029626964
4515080088000, -0.0033597588, 0.04428773, 0.03970624
4515085186000, 0.007330383, 0.05100725, 0.03940081
4515090154000, -6.1086525E-4, 0.035124753, 0.04062254
4515095123000, -0.004276057, 0.030848695, 0.047036625
4515100108000, -0.008246681, 0.02687807, 0.047647487
4515105151000, -0.015271631, 0.025961773, 0.05222898
4515110057000, -0.04520403, 0.01160644, 0.047647487
4515115118000, -0.059864793, -0.006414085, 0.048563786
4515120063000, -0.084910266, -0.015577064, 0.04886922
4515125119000, -0.09773844, -0.03023783, 0.043676864
4515130106000, -0.09437868, -0.03023783, 0.051923547
4515135208000, -0.08582657, -0.044898596, 0.064446285
4515140205000, -0.084910266, -0.052534413, 0.06780604
4515145121000, -0.08155051, -0.051923547, 0.07238753
4515150099000, -0.07696902, -0.051618114, 0.07788532
4515155121000, -0.0711658, -0.06505715, 0.086437434
4515160202000, -0.051923547, -0.071776666, 0.08552113
4515165115000, -0.063224554, -0.08735373, 0.08002335
4515170560000, -0.05589417, -0.0983493, 0.07696902
4515175120000, -0.040011674, -0.10323623, 0.074830994
4515180471000, -0.03176499, -0.103847094, 0.07391469
4515185246000, -0.022296581, -0.09865474, 0.076358154
4515190606000, -0.022602014, -0.08582657, 0.07238753
4515195116000, -0.017104227, -0.073303826, 0.06872234
4515200080000, -0.018325957, -0.055283304, 0.082161374
4515205131000, -0.025961773, -0.04550946, 0.079107046
4515210388000, -0.03848451, -0.027488936, 0.08155051
4515215126000, -0.029626964, -0.02107485, 0.09101892
4515220113000, -0.025045475, -0.015577064, 0.09101892
4515225117000, -0.008552114, -0.015577064, 0.10170906
4515230135000, 0.005192355, 0.014049901, 0.12064589
4515235197000, 0.017715093, 0.016493361, 0.11362094
4515240183000, 0.021685716, 0.021380283, 0.1142318
4515245107000, 0.01985312, 0.027794369, 0.118507855
4515250120000, 0.004886922, 0.018936822, 0.10995574
4515255122000, -0.012217305, 0.01038471, 0.11056661
4515260124000, -0.0290161, 0.0067195175, 0.10323623
4515265127000, -0.053145275, 0.0033597588, 0.10293079
4515270127000, -0.064446285, 0.0030543262, 0.10140363
4515275115000, -0.1001819, -0.011301007, 0.105068825
4515280232000, -0.11178834, -0.016187929, 0.106901415
4515285297000, -0.112704635, -0.014049901, 0.102319926
4515290209000, -0.12095132, -0.013744468, 0.10903945
4515295254000, -0.14630222, -0.014660766, 0.110872045
4515300127000, -0.13622294, -0.022907447, 0.11056661
4515305449000, -0.124311075, -0.02443461, 0.110872045
4515310118000, -0.12522738, -0.02321288, 0.10751228
4515315453000, -0.11178834, -0.027794369, 0.10903945
4515320128000, -0.11362094, -0.029321533, 0.10323623
4515325074000, -0.1160644, -0.030848695, 0.09621128
4515330156000, -0.10048734, -0.02321288, 0.08827003
4515335253000, -0.105068825, -0.00580322, 0.082161374
4515340205000, -0.099571034, -0.00580322, 0.079107046
4515345120000, -0.095294975, 0.006414085, 0.07666359
4515350127000, -0.084910266, 0.007330383, 0.06841691
4515355130000, -0.073303826, 0.014049901, 0.06566802
4515360207000, -0.050396383, 0.0290161, 0.061086524
4515365129000, -0.059253927, 0.02321288, 0.047647487
4515370124000, -0.05589417, 0.018936822, 0.03940081
4515375124000, -0.051618114, 0.015577064, 0.036651913
4515380160000, -0.036651913, 0.01160644, 0.030543262
4515385283000, -0.04153884, 0.01160644, 0.022296581
4515390273000, -0.0421497, 0.0067195175, 0.023823744
4515395777000, -0.03970624, 0.010079277, 0.014049901
4515400117000, -0.03145956, 0.0125227375, 0.0143553335
4515405125000, -0.023823744, 0.02076942, 0.014049901
4515410112000, -0.03023783, 0.015882496, 0.014966198
4515415118000, -0.033292156, 0.018936822, 0.013744468
4515420118000, -0.03176499, 0.014660766, 0.0061086523
4515425119000, -0.027488936, 0.021991149, 0.012217305
4515430236000, -0.047036625, 0.02443461, 0.01282817
4515435337000, -0.048258353, 0.019547688, 0.01740966
4515440119000, -0.052534413, 0.0125227375, 0.024740042
4515445126000, -0.050701816, 0.02687807, 0.031154128
4515450098000, -0.06291912, 0.025350908, 0.0290161
4515455127000, -0.0693332, 0.040927973, 0.043982297
4515460069000, -0.08093964, 0.047647487, 0.05222898
4515465179000, -0.08582657, 0.06169739, 0.067500606
4515470071000, -0.090713486, 0.07544186, 0.07819075
4515475126000, -0.08857546, 0.09132435, 0.08368854
4515480105000, -0.092240654, 0.099265605, 0.09254608
4515485222000, -0.086132, 0.12675454, 0.10170906
4515490108000, -0.098043874, 0.14202617, 0.111177474
4515495123000, -0.101098195, 0.15821409, 0.11911872
4515500083000, -0.106901415, 0.17134771, 0.12767084
4515505124000, -0.101098195, 0.1863139, 0.13958271
4515510073000, -0.11178834, 0.20219639, 0.15271631
4515515119000, -0.11148291, 0.21533, 0.15668693
4515520155000, -0.11026118, 0.22693644, 0.16584991
4515525119000, -0.1001819, 0.23701571, 0.17867808
4515530185000, -0.09987647, 0.24984388, 0.18753563
4515535715000, -0.100792766, 0.25381452, 0.18784106
4515540117000, -0.098043874, 0.25870144, 0.20066923
4515545119000, -0.09987647, 0.26419923, 0.20799962
4515550122000, -0.099265605, 0.26908615, 0.22143865
4515555130000, -0.10140363, 0.25625798, 0.2275473
4515560115000, -0.093767814, 0.26328292, 0.2312125
4515565133000, -0.101098195, 0.2519819, 0.24220806
4515570199000, -0.10995574, 0.25259277, 0.2507602
4515575117000, -0.116980694, 0.25167647, 0.25503623
4515580155000, -0.110872045, 0.25442538, 0.27152961
4515585290000, -0.11178834, 0.23640485, 0.27305678
4515590158000, -0.10476339, 0.23426682, 0.28680122
4515595123000, -0.10720685, 0.22204952, 0.30115658
4515600101000, -0.092240654, 0.20250183, 0.31123585
4515605183000, -0.07727446, 0.1826487, 0.3109304
4515610091000, -0.08246681, 0.1441642, 0.31306845
4515615103000, -0.087964594, 0.10995574, 0.3051272
4515620072000, -0.09865474, 0.08246681, 0.31031954
4515625118000, -0.11209377, 0.048258353, 0.31429017
4515630086000, -0.11789699, 0.02321288, 0.30726522
4515635204000, -0.12064589, 0.02321288, 0.31215215
4515640107000, -0.11789699, -0.016493361, 0.3145956
4515645117000, -0.089491755, -0.021685716, 0.31581733
4515650099000, -0.073303826, -0.02565634, 0.31764993
4515655124000, -0.06780604, -0.020158553, 0.31306845
4515660117000, -0.06383542, -0.01282817, 0.3173445
4515665120000, -0.051618114, -0.0021380284, 0.30818152
4515670186000, -0.05009095, -0.0036651916, 0.2919936
4515675101000, -0.05009095, -0.012217305, 0.27916542
4515680152000, -0.050396383, -0.034513887, 0.2489276
4515685373000, -0.04520403, -0.058643065, 0.22602014
4515690124000, -0.04520403, -0.07238753, 0.19608775
4515695114000, -0.053145275, -0.09468412, 0.17440203
4515700147000, -0.044898596, -0.10415252, 0.15699236
4515705208000, -0.03604105, -0.13469578, 0.13530666
4515710118000, -0.036651913, -0.15088372, 0.11026118
4515715096000, -0.016493361, -0.16982053, 0.08979719
4515720772000, -0.0018325958, -0.1704314, 0.0729984
4515725116000, -0.010079277, -0.18142697, 0.07147124
4515730261000, 0.005497787, -0.18020524, 0.061391957
4515735166000, 0.004886922, -0.17073683, 0.058337633
4515740109000, 0.0070249503, -0.16218472, 0.044593163
4515745112000, 0.0021380284, -0.15332718, 0.04428773
4515750185000, 0.01740966, -0.13988814, 0.04153884
4515755095000, 0.015577064, -0.11484267, 0.035430185
4515760183000, 0.014049901, -0.09468412, 0.031154128
4515765091000, 0.036651913, -0.09315695, 0.03023783
4515770143000, 0.04153884, -0.086437434, 0.020463986
4515775100000, 0.052534413, -0.067500606, 0.01985312
4515780145000, 0.0571159, -0.0693332, 0.011911872
4515785163000, 0.06688975, -0.069027774, 0.014966198
4515790906000, 0.050396383, -0.08307768, 0.01282817
4515795397000, 0.04795292, -0.07819075, 0.017715093
4515800163000, 0.038789943, -0.083383106, 0.017104227
4515805237000, 0.02076942, -0.07513642, 0.015882496
4515810034000, 0.012217305, -0.06963864, 0.0106901415
4515815030000, -0.0021380284, -0.06872234, 6.1086525E-4
4515820037000, -0.0143553335, -0.058948494, 0.002443461
4515825150000, -0.019242255, -0.038789943, 0.009468411
4515830045000, -0.014966198, -0.014966198, 0.010079277
4515834996000, -0.016187929, 0.004581489, 0.0106901415
4515840034000, -0.023823744, 0.028710667, 0.020158553
4515844993000, -0.03634648, 0.045814894, 0.025350908
4515850052000, -0.03848451, 0.06719518, 0.033292156
4515854962000, -0.048258353, 0.084910266, 0.028099801
4515860372000, -0.04642576, 0.1001819, 0.030848695
4515865102000, -0.054061573, 0.103847094, 0.03145956
4515870125000, -0.061086524, 0.1160644, 0.031154128
4515875099000, -0.057726767, 0.12614368, 0.03573562
4515880103000, -0.062002823, 0.12889257, 0.032070424
4515885121000, -0.076052725, 0.1255328, 0.033292156
4515890135000, -0.06658431, 0.1301143, 0.029626964
4515895098000, -0.069027774, 0.13591751, 0.032070424
4515900150000, -0.07238753, 0.1255328, 0.03390302
4515905104000, -0.06872234, 0.13194689, 0.028405234
4515910095000, -0.07574729, 0.12705997, 0.0290161
4515915076000, -0.07147124, 0.12797627, 0.021991149
4515920101000, -0.073303826, 0.1255328, 0.026267206
4515925120000, -0.076052725, 0.14294247, 0.025961773
4515930128000, -0.08277224, 0.15149458, 0.023518313
4515935154000, -0.070249505, 0.1554652, 0.03145956
4515940122000, -0.06658431, 0.15821409, 0.028405234
4515945120000, -0.057421334, 0.17012598, 0.033292156
4515950100000, -0.03756821, 0.15149458, 0.04153884
4515955137000, -0.027488936, 0.14080444, 0.047647487
4515960114000, -0.020158553, 0.118507855, 0.042455133
4515965157000, -0.014660766, 0.108123146, 0.04642576
4515970076000, -0.015882496, 0.09896017, 0.042455133
4515975120000, -0.021991149, 0.09162979, 0.051618114
4515980098000, -0.04153884, 0.08582657, 0.05131268
4515985147000, -0.038179077, 0.09040806, 0.050396383
4515990102000, -0.054061573, 0.09407325, 0.048563786
4515995127000, -0.057421334, 0.10476339, 0.04550946
4516000107000, -0.06566802, 0.113926366, 0.045814894
4516005137000, -0.06536258, 0.13408493, 0.044898596
4516010061000, -0.06078109, 0.14294247, 0.04520403
4516015087000, -0.070249505, 0.15515977, 0.051923547
4516020128000, -0.07727446, 0.15424347, 0.053450707
4516025136000, -0.07849618, 0.15088372, 0.046731193
4516030104000, -0.081855945, 0.15790866, 0.051923547
4516035191000, -0.087659165, 0.17073683, 0.055588737
4516040082000, -0.07880162, 0.19028452, 0.06047566
4516045102000, -0.100792766, 0.19517145, 0.0571159
4516050159000, -0.098043874, 0.17867808, 0.049785517
4516055106000, -0.087964594, 0.17256944, 0.043066
4516060096000, -0.08277224, 0.16462818, 0.043066
4516065107000, -0.07086037, 0.15851954, 0.0421497
4516070110000, -0.07513642, 0.13500121, 0.03756821
4516075103000, -0.06505715, 0.121256754, 0.029321533
4516080126000, -0.045814894, 0.102319926, 0.03023783
4516085193000, -0.047647487, 0.09101892, 0.02565634
4516090187000, -0.04734206, 0.07147124, 0.028710667
4516095102000, -0.035124753, 0.06658431, 0.024740042
4516100188000, -0.027794369, 0.06719518, 0.02321288
4516105106000, -0.024740042, 0.04886922, 0.017104227
4516110295000, -0.022296581, 0.052839845, 0.019242255
4516115085000, -0.032375857, 0.044898596, 0.009468411
4516120120000, -0.025350908, 0.054061573, 0.016187929
4516125110000, -0.028405234, 0.044898596, 0.016493361
4516130115000, -0.01740966, 0.042455133, 0.012217305
4516135180000, -0.019242255, 0.050396383, 0.009773844
4516140080000, -0.026267206, 0.036957346, 0.017104227
4516145118000, -0.019547688, 0.032070424, 0.02107485
4516150104000, -0.018325957, 0.036651913, 0.028099801
4516155104000, -0.03359759, 0.022602014, 0.022907447
4516160059000, -0.032986723, 0.014049901, 0.021991149
4516165080000, -0.026267206, 0.023823744, 0.025961773
4516170137000, -0.033292156, 0.017715093, 0.027183503
4516175099000, -0.040927973, 0.018325957, 0.032375857
4516180118000, -0.038789943, 0.015882496, 0.033292156
4516185114000, -0.045814894, 0.026572637, 0.03970624
4516190081000, -0.042760566, 0.028405234, 0.041233405
4516195098000, -0.053450707, 0.025350908, 0.040011674
4516200160000, -0.05681047, 0.030543262, 0.037873644
4516205106000, -0.04428773, 0.027488936, 0.039095376
4516210074000, -0.042455133, 0.022907447, 0.040011674
4516215080000, -0.04184427, 0.029932396, 0.035430185
4516220161000, -0.038789943, 0.03145956, 0.03176499
4516225099000, -0.046120327, 0.01985312, 0.03145956
4516230108000, -0.042455133, 0.021685716, 0.03359759
4516235161000, -0.03940081, 0.025045475, 0.033292156
4516240171000, -0.04153884, 0.023518313, 0.032070424
4516245096000, -0.04550946, 0.02565634, 0.032070424
4516250173000, -0.050701816, 0.017715093, 0.029626964
4516255106000, -0.051923547, 0.019547688, 0.0290161
4516260095000, -0.04642576, 0.02321288, 0.026267206
4516265097000, -0.04795292, 0.023823744, 0.018325957
4516270102000, -0.04734206, 0.019547688, 0.020158553
4516275100000, -0.052534413, 0.032375857, 0.019242255
4516280158000, -0.03756821, 0.037873644, 0.013133603
4516285193000, -0.028405234, 0.025961773, 0.015271631
4516290224000, -0.03145956, 0.019547688, 0.005497787
4516295099000, -0.028405234, 0.0143553335, 0.006414085
4516300167000, -0.017715093, 0.0061086523, 0.006414085
4516305104000, -0.02107485, 0.008857546, 0.0076358155
4516310095000, -0.015577064, 0.00580322, 0.0018325958
4516315091000, -0.016493361, 0.007330383, 0.0027488936
4516320176000, -0.02443461, 0.006414085, 0.0070249503
4516325119000, -0.020463986, 0.0012217305, 0.005192355
4516330163000, -0.026267206, 0.0033597588, 0.00580322
4516335219000, -0.022907447, 0.009773844, 0.0106901415
4516340203000, -0.027183503, 0.007941248, 0.0076358155
4516345115000, -0.023823744, 0.0033597588, 0.0033597588
4516350127000, -0.015271631, 0.009468411, 0.0021380284
4516355122000, -0.029932396, 0.0070249503, 3.0543262E-4
4516360119000, -0.028099801, 0.004886922, -0.0015271631
4516365103000, -0.036957346, 0.0067195175, 0.0061086523
4516370145000, -0.0290161, 0.0125227375, 0.0106901415
4516375098000, -0.027488936, 0.0070249503, 0.013439035
4516380155000, -0.03573562, 6.1086525E-4, 0.005192355
4516385119000, -0.03359759, 0.003970624, 0.0076358155
4516390263000, -0.034513887, 0.010079277, 0.010995574
4516395045000, -0.044593163, 0.005497787, 0.01038471
4516400144000, -0.04550946, 0.011911872, 0.007941248
4516405086000, -0.044898596, 0.013133603, 0.015882496
4516410119000, -0.044593163, 0.008857546, 0.0125227375
4516415079000, -0.04734206, 0.008552114, 0.013744468
4516420174000, -0.04337143, -3.0543262E-4, 0.017104227
4516425055000, -0.046731193, 0.003970624, 0.0143553335
4516430177000, -0.047036625, 0.004581489, 0.021991149
4516435224000, -0.04337143, -0.002443461, 0.015882496
4516440195000, -0.03756821, -0.004886922, 0.01740966
4516445053000, -0.030543262, -0.0027488936, 0.019242255
4516450126000, -0.032986723, -0.005497787, 0.01985312
4516455070000, -0.021685716, -0.009468411, 0.020463986
4516460121000, -0.02107485, -0.0061086523, 0.01740966
4516465085000, -0.018325957, -0.008857546, 0.011911872
4516470156000, 6.1086525E-4, -0.004581489, 0.010079277
4516475092000, -0.0125227375, -0.014049901, 0.011911872
4516480184000, -0.009468411, -0.015577064, 0.012217305
4516485208000, 0.006414085, -3.0543262E-4, 0.018325957
4516490247000, 0.007941248, -0.0067195175, 0.0076358155
4516495121000, -9.162979E-4, -0.015882496, 0.004886922
4516500126000, -3.0543262E-4, -0.016798794, 0.004886922
4516505172000, -0.006414085, -0.008552114, 0.005192355
4516510117000, -0.005192355, -0.009468411, 0.0021380284
4516515127000, 0.0033597588, -0.009773844, -0.009468411
4516520193000, -0.008246681, -0.0061086523, -0.01160644
4516525119000, -0.013744468, -0.01160644, -0.014966198
4516530194000, -0.008552114, -0.015882496, -0.009468411
4516535184000, 0.006414085, -0.01985312, -0.015577064
4516540119000, 0.002443461, -0.02076942, -0.029626964
4516545124000, -0.008552114, -0.029626964, -0.02076942
4516550123000, 0.0070249503, -0.031154128, -0.020463986
4516555126000, 0.0021380284, -0.032375857, -0.022602014
4516560116000, 0.005497787, -0.03634648, -0.019242255
4516565111000, 0.004581489, -0.035124753, -0.039095376
4516570184000, -0.010079277, -0.032070424, -0.028710667
4516575119000, -0.0067195175, -0.036651913, -0.03268129
4516580204000, -0.005192355, -0.023823744, -0.03848451
4516585214000, -0.013133603, -0.027794369, -0.032986723
4516590186000, -0.011911872, -0.019547688, -0.029321533
4516595099000, -0.017104227, -0.013744468, -0.019242255
4516600155000, -0.018936822, -0.026267206, -0.01863139
4516605098000, -0.014966198, -0.013744468, -0.017104227
4516610099000, -0.028710667, -0.008552114, -0.021380283
4516615101000, -0.017715093, 0.0012217305, -0.016187929
4516620138000, -0.02321288, 0.0021380284, -0.011301007
4516625097000, -0.021685716, 0.008552114, -0.008552114
4516630163000, -0.028099801, 0.0067195175, -0.005192355
4516635296000, -0.028710667, 0.008246681, -0.003970624
4516640158000, -0.021380283, 6.1086525E-4, -0.0036651916
4516645096000, -0.023518313, -0.007941248, -0.0033597588
4516650150000, -0.022296581, -0.008246681, 9.162979E-4
4516655101000, -0.023823744, -0.0061086523, -3.0543262E-4
4516660094000, -0.0143553335, -0.009162978, 0.009468411
4516665080000, -0.028099801, -0.017104227, 0.011301007
4516670086000, -0.018936822, -0.01282817, 0.007941248
4516675100000, -0.025961773, -0.013133603, 0.013133603
4516680110000, -0.028099801, -0.009468411, 0.014660766
4516685103000, -0.027183503, -0.0125227375, 0.009162978
4516690091000, -0.014660766, -0.009468411, 0.01038471
4516695099000, -0.020158553, -0.00580322, 0.011911872
4516700091000, -0.021991149, -0.0015271631, 0.020463986
4516705087000, -0.02687807, -0.005497787, 0.014049901
4516710067000, -0.02443461, 0.005192355, 0.0070249503
4516715099000, -0.023823744, 0.0070249503, 0.019547688
4516720109000, -0.03756821, 0.013744468, 0.0143553335
4516725099000, -0.02687807, 0.007941248, 0.008857546
4516730181000, -0.046120327, 0.01740966, 0.009468411
4516735142000, -0.04184427, 0.02565634, 0.015882496
4516740099000, -0.04184427, 0.030848695, 0.01038471
