#Rate of rotation around the x y z axes (Angular velocity).
#timestamp(ns),x,y,z(rad/s)
#Datetime: 15/12/2015 11:56:07
##########################################
#Activity: 9 - CSO - Car Step-out - 6s
#Subject ID: 58
#First Name: Sub58
#Last Name: Sub58
#Age: 21
#Height(cm): 158
#Weight(kg): 58
#Gender: Female
##########################################

@DATA
3058218984000, -0.04184427, 0.00580322, 0.011911872
3058223940000, -0.0421497, 0.008857546, 0.0125227375
3058228934000, -0.04337143, 0.005497787, 0.017715093
3058233960000, -0.036651913, -0.0015271631, 0.015271631
3058238961000, -0.03268129, 0.0036651916, 0.013744468
3058243934000, -0.042455133, 6.1086525E-4, 0.019547688
3058248942000, -0.045814894, 6.1086525E-4, 0.0125227375
3058254047000, -0.031154128, -0.0030543262, 0.02443461
3058258949000, -0.029321533, 0.0067195175, 0.020463986
3058263938000, -0.03023783, 0.009773844, 0.017104227
3058269085000, -0.03604105, 0.009162978, 0.022602014
3058274001000, -0.034208454, 0.002443461, 0.019547688
3058278990000, -0.024740042, 0.01160644, 0.02321288
3058283967000, -0.028405234, 0.005192355, 0.02443461
3058288951000, -0.036651913, -0.0015271631, 0.024129177
3058293975000, -0.032070424, -0.0021380284, 0.022296581
3058298993000, -0.019547688, -0.0027488936, 0.029932396
3058304040000, -0.032986723, -0.008246681, 0.02107485
3058308942000, -0.032986723, -0.009773844, 0.033292156
3058313973000, -0.037873644, -9.162979E-4, 0.022296581
3058318982000, -0.03573562, -0.00580322, 0.02565634
3058323948000, -0.03359759, -0.005497787, 0.016798794
3058328942000, -0.042760566, -0.06261369, -0.038789943
3058333972000, -0.08552113, 0.004886922, 0.017715093
3058338951000, -0.042455133, -0.0033597588, 0.01863139
3058343937000, -0.038179077, 0.004581489, 0.011911872
3058349017000, -0.034513887, 0.005497787, 0.017715093
3058354087000, -0.029321533, 0.008552114, 0.013439035
3058358988000, -0.03481932, -0.010079277, 0.01740966
3058363952000, -0.0290161, -0.011301007, 0.017715093
3058369286000, -0.027183503, 0.008246681, 0.018325957
3058373950000, -0.032070424, 0.0036651916, 0.012217305
3058378935000, -0.02076942, -0.007330383, 0.015577064
3058383972000, -0.020463986, 0.013744468, 0.014966198
3058388955000, -0.022907447, 9.162979E-4, 0.018325957
3058393951000, -0.032375857, -3.0543262E-4, 0.0106901415
3058399011000, -0.027183503, -6.1086525E-4, 0.017715093
3058404067000, -0.042455133, -0.013439035, 0.017715093
3058408957000, -0.038179077, -0.009468411, 0.016187929
3058413975000, -0.022907447, -3.0543262E-4, 0.018936822
3058418979000, -0.035124753, -6.1086525E-4, 0.022602014
3058423954000, -0.032070424, -0.007941248, 0.009162978
3058428938000, -0.031154128, 0.005192355, 0.016798794
3058433971000, -0.039095376, -3.0543262E-4, 0.017715093
3058439411000, -0.03604105, 0.005192355, 0.017104227
3058443941000, -0.03176499, 0.0036651916, 0.018936822
3058448951000, -0.03481932, 0.0125227375, 0.016187929
3058454004000, -0.034208454, 0.017104227, 0.010079277
3058458945000, -0.032070424, -0.0033597588, 0.0027488936
3058463949000, -0.04153884, -0.007941248, -0.032986723
3058468984000, -0.06780604, 0.02687807, 0.010079277
3058473944000, -0.032986723, 0.020463986, 0.009468411
3058478935000, -0.026572637, 0.017715093, 0.0106901415
3058483970000, -0.03145956, 0.018020526, 0.014049901
3058488973000, -0.03176499, 0.013744468, 0.014049901
3058493949000, -0.03145956, 0.01740966, 0.011301007
3058498960000, -0.0290161, 0.015882496, 0.012217305
3058504070000, -0.027488936, 0.01740966, 0.012217305
3058509069000, -0.021380283, 0.0290161, 0.01038471
3058513935000, -0.035430185, 0.02107485, 0.009468411
3058518961000, -0.026572637, 0.016798794, 0.009773844
3058523990000, -0.021991149, 0.022602014, 0.0030543262
3058528981000, -0.027794369, 0.016493361, 0.006414085
3058534010000, -0.0290161, 0.016493361, 0.009468411
3058538991000, -0.036957346, 0.01282817, 0.0070249503
3058543987000, -0.029626964, 0.015577064, 0.010079277
3058549019000, -0.021685716, 0.013133603, 0.01038471
3058554121000, -0.02107485, 0.011911872, 0.006414085
3058559075000, -0.034208454, 0.0030543262, 0.018020526
3058563981000, -0.03634648, -0.0021380284, 0.018936822
3058569012000, -0.03726278, -0.010995574, 0.013439035
3058573997000, -0.03023783, -0.010079277, 0.009468411
3058579003000, -0.02565634, -0.024740042, 0.011301007
3058584010000, -0.0290161, -0.023518313, 0.015271631
3058588950000, -0.025045475, -0.023518313, 0.01160644
3058593980000, -0.016798794, -0.020158553, 0.0106901415
3058599043000, -0.005192355, -0.023518313, 0.0076358155
3058604037000, -0.0061086523, -0.021991149, 0.0061086523
3058608955000, -0.010079277, -0.005192355, 0.020463986
3058613967000, -3.0543262E-4, -0.014660766, 0.026267206
3058619041000, 0.00580322, -0.009162978, 0.016798794
3058623986000, -0.005192355, -0.013133603, 0.025961773
3058628987000, -0.011301007, -0.020158553, 0.028405234
3058634039000, -0.016187929, -0.05009095, 0.016187929
3058638985000, -0.031154128, -0.12186762, -0.005192355
3058643985000, -0.04062254, -0.08032878, 0.01863139
3058649011000, -9.162979E-4, -0.07574729, 0.030848695
3058653999000, -9.162979E-4, -0.08399397, 0.0421497
3058658952000, -9.162979E-4, -0.0852157, 0.05131268
3058663933000, 0.01038471, -0.08307768, 0.038179077
3058669103000, 0.0030543262, -0.129198, 0.014966198
3058674000000, -0.0033597588, -0.09896017, 0.054367006
3058678967000, 0.023823744, -0.040011674, 0.060170226
3058683994000, 0.04886922, -0.013133603, 0.058337633
3058688947000, 0.04886922, -6.1086525E-4, 0.06811147
3058694610000, 0.03604105, 0.0143553335, 0.06719518
3058699022000, 0.03604105, 0.0030543262, 0.070249505
3058704053000, 0.024740042, -0.06994407, 0.018325957
3058708963000, -0.011301007, -0.12156218, -0.086437434
3058713977000, -0.071776666, -0.10262536, -0.08674286
3058719020000, -0.077579886, -0.057421334, 0.02107485
3058724013000, -0.028099801, -0.020158553, 0.08827003
3058728976000, 0.020463986, -0.015577064, 0.0983493
3058734018000, 0.013744468, -0.013133603, 0.09560041
3058738974000, 0.01282817, -0.025350908, 0.09101892
3058743974000, 0.0106901415, -0.03176499, 0.096516706
3058749025000, 0.0143553335, -0.04795292, 0.08368854
3058754104000, 0.026267206, -0.032375857, 0.089491755
3058759082000, 0.03634648, -0.017715093, 0.09590584
3058764480000, 0.038789943, -0.045814894, 0.0421497
3058768969000, -0.0015271631, -0.04153884, 0.090713486
3058773971000, 0.026267206, 0.004581489, 0.09193522
3058778941000, 0.048258353, -9.162979E-4, 0.09896017
3058783975000, 0.057421334, 0.0012217305, 0.09682214
3058789040000, 0.056199603, -0.007330383, 0.09773844
3058794049000, 0.059864793, -0.07574729, 0.05467244
3058798961000, 0.0290161, -0.0729984, 0.07391469
3058804046000, 0.042760566, -0.045814894, 0.08002335
3058808948000, 0.060170226, -0.057421334, 0.076358154
3058813944000, 0.029321533, -0.11301007, 0.024740042
3058818972000, -3.0543262E-4, -0.1826487, -0.059864793
3058823968000, -0.03970624, -0.17715092, -0.03176499
3058828983000, -0.022907447, -0.10873401, 0.050701816
3058834426000, 0.056505036, -0.052534413, 0.086437434
3058838978000, 0.09132435, -0.03481932, 0.08277224
3058843987000, 0.09560041, -0.046731193, 0.06780604
3058848988000, 0.086132, -0.108123146, -0.016798794
3058854020000, 0.032070424, -0.16646078, -0.081855945
3058858955000, -0.019547688, -0.11209377, 0.0018325958
3058863941000, 0.043066, -0.026267206, 0.056199603
3058868967000, 0.10934488, 0.008246681, 0.074830994
3058873993000, 0.12980886, 0.0290161, 0.08093964
3058878985000, 0.12675454, 0.057726767, 0.062308256
3058884001000, 0.1133155, 0.0033597588, 9.162979E-4
3058888950000, 0.0580322, -0.064751714, -0.043982297
3058893981000, 0.056505036, -0.080634214, -0.031154128
3058899019000, 0.09407325, -0.06994407, 0.0067195175
3058904059000, 0.14294247, -0.05100725, 0.008857546
3058908953000, 0.16737708, -0.051923547, -0.03176499
3058913980000, 0.15760323, -0.026572637, -0.044898596
3058919021000, 0.15668693, -0.028099801, -0.022602014
3058923983000, 0.19975294, -0.06963864, -0.018936822
3058928988000, 0.2312125, -0.124005646, -0.036651913
3058934021000, 0.23060162, -0.13530666, -0.06352998
3058938985000, 0.23090707, -0.12980886, -0.054061573
3058943988000, 0.26389378, -0.118202426, -0.037873644
3058948994000, 0.29016098, -0.129198, -0.015577064
3058954005000, 0.3182608, -0.17440203, -0.0125227375
3058958980000, 0.3631594, -0.108123146, 0.0030543262
3058963963000, 0.4361578, -0.2602286, -0.018020526
3058968969000, 0.40500367, -0.18600847, -0.06505715
3058973963000, 0.3662137, -0.18784106, -0.13439035
3058978982000, 0.30818152, -0.24801129, -0.1001819
3058983962000, 0.34300083, -0.2947425, -0.064446285
3058988959000, 0.40775254, -0.35369098, -0.03726278
3058993974000, 0.4615087, -0.38362336, -0.040011674
3058998974000, 0.50701815, -0.43310347, -0.06505715
3059003894000, 0.50488013, -0.43401974, -0.103847094
3059008900000, 0.49327368, -0.45204028, -0.16126843
3059013879000, 0.4728097, -0.5021312, -0.12522738
3059019397000, 0.5510005, -0.54733527, -0.11453723
3059023867000, 0.6356053, -0.5491679, -0.124005646
3059028863000, 0.64965516, -0.569021, -0.13194689
3059033897000, 0.68752885, -0.5928447, -0.12644911
3059038867000, 0.72784597, -0.6243043, -0.17715092
3059043869000, 0.74067414, -0.6762278, -0.18448131
3059048913000, 0.7812967, -0.6630942, -0.18845193
3059053919000, 0.838718, -0.6560693, -0.17470746
3059058887000, 0.86132, -0.63713247, -0.129198
3059063884000, 0.86926126, -0.6658431, -0.13652839
3059069020000, 0.872621, -0.64873886, -0.13469578
3059074007000, 0.8961393, -0.6072, -0.10048734
3059078986000, 0.9095783, -0.58246, -0.07849618
3059083998000, 0.8903361, -0.514654, -0.13775012
3059089662000, 0.8949176, -0.45204028, -0.12308934
3059093982000, 0.9095783, -0.3930918, -0.112399206
3059099003000, 0.9138544, -0.34330627, -0.13103059
3059104113000, 0.9279043, -0.29352075, -0.12217305
3059109003000, 0.9462303, -0.24953845, -0.089491755
3059113992000, 0.9419542, -0.22235495, -0.1020145
3059119016000, 0.9450085, -0.21410827, -0.10995574
3059123985000, 0.9611965, -0.21410827, -0.10903945
3059128981000, 0.93828905, -0.21105394, -0.14813483
3059134062000, 0.9410379, -0.25381452, -0.15088372
3059139092000, 0.9584476, -0.30970868, -0.14110987
3059144086000, 0.94042706, -0.3744604, -0.15607607
3059149012000, 0.91232723, -0.4456262, -0.21380283
3059154093000, 0.87872964, -0.57543504, -0.3753767
3059158990000, 0.87109387, -0.57787853, -0.38606682
3059163986000, 0.86009824, -0.5375614, -0.32711834
3059169093000, 0.8304713, -0.40469822, -0.3005457
3059173946000, 0.7987063, -0.29443705, -0.2929099
3059179195000, 0.77182823, -0.20280726, -0.26297748
3059183968000, 0.73792523, -0.04550946, -0.20586158
3059189008000, 0.7287622, 0.09712757, -0.14355333
3059193939000, 0.7180721, 0.16982053, -0.13072516
3059198962000, 0.7107417, 0.17989981, -0.17012598
3059204042000, 0.68691796, 0.19730948, -0.2134974
3059209007000, 0.6588182, 0.22449298, -0.24373524
3059213938000, 0.6218608, 0.2846632, -0.26389378
3059218942000, 0.59223384, 0.3323107, -0.25778514
3059223947000, 0.5644395, 0.3381139, -0.29932398
3059229075000, 0.52656585, 0.3268129, -0.31856623
3059233975000, 0.46822822, 0.32467487, -0.36102137
3059238932000, 0.38637227, 0.34238997, -0.3811799
3059243983000, 0.3222314, 0.37293324, -0.3735441
3059248979000, 0.258396, 0.43279803, -0.36560285
3059254044000, 0.19853121, 0.4633413, -0.3368922
3059259002000, 0.1740966, 0.514654, -0.33414328
3059263981000, 0.13836098, 0.52381694, -0.31612277
3059268982000, 0.124005646, 0.55680364, -0.28893927
3059273951000, 0.09773844, 0.589485, -0.26328292
3059278943000, 0.082161374, 0.6169739, -0.22602014
3059283976000, 0.042760566, 0.6200282, -0.19058995
3059289016000, 0.018020526, 0.63713247, -0.15332718
3059293936000, -0.014966198, 0.6243043, -0.122783914
3059298977000, -0.055588737, 0.6450737, -0.05222898
3059304087000, -0.093462385, 0.6450737, -0.01282817
3059308982000, -0.15332718, 0.64934975, 0.04642576
3059313933000, -0.2049453, 0.65270954, 0.11636983
3059318995000, -0.26542094, 0.6383542, 0.13897185
3059323958000, -0.2938262, 0.6582073, 0.16584991
3059328940000, -0.35888332, 0.66767573, 0.18173242
3059333959000, -0.3915646, 0.691194, 0.21288654
3059338945000, -0.4370741, 0.70066243, 0.23579398
3059344765000, -0.47739118, 0.7272351, 0.26145032
3059348977000, -0.5271767, 0.7480045, 0.3023783
3059354073000, -0.5656612, 0.7583892, 0.32986724
3059358939000, -0.6041457, 0.7632761, 0.35705075
3059363981000, -0.61086524, 0.7641924, 0.36713
3059369024000, -0.6411031, 0.7800749, 0.41325033
3059373984000, -0.68233645, 0.77396625, 0.44409904
3059378984000, -0.6985244, 0.7699956, 0.4990769
3059383966000, -0.7153232, 0.7693848, 0.5186246
3059388964000, -0.7535023, 0.8014552, 0.55741453
3059393918000, -0.7809912, 0.81336707, 0.59773165
3059398970000, -0.8173377, 0.8020661, 0.6377433
3059403975000, -0.829555, 0.77213365, 0.66859204
3059408953000, -0.8353582, 0.74189585, 0.711658
3059414740000, -0.8341365, 0.6814202, 0.7663304
3059418978000, -0.8014552, 0.64599, 0.8054258
3059423973000, -0.7703011, 0.6386596, 0.8491027
3059428939000, -0.7348709, 0.61636305, 0.8894198
3059433927000, -0.7287622, 0.6453791, 0.93370754
3059438962000, -0.73456544, 0.6411031, 0.98990715
3059443929000, -0.74067414, 0.5849035, 1.0134255
3059448968000, -0.768163, 0.56138515, 1.0207558
3059453992000, -0.8417723, 0.49449542, 1.0115929
3059458959000, -0.89919364, 0.47739118, 1.035722
3059463921000, -0.93187493, 0.4615087, 1.058324
3059468958000, -1.0042624, 0.40744713, 1.0253373
3059473959000, -1.0607675, 0.37659842, 1.0656544
3059478939000, -1.0965031, 0.37384954, 1.0525209
3059484278000, -1.1566733, 0.36987892, 1.022283
3059488944000, -1.2030991, 0.3109304, 0.9651671
3059493954000, -1.174083, 0.3390302, 1.0341948
3059498959000, -1.1224649, 0.35521814, 1.0241156
3059504055000, -1.0800097, 0.28313604, 0.8915578
3059508945000, -1.0433578, 0.32467487, 0.9682214
3059513939000, -0.960891, 0.32345316, 1.0195341
3059518954000, -0.9663888, 0.30390546, 0.9859365
3059523958000, -0.9767735, 0.20952678, 0.89644474
3059528917000, -0.9960158, 0.058643065, 0.7507534
3059533949000, -0.97219205, 0.07513642, 0.89675015
3059538963000, -0.9272934, 0.12767084, 0.88453287
3059543943000, -0.95630956, 0.13347405, 0.84788096
3059548987000, -0.95569867, 0.12156218, 0.8197812
3059553993000, -0.93126404, 0.0030543262, 0.5345071
3059558934000, -0.9114109, 0.002443461, 0.5558874
3059563939000, -0.8313876, 0.07788532, 0.6826419
3059568982000, -0.72387534, 0.2302962, 0.7687739
3059573989000, -0.6969972, 0.30482176, 0.72021013
3059578968000, -0.6783658, 0.28771752, 0.6597345
3059584012000, -0.6041457, 0.25686884, 0.5888741
3059588981000, -0.5366451, 0.0720821, 0.22388211
3059593980000, -0.5027421, 0.1826487, 0.30787608
3059599004000, -0.42119157, 0.2855795, 0.35430184
3059604055000, -0.43585235, 0.3680463, 0.39828414
3059608920000, -0.46944994, 0.28069258, 0.33414328
3059613981000, -0.5021312, 0.18448131, 0.2678644
3059618950000, -0.5299256, 0.13988814, 0.21655174
3059623992000, -0.5314528, 0.10934488, 0.1695151
3059628929000, -0.54702985, 0.025350908, 0.00580322
3059634011000, -0.5757405, -0.081855945, -0.08399397
3059638967000, -0.5348125, 0.07147124, 0.08368854
3059643986000, -0.47311515, 0.16523905, 0.1282817
3059648986000, -0.4810564, 0.16890424, 0.106595986
3059654041000, -0.47678033, 0.13439035, 0.07819075
3059659024000, -0.42943826, 0.08246681, 0.057726767
3059663937000, -0.4025602, 0.06078109, 0.01038471
3059668986000, -0.3313944, 0.03970624, -0.032070424
3059673939000, -0.2828306, 0.049480084, -0.03390302
3059678943000, -0.22724187, -0.0021380284, -0.11178834
3059683960000, -0.20189096, -0.03848451, -0.14874569
3059688950000, -0.17012598, -0.070554934, -0.18020524
3059693942000, -0.15760323, -0.07880162, -0.19272798
3059698960000, -0.15454891, -0.09193522, -0.19394971
3059704094000, -0.18234327, -0.100792766, -0.19394971
3059708990000, -0.18845193, -0.118202426, -0.17806722
3059713974000, -0.23060162, -0.11209377, -0.18784106
3059719024000, -0.25686884, -0.13530666, -0.17562376
3059723981000, -0.2910773, -0.122783914, -0.16646078
3059728978000, -0.3023783, -0.073303826, -0.16615535
3059734005000, -0.32620203, -0.02107485, -0.14782938
3059739832000, -0.32284227, -0.010995574, -0.15027285
3059743980000, -0.30634892, -0.0070249503, -0.14080444
3059749030000, -0.26939157, -0.004581489, -0.1423316
3059754164000, -0.22174409, -0.029626964, -0.13744467
3059759051000, -0.17806722, -0.026572637, -0.1337795
3059763981000, -0.16279559, -0.029321533, -0.13255776
3059769042000, -0.12339478, -0.047647487, -0.12950343
3059773983000, -0.08399397, -0.089186326, -0.124311075
3059778984000, -0.06994407, -0.11453723, -0.118202426
3059783971000, -0.07819075, -0.15577064, -0.10842858
3059788957000, -0.08979719, -0.18570304, -0.12217305
3059793951000, -0.11178834, -0.204029, -0.12308934
3059799049000, -0.15088372, -0.23548855, -0.13622294
3059804014000, -0.18509217, -0.26053402, -0.15241088
3059809214000, -0.22876903, -0.2968805, -0.15515977
3059813907000, -0.27214047, -0.30543262, -0.15790866
3059819035000, -0.29932398, -0.30970868, -0.15882497
3059823919000, -0.2959642, -0.3005457, -0.1423316
3059828937000, -0.30390546, -0.28191432, -0.13103059
3059833978000, -0.29046643, -0.269697, -0.10751228
3059839022000, -0.26542094, -0.2565634, -0.08277224
3059844021000, -0.24312437, -0.2434298, -0.06688975
3059849004000, -0.20647246, -0.2443461, -0.025961773
3059854316000, -0.1740966, -0.24740042, 0.006414085
3059859000000, -0.1459968, -0.24373524, 0.022602014
3059863917000, -0.13255776, -0.24190263, 0.06261369
3059868976000, -0.115453534, -0.2434298, 0.11178834
3059874111000, -0.11026118, -0.2507602, 0.16584991
3059878929000, -0.10629055, -0.2510656, 0.2312125
3059884259000, -0.105374254, -0.25289822, 0.26725355
3059889000000, -0.105068825, -0.26206118, 0.3032946
3059893961000, -0.10842858, -0.2864958, 0.33169982
3059899066000, -0.10751228, -0.30482176, 0.35033122
3059903999000, -0.10934488, -0.31429017, 0.3631594
3059909026000, -0.10751228, -0.30573806, 0.376293
3059913918000, -0.09743301, -0.29229903, 0.37904188
3059918975000, -0.09743301, -0.28008172, 0.38881573
3059923952000, -0.09468412, -0.24709499, 0.3930918
3059928937000, -0.077579886, -0.23823744, 0.40103304
3059933981000, -0.07452556, -0.2302962, 0.40225476
3059939030000, -0.0693332, -0.24678956, 0.41050145
3059943988000, -0.05955936, -0.27000242, 0.4071417
3059949018000, -0.064751714, -0.2919936, 0.410196
3059954027000, -0.05009095, -0.33078352, 0.4098906
3059958949000, -0.042455133, -0.37110063, 0.40561453
3059963949000, -0.038179077, -0.40378192, 0.39064834
3059968956000, -0.035430185, -0.4361578, 0.39400807
3059973962000, -0.03145956, -0.43066, 0.3820962
3059978944000, -0.042455133, -0.43157628, 0.3817908
3059983960000, -0.052839845, -0.4297437, 0.37873647
3059988946000, -0.058337633, -0.44959682, 0.3707952
3059994006000, -0.06078109, -0.47067168, 0.36926803
3059999001000, -0.06169739, -0.44440445, 0.3491095
3060004014000, -0.07452556, -0.4841107, 0.3643811
3060008945000, -0.06566802, -0.5140431, 0.3747658
3060013880000, -0.0580322, -0.5296202, 0.37965274
3060018919000, -0.0711658, -0.54733527, 0.38056904
3060023867000, -0.063224554, -0.5739079, 0.3820962
3060028863000, -0.0711658, -0.6160576, 0.3866777
3060033893000, -0.095294975, -0.68386364, 0.38545597
3060038865000, -0.10629055, -0.7641924, 0.3726278
3060043863000, -0.12095132, -0.7715228, 0.3753767
3060048879000, -0.13133603, -0.92087936, 0.38026363
3060053981000, -0.14660765, -1.0320568, 0.37995818
3060058919000, -0.1563815, -1.106277, 0.3857614
3060063951000, -0.18692477, -1.1301007, 0.4089743
3060068939000, -0.22266038, -1.1349876, 0.43951756
3060073950000, -0.24312437, -1.1478158, 0.45173484
3060078920000, -0.26542094, -1.1371256, 0.46639562
3060083966000, -0.27091873, -1.0726794, 0.48624873
3060089057000, -0.2929099, -1.0009027, 0.505491
3060093994000, -0.29810223, -0.9437868, 0.5235115
3060099554000, -0.2941316, -0.9077458, 0.52870387
3060103985000, -0.30573806, -0.88789266, 0.5207626
3060108978000, -0.32528573, -0.88422745, 0.5143485
3060113967000, -0.32711834, -0.9062186, 0.50823987
3060119006000, -0.33353242, -0.9660834, 0.51343226
3060123945000, -0.355829, -1.0641272, 0.5122105
3060128974000, -0.34574974, -1.1572843, 0.50640726
3060134130000, -0.3417791, -1.2547172, 0.5140431
3060138977000, -0.32284227, -1.3579534, 0.52320606
3060143958000, -0.30085114, -1.3970488, 0.55863625
3060148958000, -0.29352075, -1.4694363, 0.5204572
3060154077000, -0.28099802, -1.5289958, 0.47708577
3060159026000, -0.25595254, -1.5567901, 0.44257188
3060163943000, -0.23640485, -1.5766432, 0.51893
3060169598000, -0.20738874, -1.6743816, 0.4288274
3060173939000, -0.1554652, -1.7510452, 0.43554693
3060178938000, -0.12034045, -1.7076738, 0.5143485
3060184254000, -0.112704635, -1.6994271, 0.45814893
3060188995000, -0.13530666, -1.7363845, 0.4352415
3060194046000, -0.13561209, -1.7287487, 0.5311473
3060198973000, -0.12675454, -1.7821994, 0.46822822
3060204044000, -0.15057829, -1.8643607, 0.4437936
3060209002000, -0.15821409, -1.881465, 0.52534413
3060213914000, -0.15668693, -1.9104811, 0.49571714
3060218980000, -0.13927728, -1.981036, 0.47983465
3060223928000, -0.1459968, -2.0430388, 0.52320606
3060228940000, -0.11881329, -2.084883, 0.55955255
3060233938000, -0.06352998, -2.079996, 0.5864306
3060238997000, -0.020158553, -2.1041253, 0.64721173
3060243919000, 0.03390302, -2.1331415, 0.6618725
3060248986000, 0.07422013, -2.175902, 0.69058317
3060253966000, 0.1151481, -2.2275202, 0.7470882
3060258947000, 0.13713925, -2.2910502, 0.784351
3060263919000, 0.1469131, -2.4092526, 0.8231409
3060269026000, 0.2125811, -2.4740043, 0.83291477
3060273929000, 0.22418754, -2.4856107, 0.8940013
3060278981000, 0.23090707, -2.5250115, 0.9285152
3060283933000, 0.21868975, -2.5396724, 0.97158116
3060288987000, 0.25045475, -2.515543, 1.0048733
3060293955000, 0.29229903, -2.4645357, 1.0497719
3060298964000, 0.31520647, -2.3701572, 1.0946705
3060304130000, 0.34972036, -2.2516494, 1.1481212
3060308994000, 0.37904188, -2.1090124, 1.2195925
3060313933000, 0.37659842, -1.9556851, 1.2864822
3060318973000, 0.36987892, -1.7498235, 1.3677273
3060323948000, 0.36713, -1.5198327, 1.4718798
3060328938000, 0.3555236, -1.3213016, 1.5766432
3060333963000, 0.32406402, -1.1606439, 1.6438384
3060339010000, 0.2874121, -1.0250319, 1.7122552
3060343934000, 0.25534168, -0.9596693, 1.7434094
3060348958000, 0.24373524, -0.85154617, 1.738217
3060354901000, 0.24648413, -0.8014552, 1.6719382
3060358971000, 0.26389378, -0.79504114, 1.5543466
3060363935000, 0.30818152, -0.8002335, 1.4205672
3060368970000, 0.39064834, -0.77824235, 1.3106114
3060373943000, 0.46883908, -0.7791586, 1.1991285
3060378941000, 0.5549711, -0.7635816, 1.0711522
3060384001000, 0.63132924, -0.68630713, 0.96486163
3060389026000, 0.70646566, -0.59559363, 0.9737192
3060393951000, 0.75441855, -0.48441613, 1.0668762
3060398978000, 0.79198676, -0.29993483, 1.1691961
3060404048000, 0.8268061, -0.10262536, 1.1936307
3060408936000, 0.88117313, 0.11881329, 1.248914
3060413939000, 0.9092729, 0.31856623, 1.3591752
3060418962000, 0.91507614, 0.47219884, 1.4899004
3060424488000, 0.89736104, 0.61300325, 1.5283848
3060428979000, 0.8472701, 0.74036866, 1.4404203
3060434009000, 0.78893244, 0.7470882, 1.3368785
3060438979000, 0.6936375, 0.7318166, 1.2825116
3060443984000, 0.6426302, 0.65209866, 1.2608259
3060449009000, 0.5519168, 0.5919284, 1.1820242
3060453991000, 0.4831944, 0.48747048, 1.0387764
3060458982000, 0.42546764, 0.4156938, 0.90224797
3060463940000, 0.3680463, 0.35888332, 0.81122905
3060468973000, 0.3567453, 0.32986724, 0.73823065
3060473970000, 0.3417791, 0.36468655, 0.6603453
3060478931000, 0.31306845, 0.42210788, 0.61819565
3060483962000, 0.27091873, 0.50518554, 0.60139686
3060488933000, 0.21533, 0.6062838, 0.591623
3060494592000, 0.15118915, 0.7089091, 0.600786
3060498946000, 0.060170226, 0.8045095, 0.6105598
3060504076000, -0.013439035, 0.8958339, 0.63132924
3060508919000, -0.09865474, 0.95630956, 0.6453791
3060513982000, -0.17562376, 1.0140363, 0.6478226
3060518925000, -0.23304509, 1.0650436, 0.63224554
3060523992000, -0.2770274, 1.0806206, 0.6020077
3060528945000, -0.31673363, 1.0952814, 0.57879484
3060533964000, -0.3313944, 1.0946705, 0.56077427
3060538965000, -0.34116822, 1.094976, 0.55955255
3060543943000, -0.3475823, 1.0946705, 0.5332854
3060548988000, -0.36468655, 1.07665, 0.52412236
3060554001000, -0.3827071, 1.0458013, 0.5112942
3060558942000, -0.40744713, 0.9975429, 0.50762904
3060563943000, -0.41722095, 0.95447695, 0.50488013
3060569975000, -0.43249258, 0.90224797, 0.50243664
3060573958000, -0.4615087, 0.88117313, 0.4972443
3060578954000, -0.46486846, 0.8206975, 0.49510628
3060583952000, -0.45234573, 0.752586, 0.4841107
3060588981000, -0.4370741, 0.679893, 0.48930305
3060594036000, -0.43585235, 0.63529986, 0.49571714
3060599009000, -0.4474588, 0.58276546, 0.5149594
3060604011000, -0.45570546, 0.5338962, 0.51251596
3060608922000, -0.4550946, 0.5030475, 0.5403103
3060613944000, -0.48349985, 0.47891834, 0.54825157
3060618948000, -0.49632803, 0.46211955, 0.5534439
3060623957000, -0.50701815, 0.44929138, 0.55741453
3060628934000, -0.52320606, 0.4437936, 0.56046885
3060634003000, -0.5360342, 0.45204028, 0.5589417
3060638997000, -0.54702985, 0.47403142, 0.5726862
3060643979000, -0.5525276, 0.5021312, 0.5726862
3060649016000, -0.5739079, 0.5363397, 0.5696318
3060654018000, -0.58246, 0.58032197, 0.59986967
3060658999000, -0.59895337, 0.63163465, 0.5992588
3060663975000, -0.61300325, 0.66767573, 0.6243043
3060669022000, -0.6221663, 0.689056, 0.6575964
3060673991000, -0.6533204, 0.70616025, 0.6591236
3060678962000, -0.66950834, 0.7058548, 0.5864306
3060683988000, -0.7049385, 0.6985244, 0.6569856
3060689015000, -0.72356987, 0.691194, 0.73426
3060694066000, -0.7263188, 0.66614854, 0.79320854
3060699039000, -0.7360926, 0.6365216, 0.788627
3060704033000, -0.7150178, 0.5858198, 0.8035932
3060708950000, -0.7058548, 0.559858, 0.8063421
3060714069000, -0.6945538, 0.5198463, 0.78801614
3060719033000, -0.66920286, 0.47494772, 0.79779
3060723991000, -0.6609562, 0.43249258, 0.786489
3060728979000, -0.6609562, 0.36010507, 0.7870999
3060733999000, -0.6575964, 0.3313944, 0.7892379
3060739032000, -0.6722572, 0.26083946, 0.78038037
3060743982000, -0.6786713, 0.20189096, 0.7602218
3060749648000, -0.66675943, 0.16371189, 0.74464476
3060754019000, -0.6621779, 0.10995574, 0.72234815
3060758990000, -0.6627888, 0.047036625, 0.6994407
3060763980000, -0.6768387, 6.1086525E-4, 0.679893
3060768985000, -0.70402217, -0.052534413, 0.64873886
3060773962000, -0.7257079, -0.11056661, 0.6065892
3060778949000, -0.7657196, -0.16249016, 0.5702427
3060783990000, -0.8002335, -0.23396139, 0.5128214
3060788974000, -0.8231409, -0.2648101, 0.45540005
3060793912000, -0.84116143, -0.30115658, 0.40194935
3060799038000, -0.8335256, -0.29016098, 0.35033122
3060803955000, -0.82527894, -0.27122417, 0.3051272
3060808954000, -0.8038987, -0.3115413, 0.25473082
3060813928000, -0.7959574, -0.32650748, 0.23976462
3060818987000, -0.7965683, -0.36560285, 0.22235495
3060823921000, -0.7910705, -0.36468655, 0.19853121
3060828938000, -0.799928, -0.37690386, 0.18967366
3060833970000, -0.8005389, -0.408058, 0.18875736
3060839038000, -0.8035932, -0.47800204, 0.09254608
3060843951000, -0.80909103, -0.6246097, -0.19333886
3060849007000, -0.7846564, -0.56291234, -0.029932396
3060854006000, -0.7797695, -0.516792, 0.039095376
3060858949000, -0.75228053, -0.45723262, 0.07727446
3060864037000, -0.73273283, -0.42577308, 0.089186326
3060869027000, -0.7425067, -0.40500367, 0.10751228
3060874070000, -0.745561, -0.39461896, 0.1423316
3060878978000, -0.7626653, -0.35796702, 0.18936823
3060883995000, -0.7812967, -0.33841935, 0.226631
3060888955000, -0.8017606, -0.321926, 0.25686884
3060893998000, -0.8185594, -0.34300083, 0.22296582
3060899022000, -0.8313876, -0.32620203, 0.2666427
3060904004000, -0.81245077, -0.2602286, 0.355829
3060908942000, -0.8008443, -0.23060162, 0.4092797
3060913920000, -0.7724391, -0.22785273, 0.441961
3060919005000, -0.7495316, -0.23548855, 0.46700647
3060923929000, -0.7324274, -0.25381452, 0.50854534
3060928982000, -0.7153232, -0.2666427, 0.5357288
3060933933000, -0.6933321, -0.29229903, 0.54275376
3060938982000, -0.6844745, -0.3213151, 0.56107974
3060943993000, -0.6637051, -0.35521814, 0.58551437
3060949047000, -0.6227771, -0.37598756, 0.591623
3060954024000, -0.5983425, -0.40561453, 0.5946773
3060959064000, -0.5681047, -0.4437936, 0.5925393
3060964002000, -0.52778757, -0.4746423, 0.5852089
3060968995000, -0.4981606, -0.5186246, 0.5644395
3060974017000, -0.48349985, -0.52778757, 0.58123827
3060978989000, -0.462425, -0.5342017, 0.56016344
3060983993000, -0.44135013, -0.52778757, 0.5674938
3060988952000, -0.41416663, -0.52198434, 0.59223384
3060994006000, -0.40286562, -0.51343226, 0.59437186
3060998994000, -0.38453966, -0.47616947, 0.63804877
3061008870000, -0.35796702, -0.40133846, 0.7324274
3061013887000, -0.36713, -0.376293, 0.7809912
3061018940000, -0.34972036, -0.3662137, 0.8185594
3061023949000, -0.32467487, -0.34116822, 0.8381071
3061028889000, -0.2855795, -0.3408628, 0.8539896
3061033916000, -0.27275133, -0.3491095, 0.82833326
3061038878000, -0.24495697, -0.37995818, 0.77488256
3061043888000, -0.2180789, -0.31703907, 0.8008443
3061048891000, -0.19150625, -0.25992316, 0.8332202
3061053921000, -0.19181168, -0.23426682, 0.8145888
3061058872000, -0.17715092, -0.1994475, 0.78954333
3061063874000, -0.16401732, -0.12492194, 0.8576548
3061068938000, -0.15577064, -0.047647487, 0.9324858
3061074601000, -0.14813483, -0.002443461, 0.9007208
3061078914000, -0.11362094, 0.02443461, 0.84513205
3061083983000, -0.0888809, 0.07238753, 0.90316427
3061088986000, -0.055588737, 0.11362094, 0.9947941
3061093983000, -0.02321288, 0.15943582, 1.024421
3061098929000, 0.016798794, 0.18203785, 1.0057896
3061104059000, 0.059253927, 0.19303341, 0.98807454
3061109073000, 0.07941248, 0.21685717, 0.9550878
3061113983000, 0.1020145, 0.25717425, 0.9407325
3061118977000, 0.12583824, 0.3023783, 0.9211848
3061123948000, 0.13683382, 0.3173445, 0.89766645
3061128983000, 0.13408493, 0.35185838, 0.893085
3061133961000, 0.14294247, 0.41172317, 0.8765916
3061139214000, 0.16035213, 0.46120325, 0.870483
3061144566000, 0.15241088, 0.4886922, 0.82741696
3061149025000, 0.13255776, 0.48288897, 0.79626286
3061153987000, 0.11636983, 0.4636467, 0.7296785
3061158962000, 0.095294975, 0.45662177, 0.6817256
3061163934000, 0.05467244, 0.4361578, 0.61941737
3061168953000, 0.009162978, 0.39767328, 0.5705481
3061173945000, -0.04642576, 0.37293324, 0.5513059
3061178956000, -0.11362094, 0.34972036, 0.52473325
3061183965000, -0.16768251, 0.32375857, 0.4831944
3061189078000, -0.21319197, 0.28893927, 0.46089783
3061193940000, -0.26816985, 0.25992316, 0.43554693
3061198959000, -0.30909783, 0.204029, 0.39675698
3061204094000, -0.35643986, 0.16249016, 0.36987892
3061208962000, -0.4269948, 0.13439035, 0.34666604
3061214384000, -0.47983465, 0.092240654, 0.3463606
3061218988000, -0.5375614, 0.07422013, 0.3484986
3061223948000, -0.5849035, 0.06536258, 0.34238997
3061228953000, -0.6047566, 0.04886922, 0.3539964
3061233963000, -0.6554584, 0.050701816, 0.38759398
3061239016000, -0.7134906, 0.03634648, 0.40958515
3061243935000, -0.74189585, 0.017715093, 0.4654793
3061248966000, -0.7644979, -0.0033597588, 0.5180137
3061253985000, -0.79198676, -0.040317107, 0.5717699
3061258952000, -0.8231409, -0.055588737, 0.62858033
3061263935000, -0.82986045, -0.06994407, 0.752586
3061268970000, -0.8374963, -0.059864793, 0.8399397
3061273946000, -0.8368854, -0.13347405, 0.8927795
3061278938000, -0.8350528, -0.18387043, 0.9282097
3061284164000, -0.80878556, -0.23976462, 0.97158116
3061288996000, -0.7831292, -0.27580565, 1.0253373
3061293937000, -0.75441855, -0.29626966, 1.065349
3061298972000, -0.7107417, -0.3005457, 1.0888673
3061303999000, -0.68111473, -0.2959642, 1.1206323
3061308942000, -0.6401868, -0.2938262, 1.1389582
3061313937000, -0.61453044, -0.2950479, 1.178359
3061318970000, -0.58276546, -0.29993483, 1.1936307
3061323977000, -0.5555819, -0.3042109, 1.2195925
3061328939000, -0.5516113, -0.3100141, 1.2388347
3061333963000, -0.5366451, -0.29718593, 1.2770138
3061339007000, -0.52442783, -0.28191432, 1.3041973
3061343934000, -0.52870387, -0.27275133, 1.3350459
3061348952000, -0.52290064, -0.25473082, 1.3460416
3061354068000, -0.5161811, -0.23090707, 1.3820826
3061358981000, -0.52106804, -0.18142697, 1.3939945
3061363943000, -0.5271767, -0.12675454, 1.4031575
3061368978000, -0.5497787, -0.04428773, 1.4162911
3061373962000, -0.54550266, 0.06078109, 1.4153748
3061378942000, -0.5558874, 0.17012598, 1.4123205
3061384025000, -0.5500842, 0.25961772, 1.402852
3061389027000, -0.5513059, 0.32834008, 1.3842206
3061393955000, -0.5699373, 0.38056904, 1.3603969
3061398955000, -0.5751296, 0.40683624, 1.3225232
3061404006000, -0.5839872, 0.41783184, 1.2904528
3061408956000, -0.5757405, 0.41996986, 1.2513574
3061413939000, -0.5555819, 0.4184427, 1.208597
3061418983000, -0.5320636, 0.42271876, 1.1658363
3061423924000, -0.5174029, 0.4538729, 1.1468995
3061428947000, -0.50426924, 0.4746423, 1.0913107
3061433977000, -0.4886922, 0.49510628, 1.0323622
3061438983000, -0.5045747, 0.5335908, 0.96669424
3061443948000, -0.52564955, 0.5534439, 0.9108001
3061448972000, -0.5647449, 0.55863625, 0.84940815
3061454024000, -0.6056729, 0.5864306, 0.7828238
3061458978000, -0.6542367, 0.63071835, 0.73273283
3061463927000, -0.70952, 0.6753115, 0.6872234
3061469740000, -0.74281216, 0.7104363, 0.66767573
3061473947000, -0.77549344, 0.7312057, 0.63591075
3061478936000, -0.8054258, 0.71593404, 0.61086524
3061483961000, -0.81122905, 0.6826419, 0.58123827
3061489031000, -0.8390234, 0.589485, 0.54641896
3061493942000, -0.8567385, 0.4783075, 0.52626044
3061498954000, -0.8765916, 0.3576616, 0.5128214
3061504129000, -0.9101892, 0.26511553, 0.528093
3061508938000, -0.9407325, 0.14935656, 0.5271767
3061513932000, -0.97494096, 0.022602014, 0.52320606
3061518954000, -0.9987647, -0.019242255, 0.5503896
3061523977000, -1.0048733, -0.047036625, 0.56688297
3061528943000, -1.0338894, -0.09865474, 0.5726862
3061533958000, -1.0375546, -0.15027285, 0.5757405
3061539482000, -1.0445796, -0.2761111, 0.5225952
3061543941000, -1.0607675, -0.31978795, 0.559858
3061548915000, -1.0735956, -0.31764993, 0.5720753
3061553982000, -1.0512991, -0.34238997, 0.54611355
3061558918000, -1.0235047, -0.37110063, 0.5390886
3061563982000, -1.0079277, -0.4071417, 0.5390886
3061568928000, -0.981355, -0.45051312, 0.528093
3061573991000, -0.96944314, -0.550695, 0.46700647
3061578914000, -0.9275989, -0.6536258, 0.45112398
3061583982000, -0.9111055, -0.70432764, 0.46975538
3061588975000, -0.8772025, -0.76052725, 0.47433686
3061593978000, -0.83260936, -0.81092364, 0.49480084
3061598979000, -0.79717916, -0.8732319, 0.50243664
3061604090000, -0.7684685, -0.9486737, 0.4990769
3061609322000, -0.7583892, -1.0311406, 0.5012149
3061613978000, -0.7275405, -1.1093313, 0.52015173
3061618983000, -0.70463306, -1.1410962, 0.52595496
3061623986000, -0.6988298, -1.1872166, 0.54367006
3061629007000, -0.6563747, -1.1673635, 0.6261369
3061634003000, -0.6047566, -1.1655309, 0.7049385
3061639024000, -0.57848936, -1.2021828, 0.7687739
3061643981000, -0.57543504, -1.2538009, 0.8185594
3061648937000, -0.5867361, -1.3075571, 0.816116
3061654073000, -0.6032294, -1.3396275, 0.8356637
3061658922000, -0.63163465, -1.3503176, 0.8509353
3061663980000, -0.66950834, -1.4013249, 0.8445212
3061668934000, -0.7165449, -1.4605788, 0.8216137
3061673985000, -0.7672467, -1.4718798, 0.8341365
3061678917000, -0.8151997, -1.486846, 0.852157
3061683987000, -0.84696466, -1.4840971, 0.838718
3061688985000, -0.8713993, -1.5030339, 0.8176431
3061693985000, -0.8793405, -1.491733, 0.79809546
3061698930000, -0.8509353, -1.4501941, 0.7825184
3061704080000, -0.799928, -1.3683381, 0.77854776
3061708941000, -0.7134906, -1.3213016, 0.7504479
3061713978000, -0.61636305, -1.3283265, 0.69974613
3061719022000, -0.5335908, -1.319469, 0.68386364
3061723970000, -0.48533243, -1.3148874, 0.66859204
3061728979000, -0.3707952, -1.3026701, 0.64843345
3061734005000, -0.27275133, -1.2791518, 0.6429357
3061739069000, -0.15790866, -1.2837334, 0.6230826
3061743983000, -0.04062254, -1.3142766, 0.5928447
3061749005000, 0.03970624, -1.3524556, 0.56077427
3061754115000, 0.099265605, -1.3652838, 0.5338962
3061759004000, 0.1591304, -1.3521502, 0.49877146
3061763976000, 0.21105394, -1.3023647, 0.46761733
3061769018000, 0.22296582, -1.2336423, 0.44226643
3061773975000, 0.22204952, -1.1673635, 0.40378192
3061778977000, 0.21197024, -1.0647382, 0.36774087
3061783994000, 0.18051068, -0.95447695, 0.32498032
3061789017000, 0.1142318, -0.83260936, 0.28985557
3061794494000, 0.06719518, -0.7119634, 0.25259277
3061798996000, 0.0070249503, -0.6236934, 0.21563543
3061804013000, -0.07269296, -0.58184916, 0.1600467
3061808948000, -0.16401732, -0.5183192, 0.13591751
3061813955000, -0.21777347, -0.47769663, 0.12095132
3061819014000, -0.23945917, -0.43279803, 0.11942416
3061823952000, -0.29352075, -0.4202753, 0.1133155
3061828984000, -0.33750305, -0.43157628, 0.099571034
3061833924000, -0.36957347, -0.462425, 0.083383106
3061838981000, -0.3924809, -0.52412236, 0.07452556
3061843917000, -0.40408736, -0.57726765, 0.07452556
3061848959000, -0.4156938, -0.6795876, 0.07422013
3061853959000, -0.40500367, -0.7663304, 0.08155051
3061858987000, -0.39920044, -0.8445212, 0.10720685
3061864550000, -0.38056904, -0.9092729, 0.11789699
3061868978000, -0.35430184, -0.95111716, 0.13561209
3061873962000, -0.34238997, -0.9755518, 0.14355333
3061878940000, -0.32436943, -0.98471475, 0.1572978
3061883973000, -0.29749137, -0.9828822, 0.15454891
3061889068000, -0.29840767, -0.97097033, 0.13988814
3061894008000, -0.3100141, -0.9783007, 0.11056661
3061898973000, -0.32162055, -0.98715824, 0.090713486
3061903991000, -0.3371976, -0.990518, 0.07086037
3061908948000, -0.3472769, -0.9944886, 0.05681047
3061913954000, -0.36957347, -1.0082331, 0.04886922
3061918974000, -0.37934732, -1.0070114, 0.04428773
3061923965000, -0.3857614, -0.98349303, 0.040927973
3061928939000, -0.40317106, -0.9602802, 0.035430185
3061934221000, -0.40622538, -0.9129381, 0.043982297
3061939024000, -0.3912592, -0.85154617, 0.06047566
3061944024000, -0.376293, -0.81214535, 0.08032878
3061948961000, -0.355829, -0.7870999, 0.1001819
3061953996000, -0.3371976, -0.71776664, 0.10140363
3061958951000, -0.2959642, -0.6621779, 0.11759156
3061964004000, -0.2782491, -0.61208695, 0.15393804
3061968942000, -0.26542094, -0.5137377, 0.1518
3061974018000, -0.2321288, -0.40530908, 0.15790866
3061978959000, -0.20952678, -0.32253686, 0.15943582
3061984033000, -0.19333886, -0.25289822, 0.17928895
3061988983000, -0.20830505, -0.1908954, 0.17531833
3061994016000, -0.2171626, -0.1414153, 0.16646078
3061999037000, -0.22999077, -0.10415252, 0.15271631
3062018893000, -0.35216382, -0.07452556, 0.12492194
3062023878000, -0.37690386, -0.07391469, 0.111177474
3062028866000, -0.40591997, -0.10048734, 0.11026118
3062033889000, -0.41325033, -0.11789699, 0.1142318
3062038867000, -0.41996986, -0.1432479, 0.11942416
3062043864000, -0.41508293, -0.16798794, 0.13347405
3062048909000, -0.40103304, -0.19272798, 0.15057829
3062053941000, -0.36835176, -0.23793201, 0.16982053
3062058905000, -0.3268129, -0.26847526, 0.19608775
3062063899000, -0.28863382, -0.31520647, 0.22571471
3062068913000, -0.25137106, -0.36193767, 0.24678956
3062073913000, -0.22235495, -0.40591997, 0.27122417
3062078904000, -0.2012801, -0.45998153, 0.3100141
3062084021000, -0.17531833, -0.49266282, 0.33414328
3062089695000, -0.15210545, -0.52412236, 0.36743546
3062095530000, -0.1282817, -0.5467244, 0.38331795
3062098968000, -0.11911872, -0.5726862, 0.38637227
3062104003000, -0.1328632, -0.5864306, 0.39736784
3062108956000, -0.13072516, -0.5830709, 0.39950588
3062114006000, -0.13408493, -0.58551437, 0.40378192
3062119587000, -0.14905111, -0.56230146, 0.41447207
3062123970000, -0.16340645, -0.5305365, 0.41599923
3062128976000, -0.204029, -0.48991394, 0.42546764
3062133990000, -0.22907446, -0.42760566, 0.419359
3062139256000, -0.2574797, -0.36713, 0.42332962
3062144038000, -0.29657507, -0.33505958, 0.39461896
3062149031000, -0.30940324, -0.30604348, 0.376293
3062154018000, -0.3203988, -0.29657507, 0.37048978
3062158964000, -0.35002577, -0.27091873, 0.35705075
3062163882000, -0.3491095, -0.26542094, 0.34666604
3062168949000, -0.34147367, -0.27275133, 0.3399465
3062173939000, -0.3484986, -0.27580565, 0.33444872
3062178889000, -0.34513888, -0.26725355, 0.31978795
3062183923000, -0.33841935, -0.28924468, 0.2910773
3062189353000, -0.3042109, -0.3115413, 0.25473082
3062193913000, -0.2929099, -0.3203988, 0.23793201
3062198948000, -0.29168814, -0.3304781, 0.22785273
3062203993000, -0.29016098, -0.34116822, 0.20677789
3062208876000, -0.30176744, -0.3387248, 0.19517145
3062213918000, -0.310625, -0.3368922, 0.17623462
3062218878000, -0.32436943, -0.30451632, 0.16187929
3062224182000, -0.3475823, -0.29352075, 0.16890424
3062228881000, -0.36835176, -0.27091873, 0.13805555
3062233886000, -0.38698313, -0.258396, 0.10629055
3062238897000, -0.37965274, -0.24678956, 0.07788532
3062244121000, -0.38423425, -0.23884831, 0.045814894
3062248905000, -0.3933972, -0.21777347, 0.023823744
3062253927000, -0.4092797, -0.20708331, 0.0015271631
3062258877000, -0.41355577, -0.22204952, -0.020158553
3062263865000, -0.41508293, -0.23151793, -0.05681047
3062268900000, -0.42271876, -0.22907446, -0.06872234
3062273881000, -0.4202753, -0.20799962, -0.074830994
3062278880000, -0.44593164, -0.16676621, -0.074830994
3062283882000, -0.4804455, -0.1255328, -0.05009095
3062288886000, -0.5103779, -0.08735373, -0.025961773
3062293854000, -0.52839845, -0.02443461, 0.009468411
3062298843000, -0.56230146, 0.011911872, 0.029932396
3062303885000, -0.5925393, 0.06811147, 0.044898596
3062308836000, -0.600786, 0.1151481, 0.064446285
3062313847000, -0.6114761, 0.15118915, 0.08979719
3062318845000, -0.61483586, 0.172264, 0.10934488
3062323853000, -0.6123924, 0.1826487, 0.118202426
3062328848000, -0.61453044, 0.204029, 0.10415252
3062333879000, -0.5925393, 0.23884831, 0.08246681
3062338845000, -0.55771995, 0.28893927, 0.051618114
3062343849000, -0.52015173, 0.3313944, 0.011301007
3062348849000, -0.4905248, 0.40561453, -0.03359759
3062353882000, -0.46883908, 0.47678033, -0.07941248
3062358850000, -0.45448375, 0.54305923, -0.12797627
3062363849000, -0.45662177, 0.6068946, -0.16310102
3062368851000, -0.44684792, 0.6365216, -0.20189096
3062373851000, -0.43249258, 0.64843345, -0.21685717
3062378844000, -0.42760566, 0.63438356, -0.22724187
3062383873000, -0.3827071, 0.6273586, -0.2180789
3062388843000, -0.3032946, 0.6065892, -0.1826487
3062393849000, -0.24801129, 0.58062744, -0.1151481
3062398837000, -0.19547687, 0.5705481, -0.03848451
3062403943000, -0.17501289, 0.5299256, -0.005192355
3062408882000, -0.13072516, 0.4972443, 0.049480084
3062413896000, -0.09865474, 0.4560109, 0.09254608
3062418927000, -0.03481932, 0.4352415, 0.14721853
3062423902000, 0.018325957, 0.4269948, 0.20341812
3062428900000, 0.0852157, 0.43096542, 0.27550024
3062433919000, 0.13469578, 0.4700608, 0.35521814
3062438971000, 0.16279559, 0.51343226, 0.42241332
3062444386000, 0.19456059, 0.5546656, 0.4999932
3062448901000, 0.21563543, 0.6020077, 0.56230146
3062454054000, 0.22296582, 0.64568454, 0.6075055
3062458990000, 0.1966986, 0.65148777, 0.6282749
3062463937000, 0.17867808, 0.6010914, 0.6404922
3062468968000, 0.1441642, 0.49510628, 0.63132924
3062474036000, 0.12614368, 0.37812558, 0.602924
3062479163000, 0.11148291, 0.2519819, 0.559858
3062483952000, 0.09285152, 0.14538592, 0.5015204
3062489051000, 0.09560041, 0.10842858, 0.44165558
3062494019000, 0.118507855, 0.15882497, 0.3753767
3062498965000, 0.14446963, 0.20769419, 0.32986724
3062504009000, 0.13194689, 0.26939157, 0.30451632
3062508947000, 0.10445796, 0.2678644, 0.27030787
3062514545000, 0.07819075, 0.21197024, 0.20005837
3062518971000, 0.04520403, 0.17654006, 0.18203785
3062523959000, 0.05131268, 0.070554934, 0.12370021
3062528939000, 0.052839845, -0.03970624, 0.058643065
3062533929000, 0.05955936, -0.16157386, -0.008857546
3062538986000, 0.06505715, -0.26297748, -0.0693332
3062543929000, 0.058643065, -0.3295618, -0.13316862
3062548967000, 0.049785517, -0.36560285, -0.18325958
3062553952000, 0.04642576, -0.3594942, -0.20463985
3062558952000, 0.032070424, -0.32436943, -0.21624629
3062563930000, 0.028710667, -0.29229903, -0.21777347
3062568970000, 0.031154128, -0.2932153, -0.20525073
3062573946000, 0.04153884, -0.31123585, -0.1994475
3062578937000, 0.038789943, -0.32253686, -0.17867808
3062584450000, 0.04337143, -0.312763, -0.1423316
3062589067000, 0.0580322, -0.3115413, -0.111177474
3062593974000, 0.08124508, -0.32070425, -0.071776666
3062598936000, 0.10140363, -0.32986724, -0.04428773
3062603990000, 0.10415252, -0.34208453, -0.021991149
3062608952000, 0.11484267, -0.32834008, 0.009162978
3062613964000, 0.111177474, -0.31398472, 0.03848451
3062618962000, 0.09315695, -0.33505958, 0.05467244
3062624195000, 0.07880162, -0.36682457, 0.07238753
3062628939000, 0.06078109, -0.4129449, 0.07666359
3062633933000, 0.040317107, -0.47158796, 0.077579886
3062639017000, 0.022296581, -0.5296202, 0.0571159
3062643926000, 0.0012217305, -0.5910121, 0.055283304
3062648999000, -0.02565634, -0.6621779, 0.04550946
3062654104000, -0.04642576, -0.7247916, 0.03359759
3062658948000, -0.0711658, -0.77457714, 0.01863139
3062663917000, -0.09040806, -0.80848014, 0.004886922
3062668975000, -0.10445796, -0.8008443, -0.0027488936
3062673929000, -0.12858713, -0.763887, -0.008552114
3062679050000, -0.1423316, -0.72234815, -0.016187929
3062684079000, -0.17134771, -0.6814202, -0.023823744
3062689058000, -0.19211712, -0.63346726, -0.031154128
3062694072000, -0.21746802, -0.5891795, -0.022602014
3062699223000, -0.23151793, -0.55771995, -0.009162978
3062704172000, -0.24862215, -0.49449542, 0.014049901
3062709038000, -0.2666427, -0.43951756, 0.01740966
3062714171000, -0.2669481, -0.40194935, 0.03359759
3062718989000, -0.2706133, -0.3811799, 0.042760566
3062723962000, -0.27152961, -0.3652974, 0.034208454
3062728944000, -0.27366763, -0.355829, 0.01863139
3062733972000, -0.2733622, -0.33292156, 0.008246681
3062739047000, -0.28619036, -0.31887165, -0.01160644
3062743996000, -0.31978795, -0.2678644, -0.03145956
3062748941000, -0.35888332, -0.21899518, -0.049785517
3062753984000, -0.3857614, -0.18234327, -0.058948494
3062758947000, -0.43035457, -0.14782938, -0.065973446
3062763939000, -0.45906523, -0.13133603, -0.07513642
3062769725000, -0.47708577, -0.12308934, -0.08032878
3062774000000, -0.4792238, -0.12156218, -0.076052725
3062778984000, -0.47403142, -0.12767084, -0.07544186
3062783972000, -0.46303585, -0.13225232, -0.05131268
3062789091000, -0.4334089, -0.12980886, -0.025961773
3062794020000, -0.39736784, -0.12003502, 0.016798794
3062799009000, -0.3735441, -0.10751228, 0.036651913
3062804049000, -0.35918877, -0.08277224, 0.079107046
3062808953000, -0.33108896, -0.06811147, 0.124311075
3062813974000, -0.29260445, -0.04550946, 0.17470746
3062819016000, -0.2593123, -0.039095376, 0.20525073
3062823995000, -0.20219639, -0.047647487, 0.22968534
3062828979000, -0.1572978, -0.06780604, 0.22602014
3062833963000, -0.109650314, -0.09315695, 0.22296582
3062839738000, -0.064751714, -0.124005646, 0.19700404
3062843934000, -0.0125227375, -0.1704314, 0.16920967
3062848929000, 0.0067195175, -0.2302962, 0.14446963
3062853996000, 0.043676864, -0.29871312, 0.09987647
3062858948000, 0.05681047, -0.36774087, 0.056199603
3062863944000, 0.0693332, -0.40866885, 0.0125227375
3062868971000, 0.076052725, -0.4297437, -0.01985312
3062874002000, 0.070554934, -0.4147775, -0.040317107
3062878940000, 0.059864793, -0.3930918, -0.06505715
3062883967000, 0.057726767, -0.37201694, -0.07574729
3062889111000, 0.04062254, -0.32711834, -0.08674286
3062893962000, 0.017715093, -0.30543262, -0.09407325
3062898936000, 9.162979E-4, -0.26145032, -0.09285152
3062903992000, -0.0106901415, -0.21685717, -0.093767814
3062909467000, -0.034513887, -0.17134771, -0.1001819
3062913913000, -0.054061573, -0.16646078, -0.099571034
3062918967000, -0.062308256, -0.1600467, -0.10445796
3062923929000, -0.07819075, -0.14172074, -0.11362094
3062928938000, -0.09773844, -0.113926366, -0.10842858
3062933985000, -0.109650314, -0.08979719, -0.12186762
3062939203000, -0.11911872, -0.058643065, -0.12156218
3062944069000, -0.14294247, -0.034208454, -0.12797627
3062949044000, -0.1459968, 0.0021380284, -0.1282817
3062954087000, -0.15210545, 0.03848451, -0.13133603
3062958972000, -0.17134771, 0.056505036, -0.12705997
3062963981000, -0.1863139, 0.06536258, -0.129198
3062969019000, -0.17837265, 0.073303826, -0.119729586
3062973975000, -0.19425514, 0.076052725, -0.10476339
3062979141000, -0.20097467, 0.08399397, -0.09682214
3062983963000, -0.20341812, 0.06841691, -0.08735373
3062989085000, -0.20250183, 0.04734206, -0.1151481
3062994004000, -0.19792034, 0.006414085, -0.19486602
3062998933000, -0.17715092, -0.11362094, -0.21044308
3063004002000, -0.118202426, -0.14294247, -0.160963
3063008938000, -0.086437434, -0.11942416, -0.09468412
3063013936000, -0.070249505, -0.099265605, -0.014966198
3063018958000, -0.062308256, -0.084910266, 0.03176499
3063023963000, -0.04642576, -0.095294975, 0.050701816
3063028941000, -0.047036625, -0.11728613, 0.054061573
3063033967000, -0.030543262, -0.13347405, 0.048258353
3063039041000, -0.023518313, -0.14110987, 0.033292156
3063044039000, -0.020158553, -0.13836098, 0.02565634
3063048917000, -0.028099801, -0.15027285, 0.018325957
3063053992000, -0.032070424, -0.13347405, 0.01038471
3063058915000, -0.039095376, -0.13958271, 0.0027488936
3063063936000, -0.04153884, -0.13133603, -0.00580322
3063068934000, -0.033292156, -0.1337795, -0.0061086523
3063073956000, -0.027183503, -0.13988814, -0.013439035
3063078914000, -0.029626964, -0.14569137, -0.0106901415
3063083970000, -0.007330383, -0.16035213, -0.015882496
3063089020000, -9.162979E-4, -0.1591304, -0.018020526
3063093985000, 0.004581489, -0.16218472, -0.023518313
3063098937000, 9.162979E-4, -0.17104226, -0.018325957
3063103981000, 0.018325957, -0.17440203, -0.016187929
3063108947000, 0.029321533, -0.16920967, -0.007330383
3063113984000, 0.029932396, -0.13927728, 0.0027488936
3063118999000, 0.008246681, -0.116675265, 0.004581489
3063124007000, 0.01985312, -0.10293079, 0.026267206
3063129006000, 0.037873644, -0.09560041, 0.040011674
3063134015000, 0.03726278, -0.08399397, 0.04550946
3063139042000, 0.040011674, -0.098043874, 0.036957346
3063144029000, 0.046731193, -0.09773844, 0.032070424
3063148956000, 0.048258353, -0.08399397, 0.03726278
3063154039000, 0.043066, -0.06994407, 0.03359759
3063159078000, 0.047036625, -0.07391469, 0.03604105
3063163981000, 0.034208454, -0.050396383, 0.040011674
3063169307000, 0.018936822, -0.042760566, 0.033292156
3063173999000, -0.008246681, -0.030543262, 0.02687807
3063178958000, -0.015577064, -0.030543262, 0.028099801
3063184032000, -0.016187929, -0.014049901, 0.03176499
3063189054000, -0.018325957, -0.020463986, 0.026572637
3063194018000, -0.011911872, -0.01740966, 0.02443461
3063198919000, -0.018020526, -0.017104227, 0.021380283
3063204045000, -0.009468411, -0.022602014, 0.02321288
3063208929000, 0.0012217305, -0.030848695, 0.024740042
3063213975000, -0.004886922, -0.03604105, 0.019547688
3063218938000, 0.0018325958, -0.03573562, 0.020463986
3063223990000, 0.0143553335, -0.03023783, 0.027794369
3063228916000, 0.015271631, -0.043676864, 0.028099801
3063234019000, 0.00580322, -0.046120327, 0.022296581
3063239042000, 0.01740966, -0.050396383, 0.031154128
3063243937000, 0.018936822, -0.042760566, 0.0290161
3063248933000, 0.02076942, -0.044898596, 0.027794369
3063254025000, 0.017715093, -0.051618114, 0.019547688
3063258944000, 0.01985312, -0.0571159, 0.021685716
3063263936000, 0.022907447, -0.05955936, 0.01863139
3063268965000, 0.018936822, -0.057726767, 0.014049901
3063273945000, 0.01282817, -0.054061573, 0.014966198
3063278939000, 0.016187929, -0.04550946, 0.015882496
3063284010000, 0.022602014, -0.047036625, 0.016493361
3063289021000, 0.013133603, -0.03756821, 0.018325957
3063293939000, 0.02107485, -0.04550946, 0.008857546
3063298931000, 0.027794369, -0.052839845, -0.0015271631
3063303999000, 0.025045475, -0.048563786, -0.0021380284
3063308951000, 0.02687807, -0.059253927, -0.010079277
3063313937000, 0.03634648, -0.05681047, -0.011911872
3063318972000, 0.020158553, -0.07238753, -0.010079277
3063323959000, 0.020158553, -0.07819075, -0.011301007
3063328952000, 0.024129177, -0.092240654, -0.018936822
3063333963000, 0.03176499, -0.09254608, -0.007941248
3063339043000, 0.015577064, -0.09437868, -0.019242255
3063343943000, 0.02107485, -0.09773844, -0.021685716
3063348931000, 0.01863139, -0.10903945, -0.01740966
3063353983000, 0.018936822, -0.106901415, -0.014049901
3063358953000, 0.018325957, -0.09132435, -0.013133603
3063363976000, 0.005497787, -0.07360926, -0.018020526
3063368967000, 0.002443461, -0.073303826, -0.01985312
3063373991000, -0.01160644, -0.062002823, -0.01282817
3063378980000, -0.018325957, -0.062002823, -0.023823744
3063383999000, -0.011301007, -0.063224554, -0.020158553
3063389060000, -0.016493361, -0.07269296, -0.02076942
3063393950000, -0.012217305, -0.0729984, -0.018020526
3063398970000, -0.01282817, -0.07696902, -0.0125227375
3063403984000, -0.020463986, -0.08032878, -0.0106901415
3063408950000, -0.017104227, -0.07971791, -0.015577064
3063413943000, -0.02107485, -0.07544186, -0.008552114
3063419004000, -0.025961773, -0.06688975, -0.0015271631
3063423919000, -0.028099801, -0.0693332, 0.0021380284
3063428978000, -0.018325957, -0.06536258, 0.004581489
3063433929000, -0.027183503, -0.06688975, 0.0106901415
3063439051000, -0.023518313, -0.071776666, 0.01282817
3063443916000, -0.020463986, -0.07544186, 0.011911872
3063448974000, -0.015577064, -0.080634214, 0.018020526
3063453966000, -0.016493361, -0.080634214, 0.0106901415
3063459002000, -0.01863139, -0.08246681, 0.013744468
3063463940000, -0.012217305, -0.076358154, 0.017104227
3063469004000, -0.024129177, -0.082161374, 0.013133603
3063473960000, -0.025045475, -0.07574729, 0.005497787
3063478982000, -0.016187929, -0.081855945, 0.009162978
3063484052000, -0.015577064, -0.08307768, 0.0027488936
3063489026000, -0.023823744, -0.08093964, 0.0067195175
3063494082000, -0.027488936, -0.08093964, 0.011911872
3063498956000, -0.02076942, -0.08552113, 0.0070249503
3063504032000, -0.015271631, -0.08735373, 0.017104227
3063508945000, -0.019242255, -0.08246681, 0.011911872
3063513917000, -0.014966198, -0.087659165, 0.0067195175
3063519018000, -0.006414085, -0.08582657, 0.01160644
3063523971000, -0.0012217305, -0.087659165, 0.009468411
3063528976000, -0.005192355, -0.082161374, 0.0030543262
3063533934000, -0.015882496, -0.086437434, 0.0070249503
3063539023000, -0.015577064, -0.08124508, 0.008857546
3063543949000, -0.015577064, -0.07727446, 0.007941248
3063548973000, -0.019242255, -0.08552113, 0.005497787
3063554053000, -0.02076942, -0.089491755, 0.0021380284
3063558982000, -0.02076942, -0.07788532, 0.0061086523
3063563986000, -0.028099801, -0.0870483, -0.0021380284
3063569018000, -0.027488936, -0.08155051, 9.162979E-4
3063573995000, -0.025350908, -0.077579886, 9.162979E-4
3063578961000, -0.029626964, -0.08368854, 0.004581489
3063584024000, -0.030543262, -0.07666359, 0.0015271631
3063589033000, -0.03390302, -0.08032878, -0.00580322
3063593985000, -0.031154128, -0.07391469, -0.007941248
3063598977000, -0.032986723, -0.07422013, 6.1086525E-4
3063604066000, -0.03268129, -0.067500606, 0.006414085
3063608936000, -0.03145956, -0.0693332, 0.0018325958
3063613977000, -0.03359759, -0.07238753, 0.009162978
3063619013000, -0.045814894, -0.06994407, 0.0067195175
3063623983000, -0.027488936, -0.070249505, 0.0061086523
3063628974000, -0.03176499, -0.07086037, 0.00580322
3063634005000, -0.038179077, -0.051618114, 0.014966198
3063639023000, -0.03604105, -0.05131268, 0.0070249503
3063643963000, -0.049480084, -0.06536258, 0.004581489
3063648971000, -0.04795292, -0.06169739, 0.0070249503
3063654050000, -0.049785517, -0.06261369, 0.011911872
3063658983000, -0.04550946, -0.05497787, 0.009162978
3063663983000, -0.044593163, -0.06169739, 0.004886922
3063669009000, -0.060170226, -0.06811147, 0.0061086523
3063673989000, -0.04795292, -0.0711658, 0.007941248
3063678978000, -0.04734206, -0.069027774, 0.0070249503
3063683984000, -0.048563786, -0.07544186, 0.011911872
3063688957000, -0.040927973, -0.079107046, 0.0030543262
3063693980000, -0.03756821, -0.07849618, 0.0061086523
3063698946000, -0.03604105, -0.06994407, 0.009468411
3063704100000, -0.03604105, -0.06658431, 0.0021380284
3063708987000, -0.043676864, -0.06841691, 0.0033597588
3063713977000, -0.04550946, -0.06352998, 0.004581489
3063718983000, -0.050396383, -0.067500606, -0.0012217305
3063723969000, -0.046731193, -0.070554934, -0.010079277
3063728978000, -0.04550946, -0.064446285, -0.0125227375
3063734008000, -0.059864793, -0.06291912, -0.01740966
3063739085000, -0.0852157, -0.06536258, -0.023823744
3063743980000, -0.09682214, -0.06566802, -0.029932396
3063748964000, -0.105374254, -0.061391957, -0.028710667
3063754082000, -0.10445796, -0.05955936, -0.028405234
3063759252000, -0.11911872, -0.05589417, -0.039095376
3063763982000, -0.10903945, -0.05009095, -0.035124753
3063769346000, -0.10415252, -0.04337143, -0.028099801
3063773987000, -0.1133155, -0.030543262, -0.024740042
3063778970000, -0.10781772, -0.02687807, -0.03176499
3063784007000, -0.10323623, -0.02321288, -0.038789943
3063788980000, -0.113926366, -0.00580322, -0.03726278
3063793977000, -0.129198, 0.013133603, -0.04337143
3063798915000, -0.1554652, 0.035430185, -0.05100725
3063804079000, -0.18661933, 0.048563786, -0.061086524
3063808924000, -0.20861048, 0.07544186, -0.07880162
3063813976000, -0.22632557, 0.09621128, -0.0842994
3063818940000, -0.23762658, 0.116980694, -0.090713486
3063824007000, -0.25228736, 0.13652839, -0.10720685
3063828949000, -0.2489276, 0.13744467, -0.115453534
3063834007000, -0.2406809, 0.14844026, -0.11026118
3063838954000, -0.24281894, 0.15271631, -0.106901415
3063843984000, -0.24129178, 0.15821409, -0.10567969
3063848958000, -0.22540927, 0.16065755, -0.092240654
3063853995000, -0.19425514, 0.032986723, -0.04520403
3063858997000, -0.06780604, -0.10903945, 0.021685716
3063863932000, 0.12492194, -0.21410827, 0.0720821
3063869016000, 0.24556783, -0.32620203, 0.082161374
3063873917000, 0.32711834, -0.36346483, 0.06811147
3063878985000, 0.3494149, -0.38728857, 0.048563786
3063883934000, 0.33383787, -0.3268129, 0.015577064
3063889165000, 0.25350907, -0.19425514, 0.002443461
3063893918000, 0.12889257, -0.040927973, 0.004276057
3063898980000, -0.009773844, 0.10293079, 0.010079277
3063903971000, -0.09712757, 0.18753563, 0.013439035
3063908951000, -0.12034045, 0.1994475, 0.012217305
3063913939000, -0.09743301, 0.17104226, 0.020463986
3063919005000, -0.058337633, 0.1255328, 0.027488936
