#Rate of rotation around the x y z axes (Angular velocity).
#timestamp(ns),x,y,z(rad/s)
#Datetime: 24/03/2015 15:15:35
##########################################
#Activity: 9 - CSO - Car Step-out - 6s
#Subject ID: 37
#First Name: sub37
#Last Name: sub37
#Age: 25
#Height(cm): 172
#Weight(kg): 63
#Gender: Male
##########################################

@DATA
11415111385000, -0.025045475, -0.056199603, -0.025961773
11415116322000, -0.029321533, -0.051618114, -0.024740042
11415121332000, -0.03848451, -0.06719518, -0.024129177
11415126367000, -0.03268129, -0.05955936, -0.021380283
11415131371000, -0.03634648, -0.06291912, -0.021380283
11415136392000, -0.04917465, -0.062308256, -0.01740966
11415141269000, -0.0580322, -0.06566802, -0.020463986
11415146331000, -0.052534413, -0.06872234, -0.025350908
11415151279000, -0.04520403, -0.06872234, -0.021380283
11415156273000, -0.054367006, -0.071776666, -0.01985312
11415161311000, -0.057421334, -0.058337633, -0.014660766
11415166314000, -0.06536258, -0.06047566, -0.016187929
11415171360000, -0.058337633, -0.062308256, -0.022296581
11415176305000, -0.06047566, -0.055588737, -0.014966198
11415181356000, -0.062308256, -0.059864793, -0.0106901415
11415186295000, -0.074830994, -0.06811147, -0.009773844
11415191269000, -0.056199603, -0.06078109, -0.01038471
11415196647000, -0.06994407, -0.059864793, -0.005497787
11415201317000, -0.073303826, -0.05467244, -0.0021380284
11415206278000, -0.0852157, -0.059253927, -0.007941248
11415211328000, -0.08155051, -0.06688975, -0.008857546
11415216325000, -0.08552113, -0.065973446, -0.0067195175
11415221339000, -0.08155051, -0.060170226, -0.0015271631
11415226983000, -0.08582657, -0.0711658, -0.005192355
11415233056000, -0.08368854, -0.05681047, -0.0012217305
11415236277000, -0.09132435, -0.062002823, -0.002443461
11415241272000, -0.095294975, -0.05497787, -3.0543262E-4
11415246313000, -0.093462385, -0.052534413, 0.0015271631
11415251330000, -0.09162979, -0.054367006, -0.0076358155
11415256283000, -0.09407325, -0.04795292, -0.009773844
11415261353000, -0.096516706, -0.050701816, -0.0027488936
11415266324000, -0.1001819, -0.042455133, -0.01038471
11415271307000, -0.087964594, -0.03726278, -0.0067195175
11415276365000, -0.087964594, -0.03573562, -0.004886922
11415281355000, -0.0842994, -0.037873644, -0.006414085
11415286354000, -0.08002335, -0.030543262, -0.01160644
11415291270000, -0.08032878, -0.03176499, -0.003970624
11415296332000, -0.07788532, -0.027794369, -0.0106901415
11415301280000, -0.07574729, -0.02076942, -0.007330383
11415306272000, -0.062308256, -0.02565634, -0.008552114
11415311285000, -0.058643065, -0.020158553, -0.009773844
11415316299000, -0.058337633, -0.0125227375, -0.007330383
11415321279000, -0.06383542, -0.004886922, -0.009468411
11415326308000, -0.04886922, -0.0030543262, -0.0070249503
11415331334000, -0.04550946, 0.002443461, 0.0027488936
11415336278000, -0.034208454, 0.002443461, -0.010079277
11415341277000, -0.034513887, 0.0106901415, 0.0027488936
11415346305000, -0.03848451, 0.004276057, 0.002443461
11415351318000, -0.020158553, 0.004581489, -0.0030543262
11415356277000, -0.02565634, 0.009468411, 0.0018325958
11415361281000, -0.023518313, 0.010079277, 6.1086525E-4
11415366298000, -0.0143553335, 0.013439035, -0.011911872
11415371273000, -0.01282817, 0.009468411, -0.003970624
11415376307000, -0.019547688, 0.019547688, -0.003970624
11415381328000, -0.018020526, 0.019547688, -0.0021380284
11415386279000, -0.017715093, 0.01740966, 0.004276057
11415391274000, -0.016798794, 0.0143553335, 0.0018325958
11415396318000, -0.008246681, 0.012217305, 0.0030543262
11415401274000, -0.0125227375, 0.003970624, 0.0030543262
11415406271000, -0.007330383, 0.015271631, 0.0036651916
11415411285000, -0.012217305, 0.008552114, 0.0036651916
11415416288000, -0.011301007, 0.01038471, 0.010079277
11415421278000, -0.016187929, 0.006414085, 0.004276057
11415426292000, -0.0106901415, 0.016798794, 0.020158553
11415431415000, -0.009773844, 0.0070249503, 0.01740966
11415436328000, -0.014049901, 0.0027488936, 0.019242255
11415441268000, -0.02076942, -0.002443461, 0.016493361
11415446319000, -0.030543262, -0.0027488936, 0.02107485
11415451280000, -0.026267206, -0.011911872, 0.025350908
11415456269000, -0.03940081, -0.028710667, 0.02107485
11415461301000, -0.056199603, -0.029321533, 0.015271631
11415466340000, -0.09162979, -0.035124753, 0.014049901
11415471323000, -0.111177474, -0.039095376, 0.01160644
11415476299000, -0.12522738, -0.052534413, 0.014049901
11415481326000, -0.14630222, -0.0421497, 0.010995574
11415486290000, -0.1600467, -0.03390302, 0.011301007
11415491270000, -0.160963, -0.092240654, 0.048258353
11415496291000, -0.172264, -0.027183503, 0.015882496
11415501284000, -0.19303341, -0.008552114, 0.028405234
11415506281000, -0.19120082, -0.01740966, 0.025961773
11415511328000, -0.1957823, 0.009468411, 0.021380283
11415516313000, -0.18997909, 0.0012217305, 0.02565634
11415521283000, -0.16798794, 0.013133603, 0.0290161
11415526284000, -0.16249016, -0.005192355, 0.031154128
11415531320000, -0.1600467, -0.018325957, 0.040011674
11415536285000, -0.1740966, -0.01282817, 0.03940081
11415541271000, -0.18142697, 0.007330383, 0.03848451
11415546306000, -0.18753563, 0.019242255, 0.040927973
11415552012000, -0.18570304, 0.0143553335, 0.043066
11415556290000, -0.19547687, -0.0076358155, 0.05100725
11415561300000, -0.18509217, -0.024740042, 0.06169739
11415566329000, -0.1966986, -0.053145275, 0.071776666
11415571286000, -0.20189096, -0.0571159, 0.07819075
11415576295000, -0.21471913, -0.06078109, 0.094989546
11415581345000, -0.20525073, -0.05681047, 0.11209377
11415586304000, -0.20525073, -0.04428773, 0.12705997
11415591283000, -0.20433442, -0.05222898, 0.14049901
11415596301000, -0.20005837, -0.06414085, 0.1572978
11415601324000, -0.1908954, -0.08002335, 0.18417588
11415606284000, -0.17592919, -0.08399397, 0.19364429
11415611305000, -0.1731803, -0.081855945, 0.20861048
11415616315000, -0.17195857, -0.090713486, 0.23396139
11415621348000, -0.18020524, -0.10995574, 0.26267207
11415626318000, -0.17165314, -0.110872045, 0.2864958
11415631354000, -0.17806722, -0.12064589, 0.3036
11415636281000, -0.18997909, -0.12095132, 0.3222314
11415641270000, -0.21227567, -0.13500121, 0.34238997
11415646323000, -0.22602014, -0.14202617, 0.35246924
11415651279000, -0.24404067, -0.15271631, 0.38056904
11415656272000, -0.27030787, -0.15454891, 0.40194935
11415661290000, -0.29657507, -0.15943582, 0.42119157
11415666307000, -0.30970868, -0.16371189, 0.46670106
11415671273000, -0.3390302, -0.12889257, 0.44898596
11415676285000, -0.33628133, -0.12614368, 0.43157628
11415681322000, -0.3594942, -0.12034045, 0.43310347
11415686286000, -0.38056904, -0.08368854, 0.43799037
11415691281000, -0.41050145, -0.06963864, 0.43676865
11415696291000, -0.41722095, -0.04337143, 0.441961
11415701292000, -0.44532076, -0.038789943, 0.44226643
11415706287000, -0.44929138, -0.038179077, 0.45112398
11415711280000, -0.45723262, -0.032986723, 0.4560109
11415716334000, -0.4615087, -0.03940081, 0.45540005
11415721278000, -0.47800204, -0.050701816, 0.4596761
11415726290000, -0.4978552, -0.046731193, 0.4605924
11415731385000, -0.50976706, -0.03023783, 0.4615087
11415736333000, -0.49754974, 0.00580322, 0.464563
11415741274000, -0.49510628, 0.0421497, 0.45723262
11415746296000, -0.49693888, 0.084910266, 0.47800204
11415751281000, -0.49754974, 0.13958271, 0.5009095
11415756271000, -0.47861293, 0.16187929, 0.45234573
11415761311000, -0.5225952, 0.16920967, 0.45020768
11415766315000, -0.53023106, 0.1731803, 0.4428773
11415771321000, -0.52412236, 0.17104226, 0.43401974
11415776283000, -0.5140431, 0.1600467, 0.42455134
11415781426000, -0.50823987, 0.1554652, 0.42119157
11415786340000, -0.49846604, 0.16982053, 0.4147775
11415791271000, -0.49266282, 0.18051068, 0.4175264
11415796306000, -0.50915617, 0.1695151, 0.41172317
11415801277000, -0.51923543, 0.16126843, 0.41233405
11415806271000, -0.5128214, 0.14446963, 0.41325033
11415811287000, -0.5204572, 0.1133155, 0.3979787
11415816305000, -0.5158757, 0.09468412, 0.38026363
11415821279000, -0.5149594, 0.09101892, 0.36285394
11415826282000, -0.49357912, 0.061086524, 0.3594942
11415831333000, -0.47433686, 0.07391469, 0.35827246
11415836300000, -0.44348818, 0.0870483, 0.310625
11415841270000, -0.4615087, 0.10323623, 0.28955013
11415846287000, -0.45234573, 0.13713925, 0.2764165
11415851277000, -0.42760566, 0.19425514, 0.2510656
11415856278000, -0.3921755, 0.16584991, 0.28405234
11415861284000, -0.35094208, 0.23426682, 0.22571471
11415866273000, -0.3494149, 0.24190263, 0.19242255
11415871271000, -0.35796702, 0.27458394, 0.14996742
11415876330000, -0.3359759, 0.32528573, 0.10751228
11415881321000, -0.30634892, 0.38973203, 0.070554934
11415886295000, -0.2678644, 0.4089743, 0.03023783
11415891307000, -0.24220806, 0.40775254, -0.0036651916
11415896316000, -0.21746802, 0.39706242, 0.01038471
11415906326000, -0.17592919, 0.38240165, -0.12858713
11415911287000, -0.16401732, 0.3848451, -0.18203785
11415916323000, -0.16340645, 0.42363504, -0.22876903
11415921278000, -0.15515977, 0.4297437, -0.27091873
11415926312000, -0.1469131, 0.40042216, -0.3042109
11415931314000, -0.14905111, 0.39553526, -0.33292156
11415936272000, -0.14110987, 0.3408628, -0.3417791
11415941268000, -0.100792766, 0.34269542, -0.37690386
11415947139000, -0.08460484, 0.31948254, -0.40744713
11415951307000, -0.069027774, 0.3210097, -0.42302418
11415956260000, -0.057726767, 0.3481932, -0.44898596
11415961285000, -0.02565634, 0.35918877, -0.46792278
11415966326000, 0.02321288, 0.3408628, -0.4718934
11415971278000, 0.045814894, 0.35002577, -0.49602258
11415976303000, 0.070249505, 0.3567453, -0.516792
11415981329000, 0.0888809, 0.38545597, -0.56138515
11415986652000, 0.13072516, 0.43035457, -0.591623
11415991271000, 0.15943582, 0.46792278, -0.6301075
11415996298000, 0.19058995, 0.5128214, -0.6606508
11416001284000, 0.2125811, 0.54336464, -0.6957755
11416006270000, 0.22418754, 0.5757405, -0.7507534
11416011279000, 0.22357668, 0.6414085, -0.7816021
11416016316000, 0.22266038, 0.6618725, -0.8194757
11416021271000, 0.23793201, 0.655153, -0.8576548
11416026348000, 0.24312437, 0.6783658, -0.9049969
11416031324000, 0.23732115, 0.69058317, -0.93431836
11416036284000, 0.19120082, 0.68111473, -0.947452
11416041276000, 0.14752395, 0.66523224, -0.95478237
11416046309000, 0.09560041, 0.64904433, -0.95294976
11416051276000, 0.04642576, 0.6203337, -0.93309665
11416056274000, 0.014966198, 0.5705481, -0.91354895
11416061293000, -0.01740966, 0.5522222, -0.8949176
11416066328000, -0.022907447, 0.5112942, -0.88361657
11416071276000, -0.006414085, 0.48502702, -0.8671232
11416076314000, 0.03023783, 0.34697145, -0.8011498
11416081309000, 0.11209377, 0.31123585, -0.84696466
11416086319000, 0.11759156, 0.3032946, -0.89675015
11416091267000, 0.13836098, 0.26389378, -0.91782504
11416096302000, 0.16157386, 0.20708331, -0.93584555
11416101253000, 0.15485434, 0.0143553335, -0.8881981
11416106270000, 0.13836098, 0.08674286, -0.96791595
11416111631000, 0.082161374, 0.10567969, -1.0076222
11416116304000, 0.039095376, 0.082161374, -1.0366384
11416121267000, -0.014660766, -0.124005646, -0.9837985
11416126324000, -0.028405234, -0.07422013, -1.0494665
11416131302000, -0.086437434, -0.016187929, -1.0995574
11416136279000, -0.09773844, 0.020158553, -1.1533136
11416141301000, -0.10476339, -0.007330383, -1.2116512
11416146292000, -0.10598512, -0.08735373, -1.2644911
11416151283000, -0.08460484, -0.16523905, -1.3319917
11416156283000, -0.05955936, -0.2938262, -1.3643675
11416161303000, -0.014966198, -0.38453966, -1.3750577
11416166370000, 3.0543262E-4, -0.5723807, -1.3720033
11416171272000, 0.034208454, -0.77549344, -1.3631458
11416176320000, 0.053450707, -0.9447031, -1.3426818
11416181328000, 0.05497787, -1.2495248, -1.244027
11416186294000, 0.05131268, -1.2831224, -1.2504412
11416191267000, -0.03940081, -1.3787229, -1.2131784
11416196290000, -0.12034045, -1.4636332, -1.1933253
11416201278000, -0.23304509, -1.541213, -1.183246
11416206276000, -0.3585779, -1.6010778, -1.1591167
11416211325000, -0.45448375, -1.6542231, -1.1392636
11416216266000, -0.53969944, -1.6844609, -1.104139
11416221274000, -0.6065892, -1.681712, -1.0778717
11416226325000, -0.68966687, -1.6975945, -1.0348058
11416231346000, -0.7611381, -1.6957619, -0.98532563
11416236273000, -0.82650065, -1.6539177, -0.93431836
11416241271000, -0.9101892, -1.5519031, -0.9117164
11416246272000, -0.9975429, -1.4288138, -0.874759
11416251287000, -1.0983357, -1.2608259, -0.8979719
11416256257000, -1.2263119, -1.1792754, -0.9324858
11416261302000, -1.3805555, -1.0256428, -0.95814216
11416266291000, -1.462106, -0.8686504, -1.0815369
11416271900000, -1.6957619, -0.72082096, -1.2134838
11416276305000, -1.919644, -0.5656612, -1.3246613
11416281328000, -2.1025982, -0.3885103, -1.4223998
11416286694000, -2.2553146, -0.24465153, -1.5231925
11416291286000, -2.378404, -0.14080444, -1.5940529
11416296269000, -2.5054638, -0.06261369, -1.6569719
11416301284000, -2.6380215, 0.015271631, -1.7293595
11416306254000, -2.7681358, 0.10445796, -1.7986927
11416311293000, -2.8942795, 3.0543262E-4, -1.6914859
11416316276000, -2.9455922, 0.23609942, -1.8261817
11416321271000, -3.0509665, 0.36926803, -1.9694295
11416326292000, -3.0921998, 0.47036624, -2.090381
11416331327000, -3.1178563, 0.4972443, -2.155438
11416336280000, -3.133128, 0.47678033, -2.2024746
11416341277000, -3.1991012, 0.45814893, -2.2476788
11416346327000, -3.25469, 0.46731192, -2.278833
11416351349000, -3.2922583, 0.52870387, -2.2852468
11416356373000, -3.3029485, 0.6044512, -2.2934935
11416361292000, -3.2733214, 0.62949663, -2.2898283
11416366290000, -3.2424726, 0.6918049, -2.284636
11416371273000, -3.20521, 0.73364913, -2.2766948
11416376305000, -3.1676416, 0.7535023, -2.287385
11416381327000, -3.1343496, 0.75869465, -2.2934935
11416386276000, -3.0980031, 0.76144356, -2.302962
11416391253000, -3.0677652, 0.7415904, -2.31915
11416396304000, -3.0317242, 0.7089091, -2.3423629
11416401250000, -3.0020971, 0.68966687, -2.3658812
11416406289000, -2.987131, 0.6270532, -2.2681427
11416411299000, -3.0326405, 0.70921457, -2.214081
11416416289000, -3.0558534, 0.8078693, -2.3478606
11416421467000, -3.0182853, 0.82863873, -2.4107797
11416426339000, -2.9773571, 0.86315256, -2.44621
11416431326000, -2.9251282, 0.90285885, -2.468201
11416436292000, -2.8631253, 0.97219205, -2.468201
11416441270000, -2.7852402, 0.9966267, -2.4611762
11416446301000, -2.6847527, 0.9596693, -2.439185
11416451279000, -2.5616634, 0.84604836, -2.4113905
11416456274000, -2.441323, 0.784351, -2.3900104
11416461320000, -2.3924537, 0.6560693, -2.3380868
11416466311000, -2.281887, 0.5589417, -2.26631
11416471271000, -2.1542163, 0.49968776, -2.2003367
11416476343000, -2.0604484, 0.46517387, -2.1227567
11416481338000, -1.9624046, 0.41263947, -2.108096
11416486277000, -1.8515326, 0.37232238, -2.0851886
11416491269000, -1.7180585, 0.33536503, -2.0906863
11416496290000, -1.5830573, 0.28863382, -2.0518963
11416501276000, -1.4618006, 0.25473082, -2.010663
11416506276000, -1.3335189, 0.23335053, -1.9761491
11416511281000, -1.2064588, 0.18661933, -1.9281962
11416516361000, -1.0845913, 0.12034045, -1.892766
11416521271000, -0.9767735, 0.076358154, -1.8658879
11416526341000, -0.8680395, 0.03359759, -1.8347337
11416531308000, -0.77457714, 0.008246681, -1.7889189
11416536276000, -0.67164636, 0.01282817, -1.7574593
11416541271000, -0.593761, 0.050701816, -1.7241671
11416546290000, -0.52442783, 0.084910266, -1.6969837
11416551298000, -0.45540005, 0.1001819, -1.6630806
11416556273000, -0.3857614, 0.15607607, -1.6355917
11416561285000, -0.34697145, 0.21655174, -1.5845845
11416566311000, -0.29443705, 0.28863382, -1.5253305
11416571266000, -0.24556783, 0.35796702, -1.4816537
11416576305000, -0.18661933, 0.42455134, -1.41904
11416581337000, -0.113926366, 0.47525316, -1.3616186
11416586272000, -0.051618114, 0.50701815, -1.3014483
11416591269000, 0.023823744, 0.5296202, -1.2458596
11416597015000, 0.093462385, 0.54733527, -1.1939361
11416601284000, 0.16462818, 0.5571091, -1.1410962
11416606257000, 0.25411993, 0.56382865, -1.0903945
11416611293000, 0.33567044, 0.54702985, -1.0393872
11416616347000, 0.4166101, 0.54183745, -0.97341377
11416621278000, 0.49021935, 0.58062744, -0.9230174
11416626331000, 0.552833, 0.6563747, -0.8695667
11416631317000, 0.63346726, 0.65087694, -0.8151997
11416636303000, 0.7483099, 0.57635134, -0.7834347
11416641311000, 0.8671232, 0.50335294, -0.7703011
11416646311000, 0.9798279, 0.50793445, -0.75136423
11416651283000, 1.061073, 0.52320606, -0.72112644
11416656628000, 1.0793989, 0.52381694, -0.6924158
11416661285000, 1.1643091, 0.4999932, -0.6621779
11416666322000, 1.2012665, 0.47219884, -0.60048056
11416671271000, 1.2562444, 0.464563, -0.5412266
11416676313000, 1.2809844, 0.49418998, -0.48472157
11416681333000, 1.2861768, 0.5305365, -0.453262
11416686279000, 1.2620476, 0.5549711, -0.40622538
11416691270000, 1.2605205, 0.5626069, -0.38056904
11416696277000, 1.2889256, 0.548557, -0.37140608
11416701272000, 1.3045027, 0.5479461, -0.3735441
11416706271000, 1.3213016, 0.57635134, -0.38362336
11416711277000, 1.2993103, 0.67073005, -0.39370266
11416716351000, 1.2516629, 0.79626286, -0.39400807
11416721269000, 1.2174544, 0.8338311, -0.39095375
11416726341000, 1.246776, 0.79168135, -0.3726278
11416731340000, 1.2730432, 0.7510588, -0.35094208
11416736273000, 1.2455542, 0.7141015, -0.3378085
11416741266000, 1.2177598, 0.782213, -0.33261612
11416746295000, 1.2052372, 0.9049969, -0.36987892
11416751280000, 1.2351695, 0.9746355, -0.4129449
11416756276000, 1.2516629, 1.0897835, -0.4999932
11416761285000, 1.282817, 1.1438452, -0.59650993
11416766335000, 1.317331, 1.1606439, -0.67164636
11416771268000, 1.3637567, 1.1609493, -0.73945236
11416776339000, 1.3930782, 1.1169671, -0.8151997
11416781305000, 1.452943, 1.029308, -0.8933904
11416786282000, 1.4785993, 0.91904676, -0.9636399
11416791258000, 1.4590516, 0.8374963, -1.0396926
11416796301000, 1.4514158, 0.75900006, -1.1007792
11416801265000, 1.4376713, 0.61911196, -1.1566733
11416806276000, 1.4159856, 0.46273044, -1.2003502
11416811260000, 1.3848315, 0.34788775, -1.2189816
11416816319000, 1.3426818, 0.27977628, -1.2235631
11416821255000, 1.3277156, 0.1994475, -1.2238685
11416826356000, 1.3075571, 0.06719518, -1.1917981
11416831296000, 1.3203852, -0.04153884, -1.1930199
11416836289000, 1.31672, 0.013439035, -1.1887437
11416841266000, 1.325883, 0.101098195, -1.1618657
11416846294000, 1.3316863, 0.1432479, -1.1291844
11416851291000, 1.353372, 0.21777347, -1.105666
11416856281000, 1.366811, 0.25259277, -1.0809261
11416861284000, 1.3878858, 0.2843578, -1.0360274
11416866277000, 1.4049901, 0.31429017, -0.9950995
11416871293000, 1.41904, 0.3643811, -0.96944314
11416876275000, 1.4052955, 0.39920044, -0.958753
11416881306000, 1.3903292, 0.39706242, -0.9789116
11416886297000, 1.3716979, 0.34269542, -1.0186177
11416891307000, 1.3472633, 0.29046643, -1.078788
11416896294000, 1.3035865, 0.25442538, -1.1438452
11416906313000, 1.2614367, 0.040011674, -1.2965615
11416911283000, 1.2321151, -0.07727446, -1.3500122
11416916350000, 1.2238685, -0.16554448, -1.4001031
11416921286000, 1.2342533, -0.17959438, -1.4199562
11416926311000, 1.255328, -0.16493362, -1.4162911
11416931291000, 1.2925909, -0.12889257, -1.4132367
11416936282000, 1.348485, -0.116980694, -1.3955216
11416941248000, 1.366811, -0.12370021, -1.3600914
11416946308000, 1.3686435, -0.13347405, -1.3313808
11416951283000, 1.3322971, -0.093462385, -1.3130548
11416956891000, 1.3005321, -0.076052725, -1.2614367
11416961284000, 1.2635747, -0.04062254, -1.2052372
11416966401000, 1.2024882, 0.048563786, -1.1447614
11416971274000, 1.1328496, 0.12186762, -1.0797043
11416976334000, 1.1004738, 0.17745635, -1.0146471
11416981315000, 1.0668762, 0.25045475, -0.9584476
11416986269000, 1.0451905, 0.36193767, -0.8970556
11416991295000, 1.0280862, 0.46761733, -0.86101454
11416996259000, 0.9978484, 0.5821546, -0.8072584
11417001283000, 0.9850202, 0.6740898, -0.786489
11417006256000, 1.0030408, 0.77732605, -0.7715228
11417011302000, 1.0595458, 0.8503244, -0.7706065
11417016324000, 1.14018, 0.9419542, -0.77396625
11417021331000, 1.2186762, 1.0088439, -0.788627
11417026343000, 1.2935071, 1.03786, -0.80481493
11417031302000, 1.3729197, 1.029308, -0.81122905
11417036300000, 1.4541647, 1.0097603, -0.8332202
11417041269000, 1.5308284, 1.0152581, -0.8753699
11417046297000, 1.5589281, 1.0311406, -0.9431759
11417051285000, 1.5366315, 1.0735956, -0.9801333
11417056363000, 1.4129313, 1.1468995, -1.0677924
11417061297000, 1.1646146, 1.1878275, -1.2006557
11417066658000, 0.7959574, 1.2198979, -1.3573426
11417071289000, 0.37904188, 1.2046263, -1.4963144
11417076703000, -0.051618114, 1.0476339, -1.5592335
11417081412000, -0.4120286, 0.7483099, -1.5586227
11417086836000, -0.6603453, 0.3659083, -1.4920384
11417091304000, -0.7495316, -0.050396383, -1.3775011
11417096301000, -0.6808093, -0.47433686, -1.2596041
11417101279000, -0.4633413, -0.8035932, -1.1591167
11417106282000, -0.1151481, -0.9505063, -1.0919216
11417111303000, 0.24465153, -0.95386606, -1.0537425
11417116287000, 0.5348125, -0.9126327, -1.0283916
11417121271000, 0.752586, -0.85062987, -1.010982
11417126286000, 0.8970556, -0.7162395, -1.0558805
11417131345000, 0.9605856, -0.6215554, -1.1184943
11417136257000, 0.96669424, -0.49296826, -1.2027937
11417141291000, 0.90377516, -0.41386122, -1.31672
11417146268000, 0.7800749, -0.38026363, -1.3292428
11417151275000, 0.71776664, -0.45937067, -1.3771957
11417156277000, 0.61178154, -0.52595496, -1.4150693
11417161312000, 0.52595496, -0.61483586, -1.4440855
11417166337000, 0.48166725, -0.7122689, -1.4645494
11417171279000, 0.49968776, -0.79443026, -1.486846
11417176368000, 0.56138515, -0.8970556, -1.5143349
11417181416000, 0.6579019, -0.9825767, -1.5717562
11417186290000, 0.752586, -1.0943651, -1.5760323
11417191284000, 0.852157, -1.2073752, -1.5858061
11417196287000, 0.96791595, -1.2782356, -1.6484199
11417201272000, 1.0458013, -1.382999, -1.7211128
11417206269000, 1.1279627, -1.4856243, -1.7479908
11417211285000, 1.1960741, -1.5589281, -1.7733418
11417216306000, 1.2321151, -1.6346754, -1.8032742
11417221283000, 1.2727377, -1.670411, -1.8359555
11417226336000, 1.3041973, -1.7223345, -1.8002199
11417231344000, 1.3286319, -1.7626517, -1.7754798
11417236305000, 1.3732251, -1.8255708, -1.7644843
11417241361000, 1.4159856, -1.8961257, -1.7363845
11417246460000, 1.4364496, -1.933083, -1.7143933
11417251272000, 1.4437801, -2.0146337, -1.6670512
11417256301000, 1.4587462, -2.0751092, -1.6059648
11417261330000, 1.4737124, -2.147802, -1.5100589
11417266350000, 1.4844025, -2.2519548, -1.400714
11417271506000, 1.4987578, -2.35794, -1.2986995
11417276281000, 1.5137241, -2.4394903, -1.1988231
11417281695000, 1.534188, -2.4770586, -1.0903945
11417286289000, 1.5815301, -2.5146267, -0.9801333
11417291310000, 1.6136005, -2.5662448, -0.8793405
11417296313000, 1.6163495, -2.5909848, -0.75869465
11417301304000, 1.6325374, -2.584571, -0.64599
11417306284000, 1.6514742, -2.5757134, -0.5357288
11417311278000, 1.6670512, -2.5396724, -0.43860126
11417316447000, 1.6670512, -2.4791965, -0.3491095
11417321300000, 1.6667458, -2.4098635, -0.3005457
11417326306000, 1.6658295, -2.389705, -0.26083946
11417331399000, 1.6719382, -2.4416285, -0.26175576
11417336365000, 1.6395624, -2.5622742, -0.30298916
11417341303000, 1.5745052, -2.6578746, -0.3747658
11417346309000, 1.5262468, -2.8814514, -0.41355577
11417351319000, 1.4025466, -3.0702088, -0.5045747
11417356281000, 1.2626585, -3.200934, -0.59742624
11417361303000, 1.1453724, -3.2607987, -0.6783658
11417366330000, 1.0732902, -3.259577, -0.74189585
11417371281000, 0.9960158, -3.2204816, -0.79381937
11417376311000, 0.95172805, -3.1807754, -0.818254
11417381379000, 0.9233228, -3.1603115, -0.8445212
11417386341000, 0.91538155, -3.1316006, -0.84879726
11417391281000, 0.91538155, -3.107166, -0.84421575
11417396331000, 0.95478237, -3.1007519, -0.83291477
11417401285000, 1.0027353, -3.1138856, -0.8151997
11417406271000, 1.0622946, -3.126103, -0.7984009
11417411308000, 1.1053606, -3.111442, -0.77121735
11417416300000, 1.1395692, -3.0769281, -0.76144356
11417421300000, 1.1808025, -3.0277536, -0.75747293
11417426317000, 1.1994339, -2.9755247, -0.7464773
11417431328000, 1.1927143, -2.9434543, -0.75594574
11417436289000, 1.2162327, -2.9205468, -0.7657196
11417441275000, 1.2202033, -2.8429668, -0.7672467
11417446309000, 1.2043208, -2.713769, -0.76052725
11417451272000, 1.1936307, -2.554333, -0.7623598
11417456274000, 1.1691961, -2.3918428, -0.7556403
11417461286000, 1.1609493, -2.235767, -0.7247916
11417466309000, 1.1817188, -2.0809124, -0.6908886
11417471274000, 1.1884383, -1.9532416, -0.6432411
11417476294000, 1.187522, -1.8958203, -0.6093381
11417481317000, 1.1707232, -1.7999145, -0.5870415
11417486279000, 1.1927143, -1.6740762, -0.56413406
11417491287000, 1.2229522, -1.5497651, -0.5561928
11417496287000, 1.2425, -1.4538593, -0.5320636
11417501273000, 1.2727377, -1.3585643, -0.5140431
11417506271000, 1.2904528, -1.2660183, -0.5161811
11417511287000, 1.3286319, -1.1921035, -0.50243664
11417516302000, 1.3539828, -1.1294898, -0.50732356
11417521273000, 1.3607023, -1.099252, -0.52015173
11417526302000, 1.3368785, -1.0980303, -0.5561928
11417531325000, 1.3096951, -1.1502593, -0.605062
11417536276000, 1.2431108, -1.2076806, -0.65148777
11417541271000, 1.2116512, -1.3765849, -0.6808093
11417546284000, 1.1291844, -1.5231925, -0.71837753
11417551283000, 1.0213667, -1.6575829, -0.7293731
11417556269000, 0.9114109, -1.8338175, -0.729984
11417561297000, 0.8042041, -2.0244074, -0.7330383
11417566309000, 0.6942484, -2.1988094, -0.70432764
11417571262000, 0.61300325, -2.3832908, -0.68752885
11417576283000, 0.53969944, -2.5289822, -0.659429
11417581283000, 0.45356745, -2.6352727, -0.623388
11417586286000, 0.37018433, -2.7006352, -0.5925393
11417591250000, 0.3210097, -2.7253752, -0.5681047
11417596285000, 0.30879238, -2.6725354, -0.5537493
11417601258000, 0.30970868, -2.568383, -0.5354234
11417606950000, 0.30634892, -2.4459045, -0.5183192
11417611292000, 0.32436943, -2.336865, -0.50640726
11417616331000, 0.3277292, -2.1948388, -0.48716503
11417621274000, 0.33750305, -2.0540345, -0.464563
11417626288000, 0.3436117, -1.9187278, -0.441961
11417631442000, 0.35369098, -1.7574593, -0.41783184
11417636272000, 0.3594942, -1.674687, -0.41386122
11417641326000, 0.34697145, -1.5112807, -0.39645153
11417646283000, 0.35185838, -1.3289373, -0.33444872
11417651290000, 0.3735441, -1.1722504, -0.28771752
11417656269000, 0.3830125, -1.0112875, -0.2565634
11417661675000, 0.39187005, -0.8854492, -0.23732115
11417666319000, 0.40866885, -0.784351, -0.23579398
11417671275000, 0.41050145, -0.7287622, -0.24281894
11417677053000, 0.42363504, -0.72295904, -0.26816985
11417681314000, 0.40958515, -0.75655663, -0.28588495
11417686276000, 0.37293324, -0.81306165, -0.3109304
11417691267000, 0.3359759, -0.8558222, -0.3417791
11417696290000, 0.29779682, -0.90102625, -0.36743546
11417701453000, 0.22418754, -0.9401216, -0.4016439
11417706272000, 0.14049901, -0.93523467, -0.4636467
11417711945000, 0.0125227375, -1.033584, -0.48808134
11417716313000, -0.037873644, -1.1068878, -0.48441613
11417721516000, -0.06414085, -1.1169671, -0.48441613
11417726306000, -0.10842858, -1.0650436, -0.48502702
11417731375000, -0.13622294, -0.97310835, -0.50946164
11417736276000, -0.15485434, -0.9266826, -0.5161811
11417741525000, -0.160963, -0.8491027, -0.5467244
11417746302000, -0.15424347, -0.7703011, -0.5571091
11417751626000, -0.1563815, -0.691194, -0.571159
11417756271000, -0.13652839, -0.59712076, -0.5742133
11417761262000, -0.12003502, -0.47403142, -0.5723807
11417766327000, -0.093462385, -0.3717115, -0.57910025
11417771287000, -0.06658431, -0.28527406, -0.57360244
11417776287000, -0.04337143, -0.2098322, -0.5681047
11417781307000, -0.021991149, -0.15302174, -0.54733527
11417786271000, -0.025350908, -0.0711658, -0.5338962
11417791282000, -0.0571159, -0.0711658, -0.5152648
11417796282000, -0.05222898, 0.03359759, -0.4981606
11417801306000, -0.004581489, 0.04642576, -0.49632803
11417806270000, 0.06047566, 0.09040806, -0.5036584
11417811308000, 0.0983493, 0.13988814, -0.5305365
11417816341000, 0.12889257, 0.18600847, -0.5849035
11417821272000, 0.1423316, 0.23090707, -0.63804877
11417826342000, 0.14752395, 0.28405234, -0.6728681
11417831378000, 0.13255776, 0.34880406, -0.711658
11417836300000, 0.10323623, 0.3576616, -0.7284568
11417841300000, 0.07422013, 0.34391713, -0.763887
11417846282000, 0.033292156, 0.30879238, -0.79290307
11417851281000, -0.019547688, 0.30695978, -0.8026769
11417856271000, -0.084910266, 0.27855456, -0.7959574
11417861273000, -0.14782938, 0.25534168, -0.7840455
11417866272000, -0.19761491, 0.2611449, -0.7648033
11417871269000, -0.25228736, 0.27550024, -0.72356987
11417876282000, -0.2764165, 0.30757064, -0.66675943
11417881289000, -0.30726522, 0.35430184, -0.5873469
11417886275000, -0.36346483, 0.4098906, -0.4981606
11417891327000, -0.4083634, 0.44715336, -0.40286562
11417896296000, -0.48838675, 0.47769663, -0.30298916
11417901335000, -0.5928447, 0.5137377, -0.1994475
11417906189000, -0.71837753, 0.5656612, -0.10629055
11417911213000, -0.8604037, 0.625526, -0.0106901415
11417916186000, -1.0305296, 0.70157874, 0.09590584
11417921193000, -1.2180653, 0.7629707, 0.19120082
11417926193000, -1.4040737, 0.80909103, 0.26816985
11417931222000, -1.5754215, 0.9288206, 0.3145956
11417936201000, -1.6667458, 1.0934488, 0.3848451
11417941190000, -1.847562, 1.2403619, 0.4352415
11417946210000, -2.046704, 1.278541, 0.46028697
11417951269000, -2.257147, 1.2165382, 0.4569272
11417956287000, -2.4807239, 1.0937542, 0.4288274
11417961269000, -2.73576, 0.9682214, 0.3848451
11417966301000, -3.0100386, 0.87964594, 0.33017266
11417971244000, -3.2852333, 0.8145888, 0.2764165
11417976255000, -3.4987307, 0.788627, 0.22907446
11417981310000, -3.673438, 0.8136725, 0.1777618
11417986264000, -3.816075, 0.8573494, 0.13927728
11417991278000, -3.9266417, 0.9184359, 0.10323623
11417996270000, -3.9632938, 0.9660834, 0.06536258
11418001890000, -3.9535198, 1.033584, 0.024129177
11418006294000, -3.9052615, 1.1603385, 0.03359759
11418011336000, -3.843564, 1.4025466, 0.010079277
11418016344000, -3.7745364, 1.7253889, 0.013744468
11418021315000, -3.644422, 2.0103576, 0.059864793
11418026606000, -3.4584136, 2.1798725, 0.14813483
11418031333000, -3.1196887, 2.2510383, 0.21624629
11418036309000, -2.8887818, 2.2223277, 0.3191771
11418041298000, -2.4593434, 2.0500638, 0.39553526
11418046263000, -2.1346686, 1.7843374, 0.43554693
11418051300000, -1.9538525, 1.4905112, 0.462425
11418056312000, -1.8368717, 1.2348641, 0.50732356
11418061313000, -1.7519615, 1.061073, 0.5897904
11418066322000, -1.6698002, 0.9416488, 0.6789767
11418071261000, -1.5882497, 0.86193085, 0.7819075
11418076297000, -1.5351044, 0.7867944, 0.86559606
11418081313000, -1.4953982, 0.7666359, 0.9285152
11418086281000, -1.4731015, 0.82741696, 0.99021256
11418091269000, -1.4724907, 0.9089675, 1.0231993
11418096294000, -1.4581354, 1.0192287, 1.0137309
11418101281000, -1.4285084, 1.1340714, 0.97066486
11418106272000, -1.3961325, 1.2281445, 0.9260717
11418111270000, -1.3500122, 1.2904528, 0.883922
11418116328000, -1.2617421, 1.3191634, 0.84238315
11418121268000, -1.133155, 1.3249667, 0.8005389
11418126302000, -0.98929626, 1.3158038, 0.74189585
11418131329000, -0.84849185, 1.2409728, 0.70707655
11418136291000, -0.7800749, 1.2043208, 0.64476824
11418141308000, -0.61483586, 1.2189816, 0.59223384
11418146299000, -0.45204028, 1.1988231, 0.5513059
11418151276000, -0.32467487, 1.1505647, 0.4990769
11418156273000, -0.2284636, 1.0852021, 0.44165558
11418161300000, -0.17012598, 1.0015136, 0.35430184
11418166342000, -0.11881329, 1.1157454, 0.33200526
11418171271000, 0.014049901, 1.2327261, 0.34483343
11418176309000, 0.1704314, 1.2776246, 0.30940324
11418181313000, 0.3032946, 1.31672, 0.29229903
11418186277000, 0.43676865, 1.3845261, 0.26083946
11418191257000, 0.59528816, 1.4666874, 0.23976462
11418196298000, 0.7501425, 1.5610662, 0.18203785
11418201255000, 0.9193522, 1.6096299, 0.14355333
11418206269000, 1.063211, 1.6649132, 0.07819075
11418211270000, 1.2000448, 1.7076738, 0.021380283
11418216333000, 1.3228287, 1.7391334, -0.0571159
11418221262000, 1.4193454, 1.7599027, -0.15790866
11418226315000, 1.5302174, 1.7595973, -0.23732115
11418231335000, 1.5790867, 1.7479908, -0.2648101
11418236316000, 1.6545285, 1.7476854, -0.31703907
11418241284000, 1.7107282, 1.7617353, -0.33628133
11418246319000, 1.7455474, 1.7489072, -0.33322698
11418251311000, 1.7715092, 1.7217237, -0.30543262
11418256288000, 1.7977765, 1.6869044, -0.2593123
11418261314000, 1.8432859, 1.6673567, -0.19486602
11418266387000, 1.8897116, 1.6242907, -0.13316862
11418271407000, 1.9257526, 1.5604553, -0.065973446
11418276343000, 1.9407189, 1.462106, -0.013744468
11418281310000, 1.9538525, 1.3579534, 0.01282817
11418286311000, 1.9257526, 1.2767084, 0.0421497
11418291273000, 1.8683313, 1.2403619, 0.058643065
11418296303000, 1.7922786, 1.2980887, 0.08827003
11418301261000, 1.6991217, 1.4477507, 0.12705997
11418306303000, 1.5824465, 1.6108516, 0.1423316
11418311359000, 1.4022411, 1.7702875, 0.12767084
11418316416000, 1.1578951, 1.8872682, 0.10720685
11418321303000, 0.8756753, 1.8897116, 0.084910266
11418326943000, 0.58062744, 1.8231273, 0.05497787
11418331384000, 0.43249258, 1.6557503, 0.03634648
11418336308000, 0.15821409, 1.366811, -0.005497787
11418341290000, -0.06261369, 1.0876455, -0.039095376
11418346325000, -0.22357668, 0.8741482, -0.04428773
11418351309000, -0.30268374, 0.6969972, -0.04337143
11418356290000, -0.29535335, 0.571159, -0.03634648
11418361360000, -0.22052236, 0.52564955, -0.05009095
11418366381000, -0.111177474, 0.5305365, -0.09285152
11418371292000, 0.032070424, 0.5476407, -0.172264
11418376339000, 0.16065755, 0.52870387, -0.25534168
11418381406000, 0.24098633, 0.4642576, -0.3866777
11418386305000, 0.29810223, 0.40408736, -0.4990769
11418391289000, 0.3830125, 0.3323107, -0.59620446
11418396295000, 0.4822781, 0.30085114, -0.6783658
11418401316000, 0.59498274, 0.28588495, -0.6954701
11418406290000, 0.7144069, 0.30298916, -0.65668017
11418411323000, 0.81397796, 0.35033122, -0.5766568
11418416321000, 0.86315256, 0.42638394, -0.47342056
11418421301000, 0.91324353, 0.4746423, -0.35246924
11418426353000, 0.9462303, 0.5635232, -0.29168814
11418431346000, 0.9618073, 0.62949663, -0.15332718
11418436288000, 0.9831876, 0.66614854, -0.009773844
11418441283000, 0.979217, 0.65270954, 0.11789699
11418446278000, 0.97433007, 0.6160576, 0.2171626
11418451284000, 0.9483683, 0.5726862, 0.28496864
11418456273000, 0.91232723, 0.5497787, 0.33078352
11418461299000, 0.8863655, 0.5338962, 0.35002577
11418466288000, 0.8756753, 0.5644395, 0.35246924
11418471285000, 0.8741482, 0.6417139, 0.3323107
11418476272000, 0.88239485, 0.71685034, 0.2950479
11418481314000, 0.9114109, 0.79626286, 0.24862215
11418486269000, 0.9584476, 0.8741482, 0.19822577
11418491281000, 0.98990715, 0.95142263, 0.13103059
11418496255000, 1.0219775, 1.0112875, 0.07727446
11418501287000, 1.0403035, 1.042747, 0.03726278
11418506255000, 1.026559, 1.0567969, -0.009162978
11418511296000, 0.98746365, 1.0509937, -0.034513887
11418516307000, 0.91904676, 1.040609, -0.05375614
11418521278000, 0.8353582, 1.0311406, -0.061391957
11418526366000, 0.79443026, 1.003957, -0.064751714
11418531326000, 0.70005155, 0.9410379, -0.050701816
11418536256000, 0.59864795, 0.8707884, -0.03940081
11418541272000, 0.50762904, 0.788627, -0.015882496
11418546648000, 0.4541783, 0.72601336, -0.0030543262
11418551293000, 0.43860126, 0.7162395, 0.0106901415
11418556726000, 0.46639562, 0.72295904, 0.011911872
11418561293000, 0.5323691, 0.7556403, -0.0061086523
11418566288000, 0.6239988, 0.7858781, -0.03604105
11418571276000, 0.74128497, 0.8445212, -0.022296581
11418576325000, 0.893085, 0.93462384, -0.0018325958
11418581317000, 1.0418307, 1.0118983, -0.0027488936
11418586282000, 1.1520919, 1.0516045, -0.006414085
11418591284000, 1.2684617, 1.0644327, -0.004581489
11418596300000, 1.3350459, 1.0528263, -0.0070249503
11418601291000, 1.3585643, 1.0186177, -0.01160644
11418606273000, 1.351234, 0.9728029, -0.0021380284
11418611291000, 1.2886202, 0.92271197, -0.00580322
11418616415000, 1.1872166, 0.86070913, -9.162979E-4
11418621284000, 1.0839803, 0.838718, -0.00580322
11418626327000, 1.0259482, 0.7742717, -0.027794369
11418631301000, 0.9279043, 0.68386364, -0.06261369
11418636277000, 0.81061816, 0.5320636, -0.086132
11418641275000, 0.6973027, 0.36865717, -0.11056661
11418646286000, 0.5671884, 0.21013765, -0.12003502
11418651891000, 0.41263947, 0.061086524, -0.12675454
11418656270000, 0.27030787, -0.04917465, -0.12308934
11418661263000, 0.10629055, -0.12339478, -0.11026118
11418666352000, -0.019242255, -0.1853976, -0.08582657
11418671275000, -0.13958271, -0.25167647, -0.06719518
11418676326000, -0.25778514, -0.3268129, -0.03359759
11418681324000, -0.355829, -0.40561453, -0.013133603
11418686309000, -0.4352415, -0.4615087, 0.004276057
11418691272000, -0.48930305, -0.49174652, 0.0125227375
11418696288000, -0.50243664, -0.48380527, 0.01740966
11418701285000, -0.49449542, -0.46303585, 0.026572637
11418706268000, -0.4538729, -0.44409904, 0.029932396
11418711305000, -0.37751472, -0.4184427, 0.041233405
11418716324000, -0.28191432, -0.3979787, 0.057421334
11418721260000, -0.19058995, -0.36346483, 0.06872234
11418726292000, -0.14660765, -0.3155119, 0.09285152
11418731303000, -0.06261369, -0.2782491, 0.12797627
11418736291000, 0.014049901, -0.2406809, 0.14721853
11418741305000, 0.0842994, -0.204029, 0.17470746
11418746305000, 0.14294247, -0.1518, 0.1863139
11418751289000, 0.18387043, -0.10445796, 0.18661933
11418756282000, 0.21502456, -0.01985312, 0.19517145
11418761318000, 0.23273966, 0.055283304, 0.19181168
11418766347000, 0.23365596, 0.0870483, 0.18509217
11418771308000, 0.2302962, 0.08307768, 0.15485434
11418776302000, 0.23182335, 0.04184427, 0.121256754
11418781333000, 0.24465153, 0.02321288, 0.09590584
11418786285000, 0.23243423, 0.028099801, 0.076358154
11418791290000, 0.22204952, 0.04795292, 0.070554934
11418796307000, 0.19456059, 0.04337143, 0.061391957
11418801301000, 0.17256944, 0.06566802, 0.043982297
11418806276000, 0.14874569, 0.07788532, 0.03634648
11418811985000, 0.12003502, 0.079107046, 0.018936822
11418816332000, 0.093462385, 0.07544186, -0.01282817
11418821308000, 0.06383542, 0.07788532, -0.017104227
11418826299000, 0.050701816, 0.09010262, -0.03848451
11418831306000, 0.022907447, 0.1282817, -0.03481932
11418836273000, -0.026267206, 0.1414153, -0.04917465
11418841259000, -0.044898596, 0.082161374, -0.08246681
11418846286000, -0.05497787, 0.036957346, -0.089186326
11418851279000, -0.07452556, 0.0143553335, -0.09101892
11418856270000, -0.09254608, -0.020463986, -0.0870483
11418861308000, -0.1020145, -0.047036625, -0.07727446
11418866278000, -0.112704635, -0.06627888, -0.070249505
11418871249000, -0.116980694, -0.06414085, -0.058948494
11418876272000, -0.11759156, -0.06505715, -0.044898596
11418881283000, -0.108123146, -0.047647487, -0.03634648
11418886273000, -0.10170906, -0.040927973, -0.01985312
11418891292000, -0.10781772, -0.039095376, -0.012217305
11418896281000, -0.10415252, -0.03604105, -0.005497787
11418901368000, -0.10048734, -0.025961773, -3.0543262E-4
11418906224000, -0.10140363, -0.014660766, 0.004581489
11418911232000, -0.09407325, -0.008246681, 0.012217305
11418916279000, -0.10415252, 0.015577064, 0.0067195175
11418921228000, -0.11026118, 0.029321533, 0.01160644
11418926197000, -0.11301007, 0.046731193, 0.0030543262
11418931271000, -0.11728613, 0.056199603, 0.005497787
11418936196000, -0.12339478, 0.061391957, 9.162979E-4
11418941192000, -0.122783914, 0.074830994, 0.003970624
11418946237000, -0.12950343, 0.07941248, 0.0021380284
11418951213000, -0.12614368, 0.08246681, -0.0061086523
11418956203000, -0.13347405, 0.080634214, -0.0021380284
11418961218000, -0.1386664, 0.077579886, 0.0061086523
11418966204000, -0.12736541, 0.07941248, 0.0070249503
11418971202000, -0.14263703, 0.06536258, 0.002443461
11418976199000, -0.15515977, 0.052839845, -0.0015271631
11418981231000, -0.172264, 0.03940081, 0.005497787
11418986203000, -0.17928895, 0.043066, 0.003970624
11418991201000, -0.18448131, 0.054061573, -0.0021380284
11418996238000, -0.1994475, 0.040011674, -0.002443461
11419001329000, -0.20586158, 0.03848451, -0.014660766
11419006268000, -0.21594086, 0.03268129, -0.007941248
11419011424000, -0.21227567, 0.024740042, -0.015271631
11419016360000, -0.21991149, 0.019547688, -0.018325957
11419021295000, -0.22602014, 0.013133603, -0.023823744
11419026307000, -0.22937989, 0.013744468, -0.025350908
11419031382000, -0.23243423, 9.162979E-4, -0.024740042
11419036307000, -0.2312125, -0.002443461, -0.030848695
11419041302000, -0.22907446, -6.1086525E-4, -0.025961773
11419046990000, -0.23365596, -0.0070249503, -0.026267206
11419051320000, -0.21930063, -0.0125227375, -0.023823744
11419056310000, -0.21288654, -0.015577064, -0.028099801
11419061308000, -0.21838433, -0.029626964, -0.022602014
11419066307000, -0.21777347, -0.046120327, -0.02107485
11419071277000, -0.20372356, -0.06169739, -0.015271631
11419076262000, -0.21410827, -0.073303826, -0.0125227375
11419081382000, -0.21471913, -0.08246681, -0.01038471
11419086254000, -0.21105394, -0.09682214, -0.01282817
11419091288000, -0.21135938, -0.100792766, -0.008552114
11419096270000, -0.21777347, -0.11148291, -0.005192355
11419101317000, -0.22632557, -0.121256754, -0.0067195175
11419106260000, -0.21624629, -0.11942416, -0.004886922
11419111334000, -0.21960606, -0.118202426, -0.005497787
11419116330000, -0.21685717, -0.12522738, -0.004886922
11419121309000, -0.21013765, -0.12889257, 0.0036651916
11419126307000, -0.20005837, -0.12492194, 0.0070249503
11419131354000, -0.19639318, -0.121256754, 0.012217305
11419136319000, -0.18936823, -0.1151481, 0.009773844
11419141296000, -0.16035213, -0.11056661, 0.0125227375
11419146279000, -0.15393804, -0.090713486, 0.00580322
11419151286000, -0.1518, -0.07971791, 0.0036651916
11419156280000, -0.13041973, -0.06261369, 0.0027488936
11419161314000, -0.12889257, -0.036651913, 0.0021380284
11419166343000, -0.12156218, -0.03359759, 0.0036651916
11419171279000, -0.112399206, -0.006414085, 0.0030543262
11419176275000, -0.105374254, 0.013439035, 0.008246681
11419181334000, -0.09621128, 0.0106901415, 0.0030543262
11419186304000, -0.0888809, 0.02565634, 0.007330383
11419191286000, -0.06994407, 0.027183503, 0.011911872
11419196631000, -0.054367006, 0.032375857, 0.008552114
11419201295000, -0.047647487, 0.034208454, 0.0076358155
11419206303000, -0.040317107, 0.029932396, 0.014049901
11419211328000, -0.038789943, 0.023518313, 0.020463986
11419216310000, -0.02321288, 0.014966198, 0.016493361
11419221291000, -0.024740042, -0.009468411, 0.018936822
11419226280000, -0.019242255, -0.030543262, 0.016798794
11419231346000, -0.021685716, -0.056199603, 0.019547688
11419236295000, -0.008857546, -0.0842994, 0.019242255
11419241284000, -0.0015271631, -0.10598512, 0.018325957
11419246290000, -0.01740966, -0.12339478, 0.009162978
11419251304000, -0.013744468, -0.14294247, 0.005497787
11419256284000, -0.013133603, -0.16249016, -0.0061086523
11419261305000, -0.01160644, -0.17073683, -0.011301007
11419266409000, -0.03176499, -0.17592919, -0.021685716
11419271298000, -0.052839845, -0.18020524, -0.027488936
11419276278000, -0.042760566, -0.18784106, -0.03940081
11419281315000, -0.050396383, -0.19547687, -0.05222898
11419286305000, -0.05222898, -0.18936823, -0.06261369
11419291315000, -0.06566802, -0.19150625, -0.076358154
11419296301000, -0.09743301, -0.21105394, -0.07880162
11419301979000, -0.115453534, -0.21655174, -0.095294975
11419306271000, -0.1572978, -0.21624629, -0.10445796
11419311292000, -0.15393804, -0.23182335, -0.11148291
11419316331000, -0.15515977, -0.23487769, -0.12522738
11419321277000, -0.15515977, -0.23609942, -0.13836098
11419326272000, -0.15302174, -0.24037547, -0.14263703
11419331306000, -0.13927728, -0.22602014, -0.1459968
11419336286000, -0.115453534, -0.22785273, -0.14660765
11419341273000, -0.080634214, -0.22082779, -0.14935656
11419346286000, -0.05375614, -0.17898351, -0.1328632
11419351278000, -0.064751714, -0.15027285, -0.11759156
11419356270000, -0.06994407, -0.13408493, -0.1020145
11419361274000, -0.08460484, -0.124311075, -0.07880162
11419366347000, -0.08674286, -0.124311075, -0.057726767
11419371286000, -0.07880162, -0.1572978, -0.03756821
11419376266000, -0.059253927, -0.18203785, -0.018325957
11419381351000, -0.032070424, -0.19333886, -0.005497787
11419386278000, -0.010995574, -0.19608775, 0.025350908
11419391288000, 0.023823744, -0.16218472, 0.030543262
11419396290000, 0.0421497, -0.1282817, 0.034513887
11419401311000, 0.052839845, -0.067500606, 0.03634648
11419406305000, 0.052534413, -0.05222898, 0.024129177
11419411314000, 0.05100725, -0.004276057, 0.028405234
11419416425000, 0.04520403, 0.049480084, 0.018325957
11419421373000, 0.048258353, 0.0693332, 0.013744468
11419426306000, 0.04642576, 0.077579886, -0.0012217305
11419431364000, 0.042455133, 0.06383542, -0.0070249503
11419436296000, 0.029932396, 0.04184427, -0.011301007
11419441915000, 0.017715093, 0.010995574, -0.01985312
11419446326000, 0.02076942, -0.014049901, -0.021380283
11419451654000, 0.0106901415, -0.036651913, -0.027183503
11419456301000, 0.008857546, -0.044593163, -0.03023783
11419461648000, 0.005497787, -0.05100725, -0.03176499
11419466413000, 0.007941248, -0.054061573, -0.021991149
11419471290000, 0.007941248, -0.06291912, -0.011911872
11419476306000, 0.007941248, -0.063224554, -9.162979E-4
11419481298000, 0.007941248, -0.0729984, -0.003970624
11419486292000, 0.009162978, -0.06841691, 0.014966198
11419491251000, 0.011911872, -0.054367006, 0.012217305
11419496317000, 0.006414085, -0.03940081, 0.019242255
11419501256000, 0.010995574, -0.03970624, 0.019547688
11419506300000, 0.0015271631, -0.034208454, 0.019547688
11419511323000, 0.004886922, -0.034513887, 0.029626964
11419516438000, 0.0021380284, -0.03573562, 0.026572637
11419521268000, 0.0061086523, -0.041233405, 0.025350908
11419526298000, 0.004276057, -0.03023783, 0.01740966
11419531327000, -0.003970624, -0.033292156, 0.012217305
11419536312000, -0.009162978, -0.026267206, 0.01740966
11419541313000, -0.018936822, -0.030848695, 0.008246681
11419546330000, -0.03359759, -0.04184427, 0.01038471
11419551309000, -0.04917465, -0.060170226, 0.004886922
11419556291000, -0.06047566, -0.07147124, -3.0543262E-4
11419561332000, -0.050396383, -0.074830994, -0.0018325958
11419566363000, -0.05100725, -0.08155051, 0.0012217305
11419571304000, -0.055283304, -0.09132435, 0.004276057
11419576285000, -0.055588737, -0.0870483, -3.0543262E-4
11419581378000, -0.048563786, -0.083383106, 0.007330383
11419586320000, -0.038179077, -0.06658431, 0.0027488936
11419591308000, -0.049785517, -0.067500606, -0.004276057
11419596291000, -0.037873644, -0.063224554, -0.009773844
11419601297000, -0.02565634, -0.055283304, -0.0033597588
11419606305000, -0.020463986, -0.05589417, -0.0018325958
11419611330000, -0.018020526, -0.046731193, 0.0012217305
11419616368000, -0.009468411, -0.03940081, -0.010079277
11419621306000, -0.009773844, -0.027183503, -0.009468411
11419626287000, 0.009468411, -0.024129177, -0.005497787
11419631336000, 0.0143553335, -0.028405234, -0.0018325958
11419636308000, 0.018020526, -0.026267206, -0.004886922
11419641302000, 0.022602014, -0.01985312, -0.007330383
11419646286000, 0.018325957, -0.009773844, -0.01282817
11419651328000, 0.02687807, 0.008552114, -0.015271631
11419656286000, 0.022602014, 0.01985312, -0.022296581
11419661338000, 0.017715093, 0.035430185, -0.020463986
11419666381000, 0.0015271631, 0.04428773, -0.017715093
11419671371000, 0.0036651916, 0.055588737, -0.021685716
11419676252000, 0.004886922, 0.04917465, -0.012217305
11419681320000, 9.162979E-4, 0.05009095, -0.007330383
11419686254000, -0.010995574, 0.051618114, -0.007330383
11419691268000, -0.007330383, 0.0580322, 0.002443461
11419696291000, -0.014660766, 0.06688975, 0.002443461
11419701311000, -0.021380283, 0.062308256, 0.0012217305
11419706306000, -0.023823744, 0.06047566, 0.0067195175
11419711313000, -0.024740042, 0.05375614, 0.0067195175
11419716378000, -0.03390302, 0.05467244, 0.0033597588
11419721305000, -0.03848451, 0.049480084, 0.009773844
11419726299000, -0.043066, 0.044593163, 0.007330383
11419731428000, -0.03970624, 0.05681047, 0.0106901415
11419736306000, -0.03268129, 0.051923547, 0.008246681
11419741289000, -0.029626964, 0.044898596, 0.010995574
11419746365000, -0.03940081, 0.040927973, 0.014660766
11419751334000, -0.03481932, 0.04153884, 0.01740966
11419756338000, -0.03726278, 0.046731193, 0.014966198
11419761355000, -0.020158553, 0.04734206, 0.0106901415
11419766300000, -0.024740042, 0.05375614, 0.014049901
11419771354000, -0.02565634, 0.051618114, 0.0067195175
11419776667000, -0.02443461, 0.039095376, 0.004886922
11419781341000, -0.018936822, 0.028710667, 0.0018325958
11419786290000, -0.008246681, 0.02565634, 0.0018325958
11419791293000, -0.021991149, 0.025350908, -0.002443461
11419796271000, -0.013133603, 0.023518313, 0.0021380284
11419801311000, -0.015577064, 0.027488936, 0.0015271631
11419806253000, -0.016187929, 0.02565634, -0.007941248
11419811328000, -0.022602014, 0.026572637, 6.1086525E-4
11419816329000, -0.025045475, 0.024740042, -0.0027488936
11419821299000, -0.014660766, 0.032375857, -0.009162978
11419826247000, -0.018020526, 0.03726278, -0.005192355
11419831354000, -0.021380283, 0.04337143, -0.0015271631
11419836300000, -0.03756821, 0.03176499, -0.00580322
11419841293000, -0.025961773, 0.031154128, -0.0036651916
11419846312000, -0.033292156, 0.024740042, 0.0036651916
11419851308000, -0.03176499, 0.040011674, 0.0012217305
11419856292000, -0.020158553, 0.03970624, 9.162979E-4
11419861337000, -0.021991149, 0.042760566, -0.010995574
11419866352000, -0.015882496, 0.049480084, 6.1086525E-4
11419871304000, -0.0125227375, 0.054367006, 0.0015271631
11419876304000, -0.014966198, 0.05589417, -0.005497787
11419881331000, -0.005497787, 0.062002823, -0.008552114
11419886344000, -0.009162978, 0.052839845, -3.0543262E-4
11419891292000, -0.013744468, 0.0421497, 0.0033597588
11419896317000, -0.015577064, 0.043982297, 0.008552114
11419901307000, -0.028710667, 0.035124753, 0.01282817
11419906297000, -0.02443461, 0.021380283, 0.011301007
11419911329000, -0.028710667, 0.023823744, 0.008246681
11419916421000, -0.025961773, 0.019547688, 0.006414085
11419921293000, -0.017104227, 0.012217305, 0.004276057
11419926284000, -0.02321288, 0.0076358155, 0.002443461
11419931350000, -0.029626964, -0.003970624, 0.002443461
11419936281000, -0.03023783, -0.010079277, 0.008246681
11419941266000, -0.015271631, -0.015271631, 0.009773844
11419946304000, -0.01985312, -0.023518313, 0.010079277
11419951310000, -0.023823744, -0.029932396, 0.011301007
11419956311000, -0.02565634, -0.018325957, 0.0070249503
11419961334000, -0.025961773, -0.021991149, 0.015577064
11419966393000, -0.029932396, -0.026267206, 0.009162978
11419971357000, -0.032070424, -0.03176499, 0.014049901
11419976299000, -0.036651913, -0.049785517, 0.021685716
11419981334000, -0.039095376, -0.055283304, 0.018020526
11419986300000, -0.043982297, -0.049480084, 0.014966198
11419991312000, -0.04062254, -0.040317107, 0.005192355
11419996307000, -0.043676864, -0.047647487, 0.008246681
11420001300000, -0.04184427, -0.041233405, 0.009162978
11420006309000, -0.03848451, -0.040011674, -6.1086525E-4
11420011289000, -0.032986723, -0.038789943, 0.0015271631
11420016447000, -0.03940081, -0.04428773, -0.003970624
11420021385000, -0.04886922, -0.043676864, 6.1086525E-4
11420026316000, -0.03604105, -0.05467244, 6.1086525E-4
11420031280000, -0.03940081, -0.052839845, 3.0543262E-4
11420036306000, -0.040011674, -0.064751714, 0.004886922
11420041253000, -0.038789943, -0.067500606, 0.0061086523
11420046332000, -0.03268129, -0.069027774, 0.004581489
11420051302000, -0.03390302, -0.063224554, 0.0030543262
11420056313000, -0.029321533, -0.0571159, 0.0076358155
11420061289000, -0.029932396, -0.06627888, 0.004276057
11420066363000, -0.040317107, -0.06627888, 0.0012217305
11420071321000, -0.02565634, -0.06963864, -0.0021380284
11420076273000, -0.023823744, -0.059253927, 6.1086525E-4
11420081333000, -0.03176499, -0.04886922, -0.0021380284
11420086279000, -0.015577064, -0.05100725, -0.003970624
11420091652000, -0.024740042, -0.05100725, -0.0070249503
11420096316000, -0.02321288, -0.051618114, -0.005192355
11420101662000, -0.01282817, -0.036957346, 0.00580322
11420106311000, -6.1086525E-4, -0.032986723, 0.007330383
11420111310000, -0.0015271631, -0.029321533, 0.004276057
11420116428000, -0.012217305, -0.034208454, -0.004276057
11420121295000, -0.0015271631, -0.01863139, 0.011301007
11420126299000, 0.010995574, -0.01038471, 0.008552114
11420131281000, 0.004276057, -0.01160644, 0.0036651916
11420136279000, 0.019547688, -0.0106901415, 0.0067195175
11420141251000, 0.014966198, -0.0061086523, 0.011301007
11420146293000, 0.015882496, 0.011911872, 0.011301007
11420151256000, 0.00580322, 0.004886922, 0.0036651916
11420156280000, 0.01740966, 0.011301007, 0.004581489
11420161375000, 0.01160644, 0.004276057, -0.002443461
11420166359000, 0.007941248, 0.009468411, 0.0067195175
11420171275000, 0.0030543262, 0.013744468, 0.0033597588
11420176627000, 0.007330383, 0.011301007, 0.002443461
11420181327000, 0.011301007, 0.00580322, 0.01282817
11420186742000, 0.009162978, 0.009468411, 0.013133603
11420191301000, 0.006414085, 0.02321288, 0.012217305
11420196614000, 9.162979E-4, 0.018020526, 0.014660766
11420201286000, 0.004886922, 0.01282817, 0.021685716
11420206618000, 0.004581489, 0.01740966, 0.021380283
11420211311000, 0.008552114, 0.015882496, 0.01985312
11420216367000, 0.015271631, 0.025045475, 0.022602014
11420221287000, 0.011301007, 0.022602014, 0.024129177
11420226296000, 9.162979E-4, 0.028405234, 0.021685716
11420231327000, 0.012217305, 0.032986723, 0.026267206
11420236291000, 0.015882496, 0.02565634, 0.02565634
11420241281000, 0.0125227375, 0.034513887, 0.025961773
11420246313000, 0.011911872, 0.02076942, 0.032986723
11420251291000, 0.008857546, 0.016187929, 0.032986723
11420256270000, 0.0076358155, 0.021380283, 0.037873644
11420261339000, 0.015271631, 0.02321288, 0.03970624
11420266372000, 0.0021380284, 0.019547688, 0.03940081
11420271283000, 0.0036651916, 0.024129177, 0.031154128
11420276258000, -0.006414085, 0.025350908, 0.04153884
11420281324000, -0.0012217305, 0.04153884, 0.033292156
11420286289000, 0.0030543262, 0.03970624, 0.039095376
11420291271000, 0.011301007, 0.03604105, 0.038179077
11420296316000, 0.015577064, 0.05131268, 0.040011674
11420301303000, 0.011911872, 0.05375614, 0.034208454
11420306309000, 0.0106901415, 0.051618114, 0.030543262
11420311328000, 0.004581489, 0.049785517, 0.03390302
11420316370000, 0.01160644, 0.05589417, 0.032375857
11420321314000, 0.02107485, 0.056199603, 0.03023783
11420326317000, 0.013744468, 0.054061573, 0.03726278
11420331417000, 0.014966198, 0.04642576, 0.03145956
11420336316000, 0.017715093, 0.043982297, 0.03145956
11420341310000, 0.01038471, 0.05467244, 0.04153884
11420346325000, 0.009468411, 0.051923547, 0.040317107
11420351320000, 0.0076358155, 0.05589417, 0.039095376
11420356314000, 0.0070249503, 0.038179077, 0.04428773
11420361330000, 0.0125227375, 0.043066, 0.040317107
11420366371000, 0.007941248, 0.040927973, 0.037873644
11420371303000, 0.0030543262, 0.044898596, 0.038789943
11420376295000, 0.015577064, 0.057421334, 0.038789943
11420381331000, 0.015577064, 0.050701816, 0.02687807
11420386317000, 0.018325957, 0.052534413, 0.01985312
11420391310000, 0.013744468, 0.04642576, 0.030848695
11420396317000, 0.017715093, 0.038179077, 0.017715093
11420401319000, 0.021991149, 0.04153884, 0.021991149
11420406312000, 0.020158553, 0.04550946, 0.022602014
11420411346000, 0.02565634, 0.06047566, 0.028099801
11420416381000, 0.014660766, 0.07147124, 0.022296581
11420421312000, 0.018020526, 0.0711658, 0.025961773
11420426302000, 0.018020526, 0.05681047, 0.02443461
11420431355000, 0.005497787, 0.045814894, 0.0143553335
11420436283000, -9.162979E-4, 0.054061573, 0.017715093
11420441270000, -0.0027488936, 0.053450707, 0.0143553335
11420446296000, -0.009773844, 0.07086037, 0.023518313
11420451280000, -0.005497787, 0.07422013, 0.026267206
11420456273000, -0.017715093, 0.06872234, 0.03023783
11420461324000, -0.006414085, 0.08093964, 0.03023783
11420466324000, -0.010079277, 0.07391469, 0.034208454
11420471292000, -0.0030543262, 0.061086524, 0.030543262
11420476271000, -0.0106901415, 0.062308256, 0.01985312
11420481360000, -0.005192355, 0.07360926, 0.022907447
11420486283000, -0.0067195175, 0.07849618, 0.02687807
11420491305000, -0.003970624, 0.07422013, 0.013744468
11420496292000, -0.008246681, 0.07666359, 0.013439035
11420501361000, -0.0061086523, 0.083383106, 0.01282817
11420506272000, -0.00580322, 0.08857546, 0.0125227375
11420511300000, 0.004886922, 0.087964594, 0.017104227
11420516336000, 3.0543262E-4, 0.07452556, 0.013744468
11420521516000, 0.006414085, 0.08307768, 0.024129177
11420526308000, 0.014660766, 0.08277224, 0.027183503
11420531670000, 0.013439035, 0.07269296, 0.02076942
11420536285000, 0.020158553, 0.0571159, 0.028099801
11420541511000, 0.015271631, 0.046120327, 0.021685716
11420546305000, 0.005497787, 0.032986723, 0.026267206
11420551634000, 0.004886922, 0.042760566, 0.022296581
11420556278000, -0.0015271631, 0.05131268, 0.022602014
11420561311000, -0.003970624, 0.056505036, 0.025045475
11420566335000, 0.004886922, 0.05009095, 0.027183503
11420571253000, -0.002443461, 0.043676864, 0.026572637
11420576296000, -0.004581489, 0.03145956, 0.026572637
11420581302000, -0.0021380284, 0.03756821, 0.02443461
11420586280000, -0.0027488936, 0.026572637, 0.030848695
11420591265000, -0.011911872, 0.013744468, 0.028710667
11420596298000, -0.01038471, 0.013439035, 0.032375857
11420601276000, -0.021380283, 0.007941248, 0.027488936
11420606279000, -0.01985312, -0.002443461, 0.03145956
11420611324000, -0.017715093, 0.004581489, 0.028099801
11420616331000, -0.014660766, 0.005497787, 0.02321288
11420621282000, -0.003970624, 0.007330383, 0.021380283
11420626276000, -0.010995574, 0.005497787, 0.018020526
11420631347000, -0.01985312, -0.002443461, 0.016493361
11420636294000, -0.01740966, -0.014049901, 0.013133603
11420641279000, -0.016187929, -0.01863139, 0.015271631
11420646302000, -0.010079277, -0.0076358155, 0.014966198
11420651301000, -0.01160644, -0.0143553335, 0.009773844
11420656286000, -0.01740966, -0.026267206, 0.010995574
11420661309000, -0.030848695, -0.022296581, 0.016493361
11420666320000, -0.042760566, -0.022907447, 0.011911872
11420671278000, -0.04337143, -0.028405234, 0.013133603
11420676264000, -0.036957346, -0.01863139, 0.010079277
11420681368000, -0.03848451, -0.029321533, 0.021685716
11420686269000, -0.035124753, -0.02107485, 0.02107485
11420691273000, -0.036651913, -0.0143553335, 0.01863139
11420696280000, -0.034513887, -0.013744468, 0.021685716
11420701277000, -0.026572637, -0.022296581, 0.01985312
11420706269000, -0.026572637, -0.02321288, 0.024129177
11420711314000, -0.025350908, -0.022296581, 0.025045475
11420716286000, -0.02687807, -0.0125227375, 0.030848695
11420721278000, -0.030543262, -0.025350908, 0.03481932
11420726248000, -0.029626964, -0.014966198, 0.030848695
11420731388000, -0.03023783, -0.013744468, 0.028099801
11420736252000, -0.022907447, -0.015577064, 0.034513887
11420741270000, -0.024740042, -0.0033597588, 0.028405234
11420746286000, -0.02107485, -0.004581489, 0.03634648
11420751325000, -0.03145956, -0.009773844, 0.03390302
11420756269000, -0.025350908, -0.007330383, 0.027183503
11420761309000, -0.02076942, -0.0061086523, 0.035124753
11420766343000, -0.027488936, -0.0076358155, 0.027794369
11420771278000, -0.031154128, -0.009162978, 0.01985312
11420776281000, -0.026572637, -0.015882496, 0.02076942
11420781358000, -0.03359759, -0.017104227, 0.02687807
11420786578000, -0.0290161, -0.0076358155, 0.024740042
11420791272000, -0.0290161, -0.010079277, 0.024129177
11420796310000, -0.035124753, -0.009468411, 0.02565634
11420801285000, -0.03634648, -0.0033597588, 0.02687807
11420806345000, -0.040011674, -0.013133603, 0.022296581
11420811329000, -0.044593163, -0.013744468, 0.024740042
11420816472000, -0.053145275, -0.020463986, 0.01985312
