#Rate of rotation around the x y z axes (Angular velocity).
#timestamp(ns),x,y,z(rad/s)
#Datetime: 22/04/2015 16:05:05
##########################################
#Activity: 9 - CSO - Car Step-out - 6s
#Subject ID: 48
#First Name: sub48
#Last Name: sub48
#Age: 22
#Height(cm): 180
#Weight(kg): 80
#Gender: Male
##########################################

@DATA
12742717798000, -0.031154128, 0.020158553, 0.02321288
12742722779000, -0.037873644, 0.01160644, 0.019547688
12742727767000, -0.02565634, 0.008552114, 0.015271631
12742732784000, -0.028099801, 0.01282817, 0.02076942
12742737779000, -0.03023783, 0.009773844, 0.01282817
12742742830000, -0.032070424, 0.016493361, 0.013439035
12742747777000, -0.03023783, 0.01282817, 0.01282817
12742752815000, -0.030543262, 0.007941248, 0.013133603
12742757855000, -0.035430185, 0.004886922, 0.01985312
12742762830000, -0.022602014, 0.004886922, 0.016187929
12742767833000, -0.031154128, 0.009468411, 0.014966198
12742772772000, -0.035430185, 0.013439035, 0.013439035
12742777779000, -0.032070424, 0.017104227, 0.016493361
12742782746000, -0.034513887, 0.011911872, 0.015577064
12742787779000, -0.034208454, 0.004886922, 0.01160644
12742792724000, -0.03359759, 0.015271631, 0.018936822
12742797757000, -0.033292156, 0.0106901415, 0.014049901
12742802710000, -0.035430185, 0.007330383, 0.011301007
12742807812000, -0.029932396, 0.008552114, 0.014966198
12742812843000, -0.03390302, 0.008552114, 0.013133603
12742817784000, -0.036651913, 0.017715093, 0.01985312
12742822789000, -0.03634648, 0.012217305, 0.014966198
12742827773000, -0.03390302, 0.009468411, 0.017104227
12742832778000, -0.029932396, 0.01740966, 0.016493361
12742837791000, -0.040927973, 0.017104227, 0.01740966
12742842790000, -0.034513887, 0.014966198, 0.015882496
12742847756000, -0.0290161, 0.014049901, 0.013744468
12742852784000, -0.028405234, 0.0067195175, 0.016187929
12742857812000, -0.029932396, 0.015882496, 0.014966198
12742862786000, -0.026572637, 0.005497787, 0.018325957
12742867825000, -0.032070424, 0.010079277, 0.013133603
12742872782000, -0.038789943, 0.007941248, 0.006414085
12742877822000, -0.03481932, 0.011301007, 0.016798794
12742882736000, -0.0421497, 0.0106901415, 0.017104227
12742887814000, -0.034208454, 0.009468411, 0.016187929
12742892737000, -0.025045475, 0.014966198, 0.013439035
12742897818000, -0.03726278, 0.017104227, 0.011301007
12742902717000, -0.03970624, 0.0061086523, 0.008552114
12742907861000, -0.040011674, 0.00580322, 0.011301007
12742912916000, -0.028710667, 0.005192355, 0.010995574
12742917818000, -0.03940081, 0.0067195175, 0.013439035
12742922821000, -0.03390302, 0.017104227, 0.020463986
12742928447000, -0.033292156, 0.011911872, 0.015882496
12742932826000, -0.03940081, 0.013439035, 0.022296581
12742937809000, -0.030848695, 0.017104227, 0.016798794
12742942816000, -0.03145956, 0.01282817, 0.015271631
12742947812000, -0.03176499, 0.01160644, 0.013744468
12742952817000, -0.03573562, 0.009468411, 0.016798794
12742957834000, -0.035430185, 0.0070249503, 0.018020526
12742962802000, -0.029626964, 0.01282817, 0.016493361
12742967782000, -0.032070424, 0.009162978, 0.009162978
12742972780000, -0.036957346, -3.0543262E-4, 0.015882496
12742977766000, -0.03268129, 0.006414085, 0.016798794
12742982791000, -0.025350908, 0.013439035, 0.013439035
12742987816000, -0.028099801, 0.019547688, 0.016493361
12742992819000, -0.032375857, 0.017104227, 0.014049901
12742998577000, -0.037873644, 0.009773844, 0.010079277
12743002825000, -0.028710667, 0.014049901, 0.015882496
12743007836000, -0.03268129, 0.021380283, 0.010079277
12743012815000, -0.025350908, 0.016187929, 0.008857546
12743017765000, -0.026267206, 0.004276057, 0.013439035
12743022788000, -0.034208454, 0.01282817, 0.015577064
12743027772000, -0.03634648, 0.007941248, 0.012217305
12743032794000, -0.02107485, 0.009162978, 0.0125227375
12743037721000, -0.03359759, 0.015271631, 0.018936822
12743042763000, -0.034513887, 0.01038471, 0.015271631
12743047745000, -0.034208454, 0.01038471, 0.013133603
12743052823000, -0.029626964, 0.013439035, 0.015882496
12743057766000, -0.027183503, 0.010995574, 0.008246681
12743062938000, -0.034208454, 0.013744468, 0.018936822
12743067972000, -0.028710667, 0.010079277, 0.015271631
12743072811000, -0.035430185, 0.011301007, 0.012217305
12743078091000, -0.028099801, 0.009773844, 0.014660766
12743082824000, -0.030543262, 0.0143553335, 0.018325957
12743087913000, -0.0290161, -0.002443461, 0.01038471
12743092830000, -0.022907447, 0.0061086523, 0.016798794
12743098004000, -0.024129177, 0.011911872, 0.01160644
12743102821000, -0.025045475, 0.0067195175, 0.01282817
12743108013000, -0.029932396, 0.016493361, 0.019547688
12743112948000, -0.03634648, 0.01038471, 0.014049901
12743118385000, -0.03359759, 0.012217305, 0.017104227
12743122816000, -0.025045475, 0.017104227, 0.0143553335
12743128173000, -0.03023783, 0.013439035, 0.009162978
12743132789000, -0.03359759, 0.013439035, 0.013439035
12743137751000, -0.032070424, 0.0070249503, 0.0125227375
12743142772000, -0.03145956, 0.003970624, 0.016493361
12743147763000, -0.03268129, 0.015882496, 0.015577064
12743152781000, -0.032070424, 0.01282817, 0.013744468
12743157788000, -0.03970624, 0.009468411, 0.010995574
12743162885000, -0.03940081, 0.0015271631, 0.010995574
12743167796000, -0.02565634, 0.009468411, 0.011301007
12743173261000, -0.029626964, 0.0067195175, 0.015577064
12743177810000, -0.03023783, 0.0143553335, 0.014966198
12743182793000, -0.038179077, 0.009162978, 0.013744468
12743187798000, -0.032375857, 0.014660766, 0.011301007
12743192767000, -0.032375857, 0.0143553335, 0.014660766
12743197761000, -0.028710667, 0.015577064, 0.009468411
12743202783000, -0.03848451, 0.011911872, 0.02076942
12743207804000, -0.030543262, 0.009162978, 0.018936822
12743212850000, -0.022602014, 0.012217305, 0.018936822
12743217854000, -0.023518313, 0.008857546, 0.013133603
12743222781000, -0.042760566, 0.013744468, 0.015271631
12743227766000, -0.032375857, 0.011911872, 0.013744468
12743232781000, -0.035124753, 0.0070249503, 0.016493361
12743237782000, -0.025961773, -3.0543262E-4, 0.01863139
12743242737000, -0.028710667, 0.007330383, 0.009773844
12743247800000, -0.03481932, -0.0012217305, 0.01282817
12743253434000, -0.03756821, 0.004886922, 0.014966198
12743257791000, -0.03023783, -0.0012217305, 0.014966198
12743262802000, -0.03268129, 0.008246681, 0.020463986
12743267784000, -0.03481932, 0.0076358155, 0.01160644
12743272717000, -0.027488936, -0.0036651916, 0.010079277
12743277790000, -0.022602014, 0.005497787, 0.013439035
12743282796000, -0.021380283, -0.0015271631, 0.015577064
12743287780000, -0.028710667, -0.006414085, 0.014049901
12743292776000, -0.027183503, -0.004276057, 0.013744468
12743297781000, -0.027794369, -0.008552114, 0.0143553335
12743302723000, -0.027794369, -0.006414085, 0.017104227
12743307797000, -0.016187929, -0.012217305, 0.0067195175
12743312852000, -0.023823744, -0.01038471, 0.010995574
12743317798000, -0.02687807, -0.008857546, 0.012217305
12743323536000, -0.023823744, -0.013439035, 0.008246681
12743327773000, -0.021380283, -0.003970624, 0.014966198
12743332787000, -0.009773844, -0.004886922, 0.011301007
12743337781000, -0.01740966, -0.0061086523, 0.013439035
12743342786000, -0.025350908, -0.015271631, 0.015271631
12743347853000, -0.025961773, -0.0012217305, 0.021380283
12743352801000, -0.02443461, -0.0012217305, 0.018936822
12743357764000, -0.020463986, 0.004581489, 0.020463986
12743362884000, -0.032070424, 0.0036651916, 0.01863139
12743367866000, -0.035124753, 0.0036651916, 0.01985312
12743372778000, -0.029626964, 0.004581489, 0.028405234
12743377763000, -0.040011674, -0.007941248, 0.030848695
12743382790000, -0.042760566, -0.0125227375, 0.03268129
12743387778000, -0.046120327, -0.021380283, 0.04642576
12743393282000, -0.036957346, -0.03848451, 0.058337633
12743397776000, -0.03756821, -0.035430185, 0.06627888
12743402778000, -0.030848695, -0.030543262, 0.074830994
12743407795000, -0.017104227, -0.06841691, 0.07880162
12743412800000, -0.015882496, -0.081855945, 0.089491755
12743417786000, -0.00580322, -0.062002823, 0.09590584
12743422780000, -9.162979E-4, -0.079107046, 0.10629055
12743427759000, 0.0070249503, -0.08307768, 0.11759156
12743432830000, 0.008246681, -0.09865474, 0.118202426
12743437826000, 0.020158553, -0.10567969, 0.12003502
12743442782000, 0.029626964, -0.105068825, 0.116980694
12743447750000, 0.03848451, -0.118507855, 0.11178834
12743452769000, 0.040927973, -0.12644911, 0.11026118
12743457790000, 0.03970624, -0.14385876, 0.10873401
12743462943000, 0.03268129, -0.16249016, 0.09437868
12743467757000, 0.029626964, -0.17684549, 0.079107046
12743472780000, 0.016493361, -0.18112154, 0.0711658
12743477920000, -0.004886922, -0.18112154, 0.05375614
12743482851000, -0.008246681, -0.160963, 0.040011674
12743487848000, -0.017715093, -0.14752395, 0.029932396
12743492830000, -0.057726767, -0.10598512, 0.02076942
12743517790000, -0.16584991, 0.03023783, -0.016187929
12743522751000, -0.20066923, 0.05467244, -0.020158553
12743527760000, -0.21105394, 0.0720821, -0.021991149
12743532768000, -0.22724187, 0.079107046, -0.023518313
12743537783000, -0.23732115, 0.08124508, -0.014660766
12743542760000, -0.24587326, 0.07819075, -0.0070249503
12743547844000, -0.23518312, 0.06780604, 0.0030543262
12743552823000, -0.22418754, 0.057726767, 0.013439035
12743557826000, -0.21197024, 0.043982297, 0.032070424
12743562783000, -0.19242255, 0.02107485, 0.052839845
12743567792000, -0.1572978, 0.011911872, 0.070249505
12743572780000, -0.13622294, 0.011301007, 0.08124508
12743577777000, -0.10567969, 0.0067195175, 0.099571034
12743582794000, -0.094989546, 0.009162978, 0.105068825
12743587784000, -0.079107046, 0.0027488936, 0.11881329
12743592766000, -0.06566802, -0.004276057, 0.12339478
12743597774000, -0.05100725, -0.01160644, 0.13347405
12743603155000, -0.03634648, -0.016187929, 0.14080444
12743607790000, -0.03604105, -0.029932396, 0.14263703
12743612792000, -0.036957346, -0.038789943, 0.14477506
12743617787000, -0.022602014, -0.054367006, 0.14782938
12743622781000, -0.036651913, -0.067500606, 0.1572978
12743627773000, -0.021685716, -0.07971791, 0.15332718
12743632754000, -0.018325957, -0.0888809, 0.16218472
12743637781000, -0.017715093, -0.09193522, 0.17104226
12743642754000, -0.017104227, -0.102319926, 0.18600847
12743648482000, -0.014966198, -0.09743301, 0.19456059
12743652891000, -0.0106901415, -0.09865474, 0.20280726
12743657804000, -0.009773844, -0.100792766, 0.21410827
12743663368000, 6.1086525E-4, -0.09285152, 0.226631
12743667899000, 0.002443461, -0.0852157, 0.22418754
12743672724000, 0.0036651916, -0.07574729, 0.21777347
12743677805000, 6.1086525E-4, -0.06627888, 0.21380283
12743682723000, 0.0143553335, -0.0711658, 0.21563543
12743687813000, 0.02687807, -0.06505715, 0.22357668
12743692737000, 0.038179077, -0.064446285, 0.22510384
12743697827000, 0.04886922, -0.06872234, 0.20647246
12743702827000, 0.049785517, -0.07849618, 0.18845193
12743707841000, 0.062002823, -0.0852157, 0.18417588
12743712957000, 0.07360926, -0.09468412, 0.18417588
12743718014000, 0.07574729, -0.09773844, 0.17440203
12743722840000, 0.059253927, -0.10842858, 0.17104226
12743727814000, 0.055588737, -0.1160644, 0.17287487
12743732829000, 0.04184427, -0.1282817, 0.16249016
12743737813000, 0.022296581, -0.112399206, 0.15302174
12743742831000, 0.003970624, -0.10476339, 0.13988814
12743747791000, -0.02321288, -0.09193522, 0.1441642
12743752823000, -0.030543262, -0.051618114, 0.129198
12743757846000, -0.04734206, -0.007941248, 0.12492194
12743762897000, -0.05681047, 0.014049901, 0.12186762
12743767847000, -0.0720821, 0.01282817, 0.110872045
12743772823000, -0.07086037, 0.008552114, 0.09101892
12743777810000, -0.06811147, 0.011911872, 0.076358154
12743782828000, -0.054061573, 0.0125227375, 0.06352998
12743787988000, -0.04520403, -0.011911872, 0.052534413
12743792811000, -0.04428773, -0.040927973, 0.046731193
12743797763000, -0.03848451, -0.0842994, 0.04520403
12743802817000, -0.039095376, -0.1518, 0.04550946
12743807751000, -0.059864793, -0.23487769, 0.0580322
12743812866000, -0.09132435, -0.32650748, 0.07544186
12743817722000, -0.11881329, -0.42852196, 0.101098195
12743822826000, -0.17348573, -0.54519725, 0.13255776
12743827782000, -0.21930063, -0.65026605, 0.16798794
12743832826000, -0.2415972, -0.7284568, 0.20097467
12743837761000, -0.25320363, -0.7528914, 0.23243423
12743842756000, -0.25442538, -0.74220127, 0.25686884
12743847771000, -0.25534168, -0.6957755, 0.26328292
12743852785000, -0.2593123, -0.61453044, 0.27947086
12743857828000, -0.2779437, -0.52626044, 0.28588495
12743862778000, -0.28771752, -0.43249258, 0.28955013
12743867742000, -0.31306845, -0.3231477, 0.3005457
12743872780000, -0.32925636, -0.23609942, 0.31887165
12743877749000, -0.33933565, -0.15271631, 0.33475417
12743882833000, -0.3652974, -0.086437434, 0.34269542
12743887821000, -0.39767328, -0.051923547, 0.35643986
12743892808000, -0.41508293, -0.04886922, 0.3680463
12743897819000, -0.4456262, -0.06505715, 0.39064834
12743903641000, -0.46181414, -0.09407325, 0.41783184
12743907871000, -0.44990227, -0.16554448, 0.45234573
12743912791000, -0.4202753, -0.26633725, 0.49846604
12743917793000, -0.3744604, -0.35643986, 0.5384777
12743922780000, -0.34788775, -0.4184427, 0.58062744
12743927760000, -0.31581733, -0.44684792, 0.6065892
12743932825000, -0.33108896, -0.44409904, 0.6188065
12743937821000, -0.3475823, -0.3491095, 0.63132924
12743942809000, -0.36713, -0.2996294, 0.6383542
12743947810000, -0.4083634, -0.20005837, 0.63071835
12743952785000, -0.4364632, -0.12186762, 0.6160576
12743957903000, -0.48166725, -0.07513642, 0.6053675
12743962880000, -0.5479461, -0.07880162, 0.589485
12743967823000, -0.63132924, -0.098043874, 0.5757405
12743973662000, -0.7174612, -0.15515977, 0.4990769
12743977845000, -0.8677341, -0.17745635, 0.46578476
12743982780000, -0.9086621, -0.226631, 0.38637227
12743987800000, -0.9868528, -0.30268374, 0.3286455
12743992758000, -1.0503827, -0.37293324, 0.2724459
12743997814000, -1.1038336, -0.31306845, 0.20799962
12744002698000, -1.1316279, -0.18845193, 0.1518
12744007780000, -1.1942415, -0.09590584, 0.10354166
12744012668000, -1.2922854, 0.02076942, 0.032070424
12744017714000, -1.4318681, 0.19181168, -0.020463986
12744022648000, -1.5711454, 0.26083946, -0.042455133
12744027731000, -1.6362026, 0.22693644, -0.04184427
12744032647000, -1.6856827, 0.2648101, -0.053450707
12744037722000, -1.738828, 0.36254853, -0.07574729
12744042919000, -1.8683313, 0.72112644, -0.06566802
12744047708000, -1.9620992, 0.7556403, -0.0580322
12744052787000, -1.9929478, 0.8353582, -0.055283304
12744057877000, -2.0622811, 0.95111716, -0.028405234
12744062836000, -2.0928242, 1.0543534, 0.02107485
12744067893000, -2.0778582, 1.0998629, 0.09254608
12744073147000, -2.0830505, 1.0598512, 0.103847094
12744077823000, -2.064419, 0.9645562, 0.09987647
12744082787000, -2.071444, 0.9068295, 0.10048734
12744087809000, -2.0815234, 0.8588765, 0.089491755
12744092737000, -2.107485, 0.84574294, 0.0693332
12744097914000, -2.1114557, 0.8940013, 0.08368854
12744102716000, -2.1242838, 0.9419542, 0.10629055
12744107840000, -2.137723, 0.9828822, 0.05375614
12744112963000, -2.1884248, 1.1523973, 0.04642576
12744117819000, -2.1923954, 1.2965615, 0.053145275
12744122781000, -2.235767, 1.4343116, 0.020463986
12744127828000, -2.2883012, 1.5564847, 0.006414085
12744132840000, -2.2956316, 1.8536706, 0.07941248
12744137829000, -2.2101104, 1.9230038, 0.11942416
12744142811000, -2.1713204, 2.0250182, 0.12583824
12744147828000, -2.1774292, 1.9938642, 0.09193522
12744152823000, -2.186592, 1.9260582, 0.0143553335
12744157826000, -2.1783454, 1.894904, -0.10751228
12744162872000, -2.1725423, 1.9572122, -0.20861048
12744167892000, -2.1636846, 2.1025982, -0.29260445
12744172821000, -2.158187, 2.245846, -0.3481932
12744177790000, -2.1557434, 2.3371704, -0.37782016
12744182855000, -2.1789563, 2.3646593, -0.40133846
12744187814000, -2.2046127, 2.345417, -0.40103304
12744192808000, -2.1978931, 2.3619106, -0.4288274
12744197823000, -2.2043073, 2.334727, -0.48288897
12744202818000, -2.175902, 2.2660046, -0.5329799
12744207780000, -2.1563544, 2.1423044, -0.63346726
12744212897000, -2.1835377, 1.9853121, -0.6826419
12744217839000, -2.116648, 1.790446, -0.7370089
12744222805000, -2.1111503, 1.6059648, -0.7620544
12744227731000, -2.080607, 1.4556919, -0.79473567
12744232825000, -2.0427334, 1.3573426, -0.83016586
12744237715000, -1.9929478, 1.323745, -0.8558222
12744242805000, -1.9672915, 1.2852604, -0.8927795
12744247753000, -1.8985692, 1.2638801, -0.93492925
12744252827000, -1.8417587, 1.2311989, -0.97005403
12744257756000, -1.7644843, 1.1960741, -0.99173975
12744262893000, -1.6960673, 1.1346822, -1.0137309
12744267815000, -1.6307048, 1.0662653, -1.0259482
12744272812000, -1.5528195, 1.0238101, -1.0372492
12744277800000, -1.4740179, 0.97585726, -1.0488557
12744282825000, -1.4065173, 0.9459248, -1.0671816
12744287822000, -1.3286319, 0.9398162, -1.0806206
12744292802000, -1.2568552, 0.956615, -1.0806206
12744298702000, -1.1985176, 0.9462303, -1.0870347
12744302818000, -1.1242975, 0.93676186, -1.0842859
12744307751000, -1.0512991, 0.926988, -1.0861185
12744312864000, -0.9914343, 0.9126327, -1.0980303
12744317716000, -0.9419542, 0.895223, -1.10139
12744322809000, -0.8881981, 0.86590147, -1.1001683
12744327739000, -0.8374963, 0.8897252, -1.0986412
12744332826000, -0.7883216, 0.8875872, -1.112691
12744337791000, -0.7171558, 0.8848383, -1.0797043
12744342775000, -0.70402217, 0.8576548, -1.0852021
12744347804000, -0.6630942, 0.8353582, -1.106277
12744352875000, -0.6062838, 0.81092364, -1.1096367
12744357825000, -0.5561928, 0.7974846, -1.1053606
12744362791000, -0.50488013, 0.7528914, -1.1502593
12744368120000, -0.48624873, 0.81245077, -1.1682798
12744372807000, -0.4343252, 0.8063421, -1.1835514
12744377830000, -0.39278635, 0.77854776, -1.1976013
12744382819000, -0.3481932, 0.75777835, -1.2137892
12744387816000, -0.2883284, 0.7101309, -1.237613
12744392810000, -0.2507602, 0.66920286, -1.2461652
12744397849000, -0.1881465, 0.6282749, -1.2782356
12744402817000, -0.1423316, 0.5867361, -1.2980887
12744407850000, -0.099265605, 0.5390886, -1.3338243
12744412852000, -0.057421334, 0.51251596, -1.3539828
12744417835000, -0.028099801, 0.47128254, -1.3863586
12744422796000, 0.004581489, 0.44715336, -1.4132367
12744427823000, 0.034513887, 0.41416663, -1.4388931
12744432819000, 0.055283304, 0.41355577, -1.4648548
12744438260000, 0.07819075, 0.37018433, -1.4801265
12744442758000, 0.10781772, 0.34605515, -1.4902058
12744447800000, 0.11026118, 0.28710666, -1.5063937
12744452761000, 0.13988814, 0.2312125, -1.527774
12744457785000, 0.18112154, 0.18051068, -1.5604553
12744462755000, 0.21899518, 0.12736541, -1.599856
12744467769000, 0.26328292, 0.06352998, -1.6374242
12744472755000, 0.3200934, -0.0061086523, -1.6716328
12744477763000, 0.3848451, -0.054061573, -1.6893479
12744482759000, 0.41905355, -0.09773844, -1.7174476
12744487786000, 0.4550946, -0.12217305, -1.736079
12744492765000, 0.4804455, -0.13652839, -1.7650951
12744512726000, 0.52778757, -0.12889257, -1.8881844
12744517795000, 0.5500842, -0.06414085, -1.9211712
12744522714000, 0.589485, -0.025045475, -1.9052887
12744527789000, 0.61178154, -0.0106901415, -1.8964312
12744532767000, 0.6579019, -0.01038471, -1.8790215
12744537785000, 0.6835582, 0.003970624, -1.8640553
12744542763000, 0.7461719, 0.022296581, -1.8173242
12744547856000, 0.8032878, 0.017715093, -1.7825048
12744552746000, 0.84635377, 0.013439035, -1.7650951
12744557795000, 0.9016371, -0.03756821, -1.7275269
12744563137000, 0.94225967, -0.13164146, -1.6826283
12744567812000, 0.9822713, -0.21960606, -1.6346754
12744573163000, 1.0351112, -0.31703907, -1.5836681
12744577819000, 1.1114693, -0.39400807, -1.5286902
12744582793000, 1.1866057, -0.49480084, -1.4798211
12744587807000, 1.248914, -0.5140431, -1.4208726
12744592774000, 1.3060299, -0.47433686, -1.3521502
12744597910000, 1.3475688, -0.49418998, -1.2516629
12744602732000, 1.3515394, -0.6230826, -1.1435398
12744607820000, 1.3701707, -0.8188649, -1.0580186
12744612783000, 1.4440855, -1.0045679, -0.97097033
12744617900000, 1.4770721, -1.149343, -0.9092729
12744622744000, 1.5381587, -1.1652255, -0.8390234
12744627823000, 1.5693128, -1.1068878, -0.75625116
12744632766000, 1.600467, -1.0516045, -0.711658
12744637822000, 1.613906, -0.9560041, -0.6768387
12744642818000, 1.6362026, -0.86345804, -0.6420194
12744647828000, 1.6762142, -0.8026769, -0.59559363
12744652823000, 1.7232509, -0.8167268, -0.5537493
12744658443000, 1.7821994, -0.8530733, -0.47433686
12744662927000, 1.8423696, -0.9193522, -0.38789943
12744667817000, 1.8533652, -0.95905846, -0.42332962
12744672806000, 1.8435913, -0.92179567, -0.4373795
12744677801000, 1.8567249, -0.82833326, -0.43493605
12744682826000, 1.8658879, -0.7724391, -0.41355577
12744687812000, 1.8686367, -0.77091193, -0.4083634
12744692941000, 1.8613064, -0.80756384, -0.32650748
12744697852000, 1.8839084, -0.81397796, -0.17684549
12744702805000, 1.8527542, -0.8588765, -0.28221974
12744707810000, 1.8197676, -0.82772243, -0.4156938
12744712880000, 1.7907515, -0.6969972, -0.4120286
12744717909000, 1.7654005, -0.5882632, -0.45234573
12744722801000, 1.7186694, -0.48258355, -0.5006041
12744728415000, 1.6484199, -0.37018433, -0.5222898
12744732826000, 1.5824465, -0.30634892, -0.52778757
12744737814000, 1.5457945, -0.15668693, -0.5403103
12744742824000, 1.4776831, 0.027488936, -0.5531385
12744747801000, 1.4269812, 0.1386664, -0.559858
12744752824000, 1.3698653, 0.34208453, -0.5531385
12744757825000, 1.319469, 0.4804455, -0.5366451
12744762882000, 1.2470814, 0.54092115, -0.5748242
12744767902000, 1.1954633, 0.6768387, -0.6420194
12744772804000, 1.1447614, 0.7733554, -0.6783658
12744777811000, 1.0946705, 0.85918194, -0.65576386
12744782822000, 1.0436633, 0.86406887, -0.5919284
12744787780000, 0.9984592, 0.77946407, -0.52106804
12744792779000, 0.9669997, 0.657291, -0.5503896
12744798231000, 0.9077458, 0.6579019, -0.48166725
12744802818000, 0.8720101, 0.79443026, -0.37140608
12744807856000, 0.8197812, 0.90408057, -0.31490102
12744812913000, 0.7425067, 0.9095783, -0.2828306
12744817915000, 0.6603453, 0.88025683, -0.24007004
12744822806000, 0.5925393, 0.8564331, -0.2012801
12744827825000, 0.5360342, 0.83199847, -0.16493362
12744832831000, 0.4886922, 0.7996226, -0.15149458
12744837963000, 0.46089783, 0.7831292, -0.13713925
12744842773000, 0.4269948, 0.7626653, -0.12186762
12744847797000, 0.38820487, 0.75533485, -0.11148291
12744852781000, 0.35094208, 0.73914695, -0.115453534
12744857740000, 0.3286455, 0.70005155, -0.110872045
12744862803000, 0.32528573, 0.6649268, -0.1151481
12744867744000, 0.31306845, 0.6533204, -0.11484267
12744872785000, 0.28038713, 0.63224554, -0.11056661
12744877770000, 0.2751948, 0.59773165, -0.11301007
12744882805000, 0.2761111, 0.5821546, -0.10629055
12744887781000, 0.28252518, 0.5867361, -0.0888809
12744892764000, 0.28496864, 0.5729916, -0.093462385
12744897840000, 0.29260445, 0.57543504, -0.08093964
12744902782000, 0.29993483, 0.5494733, -0.055588737
12744907810000, 0.32803464, 0.5204572, -0.020158553
12744912840000, 0.364992, 0.48655418, 0.015271631
12744917792000, 0.3735441, 0.43982297, 0.042455133
12744922776000, 0.39645153, 0.4166101, 0.06291912
12744927771000, 0.4129449, 0.3643811, 0.07819075
12744932786000, 0.42821655, 0.3323107, 0.109650314
12744937812000, 0.44409904, 0.33383787, 0.15363261
12744942753000, 0.45540005, 0.33444872, 0.17898351
12744947917000, 0.47403142, 0.33444872, 0.2012801
12744952787000, 0.48502702, 0.2724459, 0.21135938
12744957788000, 0.50854534, 0.1957823, 0.21777347
12744962838000, 0.5305365, 0.0693332, 0.22907446
12744967861000, 0.5467244, -0.0076358155, 0.21960606
12744972779000, 0.5546656, -0.06963864, 0.18753563
12744977773000, 0.5500842, -0.07391469, 0.19211712
12744983320000, 0.5665775, -0.046731193, 0.1908954
12744987782000, 0.5500842, -0.032070424, 0.19181168
12744992760000, 0.48716503, -0.030543262, 0.18020524
12744997817000, 0.42180246, -0.09590584, 0.19853121
12745002710000, 0.3463606, -0.08307768, 0.25045475
12745007798000, 0.32925636, -0.057726767, 0.23335053
12745012845000, 0.29565877, -0.038179077, 0.23396139
12745017888000, 0.2406809, -0.05222898, 0.24404067
12745022756000, 0.15974127, -0.05589417, 0.28405234
12745027774000, 0.11178834, -0.0106901415, 0.269697
12745032776000, 0.10781772, -0.062308256, 0.2098322
12745037777000, 0.07849618, -0.10995574, 0.15851954
12745042781000, 0.051618114, -0.24404067, 0.12370021
12745047835000, 0.053450707, -0.36102137, 0.11759156
12745053476000, 0.058948494, -0.4746423, 0.09315695
12745057830000, 0.06291912, -0.5225952, 0.061086524
12745062793000, 0.0421497, -0.5122105, 0.026267206
12745067826000, 0.048258353, -0.5143485, -0.032986723
12745072716000, 0.014966198, -0.44104472, -0.06780604
12745077786000, 0.021685716, -0.34666604, -0.14263703
12745082744000, 0.025961773, -0.28099802, -0.17470746
12745087815000, 0.029932396, -0.24037547, -0.17806722
12745092850000, 0.017104227, -0.2180789, -0.16035213
12745097792000, 0.0125227375, -0.2180789, -0.13439035
12745102787000, 0.025350908, -0.21930063, -0.1151481
12745107798000, 0.06169739, -0.23701571, -0.10170906
12745112962000, 0.09560041, -0.25686884, -0.09743301
12745117784000, 0.14935656, -0.27763826, -0.10476339
12745123081000, 0.21166481, -0.23335053, -0.1432479
12745127826000, 0.28313604, -0.19608775, -0.17715092
12745132823000, 0.30909783, -0.09712757, -0.23915374
12745137811000, 0.3744604, 0.005192355, -0.312763
12745142807000, 0.419359, 0.089491755, -0.3848451
12745147811000, 0.4392121, 0.12950343, -0.4428773
12745152817000, 0.44501534, 0.13439035, -0.50518554
12745157821000, 0.48472157, 0.10445796, -0.5571091
12745162903000, 0.5235115, 0.06627888, -0.57879484
12745167891000, 0.5635232, 0.052839845, -0.5739079
12745172823000, 0.59406644, 0.051618114, -0.5522222
12745177765000, 0.6545421, 0.08399397, -0.5140431
12745182792000, 0.70829827, 0.14019357, -0.48991394
12745187778000, 0.75228053, 0.23793201, -0.47525316
12745192853000, 0.79045963, 0.3472769, -0.46578476
12745197792000, 0.8045095, 0.4007276, -0.44257188
12745202821000, 0.7901542, 0.4260785, -0.41905355
12745207824000, 0.7644979, 0.44806966, -0.39584067
12745212843000, 0.73914695, 0.44409904, -0.37568212
12745217805000, 0.72143185, 0.43982297, -0.35460728
12745222778000, 0.7254025, 0.42424592, -0.34269542
12745227755000, 0.74067414, 0.37384954, -0.32895094
12745232825000, 0.79626286, 0.33108896, -0.31856623
12745237800000, 0.8863655, 0.28191432, -0.27091873
12745242805000, 0.99021256, 0.18753563, -0.22235495
12745247800000, 1.0870347, 0.09743301, -0.2012801
12745252820000, 1.1652255, 0.02321288, -0.2049453
12745257831000, 1.2208142, -0.051618114, -0.226631
12745262799000, 1.2470814, -0.10842858, -0.2443461
12745267789000, 1.2663237, -0.15515977, -0.2660318
12745272902000, 1.2803736, -0.18478674, -0.26725355
12745277957000, 1.2959507, -0.18875736, -0.26328292
12745282814000, 1.3060299, -0.18753563, -0.24709499
12745287771000, 1.3200798, -0.18875736, -0.26328292
12745292809000, 1.2822062, -0.20311269, -0.27885997
12745298147000, 1.2565498, -0.18600847, -0.33505958
12745302820000, 1.2272283, -0.16646078, -0.40133846
12745308546000, 1.1933253, -0.11942416, -0.42821655
12745312811000, 1.169807, -0.08368854, -0.46700647
12745317722000, 1.1508701, -0.07941248, -0.505491
12745322780000, 1.1386528, -0.100792766, -0.5128214
12745327732000, 1.0989466, -0.062308256, -0.5467244
12745332796000, 1.0876455, -0.025961773, -0.57726765
12745337724000, 1.0998629, 0.020463986, -0.5934556
12745342881000, 1.1081096, 0.026572637, -0.5861252
12745347848000, 1.1157454, 0.046731193, -0.58062744
12745352803000, 1.1221595, 0.062002823, -0.5867361
12745357840000, 1.1362094, 0.10415252, -0.57726765
12745362823000, 1.1539245, 0.14110987, -0.5662721
12745367812000, 1.1609493, 0.19914207, -0.5555819
12745372812000, 1.1560625, 0.24587326, -0.5421429
12745378420000, 1.1487321, 0.27214047, -0.5403103
12745382830000, 1.1322387, 0.27366763, -0.52870387
12745387836000, 1.1267409, 0.269697, -0.5207626
12745392799000, 1.1233811, 0.2519819, -0.52626044
12745397867000, 1.1285735, 0.25381452, -0.5299256
12745402818000, 1.1169671, 0.23976462, -0.54458636
12745407854000, 1.1209377, 0.21655174, -0.5751296
12745412844000, 1.1484267, 0.17256944, -0.60139686
12745417834000, 1.1264355, 0.16157386, -0.6310238
12745422802000, 1.0980303, 0.16554448, -0.64904433
12745427774000, 1.0806206, 0.17379116, -0.6783658
12745432785000, 1.0454959, 0.16890424, -0.71593404
12745437788000, 1.0409144, 0.14294247, -0.75319684
12745442766000, 1.0164797, 0.1337795, -0.7855727
12745448277000, 1.0045679, 0.12095132, -0.7883216
12745452766000, 1.0015136, 0.1151481, -0.79320854
12745457789000, 1.0021244, 0.118202426, -0.8008443
12745462764000, 0.9914343, 0.11911872, -0.79779
12745467769000, 0.98532563, 0.13439035, -0.80664754
12745472764000, 0.9605856, 0.1328632, -0.7996226
12745477764000, 0.9660834, 0.13744467, -0.78801614
12745482757000, 0.9492846, 0.14660765, -0.7855727
12745487772000, 0.9294315, 0.13958271, -0.78801614
12745492774000, 0.91965765, 0.13591751, -0.77579886
12745512689000, 0.8894198, 0.17806722, -0.7431176
12745517707000, 0.8857546, 0.22937989, -0.74036866
12745522699000, 0.8854492, 0.25900686, -0.7425067
12745527686000, 0.88025683, 0.2996294, -0.74281216
12745532694000, 0.8512407, 0.3555236, -0.7510588
12745537700000, 0.8246681, 0.38698313, -0.7644979
12745542683000, 0.8167268, 0.4034765, -0.7761043
12745547705000, 0.81031275, 0.41141775, -0.7703011
12745552701000, 0.80848014, 0.44348818, -0.7831292
12745557721000, 0.81000733, 0.4813618, -0.79076505
12745562706000, 0.80878556, 0.49480084, -0.78893244
12745567725000, 0.8063421, 0.47342056, -0.77549344
12745572662000, 0.83016586, 0.4465425, -0.7770206
12745577717000, 0.84665924, 0.43096542, -0.7791586
12745582666000, 0.8445212, 0.40744713, -0.7816021
12745587728000, 0.84482664, 0.37659842, -0.79320854
12745592688000, 0.8546005, 0.33383787, -0.806953
12745597737000, 0.86101454, 0.32162055, -0.8368854
12745602738000, 0.8689558, 0.29901853, -0.870483
12745607877000, 0.86467975, 0.2855795, -0.88697636
12745612787000, 0.87598073, 0.28405234, -0.8918633
12745617835000, 0.88208944, 0.24190263, -0.90041536
12745622785000, 0.8881981, 0.20097467, -0.9077458
12745627811000, 0.91232723, 0.17195857, -0.91324353
12745633437000, 0.9221011, 0.14446963, -0.9104946
12745637823000, 0.95172805, 0.12797627, -0.90285885
12745642754000, 0.958753, 0.12095132, -0.91232723
12745647893000, 0.9795224, 0.13072516, -0.9202685
12745652764000, 0.98746365, 0.13591751, -0.91415983
12745657899000, 1.0027353, 0.14110987, -0.93279123
12745662813000, 1.0155635, 0.14996742, -0.93737274
12745667909000, 1.0283916, 0.16737708, -0.9266826
12745672721000, 1.0296134, 0.17837265, -0.93034774
12745677785000, 1.0458013, 0.17073683, -0.95111716
12745682824000, 1.0812315, 0.1518, -0.9798279
12745687818000, 1.0867293, 0.13500121, -1.0027353
12745692821000, 1.0855075, 0.17959438, -1.0024298
12745697839000, 1.0980303, 0.22632557, -0.9810496
12745703449000, 1.099252, 0.2415972, -0.9954049
12745707905000, 1.1023064, 0.2574797, -1.0122037
12745712871000, 1.1065824, 0.26145032, -1.0418307
12745717822000, 1.0867293, 0.267559, -1.0354166
12745722825000, 1.0891727, 0.2919936, -0.9966267
12745727813000, 1.1178834, 0.30207285, -0.9960158
12745732826000, 1.1414018, 0.31673363, -1.0253373
12745737860000, 1.1572843, 0.3100141, -1.035722
12745742824000, 1.1704178, 0.30024028, -1.0238101
12745747845000, 1.185384, 0.30115658, -1.0079277
12745752842000, 1.2030991, 0.26816985, -1.0091494
12745757805000, 1.2034045, 0.18753563, -1.0173961
12745762798000, 1.2006557, 0.10354166, -1.0097603
12745767814000, 1.2131784, 0.027794369, -1.0067059
12745773320000, 1.2247849, -0.043676864, -0.9828822
12745777768000, 1.2428054, -0.13622294, -0.9486737
12745782768000, 1.2516629, -0.24220806, -0.9083566
12745787756000, 1.2819008, -0.30634892, -0.8524625
12745792799000, 1.2974777, -0.3717115, -0.7959574
12745797767000, 1.3240504, -0.42119157, -0.75961095
12745802785000, 1.3723087, -0.4615087, -0.72387534
12745807727000, 1.4181237, -0.4886922, -0.6579019
12745812849000, 1.4584408, -0.5513059, -0.59589905
12745817721000, 1.4724907, -0.57696223, -0.57604593
12745822757000, 1.5042557, -0.5671884, -0.52015173
12745827732000, 1.4996742, -0.5870415, -0.45845437
12745832812000, 1.5198327, -0.6585127, -0.41386122
12745837793000, 1.5647314, -0.76052725, -0.3735441
12745842812000, 1.6081028, -0.8891144, -0.32162055
12745847824000, 1.6352862, -1.0296134, -0.26908615
12745852817000, 1.6618589, -1.1743884, -0.21624629
12745857765000, 1.6887369, -1.2983941, -0.16768251
12745862976000, 1.717753, -1.4208726, -0.11911872
12745867779000, 1.7479908, -1.5699236, -0.08460484
12745872802000, 1.779145, -1.7394388, -0.06047566
12745877788000, 1.8023579, -1.9260582, -0.06383542
12745882822000, 1.8249599, -2.1157317, -0.09254608
12745887801000, 1.8536706, -2.298686, -0.14294247
12745892798000, 1.8805487, -2.4749205, -0.19547687
12745897867000, 1.9285016, -2.601675, -0.25411993
12745902820000, 1.9773707, -2.683531, -0.3145956
12745907789000, 2.0066924, -2.7021625, -0.39400807
12745912907000, 2.0088303, -2.7369816, -0.47311515
12745917757000, 1.9984456, -2.7269025, -0.5119051
12745922784000, 1.9917262, -2.6758952, -0.57726765
12745927753000, 1.9663752, -2.6053402, -0.63499445
12745932793000, 1.9294178, -2.53112, -0.69027776
12745938042000, 1.892766, -2.4550674, -0.7330383
12745942770000, 1.8680259, -2.3942864, -0.7846564
12745948119000, 1.8329011, -2.3655756, -0.8240572
12745952784000, 1.7669277, -2.3243423, -0.8552113
12745958675000, 1.7095064, -2.3170118, -0.8680395
12745962800000, 1.6633861, -2.2886066, -0.8781188
12745967721000, 1.6224581, -2.2369885, -0.8933904
12745972778000, 1.5622878, -2.2091942, -0.9049969
12745977740000, 1.5293012, -2.1813998, -0.929126
12745982793000, 1.5100589, -2.1096232, -0.9550878
12745987765000, 1.4859297, -2.0143282, -0.9746355
12745992778000, 1.4871514, -1.8869628, -0.9795224
12745997793000, 1.5005904, -1.7782288, -0.9859365
12746002803000, 1.5066991, -1.681712, -1.0143417
12746007756000, 1.4721853, -1.6368134, -1.042747
12746012789000, 1.4459181, -1.5515977, -1.058324
12746017801000, 1.3979651, -1.5176947, -1.0671816
12746022781000, 1.3613132, -1.5131133, -1.0793989
12746028294000, 1.3182472, -1.5317446, -1.065349
12746032829000, 1.2904528, -1.5784758, -1.0274754
12746037816000, 1.2388347, -1.6615535, -1.0015136
12746042808000, 1.2064588, -1.7568485, -0.97433007
12746047838000, 1.1643091, -1.8060231, -0.93676186
12746052826000, 1.1294898, -1.8139644, -0.89919364
12746057816000, 1.1032226, -1.8005253, -0.8723156
12746062969000, 1.0763446, -1.8060231, -0.8231409
12746067808000, 1.0509937, -1.8194622, -0.784351
12746072796000, 1.0451905, -1.8353447, -0.74128497
12746077811000, 1.0161743, -1.8567249, -0.7110472
12746082797000, 1.001819, -1.8704693, -0.677755
12746087818000, 0.9660834, -1.8997909, -0.6420194
12746092774000, 0.94225967, -1.9263636, -0.6044512
12746098569000, 0.8958339, -1.9590448, -0.57940567
12746102712000, 0.85062987, -1.9801197, -0.5546656
12746107814000, 0.81336707, -2.0357084, -0.5170974
12746112756000, 0.79809546, -2.1010711, -0.5018258
12746117820000, 0.7696902, -2.1380284, -0.4792238
12746122742000, 0.711658, -2.1138992, -0.47678033
12746127826000, 0.6649268, -2.0405953, -0.45814893
12746132766000, 0.61483586, -1.9312505, -0.4529566
12746137818000, 0.5513059, -1.7922786, -0.43004912
12746142775000, 0.5030475, -1.6545285, -0.3848451
12746147847000, 0.44959682, -1.5125023, -0.35094208
12746152785000, 0.42852196, -1.4141531, -0.2883284
12746157820000, 0.4370741, -1.4364496, -0.23487769
12746162833000, 0.43768495, -1.5329664, -0.2049453
12746168160000, 0.44990227, -1.627345, -0.17165314
12746172841000, 0.4633413, -1.6823229, -0.1423316
12746177775000, 0.52748215, -1.6798794, -0.119729586
12746182760000, 0.54183745, -1.6371188, -0.10293079
12746187783000, 0.550695, -1.5549575, -0.10415252
12746192977000, 0.52626044, -1.4715744, -0.11636983
12746197796000, 0.51159966, -1.3970488, -0.13683382
12746203118000, 0.5323691, -1.3784174, -0.14477506
12746207811000, 0.5717699, -1.391551, -0.14905111
12746213033000, 0.6075055, -1.4517213, -0.14905111
12746217832000, 0.6817256, -1.4825699, -0.14080444
12746222770000, 0.73731434, -1.432479, -0.13988814
12746227786000, 0.7425067, -1.2953397, -0.14782938
12746232747000, 0.6985244, -1.1172725, -0.16798794
12746237785000, 0.59986967, -0.97341377, -0.20189096
12746242778000, 0.50243664, -0.90102625, -0.26725355
12746247831000, 0.408058, -0.8784242, -0.33628133
12746252719000, 0.31429017, -0.9257663, -0.4092797
12746257775000, 0.20555615, -1.0366384, -0.47616947
12746262814000, 0.25137106, -1.0671816, -0.5045747
12746267829000, 0.39003745, -0.7425067, -0.41691554
12746272718000, 0.49663344, -0.61269784, -0.39278635
12746277792000, 0.36743546, -0.27916542, -0.4596761
12746282733000, -0.010079277, -0.014966198, -0.4728097
12746287819000, 0.08124508, -0.25137106, -0.40011674
12746292771000, 0.38515055, -0.4605924, -0.37598756
12746297842000, 0.52198434, -0.4456262, -0.37812558
12746302788000, 0.5531385, -0.39553526, -0.40103304
12746307784000, 0.548557, -0.29901853, -0.4196644
12746312878000, 0.5543602, -0.2501493, -0.4605924
12746317914000, 0.6026186, -0.22907446, -0.4804455
12746322783000, 0.6646214, -0.21533, -0.47891834
12746327777000, 0.72356987, -0.2049453, -0.45540005
12746332792000, 0.75869465, -0.16982053, -0.4361578
12746337778000, 0.7657196, -0.13530666, -0.41905355
12746342810000, 0.75686204, -0.06627888, -0.40011674
12746347843000, 0.7266242, 0.0012217305, -0.39187005
12746353296000, 0.68844515, 0.062002823, -0.37965274
12746357781000, 0.64996064, 0.093767814, -0.36774087
12746362790000, 0.65484756, 0.105068825, -0.3539964
12746367783000, 0.6747007, 0.09193522, -0.33383787
12746372782000, 0.691194, 0.0580322, -0.3182608
12746377774000, 0.7098254, 0.016493361, -0.29779682
12746382794000, 0.72021013, 0.029626964, -0.25992316
12746387735000, 0.6930266, 0.086132, -0.22235495
12746392789000, 0.62888575, 0.12522738, -0.18509217
12746397788000, 0.5537493, 0.13561209, -0.15485434
12746402788000, 0.4822781, 0.14966199, -0.1423316
12746407936000, 0.46822822, 0.11911872, -0.11301007
12746412795000, 0.4266894, 0.07574729, -0.0711658
12746417775000, 0.4071417, 0.016493361, -0.050396383
12746422715000, 0.40530908, -0.036651913, -0.043982297
12746427793000, 0.42394048, -0.11881329, -0.035430185
12746432797000, 0.4089743, -0.23182335, -0.058337633
12746437773000, 0.3930918, -0.37934732, -0.09040806
12746442768000, 0.3830125, -0.5653558, -0.111177474
12746447832000, 0.39553526, -0.7171558, -0.124311075
12746452750000, 0.3885103, -0.8579602, -0.1386664
12746457766000, 0.3652974, -0.9691377, -0.1469131
12746462756000, 0.3567453, -1.054048, -0.16707164
12746467767000, 0.37323865, -1.146594, -0.17134771
12746472741000, 0.38148534, -1.2296717, -0.1777618
12746477758000, 0.37598756, -1.3222178, -0.19120082
12746482746000, 0.3912592, -1.3778065, -0.19761491
12746487779000, 0.39095375, -1.3845261, -0.1853976
12746493107000, 0.40653083, -1.2999213, -0.16523905
12746497812000, 0.41172317, -1.2342533, -0.12339478
12746502808000, 0.38881573, -1.047023, -0.106595986
12746507816000, 0.35643986, -0.8445212, -0.064751714
12746512755000, 0.28771752, -0.6401868, -0.031154128
12746517724000, 0.23762658, -0.4392121, 0.01038471
12746522697000, 0.17867808, -0.28680122, 0.046120327
12746527732000, 0.12156218, -0.2171626, 0.109650314
12746532718000, 0.09254608, -0.19975294, 0.19425514
12746537700000, 0.09193522, -0.18295415, 0.26175576
12746542693000, 0.062308256, -0.16340645, 0.32986724
12746547709000, 0.018020526, -0.16310102, 0.3707952
12746552778000, -0.05131268, -0.14813483, 0.3811799
12746557778000, -0.1133155, -0.09743301, 0.37018433
12746562772000, -0.16676621, -0.04642576, 0.33750305
12746567792000, -0.18448131, -0.011301007, 0.28863382
12746572776000, -0.1777618, -0.0106901415, 0.23151793
12746577774000, -0.13958271, -0.03940081, 0.16249016
12746582921000, -0.09193522, -0.099265605, 0.1001819
12746587789000, -0.044593163, -0.18295415, 0.026267206
12746592742000, 0.01038471, -0.26083946, -0.037873644
12746597796000, 0.03726278, -0.29871312, -0.093767814
12746602718000, 0.06566802, -0.35277468, -0.12461651
12746607776000, 0.11056661, -0.36651915, -0.18112154
12746612760000, 0.14752395, -0.37415496, -0.22571471
12746617786000, 0.16737708, -0.37293324, -0.27397305
12746622715000, 0.18325958, -0.38698313, -0.3100141
12746627771000, 0.17592919, -0.43127087, -0.3399465
12746632815000, 0.17195857, -0.4578435, -0.35002577
12746637780000, 0.16676621, -0.4990769, -0.34697145
12746642730000, 0.15577064, -0.56046885, -0.33444872
12746647788000, 0.13561209, -0.6310238, -0.31703907
12746652752000, 0.12034045, -0.70554936, -0.2782491
12746657780000, 0.10476339, -0.80573124, -0.24617869
12746662805000, 0.10293079, -0.9251554, -0.19639318
12746667789000, 0.09315695, -1.0311406, -0.13408493
12746672779000, 0.09193522, -1.1239921, -0.05497787
12746678386000, 0.112704635, -1.1863003, 0.015882496
12746682792000, 0.13652839, -1.2357804, 0.07788532
12746687815000, 0.14996742, -1.2428054, 0.11301007
12746692781000, 0.16065755, -1.2296717, 0.121256754
12746697800000, 0.1423316, -1.1801916, 0.12980886
12746702787000, 0.13316862, -1.0839803, 0.106901415
12746707777000, 0.089491755, -0.96761054, 0.04520403
12746712977000, 0.051923547, -0.88208944, -0.019547688
12746717779000, -0.0012217305, -0.8151997, -0.079107046
12746722789000, -0.047647487, -0.7663304, -0.14110987
12746727768000, -0.1151481, -0.7263188, -0.20891592
12746732820000, -0.20555615, -0.6582073, -0.27458394
12746737853000, -0.27977628, -0.5849035, -0.3268129
12746742776000, -0.32711834, -0.50579643, -0.3662137
12746748437000, -0.33567044, -0.4538729, -0.40103304
12746752785000, -0.3173445, -0.4129449, -0.42058071
12746757765000, -0.27763826, -0.4129449, -0.43463063
12746762789000, -0.20311269, -0.43157628, -0.4370741
12746767764000, -0.11484267, -0.44715336, -0.43188173
12746772787000, -0.04153884, -0.45234573, -0.41263947
12746777749000, 0.020463986, -0.42394048, -0.40591997
12746782795000, 0.06505715, -0.32528573, -0.39950588
12746787873000, 0.06352998, -0.17684549, -0.40378192
12746792840000, 0.036651913, 6.1086525E-4, -0.3979787
12746797869000, -0.005192355, 0.077579886, -0.39400807
12746802866000, -0.013439035, 0.18967366, -0.37782016
12746807778000, 0.012217305, 0.24831672, -0.35430184
12746812888000, 0.056505036, 0.26542094, -0.34116822
12746818169000, 0.12522738, 0.26450464, -0.3222314
12746822803000, 0.17195857, 0.2657264, -0.30207285
12746827808000, 0.2134974, 0.28863382, -0.27550024
12746832769000, 0.23518312, 0.31764993, -0.23732115
12746837767000, 0.23518312, 0.3585779, -0.22693644
12746842792000, 0.22632557, 0.35033122, -0.2003638
12746847829000, 0.22174409, 0.30757064, -0.19456059
12746852773000, 0.21502456, 0.2275473, -0.1966986
12746857759000, 0.21533, 0.18448131, -0.18906279
12746862834000, 0.2144137, 0.15882497, -0.18173242
12746867766000, 0.18875736, 0.1414153, -0.1731803
12746872776000, 0.1554652, 0.13164146, -0.17348573
12746877788000, 0.13194689, 0.124311075, -0.16187929
12746882877000, 0.09987647, 0.10781772, -0.15088372
12746887955000, 0.081855945, 0.09437868, -0.15088372
12746892815000, 0.05589417, 0.08307768, -0.14721853
12746897929000, 0.050396383, 0.06352998, -0.13347405
12746902831000, 0.03573562, 0.03970624, -0.13622294
12746907759000, 0.029321533, 0.029932396, -0.13194689
12746912845000, 0.017104227, 0.014966198, -0.12583824
12746918096000, 0.0018325958, 0.013133603, -0.12461651
12746922755000, 0.002443461, 0.04337143, -0.12492194
12746928031000, 0.0030543262, 0.089186326, -0.1282817
12746932783000, 0.008857546, 0.13561209, -0.12522738
12746937742000, 0.010995574, 0.1459968, -0.13439035
12746942880000, 0.014660766, 0.16829337, -0.113926366
12746947863000, 0.019547688, 0.19456059, -0.101098195
12746952674000, 0.03940081, 0.22052236, -0.073303826
12746957874000, 0.046120327, 0.23671028, -0.050396383
12746962757000, 0.05100725, 0.24648413, -0.034208454
12746967720000, 0.048563786, 0.2724459, -0.016798794
12746972732000, 0.049480084, 0.30848694, -0.016493361
12746977704000, 0.06352998, 0.34147367, -0.018936822
12746982769000, 0.076052725, 0.38973203, -0.009773844
12746987702000, 0.07360926, 0.41233405, 0.004581489
12746992698000, 0.06994407, 0.4718934, 0.005192355
12746997746000, 0.08552113, 0.50671273, 0.01863139
12747003083000, 0.09468412, 0.5308419, 0.032375857
12747007718000, 0.10140363, 0.5360342, 0.044593163
12747012801000, 0.11881329, 0.54244834, 0.049785517
12747017705000, 0.13713925, 0.535118, 0.07269296
12747022686000, 0.16187929, 0.5320636, 0.1001819
12747027740000, 0.1731803, 0.5177083, 0.1160644
12747032708000, 0.19792034, 0.49388456, 0.1282817
12747037709000, 0.204029, 0.4978552, 0.15241088
12747042707000, 0.19639318, 0.47800204, 0.15607607
12747047722000, 0.19547687, 0.45875978, 0.16218472
12747052687000, 0.18020524, 0.41813725, 0.16340645
12747057671000, 0.16310102, 0.3830125, 0.15851954
12747062730000, 0.14202617, 0.34666604, 0.17654006
12747067687000, 0.1386664, 0.30665436, 0.18600847
12747073067000, 0.1282817, 0.26328292, 0.17501289
12747077702000, 0.112704635, 0.21655174, 0.16065755
12747082694000, 0.09621128, 0.16890424, 0.13652839
12747087666000, 0.08368854, 0.15088372, 0.12614368
12747092708000, 0.07086037, 0.118507855, 0.09590584
12747097722000, 0.054061573, 0.08979719, 0.059253927
12747102700000, 0.02565634, 0.08093964, 0.019242255
12747107683000, 0.008857546, 0.053145275, -0.020158553
12747112773000, -0.0021380284, 0.02321288, -0.05009095
12747117690000, -0.02107485, -0.015271631, -0.08002335
12747122727000, -0.032986723, -0.03634648, -0.10293079
12747127745000, -0.049480084, -0.05100725, -0.12064589
12747132711000, -0.0720821, -0.06078109, -0.12186762
12747137717000, -0.07422013, -0.0720821, -0.12644911
12747142989000, -0.08032878, -0.070554934, -0.12370021
12747147717000, -0.076358154, -0.0720821, -0.11911872
12747152694000, -0.07727446, -0.053450707, -0.110872045
12747157703000, -0.07238753, -0.03481932, -0.106595986
12747162733000, -0.045814894, -0.02565634, -0.09712757
12747167690000, -0.036957346, -0.02565634, -0.08582657
12747172701000, -0.023518313, -0.016493361, -0.07788532
12747177694000, -0.0061086523, -0.018325957, -0.053450707
12747182690000, 0.0070249503, -0.0036651916, -0.035124753
12747187688000, 0.012217305, 0.0018325958, -0.036957346
12747192672000, 0.0067195175, 0.016798794, -0.025961773
12747197693000, 0.019547688, 0.023823744, -0.018325957
12747202777000, 0.025961773, 0.030848695, -0.011911872
12747207782000, 0.03726278, 0.025961773, -0.0061086523
12747212974000, 0.03023783, 0.014049901, -0.0012217305
12747217824000, 0.03176499, 0.0036651916, -0.0018325958
12747222780000, 0.030848695, -0.009468411, -0.0067195175
12747227903000, 0.03023783, -0.026572637, -0.01038471
12747232790000, 0.028099801, -0.040927973, -0.014660766
12747237720000, 0.019547688, -0.059253927, -0.022296581
12747242792000, 0.027794369, -0.07452556, -0.02687807
12747247780000, 0.029932396, -0.079107046, -0.034208454
12747252783000, 0.022602014, -0.07666359, -0.046120327
12747257711000, 0.02565634, -0.070249505, -0.048258353
12747262784000, 0.015882496, -0.07544186, -0.04734206
12747267722000, 0.018020526, -0.07422013, -0.05009095
12747272784000, 0.010995574, -0.06811147, -0.04886922
12747277776000, 0.018936822, -0.06780604, -0.04917465
12747282812000, 0.015271631, -0.07544186, -0.05222898
12747287749000, 0.011911872, -0.07666359, -0.04642576
12747292795000, 0.014660766, -0.07880162, -0.049480084
12747297835000, 0.01038471, -0.06841691, -0.044898596
12747302784000, 0.0067195175, -0.0571159, -0.04184427
12747307776000, 0.0033597588, -0.05497787, -0.043066
12747312846000, 0.0076358155, -0.030848695, -0.041233405
12747317789000, 0.0067195175, -0.008552114, -0.032070424
12747322780000, 0.0106901415, 0.011911872, -0.03604105
12747327770000, -0.0076358155, 0.018936822, -0.022907447
12747332792000, -0.008857546, 0.027488936, -0.01863139
12747337784000, -0.009773844, 0.032986723, -0.023823744
12747342842000, -0.0106901415, 0.025350908, -0.02076942
12747347800000, -0.008857546, 0.025350908, -0.016187929
12747352787000, -0.008552114, 0.0106901415, -0.009773844
12747357777000, -0.016187929, -3.0543262E-4, -0.01038471
12747362843000, -0.013133603, -0.0033597588, -0.007941248
12747367787000, -0.015882496, -0.0018325958, -0.009773844
12747372800000, -0.022602014, 0.004581489, -0.005192355
12747377829000, -0.036957346, 0.004581489, -0.0061086523
12747382829000, -0.043676864, 0.013133603, 0.0012217305
12747387821000, -0.05100725, 0.017104227, -0.004886922
12747392812000, -0.048563786, 0.030848695, -0.015882496
12747398441000, -0.046120327, 0.04184427, -0.004581489
12747402819000, -0.04428773, 0.051618114, -0.0030543262
12747407819000, -0.03634648, 0.06383542, -0.011301007
12747412864000, -0.02321288, 0.07696902, -0.009468411
12747417827000, -0.022602014, 0.07727446, -0.01863139
12747422818000, -0.0106901415, 0.07788532, -0.01282817
12747427830000, -0.014660766, 0.086437434, -0.014966198
12747432904000, -0.011911872, 0.099265605, -0.018325957
12747437797000, -0.013133603, 0.10995574, -0.014660766
12747442779000, -0.007330383, 0.105374254, -0.015882496
12747447890000, -0.0018325958, 0.12461651, -0.02076942
12747452665000, -6.1086525E-4, 0.12950343, -0.024129177
12747457711000, -0.0033597588, 0.13683382, -0.020158553
12747462685000, -0.0033597588, 0.13805555, -0.017104227
12747467908000, -0.0012217305, 0.14508049, -0.015271631
12747472656000, -0.0018325958, 0.13225232, -0.019547688
12747477692000, -0.016798794, 0.13194689, -0.013133603
12747482648000, -0.0143553335, 0.13316862, -0.014660766
12747487725000, -0.02321288, 0.13408493, -0.016798794
12747492663000, -0.024740042, 0.12797627, -0.015882496
12747497748000, -0.020158553, 0.1301143, -0.01282817
12747502746000, -0.023518313, 0.12858713, -0.0036651916
12747507822000, -0.040011674, 0.12767084, -0.007941248
12747512851000, -0.050396383, 0.12705997, -0.010079277
12747517830000, -0.03634648, 0.12736541, 0.007330383
12747522788000, -0.046731193, 0.11636983, 0.002443461
12747527772000, -0.04917465, 0.11056661, 0.006414085
12747532757000, -0.049785517, 0.112399206, 0.0070249503
12747537911000, -0.05009095, 0.10720685, 0.007330383
12747542785000, -0.056199603, 0.11026118, 0.0067195175
12747547806000, -0.046120327, 0.124311075, 0.016187929
12747552812000, -0.051618114, 0.124311075, 0.010995574
12747557778000, -0.05375614, 0.1255328, 0.018936822
12747562865000, -0.06566802, 0.14660765, 0.024129177
12747567780000, -0.071776666, 0.1432479, 0.023518313
12747572753000, -0.056505036, 0.15088372, 0.03145956
12747577761000, -0.052534413, 0.14844026, 0.030543262
12747582751000, -0.059864793, 0.16432275, 0.025961773
12747587801000, -0.04795292, 0.15974127, 0.027488936
12747592761000, -0.060170226, 0.17165314, 0.029932396
12747597912000, -0.06811147, 0.17348573, 0.040317107
12747602741000, -0.06414085, 0.17715092, 0.045814894
12747607817000, -0.06627888, 0.19058995, 0.04184427
12747612803000, -0.080634214, 0.19730948, 0.045814894
12747617808000, -0.080634214, 0.21410827, 0.054061573
12747622787000, -0.081855945, 0.23640485, 0.048563786
12747627826000, -0.07544186, 0.24556783, 0.046120327
12747632783000, -0.087659165, 0.26053402, 0.051618114
12747637816000, -0.08582657, 0.27275133, 0.046731193
12747642835000, -0.083383106, 0.28313604, 0.05131268
12747647796000, -0.07452556, 0.29626966, 0.056505036
12747652795000, -0.06872234, 0.28771752, 0.04520403
12747657812000, -0.06872234, 0.27885997, 0.047647487
12747662925000, -0.05589417, 0.27275133, 0.05100725
12747667822000, -0.05497787, 0.25534168, 0.040317107
12747672819000, -0.03970624, 0.2510656, 0.03970624
12747677810000, -0.051923547, 0.24770586, 0.032986723
12747682821000, -0.044898596, 0.23548855, 0.029321533
12747687813000, -0.036651913, 0.21563543, 0.03359759
12747692808000, -0.044593163, 0.20158553, 0.023518313
12747697826000, -0.03756821, 0.19150625, 0.023518313
12747702829000, -0.034513887, 0.18387043, 0.015577064
12747707808000, -0.03634648, 0.17256944, 0.018325957
12747712819000, -0.032986723, 0.15851954, 0.013744468
12747717818000, -0.03634648, 0.14049901, 0.011301007
12747722816000, -0.032375857, 0.13897185, 0.01038471
12747727770000, -0.03268129, 0.14019357, 0.005192355
12747732791000, -0.029321533, 0.12644911, -9.162979E-4
12747737779000, -0.03268129, 0.11453723, -0.004581489
12747742787000, -0.032986723, 0.11209377, -0.004886922
12747747855000, -0.04062254, 0.11789699, -0.0067195175
12747752827000, -0.037873644, 0.11056661, -0.0076358155
12747757815000, -0.03573562, 0.10323623, -0.0067195175
12747762807000, -0.040927973, 0.087659165, -0.013439035
12747767771000, -0.03481932, 0.08399397, -0.004276057
12747772777000, -0.03970624, 0.07544186, -0.003970624
12747777774000, -0.028405234, 0.06780604, -0.0036651916
12747782793000, -0.035430185, 0.057726767, 0.002443461
12747787744000, -0.047036625, 0.0571159, -0.003970624
12747792795000, -0.03634648, 0.04642576, -0.0027488936
12747797753000, -0.042455133, 0.048563786, 0.005192355
12747802820000, -0.05955936, 0.038179077, 0.013133603
12747807712000, -0.053450707, 0.03756821, 0.015882496
12747812849000, -0.052839845, 0.03145956, 0.018936822
12747817733000, -0.05131268, 0.023518313, 0.02565634
12747822816000, -0.052534413, 0.025961773, 0.028710667
12747827781000, -0.04886922, 0.016187929, 0.029626964
12747832824000, -0.04642576, 0.007941248, 0.027488936
12747837758000, -0.040317107, 0.01160644, 0.03176499
12747842804000, -0.03940081, 0.017715093, 0.03176499
12747847831000, -0.047036625, 0.011301007, 0.03268129
12747852817000, -0.057421334, 0.011911872, 0.0290161
12747857920000, -0.05467244, 0.0012217305, 0.03359759
12747862847000, -0.058337633, 0.0018325958, 0.031154128
12747868038000, -0.050701816, 6.1086525E-4, 0.03176499
12747872803000, -0.055283304, 0.002443461, 0.03390302
12747877743000, -0.06414085, -0.003970624, 0.034208454
12747882829000, -0.056505036, -0.0018325958, 0.02565634
12747887718000, -0.062308256, -0.006414085, 0.03023783
12747892810000, -0.057726767, -0.0027488936, 0.026267206
12747897839000, -0.06383542, -0.032986723, 0.024129177
12747902819000, -0.050701816, -0.02107485, 0.023518313
12747907798000, -0.048563786, -0.018020526, 0.02107485
12747912846000, -0.042455133, -0.02107485, 0.022907447
12747917818000, -0.04550946, -0.026267206, 0.011301007
12747922808000, -0.03634648, -0.02076942, 0.011301007
12747927820000, -0.04795292, -0.013439035, 0.009773844
12747932815000, -0.044593163, -0.009468411, 0.013744468
12747937816000, -0.04428773, -0.010079277, 0.009162978
12747942810000, -0.043676864, -0.021991149, 0.010079277
12747947805000, -0.034208454, -0.02687807, 0.0070249503
12747952812000, -0.03573562, -0.020463986, 0.016493361
12747957814000, -0.03390302, -0.033292156, 0.013133603
12747962852000, -0.03023783, -0.04062254, 0.009773844
12747967823000, -0.026267206, -0.03634648, 0.009468411
12747972811000, -0.03604105, -0.035430185, 0.020158553
12747977820000, -0.032986723, -0.023823744, 0.017715093
12747982822000, -0.029932396, -0.022602014, 0.018325957
12747987817000, -0.027183503, -0.02076942, 0.017104227
12747992810000, -0.037873644, -0.0067195175, 0.01985312
12747997845000, -0.028710667, 0.013133603, 0.023823744
12748002816000, -0.04153884, 0.019547688, 0.021685716
12748007806000, -0.047036625, 0.01863139, 0.023823744
12748012830000, -0.05375614, 0.0106901415, 0.022907447
12748017803000, -0.042760566, 0.007941248, 0.02321288
12748022816000, -0.04520403, 0.008857546, 0.027794369
12748027810000, -0.040927973, 0.003970624, 0.022296581
12748032812000, -0.05222898, -0.0061086523, 0.026267206
12748037817000, -0.04550946, -0.005192355, 0.03023783
12748042793000, -0.04917465, -0.005192355, 0.021685716
12748047809000, -0.046120327, 0.003970624, 0.026267206
12748052819000, -0.050701816, 0.005497787, 0.023823744
12748057807000, -0.05955936, 0.0012217305, 0.030848695
12748062751000, -0.05467244, -0.008857546, 0.02565634
12748067783000, -0.049480084, -0.0070249503, 0.030848695
12748072724000, -0.046120327, -0.0061086523, 0.0290161
12748077768000, -0.05222898, 0.0012217305, 0.03359759
12748082713000, -0.05100725, 0.009773844, 0.034513887
12748087822000, -0.05009095, 0.013744468, 0.03604105
12748092752000, -0.03573562, 0.0070249503, 0.03481932
12748097849000, -0.03481932, 0.008552114, 0.029626964
12748102718000, -0.03359759, 0.020463986, 0.030848695
12748107817000, -0.03390302, 0.029626964, 0.028405234
12748112807000, -0.028710667, 0.043066, 0.027183503
12748117824000, -0.028710667, 0.053145275, 0.015271631
12748122784000, -0.028099801, 0.051618114, 0.016798794
12748127816000, -0.029626964, 0.0580322, 0.020463986
12748132818000, -0.024129177, 0.058643065, 0.014660766
12748137819000, -0.02443461, 0.059253927, 0.016187929
12748142793000, -0.03176499, 0.043676864, 0.014966198
12748147806000, -0.025045475, 0.041233405, 0.0106901415
12748152798000, -0.023823744, 0.039095376, 0.0125227375
12748157817000, -0.029321533, 0.03848451, 0.005497787
12748162779000, -0.026267206, 0.04550946, 0.0012217305
12748167824000, -0.026572637, 0.05467244, -0.0036651916
12748172743000, -0.027794369, 0.053450707, -0.0018325958
12748177823000, -0.035124753, 0.05955936, -0.003970624
12748183006000, -0.028099801, 0.06352998, 9.162979E-4
12748187822000, -0.026267206, 0.07086037, 0.007330383
12748193058000, -0.030848695, 0.06719518, 0.010995574
12748197844000, -0.022296581, 0.08277224, 0.017715093
12748202759000, -0.032070424, 0.06688975, 0.014966198
12748207816000, -0.029626964, 0.0729984, 0.01740966
12748212787000, -0.03023783, 0.07666359, 0.028405234
12748217825000, -0.023823744, 0.08002335, 0.030543262
12748222809000, -0.029932396, 0.08093964, 0.029321533
12748227829000, -0.023823744, 0.087964594, 0.022296581
12748232811000, -0.031154128, 0.086437434, 0.02107485
12748237819000, -0.032070424, 0.079107046, 0.028405234
12748242835000, -0.04153884, 0.07849618, 0.03390302
12748247793000, -0.04520403, 0.06414085, 0.03481932
12748252812000, -0.024740042, 0.07452556, 0.0290161
12748257811000, -0.03176499, 0.07238753, 0.03604105
12748262866000, -0.03604105, 0.07147124, 0.0421497
12748267819000, -0.03604105, 0.057421334, 0.033292156
12748272807000, -0.03145956, 0.06291912, 0.03176499
12748277749000, -0.03634648, 0.057421334, 0.03359759
12748282871000, -0.03145956, 0.05375614, 0.03176499
12748287711000, -0.029932396, 0.061086524, 0.03268129
12748292839000, -0.032986723, 0.06719518, 0.03390302
12748297789000, -0.030848695, 0.058337633, 0.029932396
12748302768000, -0.024740042, 0.057421334, 0.030543262
12748307759000, -0.030543262, 0.06536258, 0.028405234
12748312874000, -0.024129177, 0.06383542, 0.029321533
12748317769000, -0.01740966, 0.0711658, 0.025961773
12748322823000, -0.018020526, 0.070554934, 0.022296581
12748327792000, -0.017104227, 0.06505715, 0.01863139
12748332819000, -0.024129177, 0.06566802, 0.016493361
12748337771000, -0.023823744, 0.07238753, 0.017104227
12748342842000, -0.023823744, 0.06352998, 0.0070249503
12748348173000, -0.022296581, 0.074830994, 0.005192355
12748352821000, -0.027183503, 0.065973446, -0.0021380284
12748358154000, -0.023518313, 0.062308256, -0.0033597588
12748362852000, -0.03268129, 0.052839845, -0.0061086523
12748367771000, -0.018936822, 0.05009095, -0.0125227375
12748372814000, -0.024129177, 0.057726767, -0.006414085
12748377766000, -0.04062254, 0.054061573, -0.0061086523
12748382791000, -0.029321533, 0.056199603, -0.005192355
12748387716000, -0.028099801, 0.050396383, -0.005192355
12748392764000, -0.03145956, 0.05100725, 0.0027488936
12748397787000, -0.03604105, 0.054367006, -3.0543262E-4
12748402818000, -0.027794369, 0.053145275, 0.0012217305
12748407757000, -0.025350908, 0.061086524, 0.0061086523
12748412852000, -0.028405234, 0.060170226, 0.011301007
12748417770000, -0.026267206, 0.059864793, 0.011301007
