#Rate of rotation around the x y z axes (Angular velocity).
#timestamp(ns),x,y,z(rad/s)
#Datetime: 23/03/2015 11:08:40
##########################################
#Activity: 9 - CSO - Car Step-out - 6s
#Subject ID: 36
#First Name: sub36
#Last Name: sub36
#Age: 22
#Height(cm): 164
#Weight(kg): 62
#Gender: Female
##########################################

@DATA
5212757014000, -0.015577064, -0.004581489, 0.014966198
5212761977000, -0.021685716, -0.0036651916, 0.014966198
5212766997000, -0.010079277, -0.0015271631, 0.02565634
5212772030000, -0.0125227375, 0.0061086523, 0.027794369
5212777002000, -0.008552114, 0.006414085, 0.029626964
5212781996000, -0.008552114, 0.005497787, 0.029321533
5212787030000, -0.0030543262, 0.01282817, 0.03726278
5212792018000, -0.008857546, 0.018325957, 0.034513887
5212796977000, -6.1086525E-4, 0.016798794, 0.032375857
5212801989000, 0.0015271631, 0.032070424, 0.028710667
5212807004000, -0.0015271631, 0.044593163, 0.030848695
5212811999000, -0.004581489, 0.05375614, 0.024740042
5212817008000, -0.003970624, 0.055588737, 0.029932396
5212822053000, -0.007330383, 0.063224554, 0.025961773
5212827003000, -0.0070249503, 0.064751714, 0.026267206
5212832004000, -0.0033597588, 0.0571159, 0.021685716
5212837045000, -0.010079277, 0.050701816, 0.021685716
5212841967000, -0.0012217305, 0.047036625, 0.026267206
5212846958000, -0.008552114, 0.03268129, 0.02107485
5212851937000, -0.014966198, 0.03970624, 0.028405234
5212856973000, -0.019242255, 0.0290161, 0.02687807
5212861971000, -0.014966198, 0.03940081, 0.027794369
5212866969000, -0.032375857, 0.0290161, 0.026572637
5212871977000, -0.03145956, 0.02321288, 0.025045475
5212876970000, -0.04062254, 0.022296581, 0.02076942
5212882516000, -0.03268129, 0.007941248, 0.017715093
5212886934000, -0.030848695, 0.014966198, 0.020158553
5212891970000, -0.040011674, 0.0027488936, 0.011301007
5212896959000, -0.043982297, 0.002443461, 0.0067195175
5212901947000, -0.042760566, 0.0067195175, 0.010995574
5212906969000, -0.049480084, -0.0021380284, 0.0018325958
5212911962000, -0.043066, -0.0012217305, 6.1086525E-4
5212916948000, -0.040317107, -0.0015271631, 3.0543262E-4
5212922063000, -0.03634648, 0.0015271631, -0.0033597588
5212927010000, -0.034513887, 0.01038471, -0.007941248
5212932009000, -0.03604105, 0.011911872, -0.009773844
5212937034000, -0.021380283, 0.013133603, -0.0143553335
5212942008000, -0.016187929, 0.016493361, -0.016798794
5212948465000, -0.008552114, 0.01282817, -0.009468411
5212952319000, -0.011911872, 0.021685716, -0.01038471
5212957011000, -0.0012217305, 0.023518313, -0.004581489
5212962145000, 9.162979E-4, 0.024129177, -9.162979E-4
5212966949000, 0.005192355, 0.02443461, -0.0070249503
5212971984000, 0.005192355, 0.02687807, 0.004886922
5212976973000, 0.005192355, 0.019242255, 0.0036651916
5212981959000, -3.0543262E-4, 0.022907447, 0.015271631
5212986962000, -0.00580322, 0.019547688, 0.010079277
5212991972000, -0.0030543262, 0.020463986, 0.0143553335
5212996961000, -0.0070249503, 0.017715093, 0.0106901415
5213001949000, -0.011911872, 0.009468411, 0.01038471
5213006972000, -0.005497787, 0.011911872, 0.015577064
5213011960000, -0.008857546, 0.0143553335, 0.02321288
5213016944000, -0.0061086523, 0.021685716, 0.019242255
5213022343000, -0.010995574, 0.023518313, 0.024740042
5213027006000, -0.01282817, 0.01863139, 0.02107485
5213031960000, -0.018020526, 0.0143553335, 0.021991149
5213036987000, -0.0106901415, 0.018020526, 0.027794369
5213041967000, -0.01160644, 0.013133603, 0.01985312
5213046968000, -0.0067195175, 0.013439035, 0.021380283
5213051938000, -0.01863139, 0.019547688, 0.018020526
5213056977000, -0.0125227375, 0.0125227375, 0.01160644
5213061959000, -0.013133603, 0.014966198, 0.013744468
5213066942000, -0.0106901415, 0.01740966, 0.020158553
5213071982000, -0.015271631, 0.027488936, 0.020463986
5213076970000, -0.013744468, 0.0290161, 0.01863139
5213081956000, -0.01740966, 0.03023783, 0.031154128
5213086967000, -0.018325957, 0.03176499, 0.02321288
5213092041000, -0.0036651916, 0.03176499, 0.034513887
5213096961000, -0.004276057, 0.028099801, 0.036957346
5213101944000, -0.0067195175, 0.02076942, 0.03481932
5213106979000, -0.005497787, 0.03726278, 0.032070424
5213111988000, -0.009162978, 0.033292156, 0.04153884
5213116976000, -0.010995574, 0.034513887, 0.042455133
5213122045000, -0.01985312, 0.02565634, 0.04153884
5213127054000, -0.004276057, 0.027794369, 0.047036625
5213131955000, -0.008552114, 0.032986723, 0.049480084
5213136982000, -0.01740966, 0.03268129, 0.052534413
5213141973000, -0.02076942, 0.027183503, 0.05100725
5213148451000, -0.020158553, 0.028099801, 0.052534413
5213151948000, -0.018020526, 0.022907447, 0.04153884
5213156976000, -0.014049901, 0.029626964, 0.053450707
5213161905000, -0.027183503, 0.02321288, 0.05100725
5213166961000, -0.028405234, 0.016493361, 0.04917465
5213171981000, -0.026267206, 0.009468411, 0.0421497
5213176964000, -0.027794369, 0.017715093, 0.044898596
5213181963000, -0.027488936, 0.018325957, 0.04428773
5213186995000, -0.022602014, 0.016187929, 0.04337143
5213191977000, -0.025350908, 0.021380283, 0.034208454
5213196965000, -0.020463986, 0.019242255, 0.03726278
5213201941000, -0.022296581, 0.017715093, 0.035430185
5213207644000, -0.024129177, 0.02443461, 0.032375857
5213211965000, -0.032070424, 0.018020526, 0.039095376
5213216982000, -0.022296581, 0.0143553335, 0.040011674
5213221993000, -0.02107485, 0.026572637, 0.026572637
5213226968000, -0.019547688, 0.016493361, 0.025961773
5213231970000, -0.015577064, 0.033292156, 0.034208454
5213236971000, -0.01985312, 0.015882496, 0.020463986
5213241967000, -0.005497787, 0.014660766, 0.018020526
5213246961000, 0.002443461, 0.024740042, 0.02321288
5213251943000, -0.017715093, 0.03145956, 0.02107485
5213256997000, -0.0030543262, 0.02107485, 0.022602014
5213261961000, -0.0033597588, 0.025961773, 0.026267206
5213266959000, -0.009468411, 0.025350908, 0.020158553
5213271980000, -0.009773844, 0.031154128, 0.024129177
5213277792000, -0.01038471, 0.03268129, 0.01985312
5213281953000, -0.010079277, 0.025350908, 0.02107485
5213286993000, -0.004276057, 0.035124753, 0.02687807
5213291962000, -0.014049901, 0.033292156, 0.02107485
5213297014000, -0.0076358155, 0.022602014, 0.018325957
5213301977000, -0.0143553335, 0.027183503, 0.029626964
5213306977000, 3.0543262E-4, 0.026267206, 0.025045475
5213311929000, -0.022296581, 0.03390302, 0.029932396
5213316993000, -0.014966198, 0.03573562, 0.029321533
5213322014000, -0.01282817, 0.022602014, 0.026267206
5213326940000, -0.0143553335, 0.022296581, 0.03573562
5213331966000, -0.008246681, 0.03390302, 0.035124753
5213337015000, -0.0143553335, 0.027488936, 0.031154128
5213341965000, -0.017715093, 0.025045475, 0.03604105
5213347470000, -0.016798794, 0.009468411, 0.04642576
5213351948000, -0.0070249503, 0.0027488936, 0.034208454
5213356973000, -0.003970624, 0.008857546, 0.038789943
5213361899000, -0.010995574, 0.013744468, 0.03359759
5213366958000, -0.009773844, 0.011911872, 0.040011674
5213371981000, -0.005192355, 0.0027488936, 0.029321533
5213376971000, -0.01038471, -0.0061086523, 0.033292156
5213381961000, -0.005497787, -0.004581489, 0.033292156
5213386994000, 0.0018325958, 0.019242255, 0.025961773
5213391967000, -0.006414085, 0.010079277, 0.025350908
5213396969000, -0.011301007, 0.0125227375, 0.018020526
5213401948000, 9.162979E-4, 0.0143553335, 0.020463986
5213407006000, 6.1086525E-4, 0.028405234, 0.021685716
5213412001000, -0.009773844, 0.027183503, 0.014660766
5213417209000, -0.0018325958, 0.026267206, 0.009468411
5213422086000, 6.1086525E-4, 0.033292156, 0.013439035
5213427035000, 6.1086525E-4, 0.038789943, 0.01985312
5213432002000, 0.008857546, 0.032375857, 0.01863139
5213437007000, 0.010995574, 0.026572637, 0.01985312
5213441974000, 0.018020526, 0.032375857, 0.019547688
5213446961000, 0.02443461, 0.029321533, 0.020158553
5213451943000, 0.023518313, 0.035430185, 0.022602014
5213456975000, 0.024129177, 0.03481932, 0.022602014
5213462000000, 0.027488936, 0.04062254, 0.020158553
5213467010000, 0.037873644, 0.04428773, 0.018325957
5213472025000, 0.04062254, 0.02565634, 0.02107485
5213477007000, 0.042455133, 0.008246681, 0.017715093
5213482004000, 0.059864793, -0.0106901415, 0.022907447
5213487109000, 0.061391957, -0.030543262, 0.0061086523
5213491985000, 0.052534413, -0.043676864, 0.005497787
5213496952000, 0.05589417, -0.062002823, 0.0021380284
5213501982000, 0.050396383, -0.09407325, -0.032375857
5213506987000, 0.040927973, -0.1160644, -0.026572637
5213511979000, 0.026572637, -0.1423316, -0.022296581
5213516995000, 0.02443461, -0.1441642, -0.02687807
5213521969000, -3.0543262E-4, -0.14996742, -0.043066
5213526978000, -0.017715093, -0.16982053, -0.048258353
5213532748000, -0.027183503, -0.17531833, -0.052534413
5213536998000, -0.04062254, -0.1704314, -0.064751714
5213542006000, -0.06291912, -0.18051068, -0.07941248
5213547339000, -0.06291912, -0.19058995, -0.095294975
5213551973000, -0.055588737, -0.18387043, -0.11789699
5213557057000, -0.06078109, -0.1863139, -0.13530666
5213561852000, -0.046120327, -0.17501289, -0.16707164
5213566883000, -0.03940081, -0.1740966, -0.1957823
5213571855000, -0.019547688, -0.16554448, -0.23335053
5213576904000, -0.008246681, -0.15149458, -0.25259277
5213581833000, 0.015271631, -0.13805555, -0.2950479
5213586934000, 0.03848451, -0.13561209, -0.32284227
5213591832000, 0.047647487, -0.13988814, -0.34697145
5213596890000, 0.054061573, -0.14477506, -0.3866777
5213602698000, 0.06994407, -0.14202617, -0.4364632
5213607006000, 0.08124508, -0.13072516, -0.45204028
5213611998000, 0.090713486, -0.13164146, -0.4841107
5213617003000, 0.08827003, -0.13255776, -0.5207626
5213622023000, 0.09193522, -0.14355333, -0.5525276
5213627007000, 0.10170906, -0.14721853, -0.5888741
5213631986000, 0.10140363, -0.13958271, -0.6301075
5213637018000, 0.09132435, -0.16035213, -0.66675943
5213642042000, 0.10567969, -0.16615535, -0.70280045
5213647001000, 0.09743301, -0.16829337, -0.7284568
5213651958000, 0.09896017, -0.1591304, -0.7504479
5213656968000, 0.10567969, -0.1685988, -0.7901542
5213661969000, 0.10751228, -0.17104226, -0.816116
5213666953000, 0.10995574, -0.16676621, -0.84574294
5213672013000, 0.12034045, -0.17623462, -0.8542951
5213676983000, 0.118507855, -0.17592919, -0.86742866
5213681957000, 0.11759156, -0.17989981, -0.8781188
5213687016000, 0.1151481, -0.17684549, -0.88606006
5213692005000, 0.116675265, -0.18509217, -0.890947
5213696973000, 0.12461651, -0.19639318, -0.88514376
5213701997000, 0.11911872, -0.1994475, -0.88361657
5213707010000, 0.10781772, -0.22632557, -0.88331115
5213711999000, 0.101098195, -0.24556783, -0.883922
5213716982000, 0.10415252, -0.27305678, -0.883922
5213722090000, 0.09101892, -0.29749137, -0.8888089
5213727051000, 0.1020145, -0.3222314, -0.8900307
5213732006000, 0.0888809, -0.3231477, -0.8894198
5213736972000, 0.0888809, -0.33169982, -0.9016371
5213742121000, 0.080634214, -0.33750305, -0.9080512
5213748441000, 0.08460484, -0.3381139, -0.90316427
5213751945000, 0.086437434, -0.33567044, -0.9025534
5213756935000, 0.093462385, -0.3182608, -0.8894198
5213762000000, 0.10140363, -0.28405234, -0.88606006
5213766923000, 0.086437434, -0.25259277, -0.86498517
5213772170000, 0.103847094, -0.22815818, -0.8472701
5213776897000, 0.1151481, -0.204029, -0.8228355
5213782001000, 0.13683382, -0.19792034, -0.7831292
5213786954000, 0.14844026, -0.1853976, -0.745561
5213792017000, 0.16126843, -0.1685988, -0.729984
5213796900000, 0.18020524, -0.16982053, -0.691194
5213801996000, 0.21868975, -0.17654006, -0.6423248
5213806951000, 0.2669481, -0.17989981, -0.5861252
5213811998000, 0.30268374, -0.19486602, -0.5329799
5213816984000, 0.3454443, -0.21135938, -0.4792238
5213822034000, 0.36743546, -0.22999077, -0.42058071
5213826940000, 0.37720928, -0.24404067, -0.37659842
5213832000000, 0.38087448, -0.2510656, -0.34269542
5213837000000, 0.3943135, -0.26083946, -0.31031954
5213842016000, 0.3726278, -0.27152961, -0.28221974
5213847220000, 0.3359759, -0.27947086, -0.25045475
5213852002000, 0.29993483, -0.29565877, -0.23793201
5213857818000, 0.27122417, -0.3023783, -0.23060162
5213862002000, 0.24495697, -0.30543262, -0.2321288
5213866967000, 0.21838433, -0.3200934, -0.24373524
5213872029000, 0.20463985, -0.33536503, -0.24190263
5213876978000, 0.19333886, -0.34238997, -0.2574797
5213882004000, 0.18112154, -0.32650748, -0.27672195
5213887041000, 0.18325958, -0.32253686, -0.29657507
5213892000000, 0.16615535, -0.32253686, -0.31642818
5213896981000, 0.15057829, -0.31306845, -0.3381139
5213901985000, 0.15057829, -0.30482176, -0.3631594
5213907011000, 0.14355333, -0.28405234, -0.3921755
5213912000000, 0.12034045, -0.2782491, -0.43127087
5213917002000, 0.12003502, -0.2742785, -0.47128254
5213922026000, 0.116980694, -0.27672195, -0.49113566
5213927823000, 0.12461651, -0.26450464, -0.5143485
5213931998000, 0.12736541, -0.24465153, -0.5338962
5213937027000, 0.11759156, -0.23090707, -0.5519168
5213942001000, 0.13408493, -0.20616703, -0.5561928
5213948575000, 0.12217305, -0.16737708, -0.5696318
5213952357000, 0.11942416, -0.14660765, -0.56230146
5213956988000, 0.11209377, -0.11911872, -0.5271767
5213961903000, 0.09743301, -0.13836098, -0.47891834
5213967011000, 0.10048734, -0.14630222, -0.42730024
5213971963000, 0.09468412, -0.15943582, -0.37201694
5213977003000, 0.09468412, -0.18570304, -0.3210097
5213982020000, 0.096516706, -0.20280726, -0.27550024
5213987036000, 0.096516706, -0.24281894, -0.2312125
5213992009000, 0.09468412, -0.28008172, -0.21197024
5213997153000, 0.112399206, -0.3191771, -0.18173242
5214002003000, 0.12950343, -0.36010507, -0.17104226
5214007005000, 0.17104226, -0.3839288, -0.160963
5214012000000, 0.21197024, -0.3717115, -0.17531833
5214016998000, 0.25350907, -0.38545597, -0.18967366
5214022035000, 0.28221974, -0.4111123, -0.21105394
5214027001000, 0.3032946, -0.41355577, -0.23793201
5214032006000, 0.3277292, -0.4129449, -0.25900686
5214037049000, 0.33261612, -0.39187005, -0.2773328
5214042008000, 0.3304781, -0.3915646, -0.3032946
5214047001000, 0.3313944, -0.38362336, -0.32895094
5214052002000, 0.31948254, -0.3735441, -0.34269542
5214057010000, 0.30848694, -0.35979962, -0.36102137
5214062001000, 0.30848694, -0.35155296, -0.37568212
5214066939000, 0.30940324, -0.35094208, -0.38423425
5214072047000, 0.3042109, -0.35369098, -0.37507126
5214076994000, 0.30176744, -0.3643811, -0.37201694
5214082002000, 0.29352075, -0.35979962, -0.36774087
5214087005000, 0.29565877, -0.37751472, -0.36254853
5214092018000, 0.28771752, -0.42332962, -0.36957347
5214096963000, 0.29749137, -0.42577308, -0.36102137
5214102000000, 0.2864958, -0.42332962, -0.35246924
5214106998000, 0.29138273, -0.42913285, -0.35216382
5214112000000, 0.29168814, -0.43982297, -0.35063666
5214116965000, 0.2950479, -0.47128254, -0.3408628
5214122013000, 0.2932153, -0.5021312, -0.34697145
5214126901000, 0.29779682, -0.5326745, -0.3368922
5214132002000, 0.29871312, -0.56169057, -0.32925636
5214137032000, 0.2919936, -0.5705481, -0.31581733
5214142021000, 0.29077184, -0.5687156, -0.30024028
5214148465000, 0.27000242, -0.55771995, -0.28680122
5214152006000, 0.2657264, -0.56107974, -0.26908615
5214156909000, 0.2602286, -0.571159, -0.25625798
5214162001000, 0.25167647, -0.591623, -0.24190263
5214166925000, 0.23487769, -0.60994893, -0.22571471
5214172032000, 0.22052236, -0.634689, -0.21533
5214176953000, 0.21380283, -0.64476824, -0.204029
5214181994000, 0.20922135, -0.64751714, -0.19425514
5214186947000, 0.18967366, -0.64996064, -0.18661933
5214192002000, 0.18081611, -0.65240407, -0.18112154
5214197001000, 0.16401732, -0.6609562, -0.15943582
5214201952000, 0.14508049, -0.66798115, -0.15027285
5214206981000, 0.13103059, -0.6740898, -0.13958271
5214211963000, 0.12675454, -0.63041294, -0.122478485
5214216945000, 0.10720685, -0.65301496, -0.11484267
5214221986000, 0.09407325, -0.6805039, -0.10598512
5214227006000, 0.07941248, -0.6768387, -0.10903945
5214231996000, 0.05100725, -0.6774496, -0.099571034
5214237036000, 0.02321288, -0.6747007, -0.092240654
5214241992000, 0.0143553335, -0.61850107, -0.056199603
5214246995000, 0.0018325958, -0.6249151, -0.03390302
5214252659000, -0.022907447, -0.6270532, -0.0061086523
5214257003000, -0.03940081, -0.57757306, 0.044593163
5214261996000, -0.05009095, -0.5519168, 0.08674286
5214267004000, -0.06414085, -0.5360342, 0.12339478
5214271988000, -0.0580322, -0.5216789, 0.17073683
5214277003000, -0.04886922, -0.50488013, 0.22174409
5214281982000, -0.03359759, -0.4999932, 0.24617869
5214287024000, -0.020158553, -0.48166725, 0.28221974
5214291933000, -0.01160644, -0.4718934, 0.33475417
5214296981000, 0.004276057, -0.45875978, 0.38973203
5214301910000, 0.009773844, -0.44776422, 0.44409904
5214307003000, 0.009773844, -0.44684792, 0.5128214
5214311895000, -0.02565634, -0.42363504, 0.5842926
5214316993000, -0.07666359, -0.3930918, 0.6765333
5214322899000, -0.129198, -0.34972036, 0.752586
5214327003000, -0.19150625, -0.29352075, 0.84116143
5214331925000, -0.26236662, -0.23732115, 0.93218035
5214337000000, -0.30298916, -0.16920967, 1.0094548
5214341936000, -0.32406402, -0.09987647, 1.1032226
5214348460000, -0.32498032, -0.016798794, 1.1899655
5214351958000, -0.33353242, 0.045814894, 1.2556335
5214356956000, -0.34483343, 0.113926366, 1.2932017
5214361927000, -0.34269542, 0.15974127, 1.3164146
5214366943000, -0.3921755, 0.17134771, 1.3203852
5214371988000, -0.45173484, 0.18692477, 1.3158038
5214377082000, -0.5140431, 0.16432275, 1.3219124
5214382092000, -0.56138515, 0.14263703, 1.319469
5214387042000, -0.6035349, 0.08155051, 1.3222178
5214392356000, -0.6224717, 0.025961773, 1.3472633
5214396980000, -0.6582073, -0.040317107, 1.3548992
5214401938000, -0.66889745, -0.08368854, 1.3545936
5214407010000, -0.698219, -0.1001819, 1.35551
5214411975000, -0.7131852, -0.098043874, 1.353372
5214416988000, -0.7284568, -0.095294975, 1.3271047
5214422014000, -0.72326446, -0.116980694, 1.3240504
5214426990000, -0.7049385, -0.13927728, 1.3054191
5214432027000, -0.6728681, -0.17501289, 1.287093
5214437069000, -0.62949663, -0.2012801, 1.2522738
5214442016000, -0.5867361, -0.22296582, 1.2290609
5214446995000, -0.5305365, -0.22999077, 1.2052372
5214451982000, -0.49388456, -0.24709499, 1.1765264
5214457003000, -0.45540005, -0.24556783, 1.1319333
5214462096000, -0.42119157, -0.23915374, 1.1074986
5214466975000, -0.38820487, -0.2284636, 1.0928379
5214472031000, -0.34238997, -0.19425514, 1.074512
5214476994000, -0.30787608, -0.17012598, 1.0494665
5214482001000, -0.25778514, -0.16768251, 1.0363328
5214487059000, -0.21838433, -0.19272798, 1.024421
5214491980000, -0.14477506, -0.1518, 0.9896017
5214496926000, -0.09621128, -0.12950343, 0.9492846
5214501986000, -0.059864793, -0.15149458, 0.90285885
5214506968000, -0.014966198, -0.16157386, 0.8350528
5214511981000, -0.014966198, -0.18387043, 0.7672467
5214516969000, 0.009162978, -0.2098322, 0.7684685
5214521981000, 0.01863139, -0.21838433, 0.7318166
5214526967000, 0.013133603, -0.23823744, 0.70646566
5214531992000, 0.014966198, -0.25870144, 0.66339964
5214536948000, 0.028710667, -0.2593123, 0.6197228
5214541988000, 0.04337143, -0.2837469, 0.58276546
5214548525000, 0.055588737, -0.29565877, 0.55833083
5214551993000, 0.077579886, -0.3051272, 0.5345071
5214556976000, 0.119729586, -0.29749137, 0.5164866
5214561964000, 0.15332718, -0.267559, 0.5002986
5214566982000, 0.19028452, -0.23976462, 0.47525316
5214572052000, 0.24648413, -0.19211712, 0.43676865
5214577667000, 0.29901853, -0.17684549, 0.43982297
5214582008000, 0.33292156, -0.16432275, 0.44409904
5214586960000, 0.40469822, -0.16829337, 0.44440445
5214591972000, 0.4718934, -0.1685988, 0.44532076
5214596952000, 0.53969944, -0.16829337, 0.44409904
5214601949000, 0.61453044, -0.17440203, 0.4474588
5214607016000, 0.6951646, -0.18325958, 0.42332962
5214612565000, 0.768163, -0.16920967, 0.44806966
5214616953000, 0.81153446, -0.18020524, 0.4578435
5214622063000, 0.86467975, -0.19333886, 0.46303585
5214626963000, 0.9101892, -0.1881465, 0.47525316
5214631963000, 0.9450085, -0.20677789, 0.48441613
5214636987000, 0.9795224, -0.2144137, 0.4822781
5214641968000, 0.9859365, -0.23365596, 0.4804455
5214647065000, 0.9947941, -0.25259277, 0.49846604
5214651949000, 1.0048733, -0.27977628, 0.51007247
5214656977000, 1.0332786, -0.28496864, 0.51923543
5214661963000, 1.0592403, -0.27977628, 0.51068336
5214666954000, 1.0845913, -0.29871312, 0.5112942
5214671972000, 1.119716, -0.29260445, 0.52473325
5214676970000, 1.1527027, -0.31581733, 0.52656585
5214682652000, 1.1731668, -0.31673363, 0.5503896
5214686963000, 1.2055426, -0.3268129, 0.56107974
5214691973000, 1.2027937, -0.3463606, 0.5522222
5214696964000, 1.2461652, -0.35796702, 0.54641896
5214701947000, 1.2852604, -0.3475823, 0.61391956
5214706972000, 1.312444, -0.33383787, 0.64721173
5214711963000, 1.3466524, -0.35643986, 0.6792821
5214716945000, 1.3991868, -0.37568212, 0.71593404
5214722057000, 1.4410311, -0.3622431, 0.74220127
5214727010000, 1.4840971, -0.35369098, 0.7703011
5214731961000, 1.5091426, -0.34208453, 0.79809546
5214737000000, 1.5470163, -0.32834008, 0.81489426
5214741965000, 1.5778649, -0.3115413, 0.83108217
5214748471000, 1.5900823, -0.30726522, 0.8362745
5214752022000, 1.6019942, -0.29626966, 0.8491027
5214756975000, 1.6084082, -0.30390546, 0.8536842
5214761941000, 1.6502525, -0.29443705, 0.8744536
5214766952000, 1.6786577, -0.301462, 0.87964594
5214771942000, 1.7128662, -0.32436943, 0.8717047
5214776968000, 1.7424932, -0.34391713, 0.872621
5214781890000, 1.774869, -0.3484986, 0.88606006
5214786961000, 1.7999145, -0.35918877, 0.8940013
5214791895000, 1.8194622, -0.40317106, 0.90041536
5214796962000, 1.8298469, -0.43371433, 0.9129381
5214801924000, 1.8225164, -0.4636467, 0.91813046
5214806945000, 1.815797, -0.47891834, 0.9166033
5214811919000, 1.8008307, -0.5015204, 0.9297369
5214816969000, 1.7650951, -0.50426924, 0.93492925
5214822018000, 1.7116444, -0.49327368, 0.9245446
5214827012000, 1.649947, -0.48502702, 0.9251554
5214831949000, 1.5793921, -0.43860126, 0.9221011
5214837009000, 1.5079209, -0.40042216, 0.90133166
5214841965000, 1.41904, -0.34880406, 0.81336707
5214847001000, 1.3613132, -0.33444872, 0.79779
5214851968000, 1.2770138, -0.28985557, 0.72082096
5214857008000, 1.2208142, -0.29260445, 0.6227771
5214861959000, 1.1704178, -0.3191771, 0.5326745
5214866980000, 1.1578951, -0.37323865, 0.43554693
5214872006000, 1.1664472, -0.40225476, 0.35643986
5214877068000, 1.1850786, -0.47403142, 0.3191771
5214881984000, 1.2092078, -0.56688297, 0.25534168
5214887035000, 1.2492194, -0.6637051, 0.21044308
5214891904000, 1.2837334, -0.7733554, 0.1572978
5214896980000, 1.3096951, -0.86437434, 0.12889257
5214902042000, 1.3142766, -0.93401295, 0.14966199
5214907004000, 1.2922854, -1.0137309, 0.14782938
5214911899000, 1.278541, -1.0803152, 0.12675454
5214917027000, 1.2846496, -1.1429288, 0.017715093
5214922067000, 1.3072516, -1.138042, 0.023823744
5214926998000, 1.3225232, -1.1276573, 0.020463986
5214932024000, 1.3423764, -1.1184943, -0.02107485
5214937525000, 1.3515394, -1.1142182, -0.060170226
5214941976000, 1.3808609, -1.128879, -0.10934488
5214948497000, 1.4068227, -1.151481, -0.2510656
5214951948000, 1.432479, -1.0732902, -0.2180789
5214956973000, 1.4471397, -1.0635164, -0.24495697
5214962001000, 1.45783, -1.0519099, -0.23396139
5214966994000, 1.4556919, -1.044885, -0.25320363
5214972157000, 1.4520267, -0.9999864, -0.22785273
5214977018000, 1.4355333, -0.97524637, -0.2134974
5214981989000, 1.4172074, -0.91751957, -0.2012801
5214986998000, 1.4025466, -0.88300574, -0.18112154
5214992010000, 1.3765849, -0.8081747, -0.17165314
5214996964000, 1.3625349, -0.7483099, -0.16401732
5215001998000, 1.3530666, -0.6979135, -0.14752395
5215007598000, 1.3451253, -0.64599, -0.13530666
5215012003000, 1.3234396, -0.6035349, -0.14019357
5215017002000, 1.3075571, -0.5564982, -0.13927728
5215022071000, 1.2953397, -0.5207626, -0.14202617
5215027006000, 1.2852604, -0.48075095, -0.14508049
5215031998000, 1.2812898, -0.42363504, -0.15699236
5215037008000, 1.2800682, -0.3662137, -0.16126843
5215042009000, 1.2730432, -0.32070425, -0.16676621
5215046992000, 1.278541, -0.29016098, -0.172264
5215051982000, 1.2681563, -0.2678644, -0.18845193
5215057012000, 1.2855659, -0.24984388, -0.19272798
5215062004000, 1.2990049, -0.24587326, -0.19761491
5215066986000, 1.3008375, -0.24465153, -0.21380283
5215072075000, 1.3051136, -0.23487769, -0.21074851
5215077399000, 1.3051136, -0.21105394, -0.21380283
5215081982000, 1.3100005, -0.1994475, -0.21899518
5215086934000, 1.3161092, -0.1853976, -0.21746802
5215092007000, 1.3197744, -0.18967366, -0.21135938
5215096892000, 1.3451253, -0.17470746, -0.21471913
5215101986000, 1.3377949, -0.18081611, -0.21319197
5215106953000, 1.3341297, -0.1966986, -0.21013765
5215112001000, 1.3393221, -0.22479841, -0.2144137
5215116924000, 1.3384057, -0.25259277, -0.22235495
5215122062000, 1.3631458, -0.28496864, -0.21563543
5215127041000, 1.3833044, -0.31642818, -0.21685717
5215132002000, 1.3836098, -0.35063666, -0.21380283
5215137009000, 1.3808609, -0.39187005, -0.20280726
5215142008000, 1.389413, -0.44959682, -0.18448131
5215148610000, 1.3991868, -0.49693888, -0.16462818
5215152002000, 1.4040737, -0.552833, -0.15088372
5215156958000, 1.4223998, -0.59650993, -0.13347405
5215161998000, 1.423316, -0.6411031, -0.1151481
5215166941000, 1.426065, -0.66706485, -0.10262536
5215172116000, 1.4230106, -0.7012733, -0.08155051
5215177037000, 1.409877, -0.75533485, -0.06719518
5215182000000, 1.4135422, -0.8032878, -0.05375614
5215187057000, 1.4123205, -0.84849185, -0.05467244
5215191971000, 1.4077389, -0.8680395, -0.046731193
5215196965000, 1.3683381, -0.915687, -0.056199603
5215202012000, 1.344209, -0.9615019, -0.07360926
5215207007000, 1.2855659, -0.9795224, -0.080634214
5215211971000, 1.2342533, -0.9966267, -0.0842994
5215216994000, 1.1768318, -1.0042624, -0.082161374
5215222032000, 1.1038336, -1.0305296, -0.08246681
5215227160000, 1.0290025, -1.0393872, -0.08032878
5215232062000, 0.9456194, -1.0864239, -0.07147124
5215237004000, 0.8720101, -1.1407908, -0.051618114
5215241964000, 0.8127562, -1.1814134, -0.024740042
5215247002000, 0.75869465, -1.2147056, -0.009468411
5215251940000, 0.7244862, -1.2559389, -0.0015271631
5215257007000, 0.6759224, -1.2913691, 0.0033597588
5215262582000, 0.625526, -1.2996159, 0.0033597588
5215266994000, 0.5674938, -1.3225232, 0.010079277
5215271994000, 0.5412266, -1.3500122, 0.0106901415
5215277087000, 0.51159966, -1.4107933, -0.003970624
5215281896000, 0.48533243, -1.4874569, -0.028405234
5215287011000, 0.47433686, -1.5690074, -0.06383542
5215291946000, 0.45662177, -1.6502525, -0.09468412
5215297094000, 0.43768495, -1.7263051, -0.12889257
5215301979000, 0.44104472, -1.7980819, -0.1600467
5215306995000, 0.4370741, -1.8829921, -0.19914207
5215311951000, 0.42302418, -1.9715676, -0.22571471
5215317000000, 0.39706242, -2.0528126, -0.2489276
5215322041000, 0.35094208, -2.1316142, -0.2669481
5215327028000, 0.30787608, -2.2104158, -0.27275133
5215332789000, 0.28038713, -2.3060162, -0.2837469
5215337024000, 0.23273966, -2.4156666, -0.28893927
5215341908000, 0.18845193, -2.5240953, -0.29565877
5215348461000, 0.14844026, -2.6154196, -0.30298916
5215351954000, 0.10567969, -2.6936102, -0.3231477
5215357005000, 0.09132435, -2.777299, -0.3576616
5215361969000, 0.08032878, -2.8545732, -0.40683624
5215367008000, 0.05467244, -2.8958068, -0.45234573
5215372098000, 0.03756821, -2.9309313, -0.46761733
5215377017000, -0.00580322, -2.9217684, -0.46883908
5215382011000, -0.06566802, -2.8728993, -0.49663344
5215387000000, -0.1459968, -2.833193, -0.5299256
5215392007000, -0.20769419, -2.7931814, -0.5665775
5215396961000, -0.27214047, -2.7491992, -0.6078109
5215402459000, -0.34238997, -2.7366762, -0.6618725
5215407002000, -0.41141775, -2.741258, -0.7339546
5215412000000, -0.4636467, -2.7293458, -0.7657196
5215416994000, -0.50701815, -2.6875017, -0.8323039
5215422098000, -0.54611355, -2.6416867, -0.9334021
5215427041000, -0.56505036, -2.6322184, -1.010982
5215432000000, -0.57543504, -2.6371052, -1.1023064
5215436985000, -0.5852089, -2.6282477, -1.1972959
5215442015000, -0.5873469, -2.586098, -1.255328
5215446984000, -0.59986967, -2.5674667, -1.2873985
5215452005000, -0.6188065, -2.561358, -1.3075571
5215456998000, -0.6188065, -2.5014932, -1.3133603
5215462003000, -0.6053675, -2.488665, -1.3093897
5215467000000, -0.63804877, -2.486527, -1.3289373
5215472141000, -0.65576386, -2.5173757, -1.409877
5215477040000, -0.7257079, -2.504853, -1.4785993
5215482003000, -0.77488256, -2.4196372, -1.5027285
5215486999000, -0.83016586, -2.3515258, -1.4789047
5215491957000, -0.86498517, -2.3252585, -1.5424347
5215496922000, -0.9089675, -2.2464569, -1.5534303
5215501990000, -0.94042706, -2.2602015, -1.5800029
5215506967000, -0.9807441, -2.271808, -1.6200147
5215511979000, -1.0277808, -2.1615467, -1.5958854
5215516912000, -1.0763446, -2.0189097, -1.5845845
5215521989000, -1.1307116, -1.8683313, -1.609019
5215526907000, -1.1893547, -1.7953329, -1.6713274
5215531996000, -1.2406673, -1.8411479, -1.7412714
5215536969000, -1.2892311, -1.8029687, -1.7980819
5215542027000, -1.348485, -1.4553864, -1.7333301
5215548455000, -1.4419475, -1.3356569, -1.6636915
5215551996000, -1.4117095, -1.4333953, -1.6316211
5215556910000, -1.3723087, -1.4049901, -1.6756034
5215561986000, -1.3784174, -1.462106, -1.7800614
5215566930000, -1.3045027, -1.8026633, -1.8258762
5215572080000, -1.2528846, -2.0179935, -1.8023579
5215576948000, -1.2140946, -1.8350391, -1.7993035
5215581994000, -1.2965615, -1.6609426, -1.8026633
5215587007000, -1.3588698, -1.6316211, -1.7345519
5215592008000, -1.3716979, -1.632232, -1.7162259
5215596978000, -1.3613132, -1.5842791, -1.7708983
5215601992000, -1.3884968, -1.5393804, -1.8417587
5215607004000, -1.434617, -1.5519031, -1.9184223
5215612000000, -1.4114041, -1.5848899, -1.9214766
5215617007000, -1.3833044, -1.704314, -1.9358319
5215622106000, -1.3396275, -1.7018706, -1.967597
5215627076000, -1.3539828, -1.68385, -1.9798143
5215631994000, -1.3494014, -1.7647897, -1.9566014
5215637011000, -1.3096951, -1.8564194, -1.9355265
5215642008000, -1.2687671, -1.9022343, -1.9251418
5215646992000, -1.2538009, -1.9517145, -1.8872682
5215651983000, -1.2357804, -1.9770653, -1.8695531
5215657705000, -1.2147056, -2.0201313, -1.8542814
5215661996000, -1.1924089, -2.0570886, -1.8445076
5215666948000, -1.1765264, -2.097406, -1.8329011
5215671949000, -1.1554517, -2.125811, -1.8060231
5215676977000, -1.1074986, -2.1523838, -1.7675385
5215681965000, -1.073901, -2.1484132, -1.7241671
5215686971000, -1.0283916, -2.0916026, -1.7006488
5215691958000, -0.9764681, -1.9773707, -1.7122552
5215696957000, -0.9468411, -1.8750509, -1.7201965
5215701974000, -0.89949906, -1.7779233, -1.6783522
5215707007000, -0.82863873, -1.7293595, -1.6517797
5215711960000, -0.75411314, -1.709201, -1.6157386
5215717013000, -0.6731735, -1.7391334, -1.5836681
5215722004000, -0.57696223, -1.7782288, -1.5418239
5215727615000, -0.47067168, -1.8237382, -1.491122
5215731892000, -0.3726278, -1.8777997, -1.4587462
5215737046000, -0.27030787, -1.9449949, -1.4068227
5215741900000, -0.16340645, -1.9617938, -1.3460416
5215748471000, -0.07727446, -1.9358319, -1.2565498
5215751996000, -0.012217305, -1.9089539, -1.1759156
5215757005000, 0.055283304, -1.887879, -1.1191051
5215761943000, 0.15118915, -1.8521434, -1.0763446
5215767001000, 0.19730948, -1.829236, -0.98929626
5215772137000, 0.2764165, -1.7898352, -0.90285885
5215777087000, 0.35979962, -1.7794504, -0.8240572
5215782327000, 0.4184427, -1.7873917, -0.73823065
5215787010000, 0.4615087, -1.7815884, -0.6377433
5215791952000, 0.49480084, -1.8060231, -0.5390886
5215797152000, 0.5320636, -1.8142698, -0.4352415
5215801919000, 0.55741453, -1.8188512, -0.35796702
5215807006000, 0.59681535, -1.820073, -0.2764165
5215811897000, 0.64476824, -1.813048, -0.18997909
5215816981000, 0.7101309, -1.7944167, -0.116675265
5215822019000, 0.77549344, -1.7595973, -0.03359759
5215827029000, 0.8530733, -1.6215417, 0.06841691
5215831988000, 0.93584555, -1.5286902, 0.12736541
5215837023000, 1.0128145, -1.5351044, 0.15393804
5215842011000, 1.0958922, -1.5329664, 0.17806722
5215846997000, 1.151481, -1.5076154, 0.21899518
5215851998000, 1.2263119, -1.4361442, 0.2415972
5215857004000, 1.2571607, -1.4083499, 0.2406809
5215862000000, 1.2855659, -1.3674219, 0.23884831
5215866922000, 1.2993103, -1.3542882, 0.23609942
5215872154000, 1.2883148, -1.3515394, 0.22785273
5215877005000, 1.2684617, -1.3579534, 0.22266038
5215882007000, 1.2452488, -1.3399329, 0.23518312
5215886994000, 1.215011, -1.3130548, 0.2489276
5215892002000, 1.2092078, -1.2971723, 0.2770274
5215896959000, 1.212873, -1.2559389, 0.33658674
5215901997000, 1.2339478, -1.210124, 0.41386122
5215906930000, 1.2428054, -1.2012665, 0.50671273
5215911990000, 1.258077, -1.2327261, 0.57971114
5215916923000, 1.2843442, -1.31672, 0.627664
5215922097000, 1.3109168, -1.3961325, 0.64934975
5215926953000, 1.321607, -1.4526376, 0.6569856
5215932002000, 1.4037683, -1.5012014, 0.6075055
5215936992000, 1.5103643, -1.541213, 0.5910121
5215942004000, 1.5176947, -1.5607607, 0.57848936
5215948533000, 1.5161675, -1.5164729, 0.5714644
5215952002000, 1.5424347, -1.4263704, 0.5448918
5215956975000, 1.5293012, -1.3909402, 0.50610185
5215961998000, 1.5015068, -1.318858, 0.4792238
5215966993000, 1.4223998, -1.2412782, 0.4334089
5215972073000, 1.3243558, -1.1383474, 0.38820487
5215977062000, 1.2330315, -1.0216721, 0.3454443
5215982484000, 1.1468995, -0.90224797, 0.30298916
5215987053000, 1.0629056, -0.7703011, 0.2751948
5215992004000, 0.99387777, -0.63255095, 0.2415972
5215996944000, 0.89644474, -0.47647488, 0.20341812
5216001979000, 0.7684685, -0.30634892, 0.15760323
5216006907000, 0.6762278, -0.12950343, 0.10995574
5216012001000, 0.623388, 0.08246681, 0.10048734
5216016976000, 0.6047566, 0.29046643, 0.12339478
5216022122000, 0.605062, 0.4914411, 0.13652839
5216026954000, 0.59315014, 0.6560693, 0.14508049
5216032000000, 0.58093286, 0.7910705, 0.15577064
5216037053000, 0.5369505, 0.8885035, 0.1704314
5216041998000, 0.45662177, 0.9627236, 0.18448131
5216046997000, 0.3454443, 1.0167851, 0.18967366
5216052604000, 0.21410827, 1.0241156, 0.1957823
5216057006000, 0.07727446, 1.0354166, 0.19150625
5216061996000, 0.004581489, 1.0164797, 0.20219639
5216067001000, -0.09773844, 0.9810496, 0.2098322
5216072066000, -0.19394971, 0.9294315, 0.2171626
5216077054000, -0.22785273, 0.86529064, 0.22907446
5216081996000, -0.2321288, 0.7849618, 0.25686884
5216087024000, -0.1966986, 0.68203104, 0.30024028
5216091995000, -0.13988814, 0.56199604, 0.34300083
5216096970000, -0.07696902, 0.42760566, 0.36987892
5216101987000, 0.004886922, 0.2828306, 0.39584067
5216107006000, 0.07941248, 0.14996742, 0.40561453
5216111997000, 0.14172074, 0.034513887, 0.38912117
5216116998000, 0.19242255, -0.07238753, 0.3436117
5216122371000, 0.2452624, -0.16035213, 0.26511553
5216127055000, 0.27947086, -0.226631, 0.1414153
5216131998000, 0.29871312, -0.28008172, 0.01282817
5216137013000, 0.3173445, -0.3436117, -0.10415252
5216141985000, 0.3371976, -0.43585235, -0.204029
5216148480000, 0.3753767, -0.5360342, -0.26236662
5216151988000, 0.4175264, -0.5699373, -0.31948254
5216157008000, 0.46639562, -0.6426302, -0.3378085
5216161961000, 0.4868596, -0.69913524, -0.37873647
5216166975000, 0.54275376, -0.7501425, -0.408058
5216172024000, 0.605062, -0.8002335, -0.42394048
5216177098000, 0.6630942, -0.8509353, -0.4196644
5216181894000, 0.7199047, -0.91324353, -0.40133846
5216187021000, 0.7635816, -0.96577793, -0.3652974
5216191902000, 0.7770206, -1.0247264, -0.34666604
5216196977000, 0.7699956, -1.0809261, -0.31031954
5216201946000, 0.7305948, -1.1365148, -0.2669481
5216207010000, 0.66706485, -1.2119566, -0.22235495
5216211943000, 0.59956425, -1.2599095, -0.17684549
5216217001000, 0.5354234, -1.2724323, -0.14721853
5216222067000, 0.4642576, -1.2892311, -0.118507855
5216227091000, 0.41874814, -1.271516, -0.0983493
5216231971000, 0.38606682, -1.2605205, -0.06505715
5216237017000, 0.36713, -1.2241739, -0.026267206
5216241967000, 0.37018433, -1.180497, 0.004581489
5216246999000, 0.36560285, -1.1157454, 0.032070424
5216252019000, 0.37415496, -1.0855075, 0.040927973
5216257008000, 0.37568212, -0.9914343, 0.04642576
5216261902000, 0.37415496, -0.89736104, 0.038179077
5216266974000, 0.364992, -0.806953, 0.023823744
5216272107000, 0.33078352, -0.7302894, 0.015271631
5216277070000, 0.3023783, -0.66156703, 0.006414085
5216281951000, 0.26236662, -0.6053675, -0.016187929
5216287052000, 0.2321288, -0.5571091, -0.028710667
5216292028000, 0.17959438, -0.52931476, -0.03726278
5216296964000, 0.14202617, -0.5109888, -0.041233405
5216301988000, 0.11942416, -0.50823987, -0.040317107
5216307531000, 0.09773844, -0.4896085, -0.046731193
5216312001000, 0.07696902, -0.4813618, -0.04550946
5216316973000, 0.076358154, -0.47067168, -0.04184427
5216322106000, 0.07849618, -0.46822822, -0.038789943
5216327069000, 0.079107046, -0.47311515, -0.03176499
5216331988000, 0.109650314, -0.47708577, -0.04153884
5216337043000, 0.12950343, -0.48380527, -0.03756821
5216342066000, 0.14049901, -0.4981606, -0.04886922
5216348459000, 0.16493362, -0.50701815, -0.060170226
5216351980000, 0.18967366, -0.4999932, -0.06780604
5216357009000, 0.19394971, -0.516792, -0.07391469
5216362001000, 0.20311269, -0.50946164, -0.07880162
5216366990000, 0.2049453, -0.514654, -0.07696902
5216372050000, 0.21197024, -0.50732356, -0.08460484
5216377727000, 0.2171626, -0.50518554, -0.08460484
5216381983000, 0.20922135, -0.50335294, -0.08246681
5216386976000, 0.21105394, -0.4990769, -0.073303826
5216392008000, 0.2003638, -0.49602258, -0.056199603
5216396902000, 0.1853976, -0.46609017, -0.04520403
5216402000000, 0.16279559, -0.43982297, -0.034208454
5216406904000, 0.14385876, -0.4334089, -0.023823744
5216411989000, 0.14049901, -0.4089743, -0.023518313
5216416925000, 0.11575896, -0.38606682, -0.021685716
5216422057000, 0.11178834, -0.37293324, -0.018936822
5216426947000, 0.11209377, -0.3567453, -0.0143553335
5216431993000, 0.09987647, -0.35216382, -0.010995574
5216436996000, 0.10262536, -0.34422258, -0.01160644
5216442005000, 0.09712757, -0.35063666, -0.025045475
5216447389000, 0.09590584, -0.35308012, -0.018936822
5216451996000, 0.10720685, -0.34788775, -0.01740966
5216456922000, 0.105068825, -0.33505958, -0.022602014
5216461982000, 0.106901415, -0.31306845, -0.021991149
5216466925000, 0.09621128, -0.29993483, -0.023518313
5216472111000, 0.08979719, -0.2968805, -0.028710667
5216476957000, 0.07696902, -0.29229903, -0.04062254
5216482000000, 0.07788532, -0.28344148, -0.051923547
5216486924000, 0.064751714, -0.2938262, -0.056505036
5216491963000, 0.059253927, -0.28588495, -0.06505715
5216496927000, 0.05375614, -0.28985557, -0.06719518
5216501939000, 0.045814894, -0.29871312, -0.077579886
5216506927000, 0.048563786, -0.30543262, -0.087964594
5216511915000, 0.051923547, -0.32253686, -0.07727446
5216516952000, 0.041233405, -0.3173445, -0.077579886
5216521922000, 0.04520403, -0.3100141, -0.073303826
5216526950000, 0.040317107, -0.3145956, -0.07544186
5216531935000, 0.025045475, -0.31215215, -0.07544186
5216536951000, 0.03848451, -0.3032946, -0.07849618
5216541931000, 0.024740042, -0.3032946, -0.07544186
5216548518000, 0.01863139, -0.29626966, -0.06811147
5216551918000, 0.010995574, -0.29016098, -0.06291912
5216556887000, 0.0076358155, -0.27977628, -0.07513642
5216561880000, -0.0012217305, -0.2657264, -0.074830994
5216566868000, -0.00580322, -0.26328292, -0.06994407
5216571900000, -0.004581489, -0.2406809, -0.0711658
5216576883000, -0.00580322, -0.23151793, -0.07086037
5216581880000, -0.008246681, -0.21838433, -0.08857546
5216586918000, -0.005497787, -0.21777347, -0.080634214
5216591903000, -0.008246681, -0.19639318, -0.06994407
5216596893000, -0.009162978, -0.18203785, -0.064446285
5216602004000, -0.015577064, -0.1740966, -0.05497787
5216606992000, -0.012217305, -0.17195857, -0.05222898
5216611938000, -0.017104227, -0.17745635, -0.040927973
5216616975000, -0.025350908, -0.1826487, -0.043982297
5216622017000, -0.01985312, -0.20433442, -0.041233405
5216626975000, -0.022602014, -0.2134974, -0.04428773
5216632569000, -0.02076942, -0.22632557, -0.03604105
5216636942000, -0.01282817, -0.2443461, -0.037873644
5216642007000, -0.015882496, -0.25778514, -0.01985312
5216646999000, -0.019547688, -0.25992316, -0.022296581
5216652001000, -0.022296581, -0.26908615, -0.01740966
5216657005000, -0.018020526, -0.28955013, -0.008552114
5216661999000, -0.016187929, -0.30726522, -0.010995574
5216667082000, -0.015882496, -0.312763, -0.01282817
5216671967000, -0.005497787, -0.3136793, -0.014049901
5216676971000, -0.0106901415, -0.3155119, 6.1086525E-4
5216681964000, -0.01740966, -0.32498032, -0.0067195175
5216686949000, -0.018936822, -0.32528573, -9.162979E-4
5216691970000, -0.01985312, -0.32650748, -0.010079277
5216696960000, -0.004276057, -0.3200934, -0.009773844
5216702559000, -0.004276057, -0.32589662, -0.012217305
5216707021000, -0.0012217305, -0.33261612, -0.012217305
5216711962000, -0.00580322, -0.3191771, -0.0125227375
5216716948000, -0.0027488936, -0.31520647, -0.0106901415
5216722047000, -6.1086525E-4, -0.31306845, -0.017715093
5216727000000, -0.009468411, -0.31673363, -0.013439035
5216731960000, -0.0033597588, -0.3182608, -0.010995574
5216736938000, -0.006414085, -0.3118467, -0.019242255
5216741973000, -0.007330383, -0.3032946, -0.008246681
5216749101000, -0.017715093, -0.28955013, -0.012217305
5216751948000, -0.021380283, -0.28955013, -0.0070249503
5216756950000, -0.032070424, -0.2678644, -0.008552114
5216762001000, -0.03268129, -0.25381452, -0.009162978
5216766917000, -0.036651913, -0.2406809, -0.012217305
5216772468000, -0.04642576, -0.22724187, -0.0106901415
5216776902000, -0.04642576, -0.21135938, -0.019242255
5216781962000, -0.032375857, -0.19150625, -0.010079277
5216786911000, -0.038179077, -0.16798794, -0.011301007
5216791974000, -0.03848451, -0.15974127, -0.01160644
5216796916000, -0.03573562, -0.14263703, -0.004886922
5216801938000, -0.032986723, -0.13408493, -0.004581489
5216806920000, -0.03176499, -0.118202426, -0.003970624
5216811966000, -0.026572637, -0.10445796, -0.0021380284
5216816922000, -0.029321533, -0.08674286, 0.0061086523
5216821964000, -0.030543262, -0.08124508, -6.1086525E-4
5216826946000, -0.018020526, -0.08155051, 0.0012217305
5216831961000, -0.032986723, -0.06688975, 0.0061086523
5216836954000, -0.03145956, -0.0580322, 0.004276057
5216842019000, -0.037873644, -0.04734206, 0.003970624
5216846964000, -0.042760566, -0.04642576, 0.007941248
5216851943000, -0.043982297, -0.043982297, 0.008552114
5216856967000, -0.036957346, -0.044593163, 0.013439035
5216861944000, -0.03604105, -0.044898596, 0.011301007
5216866978000, -0.0290161, -0.048258353, 0.011301007
5216871943000, -0.02443461, -0.0421497, 0.004886922
5216876975000, -0.01985312, -0.03481932, 0.00580322
5216881941000, -0.019242255, -0.02687807, 0.008246681
5216886947000, -0.018020526, -0.03726278, -0.002443461
5216891963000, -0.008857546, -0.038179077, -0.0076358155
5216896962000, -0.005192355, -0.029321533, -0.009162978
5216902032000, -0.0018325958, -0.019547688, -0.009162978
5216907079000, -0.0033597588, -0.021685716, -0.016187929
5216911931000, -0.0030543262, -0.025045475, -0.0125227375
5216917027000, -0.0033597588, -0.015577064, -0.0021380284
5216922079000, -3.0543262E-4, -0.0125227375, -0.002443461
5216926961000, -0.013133603, -0.02107485, 0.0015271631
5216931942000, -6.1086525E-4, -0.0143553335, -0.004276057
5216937015000, -0.010995574, -0.022907447, 0.0036651916
5216942034000, -0.01985312, -0.015577064, 0.004581489
5216948567000, -0.02321288, -0.022296581, 0.009773844
5216951959000, -0.02565634, -0.02107485, 0.014660766
5216957665000, -0.02687807, -0.031154128, 0.0036651916
5216962014000, -0.018325957, -0.032070424, 0.008857546
5216966955000, -0.023823744, -0.031154128, 0.009162978
5216971990000, -0.024740042, -0.03940081, 0.008246681
5216976933000, -0.017104227, -0.048563786, 0.0036651916
5216981967000, -0.019547688, -0.05100725, 0.013744468
5216986919000, -0.030543262, -0.062002823, 0.015882496
5216991978000, -0.022296581, -0.06719518, 0.005192355
5216996890000, -0.016493361, -0.08093964, 0.0067195175
5217001943000, -0.009773844, -0.094989546, 0.008552114
5217006986000, -0.013133603, -0.1001819, 0.014049901
5217012008000, -0.016493361, -0.11942416, 0.014660766
5217016957000, -0.018936822, -0.12064589, 0.016493361
5217021969000, -0.016187929, -0.13194689, 0.014049901
5217027724000, -0.0143553335, -0.14080444, 0.012217305
5217031961000, -0.025350908, -0.15118915, 0.0076358155
5217037242000, -0.014049901, -0.14905111, 0.018020526
5217041954000, -0.0125227375, -0.15302174, 0.013744468
5217046909000, -0.019547688, -0.1704314, 0.013133603
5217051997000, -0.015577064, -0.17959438, 0.017104227
5217056969000, -0.016798794, -0.16554448, 0.014049901
5217062007000, -0.027488936, -0.16890424, 0.019242255
5217066936000, -0.026572637, -0.1704314, 0.015882496
5217072031000, -0.022907447, -0.172264, 0.01160644
5217077032000, -0.022296581, -0.15668693, 0.0027488936
5217081998000, -0.024740042, -0.15485434, 0.00580322
5217087002000, -0.03176499, -0.15607607, 0.006414085
5217091984000, -0.033292156, -0.14263703, 0.006414085
5217097470000, -0.04642576, -0.14446963, 0.0036651916
5217101987000, -0.047647487, -0.13652839, -0.0125227375
5217107000000, -0.05467244, -0.13225232, -0.005497787
5217112000000, -0.054061573, -0.13072516, -0.009773844
5217116980000, -0.054367006, -0.12156218, -0.008246681
5217122128000, -0.0693332, -0.11759156, -0.0070249503
5217127021000, -0.06414085, -0.10293079, -0.00580322
5217131998000, -0.059864793, -0.09468412, -0.008246681
5217136998000, -0.06047566, -0.08552113, -0.0021380284
5217141985000, -0.06658431, -0.07696902, 0.0021380284
5217148460000, -0.064751714, -0.07086037, 0.0015271631
5217151986000, -0.06383542, -0.06414085, 0.0018325958
5217157007000, -0.06658431, -0.057421334, 0.008552114
5217161995000, -0.064446285, -0.05100725, 0.012217305
5217167267000, -0.06841691, -0.049785517, 0.008552114
5217171992000, -0.061086524, -0.04550946, 0.0106901415
5217177004000, -0.052839845, -0.03573562, 0.016798794
5217181951000, -0.058643065, -0.035430185, 0.022907447
5217186986000, -0.060170226, -0.03268129, 0.01985312
5217191955000, -0.049785517, -0.031154128, 0.026267206
5217196980000, -0.036957346, -0.03023783, 0.03023783
5217201909000, -0.036651913, -0.024129177, 0.03359759
5217207025000, -0.043982297, -0.02107485, 0.028710667
5217211897000, -0.02565634, -0.025045475, 0.03726278
5217216983000, -0.016493361, -0.032375857, 0.027488936
5217222009000, -0.009468411, -0.01282817, 0.02687807
5217227041000, -0.008246681, -0.015577064, 0.027488936
5217231912000, -0.018325957, -0.020463986, 0.025961773
5217236987000, -0.009773844, -0.0143553335, 0.02443461
5217241928000, -0.0061086523, -0.016493361, 0.027794369
5217246999000, 6.1086525E-4, -0.017715093, 0.020463986
5217251968000, -0.00580322, -0.0125227375, 0.026572637
5217257062000, -0.006414085, -0.016798794, 0.01985312
5217261927000, -0.009468411, -0.011911872, 0.027488936
5217266988000, -0.009468411, -0.01740966, 0.031154128
5217272290000, -0.003970624, -0.019547688, 0.02443461
5217277020000, -0.008246681, -0.025961773, 0.028405234
5217281927000, -0.0030543262, -0.02107485, 0.021991149
5217286981000, 0.0070249503, -0.0033597588, 0.021685716
5217291973000, -0.00580322, -0.016187929, 0.015577064
5217296981000, -0.014966198, -0.01863139, 0.016187929
5217301978000, -0.013439035, -0.020463986, 0.02076942
5217307065000, -0.0125227375, -0.012217305, 0.0143553335
5217312025000, -0.019242255, -0.018325957, 0.02076942
5217317027000, -0.019547688, -0.0061086523, 0.01740966
5217322127000, -0.01985312, -0.01863139, 0.0106901415
5217327024000, -0.016493361, -0.01985312, 0.01038471
5217332003000, -0.014966198, -0.020158553, 0.015882496
5217336988000, -0.020463986, -0.018020526, 0.01863139
5217342008000, -0.02687807, -0.020158553, 0.017715093
5217348453000, -0.018325957, -0.026572637, 0.014660766
5217352458000, -0.03176499, -0.0125227375, 0.012217305
5217357082000, -0.02565634, -0.01038471, 0.006414085
5217362003000, -0.024740042, -0.0033597588, 0.009468411
5217367013000, -0.03390302, -0.0033597588, 0.0036651916
5217372087000, -0.040317107, -0.0021380284, 0.0070249503
5217377037000, -0.02443461, 0.01282817, 9.162979E-4
5217381986000, -0.036651913, 0.013439035, 0.0070249503
5217387109000, -0.052839845, 0.005192355, 0.0106901415
5217392004000, -0.03634648, 0.018020526, 0.008857546
5217396952000, -0.043982297, 0.023823744, 0.013133603
5217401980000, -0.03634648, 0.031154128, 0.013439035
5217406901000, -0.056505036, 0.03481932, 0.015271631
5217412017000, -0.052839845, 0.04337143, 0.017104227
5217416976000, -0.05955936, 0.04886922, 0.020158553
5217422757000, -0.050396383, 0.056505036, 0.014660766
5217426896000, -0.050396383, 0.058337633, 0.017715093
5217431998000, -0.04917465, 0.055283304, 0.014049901
5217436925000, -0.061391957, 0.056505036, 0.012217305
5217441972000, -0.05497787, 0.049480084, 0.013744468
5217446900000, -0.049480084, 0.04886922, 0.008246681
5217451944000, -0.04917465, 0.047647487, 0.010995574
5217456971000, -0.05589417, 0.04337143, 0.016187929
5217461967000, -0.044898596, 0.03848451, 0.017715093
5217467003000, -0.04337143, 0.032986723, 0.02321288
5217471998000, -0.03848451, 0.03268129, 0.013439035
5217477048000, -0.042760566, 0.02565634, 0.013439035
5217481934000, -0.042455133, 0.014966198, 0.015882496
5217486975000, -0.025350908, 0.020463986, 0.012217305
5217492201000, -0.040927973, 0.020463986, 0.020463986
5217496972000, -0.03726278, 0.005497787, 0.016493361
5217501958000, -0.032375857, 0.005192355, 0.013439035
5217506977000, -0.03604105, -0.0076358155, 0.0070249503
5217511966000, -0.04184427, -0.0012217305, 0.0076358155
5217516994000, -0.043676864, -0.013744468, 0.0015271631
5217521948000, -0.043982297, -0.015577064, 0.00580322
5217526972000, -0.04153884, -0.011301007, 0.009773844
5217531918000, -0.049480084, -0.011301007, 0.0036651916
5217536957000, -0.043066, -0.02321288, 0.0033597588
5217541893000, -0.049785517, -0.02076942, 0.009162978
5217548449000, -0.044898596, -0.028099801, 0.004886922
5217551958000, -0.046120327, -0.027794369, 0.0061086523
5217557004000, -0.048563786, -0.020463986, 0.013744468
5217561897000, -0.03359759, -0.02565634, 0.011301007
5217566998000, -0.05100725, -0.035124753, 0.008857546
5217572034000, -0.046731193, -0.03176499, 0.013133603
5217576987000, -0.042455133, -0.022602014, 0.017715093
5217581960000, -0.05375614, -0.0143553335, 0.020463986
5217586968000, -0.0421497, -0.014966198, 0.02565634
5217591979000, -0.043066, -0.0070249503, 0.020463986
5217596895000, -0.042455133, -0.005192355, 0.021685716
5217601948000, -0.039095376, 0.003970624, 0.016798794
5217606941000, -0.040317107, 0.0076358155, 0.01282817
5217611967000, -0.03756821, 0.0125227375, 0.014049901
5217616992000, -0.04642576, 0.022907447, 0.01282817
5217622053000, -0.04550946, 0.021685716, 0.0143553335
5217627021000, -0.03604105, 0.016187929, 0.011911872
5217631956000, -0.032070424, 0.02107485, 0.012217305
5217636969000, -0.03023783, 0.0290161, 0.007330383
5217641963000, -0.031154128, 0.029321533, 0.011911872
5217646963000, -0.021685716, 0.041233405, 0.017715093
5217651943000, -0.032070424, 0.050396383, 0.01985312
5217657133000, -0.030543262, 0.050396383, 0.017104227
5217661964000, -0.034513887, 0.056199603, 0.020463986
5217667003000, -0.042760566, 0.057421334, 0.01160644
5217672068000, -0.032375857, 0.056199603, 0.017104227
5217677219000, -0.037873644, 0.048563786, 0.016493361
5217681956000, -0.03573562, 0.050701816, 0.014660766
5217687294000, -0.034513887, 0.055588737, 0.018020526
5217691966000, -0.040927973, 0.056199603, 0.020463986
5217696897000, -0.03573562, 0.055283304, 0.024129177
5217701940000, -0.038789943, 0.04886922, 0.017104227
5217706963000, -0.03940081, 0.046120327, 0.02076942
5217711964000, -0.04428773, 0.03940081, 0.020158553
5217716966000, -0.03970624, 0.03573562, 0.020463986
5217722044000, -0.03573562, 0.048258353, 0.017715093
5217726956000, -0.044593163, 0.03756821, 0.01863139
5217731960000, -0.04734206, 0.040317107, 0.02443461
5217736933000, -0.04917465, 0.036651913, 0.020463986
5217741967000, -0.03848451, 0.038179077, 0.03023783
5217748455000, -0.042760566, 0.03481932, 0.026267206
5217751954000, -0.05009095, 0.030543262, 0.028099801
5217757014000, -0.05131268, 0.01740966, 0.02076942
5217761897000, -0.043982297, 0.023823744, 0.022907447
5217766979000, -0.042455133, 0.027794369, 0.02565634
5217771968000, -0.040317107, 0.023518313, 0.03573562
5217776972000, -0.03848451, 0.029932396, 0.0290161
5217781947000, -0.03970624, 0.022296581, 0.035124753
5217786956000, -0.036651913, 0.021991149, 0.032986723
5217791960000, -0.038789943, 0.014049901, 0.035124753
5217796980000, -0.030543262, 0.010995574, 0.03848451
5217801972000, -0.040317107, 0.0143553335, 0.034513887
5217806977000, -0.03390302, 0.0125227375, 0.035430185
5217811983000, -0.03940081, 0.012217305, 0.035430185
5217817037000, -0.032070424, 0.004581489, 0.032070424
5217822381000, -0.029626964, 0.0030543262, 0.038179077
5217826976000, -0.03726278, 0.004886922, 0.03970624
5217831976000, -0.035124753, 0.006414085, 0.03573562
5217836949000, -0.037873644, 0.0070249503, 0.040317107
5217841951000, -0.030848695, 0.008552114, 0.038179077
5217846961000, -0.022602014, 0.0036651916, 0.036957346
5217851989000, -0.017715093, 0.0036651916, 0.03726278
5217856991000, -0.019547688, 0.007941248, 0.03023783
5217861932000, -0.02107485, 0.008552114, 0.023518313
5217866994000, -0.01740966, 0.0018325958, 0.029932396
5217872006000, -0.020463986, -0.008552114, 0.027183503
5217876999000, -0.020158553, -0.005192355, 0.025961773
5217881897000, -0.008552114, -0.015882496, 0.017715093
5217887002000, -0.018325957, -0.007330383, 0.018936822
5217891906000, -0.016798794, -0.0070249503, 0.021991149
5217896976000, -0.009468411, -0.0021380284, 0.02687807
5217901913000, -0.02076942, -0.0012217305, 0.016798794
5217907054000, -0.02107485, -0.013133603, 0.02443461
5217911944000, -0.021991149, -0.015577064, 0.021685716
5217917011000, -0.013439035, -0.018020526, 0.022602014
5217922039000, -0.008246681, -0.0106901415, 0.024740042
5217926997000, -0.0125227375, -0.01160644, 0.025350908
5217931977000, -0.01863139, -0.01740966, 0.021380283
5217937003000, -0.0106901415, -0.02321288, 0.025350908
5217942008000, -0.01740966, -0.023823744, 0.030848695
5217948466000, -0.01985312, -0.021991149, 0.02321288
5217952008000, -0.022602014, -0.023518313, 0.021685716
5217957022000, -0.026572637, -0.025961773, 0.026267206
5217962001000, -0.014660766, -0.029321533, 0.026267206
5217967041000, -0.02321288, -0.03176499, 0.023518313
5217972073000, -0.019242255, -0.03604105, 0.022296581
5217977062000, -0.020463986, -0.040317107, 0.024740042
5217982000000, -0.017104227, -0.0421497, 0.01863139
5217986984000, -0.02107485, -0.038179077, 0.025350908
5217992003000, -0.029932396, -0.043676864, 0.019547688
5217996961000, -0.025045475, -0.03145956, 0.020158553
5218001978000, -0.019242255, -0.0421497, 0.014966198
5218006976000, -0.019547688, -0.042455133, 0.02321288
5218011999000, -0.018020526, -0.03573562, 0.02076942
5218016992000, -0.020463986, -0.03970624, 0.020158553
5218022095000, -0.022296581, -0.02443461, 0.026572637
5218027056000, -0.032375857, -0.025350908, 0.024129177
5218032004000, -0.02443461, -0.03359759, 0.027183503
5218036984000, -0.021685716, -0.032375857, 0.023823744
5218042005000, -0.01863139, -0.03145956, 0.027183503
5218046991000, -0.027488936, -0.030848695, 0.03390302
5218051978000, -0.022907447, -0.025045475, 0.028099801
5218057081000, -0.02321288, -0.018325957, 0.024129177
5218061996000, -0.019547688, -0.030848695, 0.023823744
5218067011000, -0.026267206, -0.029321533, 0.02565634
5218072078000, -0.021991149, -0.025045475, 0.029626964
5218077099000, -0.034513887, -0.022907447, 0.024740042
5218082001000, -0.029626964, -0.019547688, 0.02687807
5218086995000, -0.029932396, -0.011301007, 0.028099801
5218091999000, -0.028405234, -0.0030543262, 0.025961773
5218096944000, -0.032375857, -0.0030543262, 0.02443461
5218101984000, -0.03268129, 0.013744468, 0.02321288
5218106942000, -0.040317107, 0.017715093, 0.022907447
5218112001000, -0.033292156, 0.029932396, 0.014049901
5218116927000, -0.038789943, 0.03726278, 0.020158553
5218122107000, -0.035430185, 0.038789943, 0.020158553
5218126954000, -0.029321533, 0.041233405, 0.02321288
5218131997000, -0.03634648, 0.05222898, 0.022602014
5218136917000, -0.038789943, 0.05375614, 0.02443461
5218142000000, -0.029626964, 0.05467244, 0.024740042
5218148435000, -0.031154128, 0.060170226, 0.029626964
5218151986000, -0.034208454, 0.064751714, 0.027488936
5218157002000, -0.03970624, 0.06627888, 0.02687807
5218161997000, -0.04795292, 0.065973446, 0.030848695
5218166977000, -0.036957346, 0.07360926, 0.025350908
5218172045000, -0.04917465, 0.076358154, 0.02687807
5218176955000, -0.04550946, 0.07238753, 0.023518313
5218181994000, -0.040011674, 0.07422013, 0.027183503
5218186931000, -0.04337143, 0.06811147, 0.03145956
5218191995000, -0.042455133, 0.06383542, 0.027183503
5218196899000, -0.036651913, 0.07147124, 0.03145956
5218201981000, -0.03940081, 0.0720821, 0.02565634
5218206975000, -0.042455133, 0.08032878, 0.03268129
5218211995000, -0.051618114, 0.07452556, 0.027794369
5218216988000, -0.04642576, 0.076358154, 0.022907447
5218222066000, -0.04520403, 0.08155051, 0.022296581
5218227013000, -0.044593163, 0.07360926, 0.01863139
5218231994000, -0.042455133, 0.0720821, 0.023823744
5218236979000, -0.043676864, 0.06780604, 0.01863139
5218241999000, -0.04062254, 0.06780604, 0.025045475
5218246996000, -0.05009095, 0.06078109, 0.022602014
5218251981000, -0.050396383, 0.058643065, 0.024740042
5218257086000, -0.03634648, 0.0571159, 0.026267206
5218262001000, -0.04520403, 0.05009095, 0.026267206
5218267016000, -0.046120327, 0.044898596, 0.029321533
5218272085000, -0.046120327, 0.041233405, 0.028710667
5218277097000, -0.042760566, 0.04886922, 0.028710667
5218281990000, -0.040927973, 0.05009095, 0.0290161
5218287002000, -0.04062254, 0.061391957, 0.022296581
5218291999000, -0.03573562, 0.056505036, 0.024740042
5218296981000, -0.038179077, 0.05375614, 0.02687807
5218301980000, -0.034513887, 0.056199603, 0.02687807
5218307037000, -0.038179077, 0.058337633, 0.01985312
5218311991000, -0.04734206, 0.052534413, 0.018936822
5218317028000, -0.042455133, 0.054061573, 0.01740966
5218322080000, -0.04734206, 0.04153884, 0.013744468
5218327037000, -0.047647487, 0.043066, 0.016798794
5218331987000, -0.045814894, 0.033292156, 0.021380283
5218337003000, -0.053145275, 0.03970624, 0.02107485
5218342004000, -0.065973446, 0.03481932, 0.022602014
5218348463000, -0.04795292, 0.024740042, 0.019242255
5218351978000, -0.048563786, 0.02107485, 0.018020526
5218357047000, -0.043066, 0.027488936, 0.01985312
5218361945000, -0.051618114, 0.038179077, 0.021380283
5218367032000, -0.043982297, 0.0290161, 0.018936822
5218371991000, -0.040011674, 0.025045475, 0.01985312
5218377046000, -0.041233405, 0.027794369, 0.018936822
5218381892000, -0.044898596, 0.02687807, 0.0125227375
5218387013000, -0.04062254, 0.023823744, 0.016798794
5218391898000, -0.04428773, 0.024129177, 0.019242255
5218396981000, -0.029932396, 0.020463986, 0.028099801
5218401912000, -0.04184427, 0.0061086523, 0.021685716
5218407057000, -0.03634648, 0.010079277, 0.02321288
5218411934000, -0.04184427, 0.004886922, 0.022296581
5218417011000, -0.036957346, -0.003970624, 0.02443461
5218421987000, -0.029626964, 0.0015271631, 0.029321533
5218427020000, -0.029932396, -0.009773844, 0.031154128
5218431942000, -0.025961773, -0.017715093, 0.021380283
5218436954000, -0.021991149, -0.018936822, 0.023518313
5218441986000, -0.02321288, -0.019547688, 0.02321288
5218446960000, -0.015882496, -0.022602014, 0.02107485
5218452226000, -0.018020526, -0.03634648, 0.03268129
