#Rate of rotation around the x y z axes (Angular velocity).
#timestamp(ns),x,y,z(rad/s)
#Datetime: 16/12/2015 18:42:00
##########################################
#Activity: 9 - CSO - Car Step-out - 6s
#Subject ID: 62
#First Name: sub62
#Last Name: sub62
#Age: 20
#Height(cm): 180
#Weight(kg): 70
#Gender: Male
##########################################

@DATA
14381698468000, -0.03176499, 0.005192355, 0.034513887
14381703464000, -0.030848695, 0.011911872, 0.031154128
14381708479000, -0.024740042, 0.0070249503, 0.034208454
14381713468000, -0.026267206, 0.01282817, 0.034208454
14381718455000, -0.025350908, 0.005192355, 0.034513887
14381723543000, -0.031154128, 0.015271631, 0.03359759
14381728473000, -0.031154128, 0.017715093, 0.035430185
14381733451000, -0.023518313, 0.017715093, 0.03023783
14381738527000, -0.028099801, 0.02687807, 0.028710667
14381743515000, -0.028405234, 0.01863139, 0.03145956
14381748466000, -0.026267206, 0.018020526, 0.038179077
14381753451000, -0.02107485, 0.013744468, 0.043676864
14381759103000, -0.024129177, 0.022296581, 0.03970624
14381763437000, -0.03176499, 0.016798794, 0.036651913
14381768459000, -0.028710667, 0.016187929, 0.035430185
14381773566000, -0.03726278, 0.020463986, 0.03604105
14381778475000, -0.029626964, 0.007941248, 0.035124753
14381783462000, -0.03145956, 0.002443461, 0.038789943
14381788520000, -0.032986723, 0.004581489, 0.030848695
14381793669000, -0.036957346, 0.006414085, 0.029321533
14381798466000, -0.035430185, 0.007330383, 0.031154128
14381803693000, -0.040927973, 0.00580322, 0.029626964
14381809181000, -0.040317107, 0.007330383, 0.030543262
14381813404000, -0.05222898, 0.0015271631, 0.02687807
14381818449000, -0.043066, 0.0061086523, 0.032986723
14381823495000, -0.05100725, 0.010995574, 0.022296581
14381828472000, -0.059253927, 0.004276057, 0.019547688
14381833493000, -0.06261369, -0.008246681, 0.010995574
14381838593000, -0.063224554, -0.0076358155, 0.01282817
14381843503000, -0.064751714, -0.0106901415, 0.018020526
14381848465000, -0.057421334, -0.0027488936, 0.019242255
14381853463000, -0.055588737, -0.010995574, 0.010079277
14381858475000, -0.05589417, -0.011301007, 0.009773844
14381863472000, -0.06047566, -0.014966198, 0.0070249503
14381868451000, -0.05131268, -0.007941248, 0.01038471
14381873572000, -0.053450707, -0.0067195175, 0.00580322
14381879143000, -0.061086524, 0.008857546, 0.0076358155
14381883490000, -0.064751714, 0.0027488936, 0.010079277
14381888507000, -0.06658431, 0.0018325958, 0.0030543262
14381893513000, -0.06169739, -0.005497787, 0.0036651916
14381898397000, -0.056199603, 0.0015271631, -0.0015271631
14381903453000, -0.05467244, -0.00580322, 0.005497787
14381908403000, -0.050701816, 0.0018325958, 0.003970624
14381913473000, -0.044898596, -0.0018325958, 0.004886922
14381918417000, -0.054061573, -0.005192355, 0.0033597588
14381923491000, -0.04795292, -0.004886922, 0.007330383
14381928426000, -0.054367006, -0.005497787, 0.0015271631
14381933486000, -0.043066, -0.0018325958, 0.005192355
14381938539000, -0.039095376, 0.0076358155, 0.005497787
14381943498000, -0.041233405, 0.009162978, -9.162979E-4
14381948677000, -0.03970624, 0.007941248, 0.0033597588
14381953468000, -0.0421497, 0.007941248, 0.009468411
14381959295000, -0.03176499, 0.0070249503, 0.008857546
14381963469000, -0.027794369, 0.020463986, 0.0070249503
14381968741000, -0.024129177, 0.02565634, 0.0018325958
14381973516000, -0.03726278, 0.024740042, 0.0036651916
14381978789000, -0.03176499, 0.02687807, 3.0543262E-4
14381983503000, -0.037873644, 0.03390302, 0.0030543262
14381988576000, -0.03726278, 0.03756821, 6.1086525E-4
14381993478000, -0.036651913, 0.03359759, 0.0012217305
14381998441000, -0.03268129, 0.038789943, 3.0543262E-4
14382003461000, -0.029626964, 0.041233405, 6.1086525E-4
14382008480000, -0.016493361, 0.04795292, 0.0030543262
14382013470000, -0.036957346, 0.03145956, 0.004276057
14382018672000, -0.03176499, 0.021685716, 0.012217305
14382023491000, -0.032375857, 0.0076358155, 0.0070249503
14382028472000, -0.035124753, -0.005497787, 0.006414085
14382033503000, -0.03756821, -0.009773844, 0.004886922
14382038555000, -0.036651913, -0.01282817, -6.1086525E-4
14382043493000, -0.036957346, -0.008857546, 0.0061086523
14382048473000, -0.04550946, 0.0033597588, 0.0033597588
14382053454000, -0.038179077, 0.016187929, 0.0012217305
14382058476000, -0.03145956, 0.019547688, -0.003970624
14382063470000, -0.031154128, 0.019547688, 0.0033597588
14382068456000, -0.035430185, 0.023823744, 0.0012217305
14382073474000, -0.03023783, 0.031154128, 0.0021380284
14382078473000, -0.040927973, 0.021991149, 0.0030543262
14382083504000, -0.038179077, 0.017715093, -0.0030543262
14382088626000, -0.036957346, 0.015271631, -0.00580322
14382093484000, -0.046731193, 0.02076942, 0.0030543262
14382098465000, -0.04337143, 0.021991149, 0.0033597588
14382103460000, -0.041233405, 0.02565634, 0.0027488936
14382108476000, -0.04062254, 0.020158553, 0.00580322
14382113450000, -0.031154128, 0.021685716, 0.01160644
14382118496000, -0.040317107, 0.01863139, 0.009162978
14382123505000, -0.03756821, 0.015882496, 0.011911872
14382128511000, -0.041233405, 0.017104227, 0.024129177
14382133438000, -0.042455133, 0.011911872, 0.025961773
14382138495000, -0.04642576, 0.0027488936, 0.02107485
14382143440000, -0.03268129, 0.0067195175, 0.022602014
14382148472000, -0.03390302, 0.008552114, 0.027794369
14382153443000, -0.03604105, 0.0070249503, 0.03176499
14382158836000, -0.052839845, 0.0067195175, 0.030848695
14382163580000, -0.032986723, 0.0061086523, 0.029626964
14382168452000, -0.037873644, 9.162979E-4, 0.029626964
14382173477000, -0.03481932, 0.00580322, 0.035124753
14382178473000, -0.034208454, 0.024129177, 0.029932396
14382183792000, -0.035124753, 0.018936822, 0.030848695
14382188468000, -0.03176499, 0.024129177, 0.029321533
14382193471000, -0.03604105, 0.018325957, 0.02443461
14382198504000, -0.031154128, 0.01160644, 0.03023783
14382204223000, -0.029626964, 0.011911872, 0.024740042
14382208456000, -0.03359759, 0.020463986, 0.02565634
14382213405000, -0.038179077, 0.015577064, 0.01985312
14382218449000, -0.046120327, -0.0012217305, 0.0143553335
14382223469000, -0.034513887, 0.01160644, 0.008857546
14382228474000, -0.049480084, 6.1086525E-4, -0.0027488936
14382233478000, -0.052839845, 0.002443461, -0.008246681
14382238482000, -0.04886922, 0.0015271631, -0.01863139
14382243441000, -0.062308256, -3.0543262E-4, -0.030543262
14382248465000, -0.070554934, 6.1086525E-4, -0.04153884
14382253474000, -0.074830994, 0.007941248, -0.054367006
14382258486000, -0.09132435, 6.1086525E-4, -0.06963864
14382263470000, -0.0983493, -0.0021380284, -0.08155051
14382268451000, -0.10323623, 0.0027488936, -0.09254608
14382274116000, -0.101098195, 0.0067195175, -0.10903945
14382278472000, -0.11484267, 0.0125227375, -0.1151481
14382283453000, -0.11911872, 0.01985312, -0.13041973
14382288464000, -0.11789699, 0.017715093, -0.13561209
14382293513000, -0.116675265, 0.029932396, -0.13775012
14382298509000, -0.122478485, 0.04337143, -0.12736541
14382303470000, -0.11881329, 0.048258353, -0.14355333
14382308479000, -0.12217305, 0.050701816, -0.14660765
14382313471000, -0.118507855, 0.04550946, -0.14080444
14382318455000, -0.119729586, 0.035124753, -0.1328632
14382323480000, -0.11484267, 0.021991149, -0.13775012
14382328472000, -0.1133155, 0.012217305, -0.13500121
14382333470000, -0.11301007, -0.004276057, -0.1328632
14382338545000, -0.108123146, -0.013439035, -0.13164146
14382343775000, -0.10720685, -0.016493361, -0.13316862
14382348396000, -0.098043874, -0.01985312, -0.12705997
14382353468000, -0.10140363, 0.002443461, -0.12339478
14382359091000, -0.09407325, 0.015882496, -0.12064589
14382363471000, -0.08827003, 0.022296581, -0.11789699
14382368455000, -0.086132, 0.03359759, -0.11728613
14382373496000, -0.084910266, 0.046731193, -0.11056661
14382378442000, -0.0711658, 0.06780604, -0.099571034
14382383478000, -0.05009095, 0.08307768, -0.101098195
14382388723000, -0.05497787, 0.09315695, -0.089186326
14382393518000, -0.05100725, 0.08552113, -0.08979719
14382398423000, -0.03756821, 0.077579886, -0.0852157
14382403466000, -0.036957346, 0.07574729, -0.081855945
14382408482000, -0.024129177, 0.06627888, -0.08460484
14382413449000, -0.03481932, 0.049785517, -0.08002335
14382418466000, -0.031154128, 0.043982297, -0.08674286
14382423511000, -0.037873644, 0.03359759, -0.0842994
14382428476000, -0.05681047, 0.03359759, -0.086132
14382433450000, -0.04917465, 0.034208454, -0.08368854
14382438482000, -0.06627888, 0.03634648, -0.08277224
14382443434000, -0.070249505, 0.026267206, -0.08674286
14382448423000, -0.07452556, 0.02107485, -0.08307768
14382453446000, -0.08124508, 0.03268129, -0.086437434
14382458430000, -0.081855945, 0.031154128, -0.08032878
14382463434000, -0.074830994, 0.025045475, -0.084910266
14382468440000, -0.076358154, 0.02321288, -0.09437868
14382473436000, -0.07269296, 0.02076942, -0.089491755
14382478428000, -0.06627888, 0.007941248, -0.09560041
14382483462000, -0.05681047, -0.013133603, -0.10354166
14382493423000, -0.034513887, -0.024129177, -0.112704635
14382498470000, -0.035124753, -0.024740042, -0.119729586
14382503376000, -0.03604105, -0.026267206, -0.12064589
14382508397000, -0.028099801, -0.013133603, -0.1255328
14382513405000, -0.033292156, -0.00580322, -0.13530666
14382518378000, -0.02107485, 0.009468411, -0.14508049
14382523387000, -0.024740042, 0.004581489, -0.16584991
14382528640000, -0.028099801, 0.0030543262, -0.19120082
14382533391000, -0.029321533, 0.008857546, -0.21166481
14382538423000, -0.048258353, 0.0012217305, -0.23518312
14382543388000, -0.058948494, -0.003970624, -0.26297748
14382548388000, -0.06994407, 0.01160644, -0.2950479
14382553450000, -0.08674286, 0.020158553, -0.32528573
14382558430000, -0.09590584, 0.015882496, -0.35155296
14382563464000, -0.10629055, 0.02687807, -0.35888332
14382568454000, -0.1001819, 0.0421497, -0.38331795
14382573530000, -0.09315695, 0.04886922, -0.40744713
14382578451000, -0.09101892, 0.060170226, -0.42730024
14382584735000, -0.07086037, 0.07513642, -0.44532076
14382588496000, -0.0421497, 0.071776666, -0.44898596
14382594560000, -0.0421497, 0.076358154, -0.46486846
14382598779000, -0.045814894, 0.0720821, -0.47861293
14382603470000, -0.04795292, 0.06291912, -0.4868596
14382608507000, -0.056199603, 0.044593163, -0.49602258
14382613509000, -0.07696902, 0.03726278, -0.50762904
14382618499000, -0.101098195, 0.010995574, -0.5158757
14382623515000, -0.12980886, -0.022296581, -0.514654
14382628468000, -0.15668693, -0.036957346, -0.5131268
14382633523000, -0.17379116, -0.049785517, -0.4914411
14382638505000, -0.20097467, -0.06688975, -0.47647488
14382643502000, -0.21410827, -0.07544186, -0.47555858
14382648504000, -0.22113322, -0.10262536, -0.49357912
14382653509000, -0.22327125, -0.13041973, -0.50579643
14382658495000, -0.20647246, -0.1432479, -0.52412236
14382663506000, -0.17531833, -0.14996742, -0.5305365
14382668609000, -0.16340645, -0.13713925, -0.54519725
14382673560000, -0.12767084, -0.1020145, -0.5479461
14382678617000, -0.106901415, -0.08399397, -0.5684101
14382683507000, -0.09743301, -0.099265605, -0.60903263
14382688627000, -0.10629055, -0.12003502, -0.6588182
14382693535000, -0.12308934, -0.12644911, -0.6969972
14382698763000, -0.1386664, -0.105374254, -0.70921457
14382703462000, -0.16279559, -0.09437868, -0.72326446
14382708794000, -0.18509217, -0.0729984, -0.72112644
14382713507000, -0.19547687, -0.06047566, -0.70066243
14382718473000, -0.18906279, -0.05222898, -0.67073005
14382723553000, -0.19058995, -0.06505715, -0.6209445
14382728409000, -0.16584991, -0.0852157, -0.5720753
14382733478000, -0.12797627, -0.108123146, -0.505491
14382738583000, -0.09193522, -0.13652839, -0.42913285
14382743522000, -0.06414085, -0.14874569, -0.36713
14382748469000, -0.042760566, -0.14080444, -0.30726522
14382753498000, -0.035124753, -0.13469578, -0.25442538
14382759137000, -0.050396383, -0.13408493, -0.2144137
14382763439000, -0.07422013, -0.13530666, -0.20433442
14382768515000, -0.09773844, -0.11575896, -0.18570304
14382773511000, -0.14630222, -0.06994407, -0.1695151
14382778508000, -0.18081611, -0.0018325958, -0.1469131
14382783503000, -0.226631, 0.10781772, -0.1133155
14382788567000, -0.27397305, 0.26328292, -0.07788532
14382793501000, -0.3155119, 0.3894266, -0.052839845
14382798502000, -0.36560285, 0.453262, -0.09621128
14382803460000, -0.39064834, 0.42485678, -0.1881465
14382808470000, -0.39461896, 0.3921755, -0.2687807
14382813454000, -0.35613444, 0.3277292, -0.33078352
14382818495000, -0.30909783, 0.26633725, -0.3567453
14382823904000, -0.26206118, 0.25411993, -0.34972036
14382828508000, -0.21013765, 0.24617869, -0.33353242
14382833836000, -0.14110987, 0.2574797, -0.30665436
14382838534000, -0.06994407, 0.29535335, -0.27152961
14382843480000, -0.021685716, 0.34300083, -0.23854288
14382848487000, -0.007330383, 0.3924809, -0.17959438
14382854156000, -0.03359759, 0.41783184, -0.12339478
14382858513000, -0.07941248, 0.44898596, -0.08857546
14382863406000, -0.10751228, 0.45723262, -0.048258353
14382868514000, -0.16523905, 0.45998153, -0.0033597588
14382873454000, -0.22357668, 0.44165558, 0.023518313
14382878511000, -0.25381452, 0.38423425, 0.03726278
14382883457000, -0.23823744, 0.32559118, 0.042760566
14382888615000, -0.20280726, 0.25534168, 0.029626964
14382893411000, -0.13652839, 0.18936823, 0.031154128
14382898498000, -0.07788532, 0.1554652, 0.0143553335
14382903468000, -0.010995574, 0.11484267, 0.014049901
14382908480000, 0.042455133, 0.113926366, 0.015577064
14382913464000, 0.07788532, 0.1160644, 0.035124753
14382918466000, 0.1133155, 0.112704635, 0.059253927
14382923874000, 0.14049901, 0.09987647, 0.080634214
14382928477000, 0.16798794, 0.1133155, 0.109650314
14382933483000, 0.1966986, 0.14996742, 0.13072516
14382938490000, 0.22449298, 0.18570304, 0.14996742
14382943482000, 0.24556783, 0.19547687, 0.1826487
14382948476000, 0.24953845, 0.22540927, 0.20708331
14382953464000, 0.2452624, 0.25442538, 0.22113322
14382959102000, 0.21655174, 0.33383787, 0.23701571
14382963502000, 0.17623462, 0.35643986, 0.24373524
14382968466000, 0.15027285, 0.38698313, 0.27397305
14382973610000, 0.12156218, 0.41416663, 0.30573806
14382978522000, 0.11911872, 0.39584067, 0.32650748
14382983514000, 0.14049901, 0.34483343, 0.33353242
14382988521000, 0.17104226, 0.30757064, 0.32498032
14382994016000, 0.22388211, 0.3155119, 0.31520647
14382998481000, 0.26450464, 0.31306845, 0.30909783
14383003452000, 0.3005457, 0.34238997, 0.29565877
14383008488000, 0.3109304, 0.37812558, 0.27763826
14383013500000, 0.3005457, 0.3933972, 0.27122417
14383018502000, 0.2837469, 0.36163223, 0.27275133
14383023575000, 0.27214047, 0.34238997, 0.24556783
14383028577000, 0.26206118, 0.37232238, 0.22204952
14383033521000, 0.24923302, 0.3680463, 0.19975294
14383038578000, 0.23548855, 0.3857614, 0.1685988
14383043502000, 0.23182335, 0.40958515, 0.14080444
14383048469000, 0.21868975, 0.45723262, 0.11636983
14383053457000, 0.21380283, 0.47616947, 0.110872045
14383058481000, 0.21013765, 0.5488624, 0.10873401
14383063637000, 0.19975294, 0.64812803, 0.10629055
14383068447000, 0.18387043, 0.7473936, 0.11484267
14383073553000, 0.18234327, 0.86162543, 0.116675265
14383078582000, 0.17195857, 0.95142263, 0.1328632
14383083618000, 0.14446963, 1.0225884, 0.15302174
14383088521000, 0.12583824, 1.0793989, 0.16920967
14383093517000, 0.11362094, 1.0943651, 0.18875736
14383098528000, 0.092240654, 1.0665708, 0.19853121
14383103449000, 0.051923547, 1.0167851, 0.21991149
14383108487000, 0.027794369, 0.8933904, 0.23579398
14383113484000, 0.0021380284, 0.6936375, 0.24495697
14383118568000, -0.016798794, 0.5925393, 0.22907446
14383123518000, -0.018936822, 0.54458636, 0.19761491
14383128587000, -0.003970624, 0.49846604, 0.15485434
14383133512000, 0.007941248, 0.46486846, 0.100792766
14383138661000, 0.013744468, 0.44501534, 0.045814894
14383143507000, 0.013133603, 0.4382958, 9.162979E-4
14383148501000, 0.00580322, 0.45753807, -0.03756821
14383153413000, -0.01985312, 0.47983465, -0.04917465
14383158359000, -0.02107485, 0.56688297, -0.056199603
14383163391000, -0.032070424, 0.6704246, -0.0580322
14383168410000, -0.05009095, 0.75136423, -0.0580322
14383173440000, -0.07422013, 0.7870999, -0.062002823
14383178828000, -0.1001819, 0.7996226, -0.06658431
14383183406000, -0.112399206, 0.8191703, -0.07941248
14383188434000, -0.14049901, 0.80664754, -0.0888809
14383193378000, -0.14538592, 0.77488256, -0.08246681
14383198390000, -0.14477506, 0.70402217, -0.07788532
14383203404000, -0.10995574, 0.6053675, -0.052534413
14383208414000, -0.06780604, 0.4999932, -0.03634648
14383213369000, -0.015271631, 0.3839288, -0.008552114
14383218390000, 0.036957346, 0.2959642, 0.025350908
14383223374000, 0.100792766, 0.25900686, 0.06291912
14383228379000, 0.15882497, 0.28069258, 0.08857546
14383233390000, 0.21594086, 0.3042109, 0.112399206
14383238414000, 0.26206118, 0.32925636, 0.10262536
14383243357000, 0.27183503, 0.47891834, 0.15210545
14383248701000, 0.26145032, 0.6450737, 0.20189096
14383253389000, 0.25045475, 0.7296785, 0.22143865
14383258441000, 0.24831672, 0.7425067, 0.18600847
14383263363000, 0.23671028, 0.5543602, 0.070554934
14383268382000, 0.23060162, 0.39767328, 0.093462385
14383273412000, 0.19761491, 0.31703907, 0.12736541
14383278374000, 0.160963, 0.40744713, 0.1881465
14383283391000, 0.11881329, 0.61208695, 0.2180789
14383288415000, 0.08307768, 0.816116, 0.1863139
14383293369000, 0.04428773, 0.9764681, 0.11453723
14383298387000, 0.03268129, 1.0042624, 0.061391957
14383303372000, 0.065973446, 0.9440922, 0.03145956
14383308361000, 0.1020145, 0.8228355, 0.06658431
14383313354000, 0.15485434, 0.64843345, 0.09987647
14383318484000, 0.17104226, 0.47067168, 0.1282817
14383323358000, 0.15393804, 0.34147367, 0.13072516
14383328374000, 0.10323623, 0.32162055, 0.1001819
14383333392000, 0.041233405, 0.37904188, 0.054367006
14383338406000, -0.015577064, 0.47158796, 0.027488936
14383343355000, -0.04917465, 0.52687126, -0.01038471
14383348372000, -0.057726767, 0.600786, -0.034513887
14383353344000, -0.06994407, 0.6386596, -0.08735373
14383358670000, -0.081855945, 0.63255095, -0.17287487
14383363325000, -0.07819075, 0.61636305, -0.19517145
14383368366000, -0.087659165, 0.5739079, -0.24220806
14383373324000, -0.12339478, 0.5500842, -0.26847526
14383378373000, -0.14782938, 0.56077427, -0.27947086
14383383321000, -0.17806722, 0.59589905, -0.2950479
14383388410000, -0.22510384, 0.6908886, -0.31703907
14383393333000, -0.23426682, 0.76174897, -0.32895094
14383398371000, -0.25503623, 0.8136725, -0.35521814
14383403415000, -0.2724459, 0.82772243, -0.376293
14383408452000, -0.28313604, 0.80970186, -0.37323865
14383413425000, -0.2929099, 0.7800749, -0.37934732
14383418421000, -0.28985557, 0.70463306, -0.35246924
14383423412000, -0.30848694, 0.55924714, -0.3155119
14383428469000, -0.31887165, 0.44593164, -0.30573806
14383433482000, -0.32895094, 0.43249258, -0.2855795
14383438457000, -0.3268129, 0.4364632, -0.26542094
14383443404000, -0.3191771, 0.44073927, -0.24465153
14383448416000, -0.30665436, 0.45234573, -0.23609942
14383453413000, -0.30207285, 0.46731192, -0.21930063
14383458440000, -0.2864958, 0.49021935, -0.23487769
14383463418000, -0.2761111, 0.5036584, -0.25045475
14383468446000, -0.24984388, 0.49357912, -0.2666427
14383473412000, -0.23609942, 0.49174652, -0.29993483
14383478447000, -0.23487769, 0.48380527, -0.31887165
14383483439000, -0.23457226, 0.48563787, -0.34208453
14383488451000, -0.24831672, 0.47128254, -0.37048978
14383493414000, -0.27214047, 0.52778757, -0.3848451
14383498446000, -0.30268374, 0.5546656, -0.4025602
14383503376000, -0.34666604, 0.6062838, -0.41813725
14383508390000, -0.38362336, 0.63071835, -0.4364632
14383513350000, -0.41263947, 0.6603453, -0.46822822
14383518376000, -0.45234573, 0.66828656, -0.4709771
14383523373000, -0.46944994, 0.6750061, -0.47891834
14383528390000, -0.50671273, 0.66981375, -0.49510628
14383533370000, -0.5329799, 0.6200282, -0.5137377
14383538755000, -0.53878313, 0.56199604, -0.5216789
14383543376000, -0.54305923, 0.5369505, -0.5354234
14383548387000, -0.5363397, 0.47494772, -0.54061574
14383553461000, -0.51893, 0.40744713, -0.5537493
14383558405000, -0.5140431, 0.32162055, -0.59895337
14383563500000, -0.51251596, 0.24190263, -0.6728681
14383568455000, -0.5531385, 0.12797627, -0.82253003
14383573684000, -0.6249151, 0.039095376, -0.9950995
14383578467000, -0.7079928, -0.029321533, -1.1059716
14383583492000, -0.75747293, -0.062308256, -1.1508701
14383588450000, -0.77732605, -0.024129177, -1.131017
14383593479000, -0.7461719, 0.06658431, -1.0809261
14383598469000, -0.7254025, 0.1459968, -1.0317514
14383603456000, -0.689056, 0.22815818, -0.95356065
14383609074000, -0.679893, 0.3313944, -0.8341365
14383613471000, -0.6649268, 0.41080686, -0.7324274
14383618418000, -0.627664, 0.48899764, -0.6301075
14383623475000, -0.627664, 0.5204572, -0.54000485
14383628470000, -0.6093381, 0.54825157, -0.45814893
14383633505000, -0.58062744, 0.5842926, -0.42271876
14383638469000, -0.5537493, 0.5390886, -0.43493605
14383643480000, -0.5332854, 0.49663344, -0.44684792
14383648469000, -0.5198463, 0.41447207, -0.453262
14383653458000, -0.5149594, 0.39095375, -0.45723262
14383658471000, -0.514654, 0.36896262, -0.45540005
14383663472000, -0.5207626, 0.37415496, -0.45204028
14383668421000, -0.51923543, 0.37384954, -0.44073927
14383673484000, -0.5290093, 0.34605515, -0.45540005
14383678834000, -0.52412236, 0.29657507, -0.4633413
14383683508000, -0.50426924, 0.22815818, -0.49510628
14383688473000, -0.505491, 0.1459968, -0.5204572
14383693483000, -0.52015173, 0.08155051, -0.54519725
14383698569000, -0.55771995, 0.029932396, -0.5687156
14383703454000, -0.5720753, -0.03176499, -0.5729916
14383708702000, -0.5833763, -0.10751228, -0.54611355
14383713473000, -0.6102544, -0.18051068, -0.5235115
14383719159000, -0.6310238, -0.26328292, -0.50426924
14383723486000, -0.63713247, -0.3182608, -0.50732356
14383728451000, -0.65270954, -0.3857614, -0.516792
14383733514000, -0.6792821, -0.48288897, -0.54275376
14383738431000, -0.6899723, -0.56169057, -0.5751296
14383743437000, -0.70646566, -0.59559363, -0.6068946
14383748471000, -0.7067711, -0.6612616, -0.6206391
14383753457000, -0.6808093, -0.68294734, -0.63407815
14383758719000, -0.6658431, -0.6872234, -0.634689
14383763486000, -0.63438356, -0.7098254, -0.6197228
14383768449000, -0.58368176, -0.7141015, -0.59040123
14383773469000, -0.56230146, -0.72509706, -0.55924714
14383778472000, -0.5335908, -0.6805039, -0.5366451
14383783517000, -0.50854534, -0.57635134, -0.50518554
14383788521000, -0.48349985, -0.40317106, -0.4605924
14383793497000, -0.45020768, -0.16249016, -0.42241332
14383798473000, -0.41386122, 0.1001819, -0.37201694
14383803442000, -0.35888332, 0.3549127, -0.3213151
14383808483000, -0.2855795, 0.56169057, -0.26389378
14383813434000, -0.20433442, 0.68569624, -0.18784106
14383818462000, -0.12034045, 0.7370089, -0.1301143
14383823441000, -0.041233405, 0.7333437, -0.09865474
14383828470000, -0.036957346, 0.68752885, -0.0983493
14383833401000, -0.08124508, 0.6209445, -0.13988814
14383838511000, -0.13072516, 0.55863625, -0.1881465
14383843442000, -0.23335053, 0.5345071, -0.21502456
14383848471000, -0.27885997, 0.48655418, -0.24709499
14383853416000, -0.39858958, 0.44898596, -0.28221974
14383858482000, -0.52503866, 0.41722095, -0.3109304
14383863443000, -0.636827, 0.41813725, -0.35430184
14383868449000, -0.72112644, 0.4560109, -0.419359
14383873508000, -0.80878556, 0.50488013, -0.48288897
14383878472000, -0.86162543, 0.57910025, -0.5354234
14383883475000, -0.9095783, 0.65301496, -0.571159
14383888496000, -0.9407325, 0.72112644, -0.56321776
14383893848000, -0.9294315, 0.8026769, -0.5305365
14383898454000, -0.8863655, 0.89827734, -0.48899764
14383903686000, -0.80939645, 0.97066486, -0.47861293
14383908479000, -0.75594574, 1.0601566, -0.4642576
14383913791000, -0.72509706, 1.1236867, -0.44593164
14383918444000, -0.6954701, 1.1407908, -0.42577308
14383923477000, -0.64934975, 1.1133019, -0.38759398
14383928461000, -0.59528816, 1.0815369, -0.34666604
14383934176000, -0.5348125, 1.0635164, -0.2910773
14383938517000, -0.44684792, 1.0729848, -0.22999077
14383943410000, -0.376293, 1.0735956, -0.19486602
14383948471000, -0.35918877, 1.0913107, -0.13561209
14383953462000, -0.32742378, 1.0589349, -0.09010262
14383958435000, -0.31642818, 0.96883225, -0.043066
14383963473000, -0.32742378, 0.88300574, -0.013744468
14383968461000, -0.34055737, 0.79534656, 3.0543262E-4
14383973467000, -0.33108896, 0.7305948, 0.014660766
14383978491000, -0.33353242, 0.68752885, 0.013439035
14383983467000, -0.34574974, 0.6450737, 0.009162978
14383988474000, -0.36865717, 0.589485, -0.008246681
14383993480000, -0.39706242, 0.5458081, -0.038179077
14383998465000, -0.41141775, 0.5164866, -0.05955936
14384003940000, -0.43004912, 0.49205196, -0.090713486
14384008476000, -0.44837508, 0.47647488, -0.10170906
14384013507000, -0.47128254, 0.45081854, -0.116675265
14384018482000, -0.49418998, 0.42332962, -0.12003502
14384023536000, -0.49846604, 0.40469822, -0.12156218
14384028506000, -0.49602258, 0.41172317, -0.119729586
14384033560000, -0.47891834, 0.44532076, -0.12095132
14384038510000, -0.46670106, 0.44929138, -0.110872045
14384043508000, -0.45448375, 0.46944994, -0.10598512
14384048489000, -0.43096542, 0.4905248, -0.09010262
14384053507000, -0.410196, 0.4905248, -0.07788532
14384058504000, -0.39492437, 0.48258355, -0.06078109
14384063504000, -0.37659842, 0.4886922, -0.03390302
14384068491000, -0.37293324, 0.47647488, -0.004276057
14384073777000, -0.36560285, 0.46792278, 0.019547688
14384078493000, -0.3839288, 0.42546764, 0.04642576
14384083532000, -0.41141775, 0.3839288, 0.070249505
14384088474000, -0.43310347, 0.34300083, 0.09315695
14384093509000, -0.4474588, 0.310625, 0.11362094
14384098438000, -0.4718934, 0.27672195, 0.11484267
14384103456000, -0.4841107, 0.2565634, 0.11942416
14384108406000, -0.52564955, 0.23579398, 0.10354166
14384113506000, -0.5384777, 0.23762658, 0.0842994
14384118416000, -0.56321776, 0.26053402, 0.060170226
14384123567000, -0.56413406, 0.30207285, 0.02321288
14384128403000, -0.56596667, 0.34391713, 0.0061086523
14384133534000, -0.5882632, 0.39675698, -0.0067195175
14384138454000, -0.6038403, 0.419359, -0.010995574
14384143515000, -0.6123924, 0.44715336, -0.0106901415
14384148452000, -0.61178154, 0.46883908, -0.005497787
14384153510000, -0.59803706, 0.48747048, 0.020158553
14384159075000, -0.5885687, 0.52626044, 0.05131268
14384163507000, -0.56382865, 0.54336464, 0.06169739
14384168498000, -0.5635232, 0.5564982, 0.09712757
14384173546000, -0.591623, 0.5696318, 0.1255328
14384178470000, -0.61208695, 0.56016344, 0.1301143
14384183497000, -0.6356053, 0.56230146, 0.13347405
14384188534000, -0.6740898, 0.5699373, 0.13439035
14384193504000, -0.70005155, 0.5751296, 0.12308934
14384198482000, -0.7174612, 0.5873469, 0.10415252
14384203454000, -0.75411314, 0.58459806, 0.07513642
14384208484000, -0.7846564, 0.55741453, 0.022907447
14384213474000, -0.81397796, 0.49510628, -0.055283304
14384218460000, -0.8029824, 0.40683624, -0.14752395
14384223523000, -0.75228053, 0.30604348, -0.2406809
14384228473000, -0.6713409, 0.172264, -0.3417791
14384233465000, -0.589485, 0.028099801, -0.42913285
14384238491000, -0.5555819, -0.03940081, -0.47647488
14384243472000, -0.55680364, -0.13103059, -0.47952923
14384248472000, -0.6209445, -0.19486602, -0.46731192
14384253447000, -0.7287622, -0.2312125, -0.42913285
14384259196000, -0.906524, -0.21074851, -0.36835176
14384263469000, -1.2238685, -0.18875736, -0.3576616
14384268449000, -1.3335189, -0.14630222, -0.32467487
14384273485000, -1.541213, -0.14049901, -0.28344148
14384278474000, -1.7281377, -0.21899518, -0.2012801
14384283471000, -1.8774943, -0.3643811, -0.10567969
14384288501000, -1.9431623, -0.4654793, -0.004581489
14384293595000, -1.88849, -0.40866885, 0.106901415
14384298472000, -1.7345519, -0.21594086, 0.22357668
14384303443000, -1.4899004, 0.018936822, 0.344528
14384308482000, -1.2260065, 0.22296582, 0.44532076
14384313461000, -1.0030408, 0.3943135, 0.50671273
14384318451000, -0.89644474, 0.5384777, 0.550695
14384323592000, -0.84421575, 0.6386596, 0.57726765
14384329079000, -0.8216137, 0.6432411, 0.6056729
14384333432000, -0.77396625, 0.6001751, 0.6200282
14384338478000, -0.68386364, 0.4792238, 0.61727935
14384343405000, -0.65148777, 0.35308012, 0.5882632
14384348469000, -0.61758476, 0.22052236, 0.5439755
14384353421000, -0.6411031, 0.08674286, 0.48380527
14384359131000, -0.73639804, -0.018325957, 0.4089743
14384363401000, -0.9086621, -0.10903945, 0.3857614
14384368495000, -0.9468411, -0.17837265, 0.36163223
14384373551000, -0.99021256, -0.19730948, 0.3408628
14384378610000, -1.02717, -0.16249016, 0.3155119
14384383461000, -1.0467176, -0.1151481, 0.29565877
14384388473000, -1.0531317, -0.03756821, 0.25259277
14384393448000, -1.0900891, 0.014660766, 0.19883664
14384398670000, -1.110553, 0.027183503, 0.14049901
14384403466000, -1.1520919, 0.030543262, 0.11178834
14384408485000, -1.1869112, 0.05100725, 0.09285152
14384413513000, -1.2247849, 0.053450707, 0.08093964
14384418477000, -1.2449434, 0.049785517, 0.062002823
14384423572000, -1.2641857, 0.033292156, 0.06078109
14384428811000, -1.2742649, 0.0421497, 0.06688975
14384433645000, -1.2687671, 0.063224554, 0.086132
14384438486000, -1.269378, 0.061391957, 0.09773844
14384444680000, -1.2739595, 0.014660766, 0.1020145
14384448467000, -1.2651019, -0.048563786, 0.11942416
14384453505000, -1.2589933, -0.06414085, 0.15241088
14384458463000, -1.2186762, -0.0143553335, 0.18295415
14384463500000, -1.1691961, 0.06872234, 0.20738874
14384468444000, -1.1169671, 0.12156218, 0.22235495
14384473500000, -1.0531317, 0.16768251, 0.23151793
14384478421000, -1.0351112, 0.17287487, 0.23884831
14384483507000, -1.0503827, 0.14202617, 0.24831672
14384508360000, -1.2437216, 0.17715092, 0.2171626
14384513402000, -1.2599095, 0.12797627, 0.21838433
14384518378000, -1.2819008, 0.053145275, 0.22174409
14384523423000, -1.3225232, 0.008857546, 0.23243423
14384528396000, -1.3521502, -0.010995574, 0.23854288
14384533411000, -1.3613132, -0.04428773, 0.24373524
14384538409000, -1.3671165, -0.036957346, 0.2452624
14384543411000, -1.3481796, -0.033292156, 0.24678956
14384548414000, -1.346347, -0.05100725, 0.22815818
14384553426000, -1.3377949, -0.087659165, 0.23273966
14384558905000, -1.3487904, -0.11911872, 0.24678956
14384563495000, -1.3261884, -0.13041973, 0.269697
14384568504000, -1.3127494, -0.124005646, 0.312763
14384573628000, -1.2754866, -0.11148291, 0.35308012
14384578531000, -1.2400564, -0.108123146, 0.39828414
14384584098000, -1.2220359, -0.103847094, 0.43585235
14384588483000, -1.2189816, -0.09896017, 0.47739118
14384593507000, -1.241889, -0.13164146, 0.5018258
14384598591000, -1.2629639, -0.17256944, 0.54550266
14384603457000, -1.2846496, -0.2275473, 0.5693264
14384608786000, -1.2996159, -0.2611449, 0.5699373
14384613502000, -1.3310753, -0.28405234, 0.56199604
14384618962000, -1.3332134, -0.25411993, 0.5537493
14384623549000, -1.3271047, -0.17837265, 0.52473325
14384628425000, -1.2889256, -0.13103059, 0.49357912
14384633502000, -1.2672399, -0.042760566, 0.47494772
14384638503000, -1.2550226, 0.0027488936, 0.45814893
14384643511000, -1.2507466, 0.018936822, 0.45448375
14384648524000, -1.2434162, -0.002443461, 0.45204028
14384653612000, -1.2495248, 0.009162978, 0.46975538
14384658519000, -1.251052, 0.05497787, 0.505491
14384663501000, -1.2452488, 0.13316862, 0.5488624
14384668498000, -1.2095132, 0.22540927, 0.5864306
14384673607000, -1.1624765, 0.30757064, 0.602924
14384678595000, -1.1163563, 0.39828414, 0.6249151
14384683498000, -1.0509937, 0.48441613, 0.6407976
14384688533000, -0.9850202, 0.5674938, 0.65057147
14384693510000, -0.9599747, 0.6160576, 0.6621779
14384698489000, -0.9584476, 0.6230826, 0.66828656
14384703454000, -0.9795224, 0.6188065, 0.68539083
14384708484000, -1.0143417, 0.6044512, 0.698219
14384713503000, -1.0461067, 0.59131753, 0.70066243
14384718506000, -1.070236, 0.59589905, 0.70616025
14384723575000, -1.0690142, 0.61758476, 0.7107417
14384728596000, -1.0351112, 0.65118235, 0.6985244
14384733498000, -0.9807441, 0.66523224, 0.68416905
14384738462000, -0.95630956, 0.6844745, 0.66828656
14384743472000, -0.9239337, 0.7012733, 0.6542367
14384748457000, -0.92057395, 0.7067711, 0.6606508
14384753467000, -0.91538155, 0.713796, 0.66614854
14384758459000, -0.9239337, 0.7370089, 0.68844515
14384763443000, -0.9098838, 0.7641924, 0.71837753
14384768504000, -0.8900307, 0.77946407, 0.75747293
14384773536000, -0.8762862, 0.7788532, 0.78984874
14384778523000, -0.8384125, 0.7696902, 0.8155051
14384783449000, -0.8026769, 0.79626286, 0.84116143
14384788498000, -0.782213, 0.83260936, 0.8668178
14384793493000, -0.75502944, 0.8924741, 0.8848383
14384798514000, -0.73823065, 0.93554014, 0.8958339
14384803447000, -0.7318166, 0.96852684, 0.8912524
14384808483000, -0.7458665, 0.98349303, 0.8915578
14384813442000, -0.77457714, 0.98654735, 0.8915578
14384818478000, -0.8002335, 0.9810496, 0.89888823
14384823504000, -0.82986045, 0.9465357, 0.89980453
14384828473000, -0.84635377, 0.93218035, 0.8885035
14384833561000, -0.85154617, 0.9104946, 0.86742866
14384838504000, -0.8417723, 0.89858276, 0.8491027
14384843409000, -0.82772243, 0.89369583, 0.81000733
14384848471000, -0.81336707, 0.9108001, 0.7666359
14384853441000, -0.799928, 0.95356065, 0.7134906
14384858481000, -0.77549344, 0.9969321, 0.65576386
14384863407000, -0.75686204, 1.0030408, 0.58551437
14384868450000, -0.754724, 0.9896017, 0.5305365
14384873583000, -0.763887, 0.9984592, 0.46028697
14384878472000, -0.7556403, 1.0274754, 0.3866777
14384883414000, -0.7330383, 1.103528, 0.3109304
14384888470000, -0.6747007, 1.207986, 0.22785273
14384893477000, -0.5879578, 1.3225232, 0.15088372
14384898471000, -0.47739118, 1.4422529, 0.07880162
14384903463000, -0.33475417, 1.5683966, 0.015577064
14384909035000, -0.18784106, 1.6924021, -0.018936822
14384913474000, -0.059864793, 1.8054122, -0.043066
14384918454000, 0.02107485, 1.8860464, -0.041233405
14384923502000, 0.058643065, 1.9126191, -0.015882496
14384928471000, 0.06566802, 1.926669, 0.018325957
14384933472000, 0.0720821, 1.9294178, 0.04428773
14384938452000, 0.082161374, 1.9184223, 0.108123146
14384943556000, 0.12064589, 1.9172006, 0.17928895
14384948454000, 0.20952678, 1.9025398, 0.25473082
14384953471000, 0.31490102, 1.8826867, 0.3268129
14384959110000, 0.44135013, 1.8521434, 0.398895
14384963449000, 0.5555819, 1.7901406, 0.45020768
14384968441000, 0.63285637, 1.6975945, 0.48441613
14384973601000, 0.6936375, 1.5720617, 0.48288897
14384979052000, 0.71776664, 1.4110987, 0.44959682
14384983470000, 0.7272351, 1.2189816, 0.39553526
14384988518000, 0.7305948, 1.0073168, 0.30115658
14384993469000, 0.7339546, 0.766025, 0.1908954
14384998491000, 0.7296785, 0.50243664, 0.04520403
14385003455000, 0.72082096, 0.22907446, -0.10415252
14385008476000, 0.70280045, -0.029321533, -0.26450464
14385013506000, 0.68600166, -0.2507602, -0.41996986
14385018513000, 0.66339964, -0.42730024, -0.56169057
14385023506000, 0.6478226, -0.5516113, -0.68752885
14385028505000, 0.636827, -0.6032294, -0.73914695
14385033460000, 0.62980205, -0.6817256, -0.8127562
14385038619000, 0.63132924, -0.70402217, -0.8472701
14385043445000, 0.64568454, -0.6973027, -0.86101454
14385048882000, 0.6618725, -0.6759224, -0.8772025
14385053413000, 0.69058317, -0.6417139, -0.8906415
14385058508000, 0.7086037, -0.5934556, -0.9166033
14385063402000, 0.74189585, -0.5537493, -0.93951076
14385068512000, 0.77182823, -0.516792, -0.9764681
14385073446000, 0.77488256, -0.4868596, -1.0021244
14385078509000, 0.766025, -0.47158796, -1.0290025
14385083430000, 0.74220127, -0.46120325, -1.0552697
14385088570000, 0.70066243, -0.44501534, -1.0763446
14385093444000, 0.62949663, -0.4129449, -1.0943651
14385098512000, 0.5525276, -0.38606682, -1.1004738
14385103494000, 0.47983465, -0.3848451, -1.0891727
14385108481000, 0.41813725, -0.39064834, -1.0708468
14385113469000, 0.36010507, -0.4092797, -1.0436633
14385118655000, 0.34330627, -0.41233405, -1.0161743
14385123688000, 0.35094208, -0.40194935, -0.99265605
14385128506000, 0.34513888, -0.3933972, -0.98532563
14385133519000, 0.36682457, -0.37048978, -0.979217
14385138551000, 0.42332962, -0.34788775, -0.99021256
14385143618000, 0.50335294, -0.3109304, -1.0155635
14385148503000, 0.6203337, -0.27580565, -1.0522153
14385153814000, 0.75136423, -0.20311269, -1.0647382
14385158474000, 0.8576548, -0.110872045, -1.1026118
14385163837000, 0.9560041, -0.013439035, -1.1450669
14385168507000, 1.0351112, 0.115453534, -1.1905763
14385173449000, 1.1010846, 0.29138273, -1.2266175
14385178506000, 1.070236, 0.49632803, -1.2116512
14385183439000, 0.98837996, 0.66950834, -1.131017
14385188588000, 0.9434814, 0.78984874, -0.98868537
14385193409000, 1.0280862, 0.9083566, -0.7892379
14385198623000, 1.153619, 1.0769554, -0.539394
14385203421000, 1.2189816, 1.2296717, -0.30207285
14385208479000, 1.2507466, 1.2983941, -0.11789699
14385213403000, 1.3842206, 1.2867876, -0.01038471
14385218515000, 1.6756034, 1.2241739, 0.04184427
14385223546000, 2.1013765, 1.1756102, 0.069027774
14385228488000, 2.3835962, 1.0650436, 0.08674286
14385233465000, 2.4425447, 0.9960158, 0.11026118
14385238459000, 2.3344216, 0.92087936, 0.15424347
14385243480000, 1.9553796, 0.6765333, 0.21930063
14385248448000, 1.4758505, 0.18448131, 0.2941316
14385253485000, 1.0338894, -0.40133846, 0.36468655
14385258440000, 0.70249504, -0.8335256, 0.3930918
14385263469000, 0.5684101, -0.94042706, 0.39064834
14385268468000, 0.57757306, -0.82436264, 0.3622431
14385273577000, 0.659429, -0.66950834, 0.3549127
14385278434000, 0.75136423, -0.5662721, 0.3472769
14385283467000, 0.820392, -0.45845437, 0.3381139
14385288502000, 0.86284715, -0.33078352, 0.34208453
14385293468000, 0.88453287, -0.20158553, 0.32986724
14385298444000, 0.84513205, -0.11575896, 0.31123585
14385303736000, 0.7812967, -0.07513642, 0.2910773
14385308382000, 0.6621779, -0.03756821, 0.24831672
14385313394000, 0.5476407, 0.010995574, 0.20586158
14385318422000, 0.47219884, 0.058337633, 0.14844026
14385323449000, 0.45723262, 0.16249016, 0.11728613
14385328369000, 0.45051312, 0.2828306, 0.06688975
14385333369000, 0.44929138, 0.398895, 0.0571159
14385338523000, 0.44012842, 0.516792, 0.09743301
14385343370000, 0.46578476, 0.68661255, 0.1600467
14385348365000, 0.52656585, 0.9285152, 0.25411993
14385353381000, 0.61850107, 1.2144, 0.3866777
14385358713000, 0.73456544, 1.4227052, 0.5317582
14385363375000, 0.8304713, 1.4587462, 0.65301496
14385368605000, 0.90133166, 1.352761, 0.7309003
14385373546000, 0.89827734, 1.1936307, 0.75594574
14385378378000, 0.84604836, 1.0228939, 0.7507534
14385383342000, 0.7263188, 0.89552844, 0.72143185
14385388408000, 0.5699373, 0.81000733, 0.659429
14385393391000, 0.39858958, 0.8216137, 0.57848936
14385398383000, 0.3036, 0.90041536, 0.47525316
14385403395000, 0.2919936, 0.893085, 0.39920044
14385408403000, 0.35827246, 0.81183994, 0.36071593
14385413425000, 0.43676865, 0.6585127, 0.33505958
14385418629000, 0.4373795, 0.4373795, 0.30970868
14385423480000, 0.3494149, 0.29657507, 0.29352075
14385429141000, 0.28038713, -0.100792766, 0.23518312
14385433428000, 0.042760566, -0.19792034, 0.2144137
14385438707000, -0.032375857, -0.33505958, 0.16768251
14385443383000, -0.12797627, -0.4297437, 0.12950343
14385448374000, -0.2003638, -0.49357912, 0.09987647
14385453432000, -0.25870144, -0.5561928, 0.06872234
14385458385000, -0.30848694, -0.6133087, 0.048258353
14385463406000, -0.35735616, -0.69027776, 0.0030543262
14385468378000, -0.41874814, -0.7687739, -0.03604105
14385473440000, -0.4560109, -0.83108217, -0.087964594
14385478391000, -0.45234573, -0.86437434, -0.14263703
14385483458000, -0.40622538, -0.8530733, -0.20861048
14385488491000, -0.33933565, -0.82741696, -0.26908615
14385493494000, -0.2669481, -0.8213083, -0.33108896
14385498448000, -0.21594086, -0.79473567, -0.38056904
14385503424000, -0.18051068, -0.7507534, -0.41447207
14385508433000, -0.16554448, -0.6750061, -0.4456262
14385513428000, -0.13408493, -0.6059783, -0.47342056
14385518406000, -0.10445796, -0.57635134, -0.4877759
14385523450000, -0.089186326, -0.54458636, -0.5149594
14385528428000, -0.10781772, -0.5742133, -0.5375614
14385533426000, -0.12797627, -0.6188065, -0.5522222
14385538448000, -0.14294247, -0.6392705, -0.5729916
14385543426000, -0.15241088, -0.6411031, -0.59131753
14385548427000, -0.13591751, -0.6221663, -0.59315014
14385553444000, -0.12583824, -0.5897904, -0.59437186
14385559604000, -0.14446963, -0.5164866, -0.5580254
14385563471000, -0.18967366, -0.4990769, -0.54244834
14385568457000, -0.19914207, -0.45570546, -0.5354234
14385573437000, -0.22113322, -0.44043383, -0.5225952
14385578476000, -0.2312125, -0.47158796, -0.5155703
14385583438000, -0.2275473, -0.52320606, -0.50518554
14385588486000, -0.22418754, -0.58093286, -0.49205196
14385593426000, -0.22174409, -0.6227771, -0.48166725
14385598470000, -0.23457226, -0.657291, -0.4709771
14385603420000, -0.25503623, -0.6805039, -0.464563
14385608482000, -0.28619036, -0.6835582, -0.462425
14385613402000, -0.33078352, -0.6774496, -0.47433686
14385618507000, -0.37293324, -0.67011917, -0.4999932
14385623490000, -0.38820487, -0.66889745, -0.5213735
14385629175000, -0.4083634, -0.66828656, -0.62888575
14385633446000, -0.40133846, -0.66675943, -0.66523224
14385638543000, -0.39522982, -0.691194, -0.7510588
14385643810000, -0.39278635, -0.71837753, -0.852157
14385648470000, -0.42180246, -0.763887, -0.9492846
14385653807000, -0.4636467, -0.77579886, -1.0161743
14385658511000, -0.49449542, -0.7360926, -1.0519099
14385663459000, -0.5314528, -0.73884153, -1.087951
14385668524000, -0.5925393, -0.7538077, -1.1377366
14385673463000, -0.6462954, -0.7901542, -1.1734722
14385678503000, -0.68966687, -0.80970186, -1.217149
14385683495000, -0.73273283, -0.82711154, -1.2541064
14385688520000, -0.73364913, -0.85062987, -1.2727377
14385693516000, -0.7330383, -0.86162543, -1.2822062
14385699024000, -0.73853606, -0.8384125, -1.280679
14385703460000, -0.7339546, -0.795652, -1.2556335
14385708476000, -0.74189585, -0.7480045, -1.2473868
14385713505000, -0.7855727, -0.6933321, -1.2174544
14385718497000, -0.86590147, -0.68386364, -1.2046263
14385723545000, -0.9120218, -0.67011917, -1.1743884
14385728508000, -1.0299188, -0.6753115, -1.1481212
14385733502000, -1.1475104, -0.6762278, -1.1215485
14385738534000, -1.276403, -0.6795876, -1.102001
14385743496000, -1.4263704, -0.66737026, -1.0647382
14385748492000, -1.5833627, -0.6444628, -1.0332786
14385753508000, -1.7250835, -0.62858033, -0.9837985
14385758406000, -1.8515326, -0.6059783, -0.9334021
14385763493000, -1.9682078, -0.59620446, -0.86315256
14385768663000, -2.0427334, -0.5925393, -0.7846564
14385773591000, -2.125811, -0.6105598, -0.68600166
14385778503000, -2.175902, -0.655153, -0.56169057
14385783498000, -2.2568417, -0.7147123, -0.43066
14385788527000, -2.3194554, -0.7492262, -0.27580565
14385793521000, -2.3744333, -0.7828238, -0.118507855
14385798488000, -2.438574, -0.80878556, 0.04062254
14385803449000, -2.5143213, -0.84513205, 0.1863139
14385808450000, -2.568383, -0.9007208, 0.31703907
14385813509000, -2.6218336, -0.9309586, 0.43096542
14385818503000, -2.666427, -0.98440933, 0.48380527
14385823588000, -2.6911669, -1.0497719, 0.5684101
14385828567000, -2.719572, -1.1016954, 0.6392705
14385833499000, -2.765998, -1.133155, 0.6942484
14385838513000, -2.833804, -1.1374311, 0.7504479
14385843522000, -2.918714, -1.1301007, 0.77304995
14385848787000, -2.9959886, -1.1319333, 0.7693848
14385853509000, -3.0543263, -1.1441506, 0.73456544
14385858654000, -3.0344732, -1.1166617, 0.6713409
14385863502000, -2.9642236, -1.0360274, 0.5885687
14385868807000, -2.8371637, -0.8875872, 0.49205196
14385873560000, -2.6777277, -0.6835582, 0.42577308
14385879086000, -2.5289822, -0.44868052, 0.35613444
14385883488000, -2.3499987, -0.21380283, 0.30726522
14385888934000, -2.1664336, -0.024740042, 0.27580565
14385893499000, -2.0048597, 0.10354166, 0.2574797
14385898452000, -1.8500054, 0.1469131, 0.26847526
14385903458000, -1.7244726, 0.12797627, 0.2843578
14385908458000, -1.6685784, 0.087964594, 0.3399465
14385913471000, -1.666135, 0.07696902, 0.4147775
14385918469000, -1.6988163, 0.08002335, 0.46273044
14385923590000, -1.8478674, 0.1563815, 0.57879484
14385928454000, -2.055867, 0.36468655, 0.70524395
14385933506000, -2.334727, 0.70921457, 0.82802784
14385938540000, -2.6325238, 1.1737776, 0.9596693
14385943511000, -2.905886, 1.6954565, 1.0601566
14385948517000, -3.089451, 2.1994202, 1.1297953
14385953983000, -3.1829133, 2.5873199, 1.1682798
14385959131000, -3.1838295, 2.8292224, 1.169807
14385963502000, -3.121216, 2.9077187, 1.1441506
14385968500000, -3.0039299, 2.839607, 1.0882565
14385973573000, -2.8518243, 2.6493225, 1.0445796
14385978571000, -2.7049112, 2.3399193, 1.0231993
14385983497000, -2.5555549, 1.9263636, 1.0412198
14385988612000, -2.4569001, 1.4587462, 1.0729848
14385993513000, -2.3719897, 0.977079, 1.1175779
14385998490000, -2.283109, 0.5549711, 1.1725558
14386003453000, -2.1975877, 0.21166481, 1.2339478
14386008484000, -2.1099286, -0.030543262, 1.2901474
14386013503000, -2.0201313, -0.12003502, 1.3319917
14386018452000, -1.9734001, -0.23854288, 1.3478742
14386023755000, -1.9193386, -0.3023783, 1.3683381
14386028568000, -1.883603, -0.3585779, 1.366811
14386033499000, -1.8887954, -0.37720928, 1.3585643
14386038532000, -1.9205604, -0.3643811, 1.320996
14386043502000, -2.0005836, -0.30909783, 1.2819008
14386048507000, -2.0839667, -0.18692477, 1.2654073
14386053495000, -2.1594086, -0.027488936, 1.2739595
14386058515000, -2.2278256, 0.122783914, 1.2757921
14386063500000, -2.2748623, 0.27305678, 1.2757921
14386068481000, -2.2953262, 0.3744604, 1.2360858
14386073556000, -2.2687535, 0.4633413, 1.1746938
14386078591000, -2.223855, 0.49357912, 1.0647382
14386083501000, -2.1450534, 0.43890667, 0.95294976
14386088540000, -2.0900755, 0.2938262, 0.8258898
14386093716000, -2.0717494, 0.015577064, 0.70738196
14386098508000, -2.065641, -0.35308012, 0.6096435
14386103448000, -2.0616703, -0.74220127, 0.5342017
14386108480000, -2.0292943, -0.9147707, 0.45173484
14386113495000, -1.8811595, -1.2052372, 0.41813725
14386118494000, -1.774869, -1.3616186, 0.3494149
14386123468000, -1.4520267, -1.2974777, 0.26328292
14386128574000, -1.0118983, -0.9737192, 0.20219639
14386133395000, -0.6065892, -0.46731192, 0.21044308
14386138513000, -0.34025195, 0.076052725, 0.26847526
14386143405000, -0.183565, 0.5751296, 0.34513888
14386148504000, -0.07696902, 0.945314, 0.38912117
14386153445000, -0.006414085, 1.2030991, 0.376293
14386158409000, 0.048563786, 1.3686435, 0.3231477
14386163448000, 0.0842994, 1.4364496, 0.2565634
14386168518000, 0.13347405, 1.4700472, 0.18142697
14386173482000, 0.1994475, 1.4660766, 0.094989546
14386178512000, 0.29779682, 1.4523321, 0.03023783
14386183481000, 0.37323865, 1.4114041, -0.024740042
14386188509000, 0.45204028, 1.3115277, -0.059253927
14386193506000, 0.52473325, 1.1911873, -0.0720821
14386198503000, 0.5879578, 1.0274754, -0.06047566
14386203445000, 0.6227771, 0.81122905, -0.03848451
14386208481000, 0.6270532, 0.700357, -0.008246681
14386213490000, 0.6398814, 0.47250426, -0.0036651916
14386218508000, 0.6444628, 0.28405234, 0.0030543262
14386223542000, 0.68569624, 0.1469131, -0.01740966
14386228504000, 0.7150178, 0.08093964, -0.06291912
14386233838000, 0.7470882, 0.06994407, -0.12705997
14386238577000, 0.75625116, 0.15332718, -0.20769419
14386243551000, 0.7415904, 0.2910773, -0.3109304
14386248487000, 0.7110472, 0.45265114, -0.3979787
14386253472000, 0.65057147, 0.6056729, -0.4654793
14386258511000, 0.56505036, 0.7113526, -0.49968776
14386263484000, 0.4804455, 0.75502944, -0.48747048
14386268509000, 0.38606682, 0.74189585, -0.44501534
14386273929000, 0.27366763, 0.7098254, -0.38148534
14386279020000, 0.13530666, 0.66950834, -0.33383787
14386283665000, 0.0030543262, 0.59559363, -0.30879238
14386288497000, -0.1386664, 0.48838675, -0.29077184
14386293411000, -0.28863382, 0.31245756, -0.23671028
14386298465000, -0.46883908, 0.16432275, -0.13744467
14386303428000, -0.65576386, 0.11209377, -0.055283304
14386308481000, -0.81245077, 0.09407325, -0.041233405
14386313508000, -0.87017757, 0.036957346, -0.04520403
14386318465000, -0.9477574, -0.069027774, -0.09712757
14386323455000, -0.9868528, -0.18936823, -0.2284636
14386328472000, -0.9896017, -0.32406402, -0.4025602
14386333443000, -0.9761627, -0.50793445, -0.5876524
14386338472000, -0.9297369, -0.7663304, -0.75441855
14386343456000, -0.8933904, -1.1108584, -0.8750645
14386349138000, -0.87781334, -1.484708, -0.91232723
14386353467000, -0.86437434, -1.7599027, -0.80481493
14386358407000, -0.8588765, -1.8289305, -0.569021
14386363468000, -0.8222246, -1.7754798, -0.36010507
14386368438000, -0.7266242, -1.6175711, -0.2275473
14386373568000, -0.5742133, -1.3735305, -0.15821409
14386378589000, -0.38240165, -1.0503827, -0.11301007
14386383502000, -0.16707164, -0.6747007, -0.043066
14386388529000, 0.018020526, -0.2837469, 0.046120327
14386393504000, 0.16065755, 0.056199603, 0.13500121
14386398499000, 0.26939157, 0.38026363, 0.22479841
14386403454000, 0.35277468, 0.5290093, 0.27947086
14386408472000, 0.4382958, 0.8142834, 0.2996294
14386413446000, 0.47067168, 1.056186, 0.32345316
14386418911000, 0.5332854, 1.319469, 0.3203988
14386423566000, 0.6081163, 1.3683381, 0.30787608
14386428586000, 0.6224717, 1.4193454, 0.28924468
14386433507000, 0.63041294, 1.3994923, 0.2669481
14386438541000, 0.61208695, 1.289842, 0.22388211
14386443510000, 0.55771995, 1.0891727, 0.17959438
14386448499000, 0.4728097, 0.84879726, 0.12522738
14386453498000, 0.36102137, 0.5882632, 0.07696902
14386458529000, 0.258396, 0.3323107, 0.035430185
14386463493000, 0.13530666, 0.07391469, -0.005497787
14386468477000, 0.016187929, -0.15088372, -0.039095376
14386473616000, -0.093462385, -0.321926, -0.06261369
14386478520000, -0.17287487, -0.43554693, -0.082161374
14386483508000, -0.24984388, -0.48258355, -0.086132
14386488502000, -0.30757064, -0.49693888, -0.0842994
14386493527000, -0.37659842, -0.47739118, -0.06963864
14386498444000, -0.42210788, -0.44715336, -0.05589417
14386503456000, -0.4877759, -0.4166101, -0.039095376
14386508455000, -0.5830709, -0.35521814, -0.029321533
14386513482000, -0.6230826, -0.27916542, -0.011301007
14386518491000, -0.7162395, -0.1957823, 0.02565634
14386523477000, -0.79534656, -0.1282817, 0.06536258
14386528475000, -0.8341365, -0.06963864, 0.0983493
14386533481000, -0.8524625, -0.014966198, 0.13439035
14386538472000, -0.8237518, 0.018936822, 0.15577064
14386543459000, -0.7687739, 0.044593163, 0.17684549
14386548498000, -0.691194, 0.063224554, 0.19364429
14386553510000, -0.6102544, 0.08093964, 0.19456059
14386559165000, -0.49327368, 0.10323623, 0.2003638
14386563447000, -0.38606682, 0.1423316, 0.19975294
14386568504000, -0.28496864, 0.19058995, 0.19272798
14386573652000, -0.19394971, 0.24098633, 0.18570304
14386578475000, -0.1301143, 0.28710666, 0.16279559
14386583472000, -0.08307768, 0.33261612, 0.14477506
14386588462000, -0.038789943, 0.36713, 0.13408493
14386593490000, -0.021685716, 0.3747658, 0.12644911
14386598494000, -0.027488936, 0.37751472, 0.11636983
14386603469000, -0.03970624, 0.36468655, 0.10415252
14386608476000, -0.046731193, 0.3390302, 0.10293079
14386613474000, -0.0720821, 0.2947425, 0.08399397
14386618466000, -0.11575896, 0.22296582, 0.07269296
14386623473000, -0.1554652, 0.14844026, 0.057421334
14386628474000, -0.2012801, 0.07696902, 0.05497787
14386633466000, -0.25228736, 0.005497787, 0.05589417
14386638497000, -0.3023783, -0.063224554, 0.048258353
14386643467000, -0.36132678, -0.111177474, 0.05375614
14386648471000, -0.41080686, -0.15607607, 0.049480084
14386653444000, -0.44868052, -0.19150625, 0.064751714
14386658485000, -0.4978552, -0.22693644, 0.06536258
14386663469000, -0.52656585, -0.25442538, 0.05955936
14386668462000, -0.5653558, -0.2996294, 0.06291912
14386673454000, -0.57940567, -0.3399465, 0.07269296
14386678474000, -0.5873469, -0.38973203, 0.07269296
14386683425000, -0.5739079, -0.42302418, 0.071776666
14386688487000, -0.5662721, -0.46120325, 0.06811147
14386693421000, -0.56291234, -0.5018258, 0.065973446
14386698471000, -0.53878313, -0.5216789, 0.06078109
14386703417000, -0.514654, -0.5186246, 0.052839845
14386708480000, -0.5045747, -0.5213735, 0.055283304
14386713397000, -0.47494772, -0.50946164, 0.044898596
14386718465000, -0.44318274, -0.48808134, 0.03940081
14386723455000, -0.398895, -0.45906523, 0.04153884
14386728474000, -0.35338554, -0.43799037, 0.034513887
14386733416000, -0.2855795, -0.41355577, 0.025961773
14386738492000, -0.23426682, -0.40500367, 0.016493361
14386743430000, -0.15821409, -0.41172317, 0.01160644
14386748460000, -0.095294975, -0.42913285, 0.004886922
14386753482000, -0.026572637, -0.453262, -0.0061086523
14386758410000, 0.03481932, -0.47555858, -0.0125227375
14386763443000, 0.09193522, -0.50426924, -0.024740042
14386768439000, 0.13988814, -0.5363397, -0.026572637
14386773492000, 0.18692477, -0.5626069, -0.046120327
14386778478000, 0.22388211, -0.591623, -0.037873644
14386783498000, 0.24984388, -0.6282749, -0.053450707
14386788490000, 0.28955013, -0.6731735, -0.05589417
14386793640000, 0.3100141, -0.7171558, -0.06261369
14386798467000, 0.3313944, -0.743423, -0.065973446
14386803437000, 0.35430184, -0.7800749, -0.06841691
14386808448000, 0.35521814, -0.8228355, -0.07269296
14386813478000, 0.34972036, -0.8582657, -0.0729984
14386818461000, 0.34055737, -0.88117313, -0.06963864
14386823481000, 0.3231477, -0.8881981, -0.06658431
14386828466000, 0.29810223, -0.86926126, -0.052534413
14386833464000, 0.2751948, -0.82527894, -0.040927973
14386838463000, 0.24862215, -0.7510588, -0.01740966
14386843482000, 0.19639318, -0.64751714, 9.162979E-4
14386848476000, 0.13500121, -0.5381723, 0.021685716
14386853459000, 0.0852157, -0.44257188, 0.042760566
14386858419000, 0.01740966, -0.3484986, 0.06261369
14386863480000, -0.048563786, -0.2779437, 0.08979719
14386868456000, -0.09468412, -0.2302962, 0.10781772
14386873464000, -0.14630222, -0.1994475, 0.12156218
14386878402000, -0.17806722, -0.18234327, 0.13988814
14386883463000, -0.18661933, -0.15149458, 0.14813483
14386888452000, -0.19975294, -0.13775012, 0.1685988
14386893478000, -0.18784106, -0.115453534, 0.17806722
14386898434000, -0.18997909, -0.09590584, 0.18570304
14386903463000, -0.1826487, -0.07544186, 0.18692477
14386908446000, -0.15699236, -0.05131268, 0.16982053
14386913472000, -0.14049901, -0.03268129, 0.15424347
14386918468000, -0.118202426, -0.03573562, 0.13744467
14386923510000, -0.06811147, -0.0290161, 0.1133155
14386928488000, -0.048258353, -0.03268129, 0.09773844
14386933466000, -0.035124753, -0.047647487, 0.081855945
14386938465000, -0.026267206, -0.06047566, 0.06811147
14386943480000, -0.027794369, -0.07422013, 0.056505036
14386948492000, -0.03481932, -0.09621128, 0.03573562
14386953501000, -0.05375614, -0.10567969, 0.025961773
14386958418000, -0.065973446, -0.13500121, 0.014660766
14386963505000, -0.087659165, -0.17256944, 0.005192355
14386968496000, -0.10629055, -0.20861048, -0.002443461
14386973610000, -0.12858713, -0.25595254, -0.016493361
14386978799000, -0.1282817, -0.29871312, -0.029321533
14386983507000, -0.15790866, -0.34972036, -0.03726278
14386988491000, -0.17012598, -0.40622538, -0.048563786
14386993475000, -0.17654006, -0.45998153, -0.058337633
14386998508000, -0.1881465, -0.48502702, -0.08399397
14387003459000, -0.17470746, -0.54428095, -0.092240654
14387008778000, -0.17134771, -0.6078109, -0.12644911
14387013474000, -0.16249016, -0.6765333, -0.13408493
14387018802000, -0.14935656, -0.7480045, -0.16462818
14387023494000, -0.15485434, -0.8359691, -0.17684549
14387028994000, -0.14049901, -0.915687, -0.19822577
14387033473000, -0.13836098, -0.9798279, -0.21227567
14387038451000, -0.129198, -1.0415252, -0.21471913
14387043483000, -0.115453534, -1.0797043, -0.22510384
14387048405000, -0.09101892, -1.1157454, -0.22327125
14387053455000, -0.057726767, -1.1496484, -0.20586158
14387058414000, -0.020158553, -1.181108, -0.17134771
14387063472000, 0.043982297, -1.219287, -0.12370021
14387068454000, 0.14049901, -1.235475, -0.064751714
14387073538000, 0.25442538, -1.2183707, -0.009773844
14387078470000, 0.37659842, -1.1777482, 0.041233405
14387083503000, 0.5131268, -1.0955868, 0.09193522
14387088449000, 0.63591075, -0.98349303, 0.13439035
14387093511000, 0.72082096, -0.8542951, 0.16676621
14387098494000, 0.7556403, -0.7870999, 0.21197024
14387103451000, 0.7538077, -0.62888575, 0.2321288
14387108478000, 0.7458665, -0.46089783, 0.27152961
14387113500000, 0.7058548, -0.29352075, 0.30543262
14387118460000, 0.63713247, -0.11209377, 0.34025195
14387123486000, 0.5491679, 0.054367006, 0.3707952
14387128476000, 0.48075095, 0.19333886, 0.39461896
14387133467000, 0.42271876, 0.3222314, 0.41813725
14387138481000, 0.36896262, 0.3979787, 0.4392121
14387143511000, 0.3399465, 0.44318274, 0.45204028
14387148539000, 0.32742378, 0.47219884, 0.46181414
14387153467000, 0.3115413, 0.48472157, 0.45998153
14387159197000, 0.29901853, 0.4905248, 0.45234573
14387163443000, 0.2959642, 0.4886922, 0.43463063
14387168462000, 0.2706133, 0.48624873, 0.3933972
14387173504000, 0.23151793, 0.4981606, 0.3481932
14387178505000, 0.17867808, 0.5186246, 0.301462
14387183468000, 0.121256754, 0.53023106, 0.23915374
14387188486000, 0.047647487, 0.56230146, 0.172264
14387193472000, -0.034513887, 0.5684101, 0.112399206
14387198471000, -0.1142318, 0.60139686, 0.08307768
14387203448000, -0.15974127, 0.63529986, 0.02076942
14387208480000, -0.25350907, 0.6719518, -0.030543262
14387213502000, -0.32803464, 0.7134906, -0.06383542
14387218501000, -0.40011674, 0.7651087, -0.11148291
14387223486000, -0.44776422, 0.7974846, -0.1600467
14387228510000, -0.4914411, 0.83077675, -0.19853121
14387233461000, -0.54061574, 0.84879726, -0.23060162
14387238534000, -0.5720753, 0.8350528, -0.23976462
14387243444000, -0.5842926, 0.82558435, -0.23640485
14387248503000, -0.5858198, 0.79779, -0.23518312
14387253422000, -0.59803706, 0.7501425, -0.22815818
14387258514000, -0.6365216, 0.68233645, -0.22510384
14387263401000, -0.7153232, 0.6032294, -0.22540927
14387268514000, -0.8222246, 0.52839845, -0.22602014
14387273538000, -0.96669424, 0.44257188, -0.226631
14387278499000, -1.103528, 0.37720928, -0.22968534
14387283446000, -1.185384, 0.32070425, -0.23182335
14387288541000, -1.1976013, 0.2434298, -0.22937989
14387293469000, -1.1090258, 0.20341812, -0.22143865
14387298505000, -1.0259482, 0.09773844, -0.21960606
14387303480000, -0.8216137, -0.04062254, -0.19425514
14387308477000, -0.56688297, -0.20525073, -0.14752395
14387313474000, -0.31123585, -0.36682457, -0.08032878
14387318522000, -0.07391469, -0.50518554, -0.017104227
14387323501000, 0.10323623, -0.5549711, 0.035430185
14387328508000, 0.22418754, -0.5299256, 0.087659165
14387333559000, 0.312763, -0.44898596, 0.13622294
14387338533000, 0.36254853, -0.31703907, 0.16035213
14387343721000, 0.376293, -0.14813483, 0.19242255
14387348502000, 0.34116822, 0.016493361, 0.21777347
14387353486000, 0.29840767, 0.18478674, 0.23426682
14387358411000, 0.25320363, 0.3652974, 0.24281894
14387363406000, 0.18784106, 0.5158757, 0.23976462
14387368498000, 0.12034045, 0.6282749, 0.23518312
14387373493000, 0.058643065, 0.6942484, 0.23396139
14387378559000, 0.0036651916, 0.68752885, 0.22235495
14387383399000, -0.02076942, 0.63804877, 0.21288654
14387388509000, -0.054061573, 0.54641896, 0.19211712
14387393406000, -0.062308256, 0.4822781, 0.17989981
14387398502000, -0.058948494, 0.34483343, 0.1423316
14387403422000, -0.064751714, 0.19120082, 0.11484267
