#Rate of rotation around the x y z axes (Angular velocity).
#timestamp(ns),x,y,z(rad/s)
#Datetime: 15/05/2015 17:41:35
##########################################
#Activity: 9 - CSO - Car Step-out - 6s
#Subject ID: 53
#First Name: sub53
#Last Name: sub53
#Age: 27
#Height(cm): 186
#Weight(kg): 120
#Gender: Male
##########################################

@DATA
1260646648000, -0.018936822, -0.0076358155, 0.0106901415
1260651692000, -0.029932396, -9.162979E-4, 0.009468411
1260656662000, -0.01863139, -0.004276057, 0.0036651916
1260661656000, -0.014660766, -0.004276057, 0.012217305
1260666682000, -0.025045475, -0.004581489, 0.011301007
1260671756000, -0.020158553, 9.162979E-4, 0.014966198
1260676669000, -0.03023783, 0.0012217305, 0.012217305
1260681752000, -0.026267206, -0.007330383, 0.0143553335
1260686711000, -0.018936822, -0.009773844, 0.008552114
1260691678000, -0.021380283, -0.00580322, 0.01282817
1260696648000, -0.015882496, -3.0543262E-4, 0.005192355
1260701686000, -0.014966198, 9.162979E-4, 0.01160644
1260706693000, -0.024740042, -0.0015271631, 0.009468411
1260711656000, -0.015271631, 0.0021380284, 0.007941248
1260716688000, -0.025961773, -0.0030543262, 0.015577064
1260721783000, -0.024129177, -0.0061086523, 0.004886922
1260726702000, -0.025961773, 0.0036651916, 0.012217305
1260731652000, -0.015882496, -0.008552114, 3.0543262E-4
1260736695000, -0.014966198, -0.0036651916, 0.00580322
1260741695000, -0.016798794, -6.1086525E-4, 0.0076358155
1260746694000, -0.022907447, 0.003970624, 0.0067195175
1260751753000, -0.017104227, -9.162979E-4, 0.007941248
1260756703000, -0.010079277, -9.162979E-4, 0.0030543262
1260761668000, -0.01985312, -0.0015271631, 0.0015271631
1260766681000, -0.016798794, 0.0012217305, 0.004276057
1260771710000, -0.006414085, 0.0030543262, 0.0033597588
1260776678000, -0.014049901, 0.0033597588, -0.0033597588
1260781648000, -0.018936822, -0.0018325958, 3.0543262E-4
1260786708000, -0.017715093, 0.0070249503, 0.0067195175
1260791677000, -0.025961773, 0.002443461, 0.005497787
1260796684000, -0.024740042, 0.0030543262, 0.0021380284
1260801673000, -0.029626964, -0.0036651916, 0.004581489
1260806676000, -0.02321288, 0.0061086523, 0.007941248
1260811712000, -0.02443461, -3.0543262E-4, 0.005497787
1260816734000, -0.024129177, -0.008552114, 0.011301007
1260821645000, -0.027794369, -0.007941248, 0.0106901415
1260826660000, -0.020158553, -0.0018325958, 0.011911872
1260831647000, -0.01985312, 0.0027488936, 0.011911872
1260836709000, -0.02443461, 0.0021380284, 0.002443461
1260841695000, -0.016798794, 0.002443461, 0.0067195175
1260846695000, -0.033292156, 0.0018325958, 0.010079277
1260851686000, -0.024740042, -0.002443461, 0.009162978
1260856658000, -0.028710667, -3.0543262E-4, 0.014966198
1260861646000, -0.021685716, 0.009773844, 0.013439035
1260867363000, -0.023823744, 0.004276057, 0.008246681
1260871711000, -0.02076942, 6.1086525E-4, 0.016493361
1260876673000, -0.03359759, 0.0076358155, 0.0143553335
1260881653000, -0.030543262, 0.0036651916, 0.015882496
1260886720000, -0.03268129, 0.0070249503, 0.014966198
1260891696000, -0.03573562, 0.004886922, 0.0143553335
1260896651000, -0.027794369, 0.0061086523, 0.009162978
1260901680000, -0.025961773, 0.004581489, 0.011911872
1260906662000, -0.026572637, 0.004581489, 0.011301007
1260911646000, -0.03176499, 0.004581489, 0.011911872
1260916694000, -0.027488936, -0.0015271631, 0.012217305
1260921725000, -0.02565634, 0.0106901415, 0.018325957
1260926745000, -0.026267206, -3.0543262E-4, 0.0143553335
1260931645000, -0.021991149, 0.008857546, 0.014660766
1260937442000, -0.02443461, 0.0076358155, 0.010995574
1260941661000, -0.028405234, 0.003970624, 0.010079277
1260946648000, -0.02321288, 0.005497787, 0.007330383
1260951674000, -0.018325957, 0.008857546, 0.013744468
1260956666000, -0.022602014, 0.0067195175, 0.01160644
1260961658000, -0.015271631, 9.162979E-4, 0.004581489
1260966707000, -0.024129177, 0.002443461, 0.008246681
1260971702000, -0.021685716, 0.006414085, 0.004276057
1260976657000, -0.029626964, 0.0021380284, 0.0021380284
1260981647000, -0.032070424, 0.004886922, 6.1086525E-4
1260986687000, -0.017104227, 0.006414085, 0.0036651916
1260991663000, -0.015271631, 0.01160644, 0.01160644
1260996647000, -0.025350908, 0.004886922, 0.0106901415
1261001680000, -0.027488936, 0.003970624, 0.005497787
1261006849000, -0.015577064, 0.0030543262, 0.005497787
1261011656000, -0.022602014, 0.0030543262, 0.0027488936
1261016678000, -0.022907447, 0.0021380284, 0.007330383
1261021738000, -0.02076942, 0.0106901415, 0.007941248
1261026658000, -0.023518313, 0.005497787, 0.004886922
1261031653000, -0.01863139, 0.0018325958, 0.008246681
1261036700000, -0.025045475, 0.01038471, 0.0106901415
1261041654000, -0.027794369, 0.008246681, 0.007330383
1261046650000, -0.020158553, 0.004886922, 0.008552114
1261051667000, -0.018936822, 0.0021380284, 0.008246681
1261056686000, -0.015577064, 0.007941248, 0.0143553335
1261061653000, -0.021380283, 0.009773844, 0.01160644
1261066673000, -0.02565634, 0.008552114, 0.015882496
1261071774000, -0.021991149, 0.005497787, 0.0070249503
1261076893000, -0.027488936, 0.0027488936, 0.0076358155
1261081694000, -0.025045475, 0.007941248, 0.006414085
1261086746000, -0.01863139, 0.005192355, 0.01038471
1261091713000, -0.01985312, 0.0030543262, 0.011301007
1261096695000, -0.03023783, -3.0543262E-4, 0.007941248
1261101690000, -0.024740042, -0.0036651916, 0.0143553335
1261106704000, -0.030848695, 0.007941248, 0.011301007
1261111652000, -0.02687807, 0.0076358155, 0.010995574
1261116679000, -0.02443461, 0.0027488936, 0.004276057
1261121782000, -0.029321533, 0.0036651916, 0.0012217305
1261126706000, -0.03970624, 0.004581489, -0.0018325958
1261131684000, -0.042760566, 0.014049901, 0.0015271631
1261136746000, -0.034513887, 0.02443461, -0.011301007
1261141652000, -0.050396383, 0.03940081, -0.012217305
1261146669000, -0.05467244, 0.04886922, -0.018325957
1261151678000, -0.06566802, 0.07269296, -0.033292156
1261156676000, -0.0571159, 0.080634214, -0.040317107
1261161645000, -0.054061573, 0.09193522, -0.040011674
1261166678000, -0.06688975, 0.09560041, -0.05375614
1261171703000, -0.076052725, 0.101098195, -0.070554934
1261176657000, -0.06688975, 0.09437868, -0.07880162
1261181645000, -0.06719518, 0.087964594, -0.087964594
1261186687000, -0.08246681, 0.07971791, -0.10445796
1261192397000, -0.08460484, 0.065973446, -0.12186762
1261196658000, -0.089186326, 0.054061573, -0.13683382
1261201703000, -0.106595986, 0.009773844, -0.15271631
1261206663000, -0.11362094, -0.0027488936, -0.16737708
1261211648000, -0.13103059, 0.013439035, -0.19211712
1261216676000, -0.15393804, 0.015882496, -0.19272798
1261221820000, -0.16676621, 0.011911872, -0.19547687
1261226659000, -0.16920967, 0.005497787, -0.20219639
1261231648000, -0.17501289, -0.023823744, -0.21197024
1261236767000, -0.16737708, -0.016798794, -0.22602014
1261241656000, -0.15393804, 0.029932396, -0.24465153
1261246650000, -0.16584991, 0.07574729, -0.2648101
1261251682000, -0.1872302, 0.1255328, -0.27275133
1261256675000, -0.22479841, 0.18203785, -0.2837469
1261262348000, -0.2648101, 0.22204952, -0.30757064
1261266684000, -0.2855795, 0.23548855, -0.3313944
1261271784000, -0.31795537, 0.2406809, -0.37323865
1261276713000, -0.34208453, 0.25167647, -0.4025602
1261281646000, -0.34330627, 0.26816985, -0.464563
1261286752000, -0.34391713, 0.2669481, -0.4801401
1261291653000, -0.3390302, 0.27030787, -0.49663344
1261296650000, -0.3390302, 0.2941316, -0.5342017
1261301682000, -0.33444872, 0.30390546, -0.56688297
1261306663000, -0.31429017, 0.34116822, -0.58368176
1261311650000, -0.31581733, 0.3652974, -0.59895337
1261316683000, -0.31031954, 0.41630468, -0.6056729
1261321738000, -0.31031954, 0.4456262, -0.6065892
1261326715000, -0.3173445, 0.46517387, -0.6218608
1261331911000, -0.31887165, 0.46792278, -0.6236934
1261336693000, -0.3304781, 0.47555858, -0.6203337
1261341659000, -0.35827246, 0.4550946, -0.63621616
1261346650000, -0.37812558, 0.4352415, -0.64904433
1261351684000, -0.40286562, 0.41325033, -0.66339964
1261356714000, -0.42088616, 0.40622538, -0.68386364
1261361658000, -0.43249258, 0.42271876, -0.70005155
1261366685000, -0.45020768, 0.42088616, -0.70188415
1261371696000, -0.46792278, 0.44806966, -0.7098254
1261376669000, -0.4709771, 0.47983465, -0.72051555
1261381658000, -0.4978552, 0.51343226, -0.73273283
1261386684000, -0.5122105, 0.5467244, -0.7672467
1261391662000, -0.52870387, 0.54428095, -0.7733554
1261396667000, -0.51893, 0.5360342, -0.79137594
1261401918000, -0.50243664, 0.516792, -0.81092364
1261406724000, -0.4868596, 0.47891834, -0.8176431
1261411702000, -0.473726, 0.43982297, -0.840856
1261416721000, -0.47067168, 0.43096542, -0.86009824
1261421899000, -0.47403142, 0.441961, -0.8940013
1261426675000, -0.47403142, 0.43310347, -0.91599244
1261432000000, -0.46975538, 0.4352415, -0.93767816
1261436696000, -0.47952923, 0.4474588, -0.9807441
1261442133000, -0.48380527, 0.45662177, -1.0161743
1261446662000, -0.48808134, 0.44959682, -1.0488557
1261451655000, -0.4877759, 0.45814893, -1.0815369
1261456667000, -0.48808134, 0.4428773, -1.094976
1261461630000, -0.49021935, 0.42302418, -1.1029172
1261466676000, -0.48472157, 0.42180246, -1.1145236
1261471760000, -0.4792238, 0.41263947, -1.1187997
1261476737000, -0.46822822, 0.37659842, -1.1316279
1261481647000, -0.44318274, 0.34422258, -1.1478158
1261486666000, -0.4202753, 0.30665436, -1.1640037
1261491655000, -0.3820962, 0.26450464, -1.185384
1261496660000, -0.33933565, 0.17928895, -1.1976013
1261501685000, -0.2947425, 0.08979719, -1.2034045
1261506658000, -0.25167647, -0.006414085, -1.2049317
1261511647000, -0.21105394, -0.06872234, -1.2238685
1261516724000, -0.13530666, -0.093462385, -1.2284501
1261521760000, -0.080634214, -0.06505715, -1.2305881
1261526634000, -0.033292156, -0.04184427, -1.2388347
1261531645000, 0.03634648, -0.013744468, -1.2425
1261536668000, 0.0693332, 0.005192355, -1.2379184
1261541657000, 0.12034045, 0.013744468, -1.2202033
1261546656000, 0.1441642, 0.0012217305, -1.1979067
1261551683000, 0.13744467, -0.005192355, -1.1777482
1261556664000, 0.14782938, -0.005192355, -1.1429288
1261561643000, 0.14385876, 0.016798794, -1.1053606
1261566688000, 0.1414153, 0.042455133, -1.0845913
1261571795000, 0.1386664, 0.07849618, -1.0387764
1261576808000, 0.13988814, 0.12217305, -0.9999864
1261581678000, 0.15363261, 0.13927728, -0.95630956
1261587599000, 0.17531833, 0.15241088, -0.8900307
1261591656000, 0.22693644, 0.14844026, -0.86498517
1261596661000, 0.24281894, 0.13500121, -0.81489426
1261601657000, 0.2919936, 0.112399206, -0.7715228
1261606750000, 0.32284227, 0.077579886, -0.7284568
1261611663000, 0.35216382, 0.035124753, -0.6786713
1261616760000, 0.37232238, -0.013744468, -0.63438356
1261621661000, 0.39003745, -0.070554934, -0.57726765
1261626716000, 0.40103304, -0.16035213, -0.5149594
1261631636000, 0.41905355, -0.2556471, -0.44715336
1261636693000, 0.4266894, -0.3371976, -0.37751472
1261641648000, 0.41538838, -0.39828414, -0.30298916
1261646702000, 0.40744713, -0.40225476, -0.23701571
1261651735000, 0.3866777, -0.38759398, -0.16523905
1261657407000, 0.36468655, -0.35338554, -0.12095132
1261661677000, 0.34605515, -0.3387248, -0.07269296
1261666731000, 0.32925636, -0.30543262, -0.053145275
1261672782000, 0.3203988, -0.27458394, 0.003970624
1261676678000, 0.30268374, -0.25534168, 0.022296581
1261681762000, 0.3005457, -0.23243423, 0.064446285
1261686641000, 0.30115658, -0.19486602, 0.118202426
1261691677000, 0.30940324, -0.16187929, 0.16615535
1261696643000, 0.32834008, -0.12736541, 0.21624629
1261701674000, 0.3472769, -0.08735373, 0.2666427
1261706733000, 0.3735441, -0.06047566, 0.32467487
1261711651000, 0.39553526, -0.026267206, 0.37904188
1261717389000, 0.40775254, 0.006414085, 0.4251622
1261721825000, 0.43127087, 0.026267206, 0.4596761
1261726731000, 0.44165558, 0.040317107, 0.48624873
1261731644000, 0.4605924, 0.052839845, 0.5161811
1261736701000, 0.4908302, 0.04520403, 0.5323691
1261741713000, 0.52503866, 0.017104227, 0.5510005
1261746759000, 0.5702427, -0.03023783, 0.56199604
1261751725000, 0.59681535, -0.083383106, 0.56077427
1261756722000, 0.623388, -0.12644911, 0.5589417
1261761749000, 0.6392705, -0.14355333, 0.52534413
1261766686000, 0.6377433, -0.17195857, 0.50579643
1261771763000, 0.63285637, -0.20372356, 0.4288274
1261776745000, 0.59559363, -0.24098633, 0.31703907
1261781646000, 0.5345071, -0.27947086, 0.13652839
1261786687000, 0.4437936, -0.32803464, -0.08460484
1261791653000, 0.3491095, -0.37934732, -0.3100141
1261796714000, 0.2706133, -0.40194935, -0.49693888
1261801686000, 0.24007004, -0.3643811, -0.6218608
1261806673000, 0.26542094, -0.25381452, -0.68508536
1261811647000, 0.34788775, -0.07422013, -0.70157874
1261816680000, 0.44623706, 0.15668693, -0.65148777
1261821699000, 0.5213735, 0.43860126, -0.569021
1261826647000, 0.5864306, 0.71868294, -0.46486846
1261831646000, 0.6291912, 0.9502009, -0.34880406
1261836701000, 0.66675943, 1.0864239, -0.23915374
1261841651000, 0.6976081, 1.1297953, -0.14752395
1261846649000, 0.7290677, 1.0818423, -0.079107046
1261851679000, 0.72509706, 0.96669424, -0.028710667
1261856655000, 0.70249504, 0.8915578, -0.008246681
1261861648000, 0.6612616, 0.72234815, -0.002443461
1261866681000, 0.63407815, 0.53786683, 0.0061086523
1261871709000, 0.5702427, 0.35063666, 0.0061086523
1261876664000, 0.4990769, 0.1740966, -0.0106901415
1261881645000, 0.4373795, 0.015882496, -0.028405234
1261886709000, 0.38362336, -0.1432479, -0.0571159
1261891653000, 0.32895094, -0.28588495, -0.0870483
1261896646000, 0.2932153, -0.40591997, -0.118202426
1261901677000, 0.2565634, -0.4550946, -0.14782938
1261906641000, 0.21838433, -0.46578476, -0.15699236
1261912307000, 0.18173242, -0.43890667, -0.16982053
1261916691000, 0.17501289, -0.35308012, -0.17928895
1261921799000, 0.20311269, -0.20891592, -0.17684549
1261926692000, 0.2434298, -0.038789943, -0.16646078
1261931683000, 0.30543262, 0.13530666, -0.12858713
1261936685000, 0.34208453, 0.26297748, -0.09407325
1261941653000, 0.34513888, 0.3390302, -0.027183503
1261946646000, 0.3145956, 0.3417791, 0.015271631
1261951669000, 0.25809056, 0.30207285, 0.03940081
1261956666000, 0.20647246, 0.25534168, 0.058643065
1261961657000, 0.17623462, 0.1695151, 0.06811147
1261966679000, 0.12522738, 0.092240654, 0.064751714
1261971763000, 0.09101892, 0.028405234, 0.05497787
1261976769000, 0.083383106, 0.0015271631, 0.043982297
1261982156000, 0.096516706, -0.0036651916, 0.030543262
1261986694000, 0.12705997, 0.018936822, 0.015271631
1261991997000, 0.1731803, 0.021991149, -0.0015271631
1261996652000, 0.21380283, 0.032986723, -0.026267206
1262001689000, 0.23304509, 0.042455133, -0.03604105
1262006678000, 0.24801129, 0.04795292, -0.059253927
1262011635000, 0.24770586, 0.041233405, -0.07971791
1262016681000, 0.2415972, 0.021991149, -0.094989546
1262021791000, 0.24251351, -0.0036651916, -0.118202426
1262026734000, 0.2443461, -0.043066, -0.13958271
1262031650000, 0.24129178, -0.070249505, -0.15485434
1262036701000, 0.2452624, -0.09682214, -0.17195857
1262041654000, 0.258396, -0.11301007, -0.18906279
1262046656000, 0.28680122, -0.105374254, -0.19639318
1262052101000, 0.2941316, -0.07819075, -0.20708331
1262056668000, 0.32986724, -0.040317107, -0.20861048
1262061656000, 0.33841935, 0.022296581, -0.21227567
1262066683000, 0.37110063, 0.106595986, -0.2125811
1262071783000, 0.39370266, 0.19150625, -0.21533
1262076747000, 0.41691554, 0.26389378, -0.21471913
1262081648000, 0.42149702, 0.32711834, -0.2134974
1262086674000, 0.43096542, 0.3585779, -0.21868975
1262091671000, 0.4382958, 0.37293324, -0.21288654
1262096632000, 0.42088616, 0.38973203, -0.21471913
1262101692000, 0.41691554, 0.38728857, -0.21105394
1262106642000, 0.40622538, 0.40744713, -0.2003638
1262111650000, 0.38606682, 0.41599923, -0.18509217
1262116683000, 0.36285394, 0.41630468, -0.17012598
1262121817000, 0.34330627, 0.4184427, -0.15943582
1262126680000, 0.32467487, 0.4083634, -0.13958271
1262131645000, 0.30848694, 0.41905355, -0.1151481
1262137356000, 0.2941316, 0.40775254, -0.0983493
1262141678000, 0.29229903, 0.4156938, -0.077579886
1262146689000, 0.30665436, 0.42241332, -0.05497787
1262151687000, 0.31490102, 0.42546764, -0.030848695
1262156682000, 0.33658674, 0.41508293, -0.021380283
1262161688000, 0.34116822, 0.38240165, 0.0106901415
1262166675000, 0.3463606, 0.33475417, 0.037873644
1262171697000, 0.35888332, 0.28405234, 0.059864793
1262176679000, 0.3594942, 0.23701571, 0.09162979
1262181647000, 0.33841935, 0.18967366, 0.124311075
1262186701000, 0.3213151, 0.14202617, 0.13958271
1262191670000, 0.27916542, 0.11636983, 0.1563815
1262196648000, 0.23335053, 0.08368854, 0.17073683
1262201671000, 0.19639318, 0.06505715, 0.18509217
1262206685000, 0.14538592, 0.040927973, 0.18784106
1262211647000, 0.10903945, 0.00580322, 0.19364429
1262216679000, 0.10293079, -0.03848451, 0.1994475
1262221715000, 0.09896017, -0.08552113, 0.18570304
1262226652000, 0.11881329, -0.12980886, 0.17898351
1262231645000, 0.15088372, -0.17959438, 0.1704314
1262237416000, 0.1966986, -0.21655174, 0.15210545
1262241658000, 0.26175576, -0.25259277, 0.14569137
1262246648000, 0.34055737, -0.2751948, 0.12889257
1262251665000, 0.408058, -0.28619036, 0.12370021
1262256663000, 0.43585235, -0.31887165, 0.10140363
1262261670000, 0.5305365, -0.3213151, 0.07360926
1262266671000, 0.5876524, -0.30695978, 0.048258353
1262271771000, 0.62796944, -0.32284227, 0.025045475
1262276712000, 0.6621779, -0.32253686, -0.004581489
1262281624000, 0.66950834, -0.3191771, -0.028710667
1262286691000, 0.68600166, -0.32895094, -0.046120327
1262291656000, 0.6606508, -0.34666604, -0.070249505
1262296649000, 0.6420194, -0.3555236, -0.090713486
1262301676000, 0.6114761, -0.376293, -0.089186326
1262307500000, 0.5693264, -0.38728857, -0.10170906
1262311659000, 0.5412266, -0.40744713, -0.100792766
1262316672000, 0.49541172, -0.41996986, -0.10751228
1262322296000, 0.45234573, -0.44868052, -0.112399206
1262326721000, 0.40775254, -0.47586402, -0.113926366
1262331667000, 0.3640757, -0.49327368, -0.13072516
1262336705000, 0.33964106, -0.49754974, -0.13316862
1262341656000, 0.30818152, -0.50518554, -0.14630222
1262346648000, 0.2843578, -0.50793445, -0.14996742
1262351676000, 0.2611449, -0.5018258, -0.1572978
1262356678000, 0.24648413, -0.5006041, -0.16249016
1262361651000, 0.22632557, -0.48899764, -0.16707164
1262366675000, 0.21166481, -0.48288897, -0.17165314
1262371712000, 0.20189096, -0.49663344, -0.17501289
1262377158000, 0.1881465, -0.50732356, -0.17501289
1262381649000, 0.16829337, -0.537256, -0.17012598
1262386701000, 0.15149458, -0.571159, -0.1563815
1262391667000, 0.119729586, -0.59773165, -0.15607607
1262396661000, 0.09254608, -0.60139686, -0.16340645
1262401672000, 0.052839845, -0.6075055, -0.15118915
1262406617000, 0.007330383, -0.5910121, -0.15149458
1262411628000, -0.044898596, -0.57635134, -0.14630222
1262416597000, -0.12461651, -0.54733527, -0.14996742
1262421637000, -0.18661933, -0.52381694, -0.15790866
1262426575000, -0.258396, -0.4908302, -0.16462818
1262431583000, -0.31031954, -0.48349985, -0.17470746
1262436604000, -0.3594942, -0.47678033, -0.1777618
1262441579000, -0.38637227, -0.46273044, -0.18570304
1262446572000, -0.4034765, -0.4529566, -0.17867808
1262451630000, -0.40408736, -0.43890667, -0.18173242
1262456613000, -0.3979787, -0.4370741, -0.16432275
1262461607000, -0.37812558, -0.4007276, -0.1469131
1262466635000, -0.3436117, -0.34391713, -0.12614368
1262471645000, -0.2959642, -0.30848694, -0.10476339
1262476636000, -0.25473082, -0.24862215, -0.07727446
1262481605000, -0.20861048, -0.21746802, -0.056199603
1262486675000, -0.16279559, -0.183565, -0.03023783
1262491682000, -0.13530666, -0.16707164, -0.018936822
1262496625000, -0.10842858, -0.18600847, -0.0033597588
1262501648000, -0.07849618, -0.2098322, 0.0061086523
1262506987000, -0.058948494, -0.23487769, 0.012217305
1262511647000, -0.011301007, -0.2565634, 0.021380283
1262516680000, 0.04917465, -0.2648101, 0.02443461
1262521757000, 0.096516706, -0.27275133, 0.026572637
1262526628000, 0.14110987, -0.28191432, 0.038179077
1262531642000, 0.18112154, -0.28008172, 0.047647487
1262536653000, 0.2284636, -0.2660318, 0.055283304
1262541654000, 0.24709499, -0.25870144, 0.07544186
1262546669000, 0.23915374, -0.23579398, 0.087964594
1262551688000, 0.22999077, -0.21685717, 0.10323623
1262556719000, 0.19761491, -0.20799962, 0.12736541
1262561740000, 0.16065755, -0.2171626, 0.14294247
1262566681000, 0.12583824, -0.22296582, 0.16310102
1262571717000, 0.080634214, -0.23640485, 0.18448131
1262576679000, 0.041233405, -0.24923302, 0.2125811
1262581643000, 0.0033597588, -0.27091873, 0.2284636
1262586714000, -0.032070424, -0.28038713, 0.24312437
1262591654000, -0.05681047, -0.29168814, 0.26511553
1262597265000, -0.062308256, -0.2837469, 0.28191432
1262601673000, -0.070249505, -0.2687807, 0.28496864
1262606723000, -0.07391469, -0.25259277, 0.29657507
1262611649000, -0.07727446, -0.23548855, 0.3036
1262616700000, -0.06963864, -0.21685717, 0.29657507
1262621748000, -0.070554934, -0.21930063, 0.2947425
1262626743000, -0.06841691, -0.2125811, 0.28619036
1262631697000, -0.043676864, -0.21074851, 0.27977628
1262636693000, -0.016187929, -0.22937989, 0.25350907
1262641649000, 0.04520403, -0.23182335, 0.2275473
1262646651000, 0.076358154, -0.22815818, 0.22510384
1262651670000, 0.15363261, -0.2312125, 0.22143865
1262656693000, 0.22388211, -0.2312125, 0.19822577
1262661649000, 0.31520647, -0.22540927, 0.17104226
1262667382000, 0.41538838, -0.24709499, 0.13164146
1262671692000, 0.5580254, -0.23915374, 0.12980886
1262676662000, 0.6056729, -0.23640485, 0.11026118
1262681625000, 0.675617, -0.25320363, 0.08552113
1262686691000, 0.7654142, -0.2666427, 0.052534413
1262691691000, 0.8237518, -0.24495697, 0.051923547
1262696649000, 0.86590147, -0.21533, 0.037873644
1262701665000, 0.90285885, -0.18325958, 0.015882496
1262706677000, 0.929126, -0.16737708, -0.029626964
1262711670000, 0.9627236, -0.11911872, -0.05467244
1262716724000, 1.0012082, -0.09193522, -0.09010262
1262721848000, 1.0305296, -0.07269296, -0.14294247
1262726699000, 1.0803152, -0.060170226, -0.19517145
1262731672000, 1.1475104, -0.073303826, -0.27855456
1262737149000, 1.2147056, -0.06780604, -0.3173445
1262741640000, 1.2983941, -0.060170226, -0.33444872
1262746688000, 1.3240504, -0.051618114, -0.3747658
1262751682000, 1.3881912, -0.044898596, -0.43585235
1262756679000, 1.4801265, -0.049785517, -0.47891834
1262761666000, 1.5589281, -0.062002823, -0.548557
1262766696000, 1.6450601, -0.05681047, -0.58062744
1262771778000, 1.7427986, -0.030543262, -0.59040123
1262776700000, 1.8099937, -0.004581489, -0.6133087
1262781645000, 1.8729129, 0.031154128, -0.62980205
1262786676000, 1.9370537, 0.043066, -0.66798115
1262791654000, 1.9645426, 0.07147124, -0.675617
1262796658000, 1.9963076, 0.07941248, -0.67073005
1262801675000, 2.0109684, 0.06994407, -0.6640105
1262806849000, 2.0210476, 0.074830994, -0.64568454
1262811646000, 2.0216584, 0.099571034, -0.63194007
1262816706000, 2.0152445, 0.103847094, -0.63438356
1262821737000, 2.007914, 0.12522738, -0.61819565
1262826632000, 2.0027218, 0.10995574, -0.5852089
1262831686000, 1.9883664, 0.09468412, -0.56138515
1262836661000, 1.9840903, 0.084910266, -0.539394
1262841651000, 1.9526308, 0.042455133, -0.52564955
1262846670000, 1.9459113, 0.014966198, -0.50671273
1262851691000, 1.919644, -0.03176499, -0.4831944
1262856693000, 1.9000963, -0.050701816, -0.47036624
1262861645000, 1.865277, -0.07849618, -0.45753807
1262866708000, 1.8411479, -0.08735373, -0.453262
1262871767000, 1.824349, -0.08246681, -0.46486846
1262876662000, 1.8161024, -0.070249505, -0.46944994
1262881644000, 1.8118263, -0.03726278, -0.4718934
1262886830000, 1.8029687, 0.007330383, -0.47555858
1262891655000, 1.7935003, 0.06414085, -0.47128254
1262896649000, 1.7779233, 0.14049901, -0.45570546
1262901639000, 1.7806722, 0.1957823, -0.4361578
1262906699000, 1.7699821, 0.22174409, -0.41325033
1262911647000, 1.7440202, 0.21838433, -0.37751472
1262916732000, 1.7278323, 0.20861048, -0.33964106
1262922372000, 1.6966782, 0.19364429, -0.30757064
1262926653000, 1.6722436, 0.18448131, -0.28099802
1262931639000, 1.6154331, 0.16401732, -0.25320363
1262936720000, 1.5598444, 0.15515977, -0.22479841
1262941711000, 1.5259414, 0.1414153, -0.2144137
1262946744000, 1.5112807, 0.15210545, -0.18753563
1262951678000, 1.46852, 0.1704314, -0.16890424
1262956782000, 1.4132367, 0.18081611, -0.16279559
1262961649000, 1.378112, 0.20738874, -0.15515977
1262966726000, 1.3448198, 0.21960606, -0.1459968
1262971785000, 1.3316863, 0.24007004, -0.1469131
1262976703000, 1.3087788, 0.24495697, -0.1459968
1262981647000, 1.3252722, 0.22235495, -0.14630222
1262986651000, 1.3252722, 0.17928895, -0.14446963
1262992336000, 1.3179418, 0.12370021, -0.15271631
1262996647000, 1.3121386, 0.08368854, -0.14966199
1263001676000, 1.2883148, 0.07666359, -0.15271631
1263006706000, 1.2712106, 0.07880162, -0.15241088
1263011652000, 1.2571607, 0.09773844, -0.13500121
1263017590000, 1.244027, 0.12889257, -0.13469578
1263021780000, 1.2360858, 0.1459968, -0.118202426
1263026690000, 1.2339478, 0.19730948, -0.07574729
1263031646000, 1.2366967, 0.22204952, -0.029321533
1263036660000, 1.2415836, 0.21991149, -0.011301007
1263041657000, 1.2302825, 0.20066923, 0.037873644
1263046647000, 1.196685, 0.18906279, 0.09315695
1263051676000, 1.1551461, 0.18997909, 0.14630222
1263056710000, 1.1282681, 0.20463985, 0.20250183
1263062037000, 1.1096367, 0.20586158, 0.2507602
1263066720000, 1.0943651, 0.2180789, 0.28863382
1263071792000, 1.0858129, 0.24190263, 0.33322698
1263076708000, 1.0693196, 0.27397305, 0.34972036
1263081644000, 1.0528263, 0.28802297, 0.35888332
1263086688000, 1.0259482, 0.33078352, 0.3848451
1263091686000, 0.9981538, 0.3549127, 0.40225476
1263096690000, 0.98440933, 0.37782016, 0.43157628
1263101725000, 0.9761627, 0.39828414, 0.4596761
1263106725000, 0.9682214, 0.43279803, 0.49846604
1263111644000, 0.926988, 0.46731192, 0.53786683
1263116733000, 0.89766645, 0.5009095, 0.5626069
1263121703000, 0.8784242, 0.5195409, 0.60231316
1263126748000, 0.8573494, 0.5363397, 0.6377433
1263131713000, 0.8347474, 0.5403103, 0.6759224
1263136695000, 0.8127562, 0.54183745, 0.6973027
1263141667000, 0.788627, 0.5458081, 0.7351763
1263146646000, 0.75228053, 0.5403103, 0.7840455
1263152053000, 0.7244862, 0.52687126, 0.82833326
1263156712000, 0.6969972, 0.51251596, 0.87109387
1263161657000, 0.6612616, 0.4905248, 0.93279123
1263166715000, 0.6310238, 0.45723262, 0.9746355
1263171771000, 0.6026186, 0.46975538, 1.0149527
1263176707000, 0.57940567, 0.5412266, 1.0461067
1263181643000, 0.5705481, 0.5571091, 1.0775663
1263186684000, 0.5867361, 0.6224717, 1.1203269
1263191656000, 0.59589905, 0.63804877, 1.1154399
1263196650000, 0.6102544, 0.6221663, 1.1145236
1263201694000, 0.5992588, 0.627664, 1.0995574
1263206701000, 0.605062, 0.6435465, 1.0662653
1263211648000, 0.605062, 0.657291, 1.0283916
1263216681000, 0.6010914, 0.64751714, 0.9984592
1263221776000, 0.602924, 0.6411031, 0.9783007
1263226720000, 0.6151413, 0.625526, 1.0002918
1263231647000, 0.6258314, 0.61086524, 1.0076222
1263236677000, 0.6365216, 0.62858033, 1.0103711
1263241660000, 0.6737844, 0.61453044, 1.0341948
1263246651000, 0.6942484, 0.5522222, 1.0607675
1263251686000, 0.73273283, 0.47494772, 1.0784826
1263256743000, 0.7449502, 0.40408736, 1.0922271
1263261656000, 0.75136423, 0.34788775, 1.1111639
1263266689000, 0.7602218, 0.30176744, 1.1282681
1263271800000, 0.7623598, 0.258396, 1.1462886
1263276709000, 0.75411314, 0.20463985, 1.1826351
1263281681000, 0.7651087, 0.1563815, 1.2244794
1263286652000, 0.75747293, 0.099571034, 1.2861768
1263291655000, 0.75900006, 0.0290161, 1.3359623
1263296629000, 0.75747293, -0.057726767, 1.3649784
1263301673000, 0.76083267, -0.11728613, 1.3875804
1263306799000, 0.7874053, -0.160963, 1.3854424
1263311654000, 0.8191703, -0.19456059, 1.3747523
1263317388000, 0.8549059, -0.21135938, 1.3655893
1263321756000, 0.8744536, -0.23915374, 1.3735305
1263326746000, 0.91599244, -0.24312437, 1.3680327
1263331646000, 0.9569204, -0.2593123, 1.3625349
1263336699000, 0.9755518, -0.2678644, 1.3723087
1263341645000, 1.0067059, -0.27091873, 1.3753631
1263346648000, 1.028697, -0.2761111, 1.3756685
1263351690000, 1.0677924, -0.26908615, 1.3759739
1263356750000, 1.1032226, -0.27977628, 1.3564262
1263361676000, 1.0995574, -0.2874121, 1.3405437
1263366711000, 1.1059716, -0.29535335, 1.3222178
1263372074000, 1.1120802, -0.3005457, 1.3057245
1263376663000, 1.1374311, -0.29749137, 1.2880094
1263381632000, 1.1523973, -0.29168814, 1.2867876
1263387174000, 1.1682798, -0.28955013, 1.2983941
1263391637000, 1.1670581, -0.2874121, 1.3100005
1263396703000, 1.2021828, -0.2864958, 1.3326025
1263401687000, 1.2238685, -0.30695978, 1.3503176
1263406692000, 1.2409728, -0.3286455, 1.38025
1263411701000, 1.2556335, -0.32436943, 1.4074335
1263416747000, 1.2684617, -0.3173445, 1.426065
1263421734000, 1.3020593, -0.29932398, 1.4544702
1263426719000, 1.3322971, -0.2883284, 1.4703526
1263431756000, 1.3472633, -0.2855795, 1.4743233
1263436616000, 1.3738359, -0.28802297, 1.4850134
1263441608000, 1.393689, -0.29749137, 1.4792101
1263446601000, 1.3991868, -0.34605515, 1.4795157
1263451604000, 1.4138476, -0.376293, 1.459968
1263456566000, 1.3994923, -0.41355577, 1.4563028
1263461562000, 1.4040737, -0.43860126, 1.4355333
1263466582000, 1.4034629, -0.4596761, 1.4184291
1263471595000, 1.4037683, -0.4896085, 1.3961325
1263476564000, 1.3946054, -0.4990769, 1.3732251
1263481561000, 1.4104879, -0.54611355, 1.3573426
1263486585000, 1.4333953, -0.6047566, 1.3503176
1263491566000, 1.4471397, -0.6579019, 1.344209
1263496561000, 1.4514158, -0.66828656, 1.3374895
1263501639000, 1.4657712, -0.6731735, 1.3365731
1263506632000, 1.4688255, -0.7031059, 1.3307699
1263511623000, 1.4905112, -0.71837753, 1.3387111
1263516656000, 1.5170839, -0.78038037, 1.3234396
1263521693000, 1.5540411, -0.8491027, 1.2815952
1263526612000, 1.5439619, -0.9764681, 1.2779301
1263531662000, 1.5528195, -1.0375546, 1.2889256
1263536628000, 1.5784758, -1.1533136, 1.2583824
1263541629000, 1.5968018, -1.1808025, 1.2473868
1263546607000, 1.6239853, -1.2290609, 1.2476922
1263551659000, 1.6658295, -1.2788464, 1.210124
1263556696000, 1.7162259, -1.3185526, 1.1701124
1263561650000, 1.7440202, -1.3109168, 1.1325442
1263566714000, 1.7742581, -1.2907583, 1.1221595
1263571842000, 1.8148806, -1.3008375, 1.0772609
1263576640000, 1.8148806, -1.3225232, 1.0180069
1263581648000, 1.8383989, -1.284955, 0.9633345
1263586688000, 1.8286251, -1.2629639, 0.8594874
1263591673000, 1.8203784, -1.2479976, 0.7254025
1263596646000, 1.8008307, -1.2431108, 0.59040123
1263601669000, 1.7626517, -1.2486086, 0.43493605
1263606731000, 1.7461584, -1.287704, 0.26908615
1263611652000, 1.7189748, -1.3750577, 0.10842858
1263616724000, 1.679574, -1.491122, -0.05589417
1263621762000, 1.636508, -1.6175711, -0.21563543
1263626690000, 1.6197093, -1.6792686, -0.29260445
1263631651000, 1.6102408, -1.808772, -0.4541783
1263636702000, 1.6114625, -1.9187278, -0.59528816
1263642374000, 1.6264287, -2.1175644, -0.75869465
1263646654000, 1.6490307, -2.171015, -0.8002335
1263651680000, 1.6542231, -2.2715025, -0.8491027
1263656685000, 1.6423112, -2.4043655, -0.86101454
1263661664000, 1.6215417, -2.5109615, -0.8576548
1263666738000, 1.5784758, -2.5809057, -0.84665924
1263671703000, 1.5060883, -2.5934284, -0.8756753
1263676786000, 1.4223998, -2.595261, -0.91782504
1263681652000, 1.320996, -2.6279423, -0.95203346
1263686690000, 1.2409728, -2.627637, -0.96883225
1263691723000, 1.1548407, -2.6258042, -0.97310835
1263696733000, 1.0720685, -2.5851817, -1.024421
1263701703000, 1.0048733, -2.5305092, -1.1059716
1263706755000, 0.93431836, -2.4871378, -1.1768318
1263712299000, 0.89827734, -2.3976462, -1.2144
1263716748000, 0.8533788, -2.3796256, -1.2232577
1263721658000, 0.8164214, -2.3735168, -1.2281445
1263726691000, 0.7837401, -2.3377812, -1.2156218
1263731633000, 0.70921457, -2.2977695, -1.212262
1263736690000, 0.61758476, -2.2675319, -1.2000448
1263741658000, 0.51923543, -2.205529, -1.2092078
1263746654000, 0.41325033, -2.19209, -1.2278391
1263751660000, 0.28405234, -2.1930063, -1.2571607
1263756670000, 0.16249016, -2.2021692, -1.2873985
1263761645000, 0.02107485, -2.200642, -1.3133603
1263766770000, -0.09682214, -2.2162192, -1.3350459
1263771696000, -0.20219639, -2.2565362, -1.3658947
1263776687000, -0.2855795, -2.2751677, -1.3591752
1263781928000, -0.3549127, -2.2250767, -1.3164146
1263786683000, -0.40133846, -2.1520782, -1.2782356
1263791689000, -0.44868052, -2.085494, -1.2925909
1263796693000, -0.52320606, -2.0451767, -1.3387111
1263801732000, -0.5891795, -2.058005, -1.3878858
1263806765000, -0.64843345, -2.019215, -1.4223998
1263811852000, -0.7162395, -1.9672915, -1.4608842
1263816746000, -0.7473936, -1.9590448, -1.5149459
1263821663000, -0.77488256, -1.9590448, -1.5418239
1263826662000, -0.7892379, -1.96271, -1.597718
1263831632000, -0.8396343, -1.8784106, -1.6334536
1263836685000, -0.8906415, -1.715615, -1.6701056
1263841664000, -0.9483683, -1.5161675, -1.7107282
1263846648000, -1.0036516, -1.4288138, -1.7718146
1263851695000, -1.0070114, -1.4511104, -1.8356501
1263856667000, -1.0070114, -1.4162911, -1.9031507
1263861661000, -0.9957104, -1.3784174, -1.9804251
1263866763000, -0.977079, -1.3631458, -2.05434
1263871721000, -0.958753, -1.2986995, -2.0964894
1263876669000, -0.9593639, -1.171945, -2.115121
1263881652000, -0.95722586, -1.1695015, -2.1410828
1263886639000, -0.9618073, -1.2675453, -2.1685717
1263891671000, -0.95905846, -1.5057828, -2.205529
1263896629000, -0.9764681, -1.7654005, -2.2137756
1263901699000, -1.0311406, -1.8952094, -2.214081
1263906696000, -1.0564915, -1.8576412, -2.1991148
1263911652000, -1.0412198, -1.8060231, -2.194228
1263916738000, -1.0009027, -1.7989981, -2.1755965
1263921695000, -0.9746355, -1.8484782, -2.1716259
1263926677000, -0.9633345, -1.9709567, -2.165212
1263931712000, -0.9502009, -2.079996, -2.1499403
1263936686000, -0.95081174, -2.1261165, -2.1242838
1263941657000, -0.9550878, -2.1380284, -2.0986276
1263946700000, -0.93645644, -2.1600194, -2.0708332
1263951675000, -0.9221011, -2.1771238, -2.051591
1263956706000, -0.89369583, -2.1939225, -2.0244074
1263961652000, -0.86284715, -2.2067506, -1.9877555
1263968724000, -0.820392, -2.185065, -1.933083
1263971722000, -0.7312057, -2.1526892, -1.9211712
1263976673000, -0.6942484, -2.0619757, -1.8829921
1263981644000, -0.6096435, -1.9401081, -1.8408424
1263986712000, -0.50732356, -1.8014416, -1.7913623
1263991673000, -0.39645153, -1.6563611, -1.7415768
1263996661000, -0.30604348, -1.5201381, -1.6975945
1264001817000, -0.22052236, -1.3845261, -1.6539177
1264006753000, -0.13194689, -1.2620476, -1.6044376
1264011649000, -0.04917465, -1.1972959, -1.5555683
1264016715000, 0.034513887, -1.1026118, -1.5357152
1264021700000, 0.073303826, -1.0192287, -1.4789047
1264026658000, 0.16768251, -0.9660834, -1.4156802
1264031646000, 0.25961772, -0.93554014, -1.3408492
1264037364000, 0.30573806, -0.94225967, -1.215011
1264041660000, 0.4025602, -0.94959, -1.171945
1264046647000, 0.43554693, -0.9624182, -1.0757337
1264051693000, 0.5006041, -0.9783007, -0.97494096
1264056733000, 0.5714644, -0.98899084, -0.8756753
1264061654000, 0.64904433, -1.0054842, -0.77946407
1264066770000, 0.7171558, -1.0012082, -0.6795876
1264071681000, 0.7770206, -0.96944314, -0.5885687
1264076657000, 0.8524625, -0.9117164, -0.4981606
1264081646000, 0.9462303, -0.8268061, -0.4129449
1264086686000, 1.042747, -0.72784597, -0.33200526
1264091654000, 1.1530081, -0.62796944, -0.23671028
1264096649000, 1.2571607, -0.5152648, -0.16646078
1264101673000, 1.3869696, -0.40286562, -0.087964594
1264107180000, 1.4920384, -0.2846632, -0.009162978
1264111648000, 1.6029104, -0.22876903, 0.05955936
1264116708000, 1.6533068, -0.103847094, 0.099265605
1264121699000, 1.7553213, 0.0033597588, 0.17715092
1264126682000, 1.8658879, 0.12950343, 0.25534168
1264131627000, 1.9602666, 0.24862215, 0.34208453
1264136693000, 2.0638082, 0.37659842, 0.42180246
1264141639000, 2.1713204, 0.50426924, 0.48655418
1264146650000, 2.2693644, 0.6404922, 0.5821546
1264151662000, 2.3683245, 0.7687739, 0.6719518
1264156679000, 2.4984388, 0.9049969, 0.7538077
1264161676000, 2.637716, 1.128879, 0.86742866
1264166693000, 2.7821858, 1.4049901, 0.9969321
1264171703000, 2.933375, 1.609019, 1.1221595
1264176704000, 3.0699034, 1.7525724, 1.2437216
1264181734000, 3.170696, 1.8359555, 1.3603969
1264186684000, 3.2119296, 1.8512272, 1.4718798
1264191868000, 3.22995, 1.9178114, 1.5861117
1264196676000, 3.1786373, 1.9327776, 1.7079792
1264201936000, 3.08884, 1.9281962, 1.808772
1264206677000, 2.9639182, 1.951409, 1.8509218
1264211662000, 2.8115072, 1.9724839, 1.840537
1264216677000, 2.747061, 2.0430388, 1.8075503
1264221678000, 2.5644124, 1.9617938, 1.7330247
1264226692000, 2.3631322, 1.707063, 1.5555683
1264231689000, 2.0830505, 1.2980887, 1.2803736
1264236681000, 1.7754798, 0.77640975, 0.9761627
1264241667000, 1.4712689, 0.22357668, 0.65057147
1264246654000, 1.2428054, -0.24129178, 0.3231477
1264251715000, 1.1163563, -0.34422258, 0.06047566
1264256822000, 1.0699304, -0.093767814, -0.10323623
1264261651000, 1.0928379, 0.42302418, -0.1872302
1264266696000, 1.1435398, 1.0867293, -0.20311269
1264271691000, 1.1517864, 1.7290541, -0.18906279
1264276689000, 1.0729848, 2.3634377, -0.1731803
1264281737000, 0.926988, 2.9260445, -0.14263703
1264286719000, 0.729984, 3.3402112, -0.06872234
1264292269000, 0.54336464, 3.5072827, 0.01740966
1264296741000, 0.40653083, 3.40985, 0.13103059
1264301688000, 0.25900686, 3.005457, 0.29657507
1264306735000, 0.04337143, 2.2064452, 0.49632803
1264311657000, -0.12736541, 1.7531832, 0.6044512
1264316690000, -0.20372356, 0.82436264, 0.7470882
1264321706000, -0.38026363, 0.05131268, 0.73364913
1264326740000, -0.5027421, -0.45753807, 0.4822781
1264331653000, -0.44226643, -0.6227771, 0.086437434
1264336645000, -0.21746802, -0.46731192, -0.20189096
1264341714000, 0.013439035, -0.10720685, -0.33200526
1264346774000, 0.17623462, 0.38728857, -0.32803464
1264351711000, 0.2415972, 0.9117164, -0.1826487
1264356773000, 0.17287487, 1.3753631, 0.062002823
1264362344000, 0.06963864, 1.6282613, 0.33108896
1264366725000, -0.015577064, 1.672549, 0.52106804
1264371736000, -0.023518313, 1.5335772, 0.6236934
1264376679000, 0.019547688, 1.2174544, 0.66614854
1264381679000, 0.13072516, 0.75716746, 0.7119634
1264386679000, 0.28527406, 0.24037547, 0.73364913
1264391711000, 0.41905355, -0.21135938, 0.74097955
1264396707000, 0.4709771, -0.46211955, 0.7141015
1264401702000, 0.42852196, -0.539394, 0.66798115
1264406690000, 0.3323107, -0.539394, 0.61453044
1264411698000, 0.27122417, -0.47769663, 0.6035349
1264416715000, 0.1441642, -0.36957347, 0.5861252
1264421701000, 0.030848695, -0.27947086, 0.5852089
1264432127000, -0.052839845, -0.28680122, 0.61300325
1264436689000, -0.019242255, -0.41874814, 0.6414085
1264441670000, 0.07696902, -0.61391956, 0.6743952
1264446663000, 0.21838433, -0.83199847, 0.713796
1264451663000, 0.37018433, -1.0146471, 0.7593055
1264456606000, 0.48380527, -1.162782, 0.8002335
1264461576000, 0.56779927, -1.2724323, 0.8029824
1264466601000, 0.6450737, -1.3264939, 0.7669413
1264471597000, 0.72326446, -1.3100005, 0.7049385
1264476579000, 0.7984009, -1.2626585, 0.6200282
1264481577000, 0.8341365, -1.1911873, 0.5354234
1264486590000, 0.8558222, -1.1047498, 0.4456262
1264491579000, 0.8481864, -1.0598512, 0.38056904
1264496574000, 0.7788532, -1.0451905, 0.33475417
1264501836000, 0.6951646, -1.0170907, 0.3042109
1264506693000, 0.6282749, -0.9984592, 0.29993483
1264511674000, 0.6203337, -0.95447695, 0.28313604
1264516686000, 0.61483586, -0.94989544, 0.25228736
1264521808000, 0.6078109, -0.9309586, 0.23884831
1264526649000, 0.5983425, -0.90316427, 0.23854288
1264531688000, 0.5739079, -0.86620694, 0.25900686
1264536672000, 0.56138515, -0.85918194, 0.2910773
1264541653000, 0.5467244, -0.86284715, 0.3359759
1264546646000, 0.5384777, -0.86193085, 0.39522982
1264551676000, 0.52320606, -0.8570439, 0.43982297
1264556682000, 0.50946164, -0.8414669, 0.4813618
1264561663000, 0.50854534, -0.8185594, 0.5155703
1264566663000, 0.50335294, -0.806953, 0.54000485
1264571733000, 0.49938235, -0.7504479, 0.5494733
1264576631000, 0.47983465, -0.68416905, 0.5561928
1264581646000, 0.48563787, -0.591623, 0.5537493
1264586645000, 0.5027421, -0.49938235, 0.5384777
1264591654000, 0.516792, -0.4092797, 0.5290093
1264596648000, 0.5332854, -0.30482176, 0.52503866
1264601675000, 0.5537493, -0.25381452, 0.5009095
1264606710000, 0.5626069, -0.1740966, 0.47769663
1264611654000, 0.60903263, -0.11056661, 0.43279803
1264616686000, 0.65576386, -0.0720821, 0.39187005
1264621691000, 0.69058317, -0.027488936, 0.36254853
1264626669000, 0.7107417, -0.01038471, 0.3378085
1264631650000, 0.7162395, -0.015271631, 0.32711834
1264636679000, 0.70402217, -0.04642576, 0.33353242
1264641642000, 0.6945538, -0.087964594, 0.3368922
1264646650000, 0.6994407, -0.14782938, 0.3417791
1264651785000, 0.67164636, -0.23609942, 0.34605515
1264656730000, 0.6768387, -0.32650748, 0.35094208
1264661662000, 0.65484756, -0.39675698, 0.3567453
1264666685000, 0.6270532, -0.44348818, 0.35796702
1264671723000, 0.6068946, -0.48472157, 0.3631594
1264676657000, 0.5897904, -0.5320636, 0.3576616
1264681707000, 0.5693264, -0.57451874, 0.34391713
1264687310000, 0.5390886, -0.6178902, 0.32528573
1264691713000, 0.52442783, -0.627664, 0.3118467
1264696650000, 0.48747048, -0.63621616, 0.28924468
1264701759000, 0.45753807, -0.6417139, 0.27458394
1264706696000, 0.441961, -0.6435465, 0.26511553
1264711662000, 0.40133846, -0.65148777, 0.23182335
1264716658000, 0.3484986, -0.68752885, 0.1863139
1264721683000, 0.25992316, -0.7122689, 0.13164146
1264726676000, 0.15057829, -0.7498371, 0.07971791
1264731628000, 0.0061086523, -0.79381937, 0.06994407
1264736679000, -0.14355333, -0.86834496, 0.06078109
1264741659000, -0.31856623, -0.99082345, 0.054061573
1264746647000, -0.5045747, -1.1279627, 0.042760566
1264751679000, -0.68416905, -1.2400564, 0.020463986
1264756687000, -0.8359691, -1.3249667, -0.04337143
1264761674000, -0.9602802, -1.3274102, -0.13133603
1264766685000, -1.0296134, -1.255328, -0.25045475
1264771695000, -1.0534371, -1.1835514, -0.36774087
1264776656000, -1.0387764, -1.1404854, -0.473726
1264781653000, -1.054048, -1.1304061, -0.5705481
1264786682000, -1.074512, -1.1554517, -0.66675943
1264791665000, -1.1227703, -1.1863003, -0.7996226
1264796648000, -1.185384, -1.2082914, -0.9062186
1264801685000, -1.2082914, -1.2244794, -0.9633345
1264806694000, -1.2647965, -1.2846496, -1.0635164
1264811655000, -1.3060299, -1.3362677, -1.1508701
1264816678000, -1.3283265, -1.3756685, -1.2241739
1264821697000, -1.3417655, -1.3921618, -1.2742649
1264826659000, -1.4110987, -1.4184291, -1.3393221
1264831690000, -1.6077974, -1.5311338, -1.3891076
1264836668000, -1.8952094, -1.783421, -1.4401149
1264841673000, -2.1484132, -2.1432207, -1.4676038
1264846628000, -2.317928, -2.5357015, -1.4718798
1264851681000, -2.4071145, -2.9455922, -1.432479
1264856702000, -2.449875, -3.3154712, -1.3545936
1264861683000, -2.4904976, -3.5683694, -1.2415836
1264866670000, -2.5002716, -3.6432004, -1.0897835
1264871747000, -2.4911084, -3.598607, -0.9279043
1264876650000, -2.488665, -3.5958583, -0.8072584
1264881651000, -2.5216517, -3.6752708, -0.7678576
1264886690000, -2.5415049, -3.7116172, -0.8258898
1264891686000, -2.5350907, -3.5934148, -0.890947
1264896703000, -2.547919, -3.4428365, -0.9596693
1264901671000, -2.5561657, -2.9840767, -0.97524637
1264906724000, -2.6068676, -2.5173757, -0.9434814
1264911697000, -2.5919013, -2.1606305, -0.86315256
1264916702000, -2.5228734, -2.058005, -0.81092364
1264921694000, -2.3698518, -2.0546453, -0.79168135
1264926672000, -2.2116377, -2.002111, -0.77640975
1264931647000, -2.062892, -1.892766, -0.7715228
1264936678000, -1.947133, -1.7922786, -0.79779
1264941673000, -1.8347337, -1.7736472, -0.84665924
1264946895000, -1.7119498, -1.8551978, -0.86559606
1264951680000, -1.5601498, -1.9960022, -0.88147855
1264956791000, -1.426065, -2.112372, -0.89552844
1264961676000, -1.2699889, -2.1991148, -0.93859446
1264966820000, -1.1172725, -2.233018, -0.9673051
1264971706000, -0.99021256, -2.26631, -0.9660834
1264976946000, -0.8738427, -2.2660046, -0.93584555
1264981647000, -0.75747293, -2.3115141, -0.91690874
1264987009000, -0.6612616, -2.3619106, -0.87109387
1264991693000, -0.54702985, -2.3710735, -0.81336707
1264996651000, -0.42760566, -2.381458, -0.7974846
1265001686000, -0.3817908, -2.3328943, -0.77640975
1265006674000, -0.2874121, -2.2595906, -0.7275405
1265012345000, -0.22052236, -2.096184, -0.66920286
1265016666000, -0.094989546, -2.0598376, -0.6609562
1265021724000, -0.044593163, -1.9816469, -0.63804877
1265026635000, 0.059864793, -1.881465, -0.6068946
1265031644000, 0.17165314, -1.7779233, -0.57910025
1265036643000, 0.29046643, -1.7067575, -0.5693264
1265041717000, 0.40042216, -1.6548339, -0.5549711
1265046782000, 0.50579643, -1.6151277, -0.54550266
1265051679000, 0.6026186, -1.6154331, -0.550695
1265056683000, 0.7021896, -1.6016886, -0.5717699
1265061654000, 0.80481493, -1.57084, -0.57604593
1265066706000, 0.9049969, -1.5519031, -0.5919284
1265071687000, 1.0070114, -1.5143349, -0.60231316
1265076706000, 1.0986412, -1.486846, -0.61422503
1265082284000, 1.2061534, -1.4535538, -0.61941737
1265086673000, 1.3151928, -1.4532484, -0.66981375
1265091718000, 1.4285084, -1.4382823, -0.6786713
1265096694000, 1.5268577, -1.3552046, -0.6759224
1265101683000, 1.5760323, -1.2883148, -0.6740898
1265106785000, 1.6853772, -1.2238685, -0.65179324
1265111699000, 1.7763962, -1.1612549, -0.62858033
1265116713000, 1.8732183, -1.0839803, -0.591623
1265121690000, 1.9737056, -1.0103711, -0.56107974
1265126679000, 2.060143, -0.9401216, -0.51893
1265131652000, 2.1682663, -0.8436049, -0.4596761
1265136688000, 2.2748623, -0.763887, -0.40469822
1265141668000, 2.393981, -0.68477994, -0.35155296
1265146649000, 2.516154, -0.60994893, -0.29626966
1265151926000, 2.6569583, -0.5558874, -0.2611449
1265156764000, 2.8096747, -0.49357912, -0.23945917
1265161736000, 2.9394836, -0.4633413, -0.22540927
1265166717000, 3.0848694, -0.47067168, -0.21685717
1265171696000, 3.215289, -0.51068336, -0.2003638
1265176672000, 3.3362405, -0.56291234, -0.18295415
1265181651000, 3.4107661, -0.61850107, -0.1328632
1265186681000, 3.4498615, -0.6404922, -0.043676864
1265191661000, 3.4623842, -0.7330383, 0.007330383
1265196654000, 3.4590244, -0.9294315, 0.08552113
1265201668000, 3.4373388, -1.2449434, 0.14874569
1265206718000, 3.408628, -1.6239853, 0.22052236
1265211646000, 3.3741143, -1.9804251, 0.30024028
1265216703000, 3.2852333, -2.293188, 0.3885103
1265221661000, 3.1065552, -2.636189, 0.44959682
1265226695000, 2.8454103, -2.9950724, 0.4804455
1265231630000, 2.474615, -3.3716707, 0.49480084
1265236684000, 1.9917262, -3.6541958, 0.45265114
1265241676000, 1.4608842, -3.7137554, 0.38240165
1265246650000, 0.9636399, -3.40649, 0.25381452
1265251735000, 0.5870415, -2.8270843, 0.112704635
1265256783000, 0.38362336, -2.1303926, -0.033292156
1265261754000, 0.2764165, -1.4175128, -0.1695151
1265266745000, 0.15241088, -0.77457714, -0.33750305
1265271773000, -0.004276057, -0.23090707, -0.528093
1265276692000, -0.15088372, 0.17379116, -0.68600166
1265281694000, -0.18997909, 0.47647488, -0.7443393
1265286925000, -0.12705997, 0.7257079, -0.6914995
1265291692000, -0.03145956, 0.8417723, -0.6627888
1265297024000, 0.015882496, 1.1478158, -0.4877759
1265301702000, 0.22113322, 1.2308935, -0.4007276
1265306873000, 0.27488935, 1.3542882, -0.22113322
1265311712000, 0.3408628, 1.4291192, -0.0711658
1265316955000, 0.39278635, 1.475545, 0.04734206
1265321731000, 0.46792278, 1.4285084, 0.14172074
1265326634000, 0.6072, 1.2657127, 0.22266038
1265331646000, 0.7449502, 1.0161743, 0.29535335
1265337211000, 0.84604836, 0.68203104, 0.34513888
1265342092000, 0.89461213, 0.27000242, 0.40653083
1265346708000, 0.88697636, -0.18295415, 0.45906523
1265351686000, 0.816116, -0.61483586, 0.535118
1265356761000, 0.6753115, -1.0009027, 0.6096435
1265361742000, 0.5317582, -1.3326025, 0.6939429
1265366716000, 0.36651915, -1.6432275, 0.74067414
1265371719000, 0.20647246, -1.9715676, 0.73731434
1265376703000, 0.0711658, -2.3747387, 0.72387534
1265381775000, 0.03481932, -2.6844473, 0.68386364
1265386685000, 0.12797627, -2.7430904, 0.65118235
1265391725000, 0.19486602, -2.6465738, 0.5864306
1265396740000, 0.35246924, -2.4174993, 0.5320636
1265401665000, 0.54733527, -2.225993, 0.46273044
1265406980000, 0.77121735, -2.074193, 0.37995818
1265411575000, 0.9944886, -1.9590448, 0.30024028
1265416574000, 1.1585059, -1.8817704, 0.2312125
1265421609000, 1.2660183, -1.8240436, 0.17104226
1265426575000, 1.3179418, -1.750129, 0.12950343
1265431596000, 1.3338243, -1.6261233, 0.11575896
1265436623000, 1.3362677, -1.4865406, 0.11881329
1265441613000, 1.3142766, -1.344209, 0.13347405
1265446573000, 1.2990049, -1.2226468, 0.1469131
1265451660000, 1.2916746, -1.1157454, 0.19120082
1265456606000, 1.2932017, -1.035722, 0.23823744
1265461616000, 1.2794572, -0.99387777, 0.3042109
1265466605000, 1.2599095, -0.9682214, 0.40775254
1265471713000, 1.2269229, -1.0082331, 0.48502702
1265476796000, 1.1685852, -1.0836749, 0.5488624
1265481615000, 1.1120802, -1.133155, 0.589485
1265486641000, 1.0900891, -1.2388347, 0.59864795
1265491614000, 1.0458013, -1.3164146, 0.593761
1265496613000, 1.0201449, -1.351234, 0.5900958
1265501631000, 1.0088439, -1.378112, 0.57848936
1265506927000, 1.0079277, -1.4077389, 0.5360342
1265511610000, 1.0369438, -1.473407, 0.4728097
1265517772000, 1.0436633, -1.5482379, 0.40683624
1265521672000, 1.0366384, -1.5549575, 0.41172317
1265526641000, 1.0177015, -1.5427402, 0.4184427
1265531608000, 0.9654725, -1.5234979, 0.41722095
1265536627000, 0.9202685, -1.5271631, 0.4156938
1265541620000, 0.9062186, -1.5613716, 0.40591997
1265546593000, 0.93401295, -1.604743, 0.38881573
1265551652000, 0.9850202, -1.63437, 0.3585779
1265556660000, 1.0424415, -1.6426166, 0.31856623
1265561629000, 1.1301007, -1.6630806, 0.2855795
1265566604000, 1.2263119, -1.6710218, 0.24770586
1265571665000, 1.3038919, -1.6285667, 0.21502456
1265576625000, 1.3591752, -1.5784758, 0.17959438
1265581626000, 1.3603969, -1.464244, 0.17715092
1265586653000, 1.346347, -1.3374895, 0.18753563
1265591640000, 1.3295482, -1.2727377, 0.17501289
1265596623000, 1.2944235, -1.2541064, 0.17012598
1265601654000, 1.2177598, -1.2281445, 0.18845193
1265606721000, 1.1349876, -1.2073752, 0.21502456
1265611652000, 1.0442741, -1.1960741, 0.23762658
1265616644000, 0.97585726, -1.1899655, 0.27763826
1265621686000, 0.89980453, -1.1844677, 0.31490102
1265626655000, 0.816116, -1.1646146, 0.31948254
1265631644000, 0.74464476, -1.1096367, 0.28985557
1265636683000, 0.66950834, -1.0403035, 0.24862215
1265641653000, 0.6078109, -0.95539325, 0.20586158
1265646650000, 0.5656612, -0.86132, 0.16187929
1265651654000, 0.516792, -0.768163, 0.1255328
1265656719000, 0.4801401, -0.6789767, 0.10567969
1265661631000, 0.42821655, -0.61483586, 0.112704635
1265666710000, 0.36774087, -0.5552765, 0.103847094
1265671701000, 0.31123585, -0.5225952, 0.10445796
1265676657000, 0.23823744, -0.51251596, 0.103847094
1265681689000, 0.16126843, -0.5296202, 0.09590584
1265686679000, 0.13652839, -0.5488624, 0.0888809
1265691730000, 0.08124508, -0.573297, 0.090713486
1265696648000, 0.04337143, -0.57696223, 0.0842994
1265702467000, 0.02443461, -0.600786, 0.07544186
1265706761000, 0.056505036, -0.625526, 0.0729984
1265711632000, 0.06536258, -0.6704246, 0.06872234
1265716647000, 0.100792766, -0.71837753, 0.04520403
1265721763000, 0.1469131, -0.7583892, 0.03145956
1265726650000, 0.19211712, -0.8035932, 0.02321288
1265731647000, 0.2312125, -0.84635377, 0.004886922
1265736678000, 0.2519819, -0.8732319, -0.015577064
1265741654000, 0.28313604, -0.8961393, -0.04062254
1265746651000, 0.30390546, -0.9233228, -0.0580322
1265751683000, 0.32436943, -0.9505063, -0.087964594
1265756745000, 0.35094208, -0.96883225, -0.11728613
1265761654000, 0.3848451, -0.9636399, -0.13805555
1265766713000, 0.40683624, -0.96791595, -0.16676621
1265771707000, 0.4288274, -0.96761054, -0.19333886
1265776650000, 0.44257188, -0.96761054, -0.20586158
1265781648000, 0.45173484, -0.96944314, -0.20311269
1265786681000, 0.43585235, -0.9828822, -0.18906279
1265791657000, 0.43096542, -0.9944886, -0.1563815
1265796652000, 0.40500367, -1.0317514, -0.1142318
1265801685000, 0.3866777, -1.0803152, -0.060170226
1265806677000, 0.35796702, -1.1490375, -0.0012217305
1265811654000, 0.32284227, -1.2043208, 0.0421497
1265816626000, 0.2855795, -1.2632693, 0.096516706
1265821734000, 0.24740042, -1.3002267, 0.12644911
1265826632000, 0.20922135, -1.3228287, 0.16065755
1265831651000, 0.1685988, -1.3420709, 0.16890424
1265836645000, 0.1441642, -1.3408492, 0.15943582
1265841656000, 0.10354166, -1.3271047, 0.16126843
1265846626000, 0.083383106, -1.3051136, 0.15363261
1265851682000, 0.0693332, -1.2999213, 0.13775012
1265856735000, 0.059864793, -1.2932017, 0.12797627
1265861653000, 0.052839845, -1.3075571, 0.11484267
1265866657000, 0.062002823, -1.3335189, 0.116675265
1265871712000, 0.10140363, -1.3646729, 0.093767814
1265876827000, 0.13958271, -1.400714, 0.06811147
1265881646000, 0.20372356, -1.4162911, 0.06841691
1265886671000, 0.2406809, -1.4605788, 0.062002823
1265891658000, 0.3313944, -1.5030339, 0.06688975
1265896784000, 0.4129449, -1.5351044, 0.08857546
1265901679000, 0.47983465, -1.5925257, 0.09101892
1265906945000, 0.54183745, -1.6334536, 0.10262536
1265911653000, 0.59773165, -1.6533068, 0.10629055
1265916950000, 0.6301075, -1.6410894, 0.10567969
1265921703000, 0.6606508, -1.600467, 0.09712757
1265926634000, 0.67347896, -1.5540411, 0.100792766
1265931646000, 0.67256266, -1.4944818, 0.105068825
1265936655000, 0.65209866, -1.4187346, 0.10903945
1265941657000, 0.6105598, -1.3246613, 0.112704635
1265946651000, 0.55741453, -1.244027, 0.116980694
1265951678000, 0.48899764, -1.1453724, 0.124005646
1265956721000, 0.42485678, -1.0522153, 0.14294247
1265961653000, 0.36163223, -0.9728029, 0.1685988
1265966672000, 0.28893927, -0.91996306, 0.18906279
1265971678000, 0.22968534, -0.9059132, 0.204029
1265976656000, 0.17012598, -0.87964594, 0.20525073
1265981646000, 0.14844026, -0.86559606, 0.21044308
1265986682000, 0.116675265, -0.84940815, 0.20158553
1265991654000, 0.07147124, -0.83291477, 0.19486602
1265996649000, 0.040317107, -0.81397796, 0.18112154
1266001648000, 0.01038471, -0.79229224, 0.16798794
1266006724000, -0.005497787, -0.7797695, 0.15577064
1266011652000, -0.025350908, -0.77763146, 0.13836098
1266016648000, -0.049480084, -0.7675522, 0.12889257
1266021699000, -0.07422013, -0.7623598, 0.10781772
1266026656000, -0.10598512, -0.73548174, 0.08674286
1266031645000, -0.121256754, -0.7351763, 0.073303826
1266036680000, -0.13041973, -0.72295904, 0.049785517
1266041653000, -0.14630222, -0.7293731, 0.028099801
1266046648000, -0.14660765, -0.73456544, -0.002443461
1266051652000, -0.129198, -0.7473936, -0.017715093
1266056712000, -0.111177474, -0.75319684, -0.040317107
1266061631000, -0.0711658, -0.75533485, -0.0571159
1266066668000, -0.024740042, -0.73914695, -0.06169739
1266071753000, 9.162979E-4, -0.73914695, -0.064751714
1266076653000, 0.047036625, -0.7556403, -0.06352998
1266081711000, 0.063224554, -0.7644979, -0.062002823
1266086677000, 0.0870483, -0.7620544, -0.048563786
1266091751000, 0.090713486, -0.7507534, -0.037873644
1266096647000, 0.099571034, -0.7302894, -0.02687807
1266102464000, 0.07819075, -0.70249504, -0.022602014
1266106721000, 0.0693332, -0.68386364, -0.0106901415
1266111631000, 0.05009095, -0.6453791, -0.002443461
1266116645000, 0.030543262, -0.6264423, 0.01740966
1266121703000, 0.027183503, -0.605062, 0.025961773
1266126650000, 0.015271631, -0.57910025, 0.02565634
1266131647000, 0.020463986, -0.56230146, 0.028405234
1266136677000, 0.026572637, -0.5348125, 0.041233405
1266141659000, 0.018020526, -0.50701815, 0.05009095
1266146647000, 0.025961773, -0.4792238, 0.048258353
1266151705000, 0.027794369, -0.45906523, 0.053145275
1266156833000, 0.03176499, -0.43493605, 0.057421334
1266161746000, 0.030848695, -0.43188173, 0.059864793
1266166671000, 0.03481932, -0.43127087, 0.057726767
1266171722000, 0.034513887, -0.42119157, 0.05467244
1266176655000, 0.035124753, -0.42180246, 0.06291912
1266181647000, 0.02565634, -0.43310347, 0.07849618
1266186680000, 0.030848695, -0.4361578, 0.08093964
1266191658000, 0.021991149, -0.4334089, 0.086132
1266196650000, 0.019242255, -0.4364632, 0.101098195
1266201679000, 0.004886922, -0.42455134, 0.109650314
1266206702000, 0.004581489, -0.410196, 0.113926366
1266211692000, -0.010995574, -0.39278635, 0.129198
1266216684000, -0.022907447, -0.38545597, 0.13041973
1266221694000, -0.0421497, -0.37568212, 0.1432479
1266226674000, -0.0421497, -0.36774087, 0.15607607
1266231647000, -0.053145275, -0.35124752, 0.14996742
1266236671000, -0.06811147, -0.3359759, 0.15699236
1266241682000, -0.069027774, -0.32345316, 0.15393804
1266246631000, -0.07880162, -0.31031954, 0.14813483
1266251684000, -0.08124508, -0.28985557, 0.15515977
1266256717000, -0.09162979, -0.2648101, 0.1591304
1266261651000, -0.099571034, -0.23671028, 0.1518
1266266664000, -0.111177474, -0.23090707, 0.15363261
1266271704000, -0.12003502, -0.20922135, 0.14966199
1266276633000, -0.122783914, -0.18509217, 0.14202617
1266281645000, -0.14202617, -0.16890424, 0.14446963
1266286652000, -0.15271631, -0.15577064, 0.13500121
1266291654000, -0.16249016, -0.14110987, 0.14538592
1266296631000, -0.17440203, -0.13133603, 0.13988814
1266301681000, -0.1695151, -0.12156218, 0.13988814
1266306698000, -0.18020524, -0.110872045, 0.14477506
1266311652000, -0.20097467, -0.11026118, 0.1518
1266316652000, -0.20433442, -0.09896017, 0.15393804
1266321735000, -0.20280726, -0.08277224, 0.15821409
1266326653000, -0.2125811, -0.067500606, 0.15821409
1266331646000, -0.23609942, -0.044898596, 0.1600467
1266336682000, -0.24007004, -0.015882496, 0.15668693
1266341663000, -0.24953845, 0.0125227375, 0.15882497
