#Angle around the z x y axes.
#timestamp(ns), Azimuth , Pitch, Roll (degrees)
#Datetime: 07/05/2015 16:54:46
##########################################
#Activity: 6 - STN - Stairs down - 10s
#Subject ID: 51
#First Name: sub51
#Last Name: sub51
#Age: 23
#Height(cm): 171
#Weight(kg): 70
#Gender: Male
##########################################

@DATA
23733591868000, 308.39664, -100.80797, 7.0991735
23733596253000, 311.3126, -100.61677, 6.457302
23733601315000, 308.2712, -100.33555, 6.939614
23733606257000, 311.162, -101.9757, 8.597669
23733611239000, 310.98566, -101.49811, 8.39394
23733616264000, 310.81256, -101.17736, 8.192457
23733621249000, 310.63602, -100.866516, 8.002209
23733626240000, 310.45853, -100.55873, 7.812853
23733631271000, 310.28503, -100.263374, 7.634757
23733636278000, 310.11987, -99.971664, 7.455769
23733641302000, 309.91507, -99.69896, 7.2998805
23733646280000, 309.77158, -99.4018, 7.1268644
23733651229000, 309.58536, -99.15075, 6.9763503
23733656176000, 309.41763, -98.88238, 6.8272853
23733661183000, 309.25604, -98.6273, 6.6817813
23733666208000, 309.09906, -98.38121, 6.5411882
23733671209000, 308.94696, -98.14609, 6.408922
23733676195000, 308.80423, -97.92044, 6.284963
23733681189000, 308.67413, -97.698586, 6.157775
23733686222000, 308.5559, -97.50326, 6.0447984
23733691252000, 308.45718, -97.31349, 5.927413
23733696193000, 308.37445, -97.14768, 5.8157783
23733701281000, 308.31674, -97.00326, 5.7020946
23733706318000, 308.2766, -96.88065, 5.5899096
23733711286000, 308.31088, -96.77273, 5.45842
23733716271000, 308.31342, -96.75558, 5.341718
23733721303000, 308.361, -96.7001, 5.2146235
23733726314000, 308.43192, -96.694275, 5.0802474
23733731643000, 308.5, -96.72551, 4.9507656
23733736268000, 308.56616, -96.75798, 4.8222604
23733741290000, 308.66064, -96.86891, 4.7521973
23733746276000, 308.75598, -96.9838, 4.681426
23733751245000, 308.8482, -97.09907, 4.611671
23733756331000, 308.94217, -97.21983, 4.5428433
23733761302000, 309.0312, -97.33401, 4.47393
23733766272000, 309.12494, -97.45814, 4.4073987
23733771261000, 309.2104, -97.57624, 4.3407555
23733776276000, 309.30176, -97.69534, 4.2747073
23733781272000, 309.38916, -97.81608, 4.212605
23733786257000, 309.47607, -97.93835, 4.149928
23733791275000, 309.56744, -98.05623, 4.08885
23733796311000, 309.65277, -98.17592, 4.0268903
23733801275000, 309.74478, -98.29468, 3.9694998
23733806304000, 309.83365, -98.410385, 3.9070213
23733811301000, 309.9262, -98.52872, 3.8493764
23733816297000, 310.01883, -98.64219, 3.789217
23733821301000, 310.1087, -98.75819, 3.7312863
23733826313000, 310.20322, -98.86872, 3.672696
23733831292000, 310.2934, -98.98288, 3.6146054
23733836274000, 310.38504, -99.08952, 3.5570014
23733841298000, 310.4759, -99.19669, 3.4972212
23733846294000, 310.56573, -99.301834, 3.4409003
23733851296000, 310.6568, -99.401695, 3.382536
23733856263000, 310.7439, -99.50338, 3.3242152
23733861275000, 310.83252, -99.60042, 3.2681699
23733866267000, 310.91718, -99.69374, 3.211838
23733871332000, 311.00443, -99.78908, 3.1547215
23733876306000, 311.08612, -99.87993, 3.0986972
23733881290000, 311.1675, -99.968155, 3.043382
23733886275000, 311.25436, -100.055244, 2.9856033
23733891298000, 311.33588, -100.14326, 2.9314158
23733896303000, 311.41858, -100.227234, 2.8732715
23733901274000, 311.50577, -100.310646, 2.8198547
23733906274000, 311.58875, -100.39709, 2.7625175
23733911275000, 311.67386, -100.47903, 2.7072065
23733916925000, 311.7596, -100.561005, 2.6518779
23733921257000, 311.84436, -100.64173, 2.5953226
23733926285000, 311.92493, -100.72173, 2.5418005
23733931253000, 312.00803, -100.797966, 2.4848402
23733936243000, 312.09146, -100.87572, 2.4292765
23733941275000, 312.19687, -100.995, 2.4128766
23733946273000, 312.30188, -101.11241, 2.3940818
23733951260000, 312.4082, -101.22853, 2.374105
23733956285000, 312.5102, -101.34405, 2.3558037
23733961274000, 312.60968, -101.45286, 2.3365448
23733966275000, 312.711, -101.565605, 2.3157315
23733971283000, 312.808, -101.67168, 2.295689
23733976280000, 312.90735, -101.77661, 2.2736373
23733981276000, 313.00586, -101.88277, 2.2537649
23733986279000, 313.105, -101.98237, 2.230444
23733991283000, 313.2048, -102.0831, 2.2082345
23733996276000, 313.30298, -102.18038, 2.1870162
23734001284000, 313.4016, -102.278915, 2.162883
23734006270000, 313.50247, -102.37095, 2.1383643
23734011281000, 313.5993, -102.46757, 2.1175075
23734016272000, 313.69632, -102.55435, 2.0914707
23734021270000, 313.79578, -102.64701, 2.0671217
23734026284000, 313.89203, -102.73405, 2.0451093
23734031266000, 313.99048, -102.818, 2.019514
23734036255000, 314.08478, -102.90183, 1.995107
23734041276000, 314.1831, -102.982574, 1.9687883
23734046270000, 314.27505, -103.0638, 1.945019
23734051274000, 314.37042, -103.13881, 1.9185933
23734056347000, 314.46307, -103.214424, 1.8916144
23734061285000, 314.55432, -103.286736, 1.8686202
23734066274000, 314.64334, -103.358536, 1.8435316
23734071304000, 314.736, -103.42762, 1.8163661
23734076293000, 314.82266, -103.49399, 1.7947683
23734081278000, 314.91394, -103.5611, 1.7693975
23734086285000, 315.00177, -103.624306, 1.7435687
23734091282000, 315.09256, -103.690636, 1.7207625
23734096275000, 315.179, -103.75144, 1.6991631
23734101258000, 315.27167, -103.81082, 1.6745313
23734106323000, 315.35776, -103.87208, 1.6510868
23734111282000, 315.4497, -103.92984, 1.6340979
23734116276000, 315.53543, -103.984024, 1.6082428
23734121297000, 315.62485, -104.04255, 1.5871546
23734126269000, 315.7115, -104.092285, 1.5671927
23734131270000, 315.79938, -104.14395, 1.5448564
23734136279000, 315.8844, -104.19773, 1.5243909
23734141287000, 315.97278, -104.24636, 1.5213948
23734146276000, 316.06516, -104.296196, 1.5208397
23734151287000, 316.1518, -104.34709, 1.5188825
23734156300000, 316.24005, -104.39792, 1.5198234
23734161266000, 316.32648, -104.44165, 1.5205631
23734166269000, 316.4123, -104.494774, 1.5252297
23734171294000, 316.49597, -104.53874, 1.5289397
23734176297000, 316.5771, -104.58657, 1.5353574
23734181279000, 316.6595, -104.63221, 1.5445268
23734186287000, 316.73853, -104.676834, 1.5540363
23734191283000, 316.8171, -104.722015, 1.5627993
23734196285000, 316.899, -104.763695, 1.5760018
23734201279000, 316.97818, -104.80484, 1.587631
23734206294000, 317.062, -104.849266, 1.6002153
23734211283000, 317.14682, -104.88676, 1.6152395
23734216281000, 317.23483, -104.92314, 1.6271422
23734221288000, 317.32452, -104.96292, 1.6411705
23734226294000, 317.41452, -104.99741, 1.6543221
23734231277000, 317.50903, -105.03205, 1.6670351
23734236270000, 317.60138, -105.06041, 1.6791792
23734241957000, 317.69452, -105.09475, 1.6914722
23734246283000, 317.784, -105.12582, 1.704286
23734251266000, 317.8718, -105.15352, 1.717896
23734256284000, 317.96106, -105.184975, 1.7315627
23734261279000, 318.0433, -105.216, 1.7459282
23734266271000, 318.1259, -105.24717, 1.7601722
23734271269000, 318.20966, -105.28046, 1.7728654
23734276312000, 318.29218, -105.31566, 1.7863
23734281306000, 318.37833, -105.34695, 1.7924895
23734286301000, 318.46725, -105.38532, 1.7990819
23734291325000, 318.56006, -105.42267, 1.7985646
23734296310000, 318.66235, -105.45847, 1.7953104
23734301319000, 318.7685, -105.49692, 1.7874975
23734306343000, 318.87848, -105.53428, 1.7716972
23734311245000, 318.9937, -105.57223, 1.7552129
23734316302000, 319.10828, -105.60931, 1.7363101
23734321262000, 319.22275, -105.64537, 1.7118266
23734326281000, 319.33484, -105.68144, 1.6854318
23734331367000, 319.4437, -105.71636, 1.6569633
23734336305000, 319.54935, -105.75286, 1.6265856
23734341608000, 319.68353, -105.77523, 1.557217
23734346308000, 319.81607, -105.79679, 1.4817955
23734351646000, 319.96097, -105.83229, 1.4358339
23734356331000, 320.10248, -105.869896, 1.386889
23734361646000, 320.24844, -105.90865, 1.3767673
23734366288000, 320.39822, -105.94958, 1.3641909
23734371244000, 320.5626, -106.00467, 1.3683126
23734376321000, 320.729, -106.0628, 1.376301
23734381235000, 320.897, -106.120926, 1.3853434
23734386296000, 321.0724, -106.186745, 1.4433786
23734391297000, 321.25378, -106.25612, 1.5020335
23734396194000, 321.45682, -106.36003, 1.6041428
23734401312000, 321.66986, -106.46548, 1.7058647
23734406373000, 321.92587, -106.62186, 1.8633051
23734411388000, 322.18542, -106.78521, 2.0193772
23734416257000, 322.5105, -107.019325, 2.2560768
23734421350000, 322.84204, -107.258514, 2.487387
23734426274000, 323.28494, -107.626335, 2.8359935
23734431319000, 323.73395, -107.996475, 3.1737487
23734436290000, 324.37128, -108.58143, 3.6930137
23734441321000, 325.01276, -109.1595, 4.1919346
23734446266000, 326.00656, -110.1679, 5.042227
23734451300000, 326.9984, -111.153915, 5.8420053
23734456368000, 328.29086, -112.51733, 6.9332075
23734461344000, 329.57013, -113.83843, 7.944312
23734466522000, 330.9021, -115.194084, 8.97022
23734471268000, 332.21368, -116.50371, 9.915745
23734476258000, 333.49545, -117.74719, 10.788706
23734481281000, 334.7558, -118.94263, 11.596006
23734486258000, 335.9907, -120.073425, 12.341353
23734491264000, 337.16486, -121.12048, 12.997748
23734496237000, 338.3189, -122.11407, 13.606607
23734501274000, 339.339, -122.961975, 14.097319
23734506241000, 340.33994, -123.76964, 14.5541
23734511310000, 341.32935, -124.55301, 14.983313
23734516204000, 342.3027, -125.298454, 15.381995
23734521364000, 343.26172, -126.02163, 15.767086
23734526226000, 344.21088, -126.70697, 16.12382
23734531308000, 345.15594, -127.38992, 16.46614
23734536241000, 346.0858, -128.03685, 16.781113
23734541254000, 347.06512, -128.71259, 17.123035
23734546334000, 348.01663, -129.35132, 17.438108
23734551275000, 348.8523, -129.87213, 17.696827
23734556321000, 349.6701, -130.37505, 17.941198
23734561271000, 350.3432, -130.76044, 18.127048
23734567063000, 351.00827, -131.14497, 18.30657
23734571242000, 351.5779, -131.44556, 18.445293
23734576281000, 352.14682, -131.74925, 18.578411
23734581270000, 352.66895, -132.01883, 18.684355
23734586250000, 353.19467, -132.297, 18.789925
23734591246000, 353.72638, -132.57352, 18.874065
23734596268000, 354.2732, -132.85675, 18.950428
23734601257000, 354.86526, -133.15482, 19.004036
23734606274000, 355.47876, -133.44753, 19.044336
23734611228000, 356.15637, -133.76743, 19.079288
23734616267000, 356.85406, -134.06834, 19.091404
23734621266000, 357.6628, -134.4383, 19.101326
23734626278000, 358.47836, -134.78503, 19.095095
23734631268000, 359.45636, -135.24179, 19.096321
23734636295000, 0.43263307, -135.66951, 19.070368
23734641298000, 1.4571098, -136.09995, 19.02253
23734646293000, 2.4718733, -136.5078, 18.947187
23734651290000, 3.490892, -136.8818, 18.844872
23734666258000, 6.477208, -137.88977, 18.428017
23734671259000, 7.4483557, -138.19186, 18.263037
23734676262000, 8.412573, -138.46582, 18.072561
23734681282000, 9.365427, -138.71826, 17.880735
23734686264000, 10.3185625, -138.94862, 17.663465
23734691268000, 11.230287, -139.13742, 17.438213
23734696275000, 12.142718, -139.31227, 17.197937
23734701286000, 12.976131, -139.40797, 16.953548
23734706337000, 13.808277, -139.49825, 16.701996
23734711280000, 14.581034, -139.53722, 16.460205
23734716279000, 15.346199, -139.567, 16.219578
23734721292000, 16.033817, -139.55588, 16.003757
23734726288000, 16.715944, -139.53354, 15.784792
23734731261000, 17.384329, -139.50351, 15.576437
23734736241000, 18.043509, -139.46655, 15.37101
23734741290000, 18.65875, -139.41476, 15.2104845
23734746270000, 19.26125, -139.35568, 15.056035
23734751247000, 19.847097, -139.28577, 14.906065
23734756280000, 20.41576, -139.20927, 14.762821
23734761243000, 20.93516, -139.1197, 14.64115
23734766287000, 21.436506, -139.02493, 14.529305
23734771261000, 21.928917, -138.92188, 14.418263
23734776257000, 22.425646, -138.82541, 14.315889
23734781277000, 22.908537, -138.72104, 14.2161
23734786265000, 23.402386, -138.6125, 14.112222
23734791284000, 23.88728, -138.49857, 14.008845
23734796237000, 24.378511, -138.38431, 13.904331
23734801309000, 24.86465, -138.26312, 13.797584
23734806274000, 25.42532, -138.18391, 13.664918
23734811280000, 25.973791, -138.09079, 13.53422
23734816242000, 26.601, -138.04886, 13.372946
23734821315000, 27.22277, -137.98091, 13.198889
23734826256000, 27.91822, -137.95795, 13.008999
23734831266000, 28.605688, -137.91101, 12.810292
23734836242000, 29.290031, -137.85423, 12.60124
23734841277000, 29.96724, -137.7756, 12.388449
23734846275000, 30.654434, -137.68546, 12.1820345
23734851265000, 31.3321, -137.57135, 11.973867
23734856332000, 32.010338, -137.44266, 11.769049
23734861306000, 32.68476, -137.29897, 11.560021
23734866272000, 33.341644, -137.14525, 11.360936
23734871278000, 33.990086, -136.97723, 11.165691
23734876277000, 34.570972, -136.7755, 10.987893
23734881317000, 35.14521, -136.56476, 10.820278
23734886370000, 35.7049, -136.33983, 10.655972
23734891246000, 36.254856, -136.12685, 10.490222
23734896256000, 36.852337, -135.94229, 10.282831
23734901246000, 37.455776, -135.75955, 10.063104
23734906311000, 38.05933, -135.5763, 9.823694
23734911303000, 38.69912, -135.39204, 9.548785
23734916361000, 39.352013, -135.2042, 9.245557
23734921264000, 40.01298, -135.00891, 8.922852
23734926323000, 40.668785, -134.80344, 8.598837
23734931310000, 41.326317, -134.60315, 8.26421
23734936314000, 41.974686, -134.38802, 7.932952
23734941290000, 42.59691, -134.18703, 7.614356
23734946304000, 43.209003, -133.97185, 7.304682
23734951336000, 43.80023, -133.75154, 7.019633
23734956307000, 44.380817, -133.5177, 6.7448673
23734962109000, 44.872955, -133.23618, 6.535284
23734966278000, 45.35446, -132.94028, 6.3373437
23734971297000, 45.751038, -132.62146, 6.200995
23734976318000, 46.148952, -132.29716, 6.0732102
23734981306000, 46.52073, -131.95352, 5.970937
23734986252000, 46.89797, -131.61151, 5.8653965
23734991281000, 47.284054, -131.27208, 5.7575555
23734996271000, 47.68056, -130.9473, 5.636224
23735001261000, 48.098785, -130.62535, 5.4985538
23735006269000, 48.52713, -130.32246, 5.3445134
23735011313000, 49.004265, -130.00766, 5.153279
23735016299000, 49.48353, -129.70941, 4.949387
23735021274000, 50.0415, -129.41083, 4.6897545
23735026279000, 50.608414, -129.12082, 4.420002
23735031240000, 51.26383, -128.83823, 4.0795774
23735036270000, 51.927567, -128.55371, 3.735452
23735041287000, 52.60512, -128.24677, 3.3780975
23735046277000, 53.286064, -127.92848, 3.0213609
23735051290000, 53.930405, -127.62662, 2.6888692
23735056354000, 54.573574, -127.311676, 2.3643036
23735061257000, 55.1956, -127.021576, 2.0443027
23735066266000, 55.82213, -126.72461, 1.7301706
23735071285000, 56.47279, -126.38394, 1.4157981
23735076290000, 57.136154, -126.043304, 1.0995282
23735081238000, 57.817974, -125.66885, 0.77448165
23735086300000, 58.509296, -125.29996, 0.44821867
23735091212000, 59.21583, -124.9028, 0.13543935
23735096314000, 59.919582, -124.50377, -0.17374319
23735101267000, 60.640537, -124.03112, -0.45499444
23735106357000, 61.35375, -123.54702, -0.7207201
23735111244000, 62.11957, -122.96797, -0.97313523
23735116321000, 62.904488, -122.3636, -1.2016736
23735121315000, 63.738857, -121.67096, -1.3998227
23735126287000, 64.59546, -120.9737, -1.5854788
23735131240000, 65.47996, -120.19029, -1.7295983
23735136236000, 66.37226, -119.40231, -1.865087
23735141275000, 67.262474, -118.583466, -1.9666337
23735146302000, 68.1516, -117.74776, -2.0609157
23735151276000, 69.00781, -116.88194, -2.116693
23735156336000, 69.856224, -115.9816, -2.1593547
23735161365000, 70.67671, -115.038734, -2.1682878
23735166288000, 71.47967, -114.05213, -2.1569898
23735171287000, 72.24024, -113.03598, -2.1206229
23735176284000, 72.968475, -111.968575, -2.0611913
23735181298000, 73.65799, -110.8521, -1.9813237
23735186302000, 74.350136, -109.66606, -1.921626
23735191332000, 75.00847, -108.45376, -1.8448179
23735196279000, 75.744316, -107.18231, -1.8391355
23735201295000, 76.45346, -105.91917, -1.8209016
23735206317000, 77.209526, -104.60361, -1.8423989
23735211315000, 77.93909, -103.33622, -1.8684154
23735216221000, 78.67162, -102.07205, -1.9222404
23735221320000, 79.35797, -100.85504, -1.9935522
23735226202000, 79.94264, -99.76392, -2.1022522
23735231310000, 80.424675, -98.705185, -2.2301724
23735236213000, 80.6571, -97.86066, -2.3917727
23735241332000, 80.818474, -97.059944, -2.576784
23735246216000, 80.75852, -96.48837, -2.78687
23735251303000, 80.66443, -95.98327, -2.9900258
23735256329000, 80.538345, -95.583405, -3.1796246
23735261372000, 80.38872, -95.27333, -3.34048
23735266250000, 80.285034, -94.91404, -3.4521394
23735271321000, 80.21082, -94.634254, -3.5244741
23735276293000, 80.24568, -94.27112, -3.5166175
23735281309000, 80.300316, -93.94928, -3.4582539
23735286926000, 80.382866, -93.58544, -3.288685
23735291324000, 80.50407, -93.21199, -3.0555968
23735296206000, 80.65924, -92.74446, -2.7084699
23735301305000, 80.84559, -87.66847, -2.330003
23735306240000, 81.03819, -88.02701, -1.8970932
23735311317000, 81.18777, -88.18824, -1.5617917
23735316206000, 81.33374, -88.24626, -1.2363926
23735321333000, 81.40209, -88.20182, -1.0058961
23735326214000, 81.45942, -88.11615, -0.8175348
23735331313000, 81.33963, -87.98861, -0.6965837
23735336281000, 81.226234, -87.86059, -0.63420796
23735341320000, 80.98239, -87.68865, -0.6084908
23735346275000, 80.764465, -87.530815, -0.6309685
23735351266000, 80.5335, -87.371735, -0.6886618
23735356319000, 80.33321, -87.23541, -0.77588016
23735361320000, 80.1472, -87.14055, -0.87520164
23735366266000, 79.99782, -87.0655, -0.99508905
23735371266000, 79.86307, -87.05325, -1.1144753
23735376282000, 79.763725, -87.0538, -1.2468656
23735381310000, 79.68968, -87.09175, -1.3824464
23735386298000, 79.65184, -87.1292, -1.527625
23735391273000, 79.65938, -87.16504, -1.6717144
23735396313000, 79.69555, -87.19792, -1.8234198
23735401248000, 79.7997, -87.20778, -1.9735447
23735406305000, 79.919395, -87.20477, -2.1243649
23735411280000, 80.07554, -87.1801, -2.2917564
23735416267000, 80.24136, -87.14456, -2.4531288
23735421280000, 80.385826, -87.0713, -2.6462219
23735426220000, 80.51288, -86.97402, -2.84385
23735431311000, 80.575966, -86.85867, -3.05101
23735436313000, 80.587135, -86.70782, -3.260865
23735441321000, 80.520874, -86.54358, -3.4546492
23735446310000, 80.40431, -93.65712, -3.6494637
23735451301000, 80.21858, -93.854675, -3.8031924
23735456402000, 80.002, -94.094475, -3.9651005
23735461296000, 79.77162, -94.31591, -4.07711
23735466292000, 79.52133, -94.58495, -4.2062354
23735471318000, 79.3217, -94.83142, -4.316246
23735476334000, 79.15348, -95.12594, -4.454345
23735481310000, 79.05089, -95.414116, -4.599077
23735486319000, 78.99501, -95.745674, -4.7787323
23735491313000, 79.0305, -96.08746, -5.0019226
23735496296000, 79.09649, -96.45087, -5.2394676
23735501291000, 79.253555, -96.826065, -5.5195847
23735506344000, 79.420784, -97.22736, -5.810239
23735511281000, 79.62201, -97.59566, -6.0839615
23735516308000, 79.85156, -97.97387, -6.3764963
23735521259000, 80.09941, -98.22983, -6.5693336
23735526287000, 80.35305, -98.45665, -6.755561
23735531217000, 80.64662, -98.5026, -6.816309
23735536250000, 80.93109, -98.47821, -6.834653
23735541242000, 81.24624, -98.32574, -6.770277
23735546277000, 81.539635, -98.09357, -6.647359
23735551256000, 81.85314, -97.717514, -6.4020243
23735556312000, 82.16868, -97.29329, -6.1109977
23735561264000, 82.565796, -96.77395, -5.7469196
23735566282000, 83.027565, -96.26026, -5.3671885
23735571290000, 83.60343, -95.698074, -4.9501414
23735576318000, 84.25964, -95.15804, -4.5219536
23735581310000, 85.03966, -94.61593, -4.1016855
23735586252000, 85.848816, -94.09474, -3.6633654
23735591258000, 86.67167, -93.63308, -3.252765
23735596272000, 87.48468, -93.1871, -2.8371837
23735601241000, 88.25749, -92.88743, -2.4993677
23735606301000, 88.97628, -92.615845, -2.1843112
23735611998000, 89.57882, -92.50082, -1.9588205
23735616252000, 90.10133, -92.419525, -1.7653794
23735621439000, 90.407745, -92.64069, -1.6514833
23735626251000, 90.62924, -92.89015, -1.5837742
23735631488000, 90.75512, -93.22471, -1.6236988
23735636260000, 90.82089, -93.53471, -1.7057792
23735641635000, 90.87198, -93.83644, -1.848546
23735646290000, 90.863785, -94.11217, -2.021235
23735651723000, 90.81148, -94.35302, -2.2290905
23735656316000, 90.701256, -94.581154, -2.4481828
23735661517000, 90.568375, -94.813354, -2.6863596
23735666203000, 90.383644, -95.04166, -2.9214516
23735671232000, 90.1597, -95.26541, -3.1474342
23735676214000, 89.898834, -95.47891, -3.3622766
23735681171000, 89.6327, -95.6735, -3.5722384
23735686207000, 89.50312, -95.73688, -3.784189
23735691178000, 89.379166, -95.788124, -3.9853344
23735696212000, 89.34026, -95.71779, -4.171044
23735701145000, 89.29176, -95.64336, -4.328618
23735706247000, 89.25743, -95.59416, -4.45478
23735711138000, 89.21135, -95.5578, -4.5467896
23735716148000, 89.12481, -95.57514, -4.5941386
23735721168000, 89.048485, -95.60347, -4.6072474
23735726210000, 88.95782, -95.66401, -4.590214
23735731135000, 88.87095, -95.73636, -4.5589294
23735736198000, 88.80302, -95.837685, -4.4872046
23735741148000, 88.77481, -95.94139, -4.4309683
23735746208000, 88.71187, -96.1193, -4.3564777
23735751160000, 88.70639, -96.27817, -4.312534
23735756205000, 88.70423, -96.50264, -4.259875
23735761170000, 88.798164, -96.70068, -4.2281556
23735766198000, 88.93436, -96.95275, -4.1977787
23735771300000, 89.13621, -97.24178, -4.181654
23735776277000, 89.41076, -97.58373, -4.175343
23735781269000, 89.69706, -97.99679, -4.150467
23735786271000, 90.14003, -98.26508, -4.1262984
23735791255000, 90.60124, -98.58418, -4.09908
23735796278000, 91.31311, -98.59843, -4.02842
23735801276000, 92.0543, -98.551674, -3.966959
23735806298000, 93.029945, -98.06472, -3.7577035
23735811297000, 93.99852, -97.5044, -3.538338
23735816277000, 94.862686, -96.835434, -3.175457
23735821298000, 95.572914, -96.14778, -2.7769322
23735826280000, 95.85484, -95.8202, -2.371049
23735831278000, 95.96099, -95.52981, -1.9487399
23735836252000, 95.67564, -95.70501, -1.6339498
23735841272000, 95.28409, -95.9332, -1.3394759
23735846275000, 94.81579, -96.32575, -1.2135557
23735851255000, 94.34925, -96.73256, -1.1407459
23735856280000, 93.957954, -97.113235, -1.1974875
23735861288000, 93.6279, -97.49732, -1.3071144
23735866276000, 93.3782, -97.83793, -1.5258278
23735871297000, 93.182465, -98.18978, -1.7961372
23735876273000, 93.07809, -98.50245, -2.160682
23735881278000, 93.018974, -98.83855, -2.559236
23735886236000, 93.02728, -99.120415, -3.0321972
23735891269000, 93.1095, -99.42035, -3.519598
23735896245000, 93.29596, -99.57586, -4.0178485
23735901254000, 93.533, -99.743416, -4.519741
23735906625000, 93.90028, -99.71538, -4.918353
23735911258000, 94.3074, -99.6848, -5.3064413
23735916601000, 94.72632, -99.58562, -5.4378366
23735921258000, 95.14437, -99.47198, -5.565492
23735926218000, 95.48676, -99.39618, -5.610239
23735931270000, 95.8022, -99.314285, -5.649864
23735936340000, 96.08027, -99.220695, -5.6739397
23735941316000, 96.271034, -99.17916, -5.6378803
23735946211000, 96.42433, -99.12905, -5.575831
23735951262000, 96.51363, -99.08324, -5.4431353
23735956345000, 96.601524, -99.02728, -5.287857
23735961277000, 96.76438, -98.86366, -5.0513434
23735966264000, 96.9652, -98.685646, -4.79483
23735971876000, 97.33697, -98.30447, -4.491541
23735976281000, 97.74993, -97.91091, -4.19123
23735981311000, 98.26459, -97.42559, -3.914166
23735986243000, 98.78602, -96.92061, -3.6453042
23735991297000, 99.26384, -96.53204, -3.486442
23735996288000, 99.73136, -96.123665, -3.3340487
23736001249000, 100.11781, -95.86151, -3.2885928
23736006406000, 100.493164, -95.593544, -3.245967
23736011273000, 100.86371, -95.39913, -3.2804828
23736016265000, 101.23688, -95.20533, -3.3061275
23736021342000, 101.60831, -95.02894, -3.3586483
23736026317000, 101.97405, -94.85362, -3.394978
23736031304000, 102.32475, -94.67713, -3.4438312
23736036292000, 102.645294, -94.50149, -3.477086
23736041223000, 102.94458, -94.326614, -3.5186088
23736046310000, 103.215225, -94.16679, -3.5519955
23736051323000, 103.49786, -94.0345, -3.59743
23736056331000, 103.76855, -93.92614, -3.6386585
23736061288000, 104.091805, -93.80742, -3.647039
23736066288000, 104.43611, -93.71996, -3.6522338
23736071311000, 104.833664, -93.608505, -3.5975358
23736076305000, 105.26527, -86.45441, -3.5414555
23736081294000, 105.73379, -86.48852, -3.45273
23736086278000, 106.24879, -86.459274, -3.3595006
23736091305000, 106.77545, -86.37522, -3.2330508
23736096307000, 107.3192, -86.20691, -3.1105976
23736101266000, 107.89211, -85.97868, -2.9520295
23736106320000, 108.46288, -85.668755, -2.79778
23736111701000, 109.06416, -85.25887, -2.607941
23736116314000, 109.64472, -84.78847, -2.4066772
23736121537000, 110.23275, -84.23979, -2.1728916
23736126302000, 110.79005, -83.64572, -1.9289128
23736131216000, 111.314186, -83.01157, -1.6803817
23736136308000, 111.80906, -82.33877, -1.4222543
23736141300000, 112.28371, -81.6185, -1.1640365
23736146296000, 112.76107, -80.76698, -0.9297472
23736151227000, 113.219124, -79.86059, -0.702383
23736156298000, 113.64577, -78.86948, -0.53739166
23736161211000, 114.03911, -77.82667, -0.3824798
23736166284000, 114.33448, -76.75338, -0.3359994
23736171254000, 114.5727, -75.63197, -0.3090607
23736176299000, 114.7291, -74.57363, -0.35058558
23736181335000, 114.75028, -73.507614, -0.42349267
23736186299000, 114.644165, -72.590805, -0.56251943
23736191304000, 114.44559, -71.727554, -0.71019053
23736196302000, 114.119064, -71.06722, -0.877215
23736201309000, 113.77811, -70.50545, -1.0043352
23736206314000, 113.41556, -70.10078, -1.0741628
23736211308000, 113.1264, -69.81338, -1.0672309
23736216308000, 112.95662, -69.6429, -0.94026726
23736221315000, 112.91993, -69.58633, -0.72551185
23736226292000, 112.96924, -69.61887, -0.46791062
23736231310000, 113.13237, -69.74202, -0.10769847
23736236306000, 113.333145, -69.90339, 0.28730115
23736241307000, 113.52259, -70.12878, 0.7476042
23736246288000, 113.651184, -70.32924, 1.2567717
23736251338000, 113.655, -70.53881, 1.8024718
23736256354000, 113.48327, -70.72075, 2.3534417
23736261322000, 113.158325, -70.87524, 2.8747363
23736266269000, 112.67924, -71.02266, 3.3309102
23736271289000, 112.13002, -71.157295, 3.7181568
23736276307000, 111.53838, -71.274506, 4.0016036
23736281308000, 110.98185, -71.39294, 4.250131
23736286280000, 110.50651, -71.50501, 4.3223333
23736291306000, 110.09516, -71.64308, 4.3374977
23736296917000, 109.79664, -71.75036, 4.262223
23736301315000, 109.59146, -71.912476, 4.1057277
23736306321000, 109.41925, -72.011475, 3.949439
23736311300000, 109.31132, -72.14598, 3.7481759
23736316269000, 109.23757, -72.26669, 3.5516915
23736321356000, 109.20032, -72.41506, 3.3414953
23736326272000, 109.14874, -72.62342, 3.1148782
23736331433000, 109.10604, -72.86246, 2.881741
23736336253000, 109.033745, -73.187416, 2.6216154
23736341298000, 108.972336, -73.552345, 2.3533182
23736346200000, 108.878235, -74.004684, 2.0555954
23736351305000, 108.79641, -74.499306, 1.7470453
23736356310000, 108.68384, -75.07103, 1.4186898
23736361303000, 108.56263, -75.67727, 1.0761185
23736366227000, 108.40373, -76.348785, 0.72098815
23736371355000, 108.2441, -77.0475, 0.35595584
23736376227000, 108.016136, -77.79166, -0.011563509
23736381299000, 107.78064, -78.54289, -0.39497417
23736386263000, 107.51035, -79.30193, -0.7615611
23736391296000, 107.225296, -80.04064, -1.1425271
23736396348000, 106.93047, -80.74083, -1.4934039
23736401316000, 106.63251, -81.41295, -1.8516021
23736406369000, 106.34936, -81.996704, -2.1716487
23736411275000, 106.072075, -82.55318, -2.496563
23736416289000, 105.80507, -83.028534, -2.7636642
23736421333000, 105.53675, -83.46862, -3.047474
23736426279000, 105.270905, -83.857414, -3.2942197
23736431296000, 104.985916, -84.20195, -3.5612524
23736436771000, 104.71604, -84.46308, -3.8413832
23736441315000, 104.40372, -84.63916, -4.1466064
23736446293000, 104.122765, -84.67004, -4.504661
23736451302000, 103.78472, -84.59184, -4.8841243
23736456299000, 103.449066, -84.36124, -5.3163257
23736461313000, 103.07903, -84.041565, -5.7649946
23736466476000, 102.68285, -83.66323, -6.21919
23736471258000, 102.27144, -83.23491, -6.683455
23736476239000, 101.87749, -82.89367, -7.031595
23736481278000, 101.486275, -82.56556, -7.3411303
23736486287000, 101.105415, -82.28754, -7.591602
23736491233000, 100.71949, -82.25935, -7.5467854
23736496281000, 100.386925, -82.25847, -7.4324274
23736501230000, 100.10001, -82.48616, -7.066646
23736506523000, 99.89175, -82.723465, -6.634602
23736511252000, 99.87308, -82.88731, -6.1318574
23736516304000, 99.98307, -83.006325, -5.5752277
23736521250000, 100.29603, -82.96425, -4.996038
23736526276000, 100.72947, -82.86404, -4.3692207
23736531254000, 101.32216, -82.63964, -3.769838
23736536247000, 102.03587, -82.40893, -3.1505127
23736541242000, 102.94701, -82.08304, -2.5961843
23736546264000, 103.987755, -81.79741, -2.0545325
23736551270000, 105.18997, -81.41612, -1.5943054
23736556339000, 106.483086, -81.078865, -1.1567914
23736561263000, 107.79105, -80.80286, -0.82144374
23736566273000, 109.136665, -80.54372, -0.48783502
23736571395000, 110.34537, -80.28692, -0.16797164
23736576290000, 111.32775, -80.25547, 0.04090942
23736581587000, 112.15153, -80.21861, 0.25734875
23736586251000, 112.648926, -80.43324, 0.32248905
23736591241000, 112.8745, -80.92637, 0.24882284
23736596274000, 112.94965, -81.33367, 0.11081817
23736601252000, 112.86114, -81.6766, -0.11268796
23736606294000, 112.54929, -82.09475, -0.5152389
23736616228000, 111.802605, -82.51583, -1.0831481
23736621210000, 111.211105, -82.90799, -1.6848032
23736626236000, 110.264534, -83.17758, -2.380919
23736631215000, 109.292625, -83.36424, -3.0791752
23736636235000, 108.44578, -83.338295, -3.6218944
23736641236000, 107.690254, -83.24442, -4.119767
23736646257000, 107.14226, -83.06031, -4.335653
23736651249000, 106.65796, -82.85323, -4.483602
23736656170000, 106.27004, -82.737854, -4.3796945
23736661210000, 105.90863, -82.620636, -4.213736
23736666165000, 105.498604, -82.81631, -3.8830516
23736671188000, 105.21716, -83.04653, -3.4482799
23736676162000, 105.05807, -83.53674, -2.8887491
23736681170000, 105.078064, -84.08115, -2.282397
23736686191000, 105.37655, -84.543335, -1.5996726
23736691174000, 105.833305, -85.046326, -0.9070529
23736696193000, 106.533226, -85.22122, -0.2762754
23736701203000, 107.27809, -85.33625, 0.35026446
23736706241000, 108.1038, -85.263374, 0.79295224
23736711210000, 108.878586, -85.106285, 1.2101943
23736716209000, 109.56365, -84.94077, 1.4995477
23736721263000, 110.168236, -84.70014, 1.7608849
23736726212000, 110.596756, -84.573494, 1.9291023
23736731205000, 110.874146, -84.4257, 2.0637236
23736736197000, 110.9424, -84.45193, 2.1338923
23736741215000, 110.89093, -84.480576, 2.1666543
23736746209000, 110.68287, -84.659904, 2.152397
23736751244000, 110.42133, -84.87015, 2.1016045
23736756292000, 110.071594, -85.2353, 1.9518288
23736761278000, 109.71303, -85.633934, 1.773848
23736766268000, 109.35788, -86.06548, 1.5665008
23736771254000, 109.000565, -86.52393, 1.3190792
23736776268000, 108.6504, -87.00413, 1.0533905
23736781287000, 108.30457, -87.49954, 0.76813406
23736786285000, 107.992676, -87.95056, 0.4587375
23736791364000, 107.70386, -88.391464, 0.12922387
23736796637000, 107.49702, -88.666756, -0.19712475
23736801312000, 107.340706, -88.82846, -0.5321801
23736806311000, 107.304054, -88.77187, -0.8134789
23736811306000, 107.324394, -88.631035, -1.093144
23736816311000, 107.38942, -88.45386, -1.3550924
23736821311000, 107.522224, -88.307526, -1.5122957
23736826303000, 107.66597, -88.175514, -1.6490027
23736831287000, 107.8238, -88.12801, -1.685881
23736836318000, 107.98439, -88.097885, -1.7042929
23736841314000, 108.13889, -88.12252, -1.6677679
23736846298000, 108.30356, -88.159325, -1.6133517
23736851275000, 108.48336, -88.20638, -1.5467575
23736856351000, 108.67377, -88.2551, -1.4721189
23736861305000, 108.87667, -88.321205, -1.3655335
23736866270000, 109.104836, -88.37911, -1.2578514
23736871286000, 109.354225, -88.4348, -1.1473316
23736876282000, 109.62122, -88.47753, -1.0418526
23736881271000, 109.922874, -88.49467, -0.9311187
23736886251000, 110.244576, -88.493546, -0.82843333
23736891284000, 110.61681, -88.42272, -0.74777323
23736896267000, 111.008675, -88.32711, -0.67188054
23736901229000, 111.419266, -88.174904, -0.6340303
23736906297000, 111.831215, -88.00035, -0.60172
23736911273000, 112.211136, -87.83489, -0.6013203
23736916268000, 112.56838, -87.64754, -0.6030433
23736921310000, 112.86944, -87.50349, -0.6253674
23736926315000, 113.14772, -87.34211, -0.63250023
23736931300000, 113.39824, -87.19059, -0.6184379
23736936291000, 113.637634, -87.01298, -0.5866791
23736941280000, 113.88998, -86.809814, -0.49137843
23736946287000, 114.149155, -86.57673, -0.37062913
23736951232000, 114.4827, -86.2533, -0.17224911
23736956419000, 114.84044, -85.89522, 0.043093376
23736961205000, 115.28654, -85.350685, 0.3514837
23736966278000, 115.77204, -84.781555, 0.66335243
23736971253000, 116.33661, -84.050064, 1.010835
23736976319000, 116.89919, -83.30487, 1.3412114
23736981255000, 117.4638, -82.54212, 1.640545
23736986282000, 118.01575, -81.746315, 1.9123826
23736991266000, 118.51953, -81.0202, 2.0761845
23736996291000, 119.00846, -80.25516, 2.220702
23737001279000, 119.503456, -79.427345, 2.3055854
23737006352000, 119.988304, -78.575615, 2.3841147
23737011274000, 120.4607, -77.65993, 2.4020941
23737016782000, 120.92208, -76.72825, 2.4251232
23737021286000, 121.3427, -75.81748, 2.3830962
23737026316000, 121.75108, -74.89624, 2.3461542
23737031318000, 122.09054, -74.06984, 2.2479942
23737036252000, 122.39785, -73.23435, 2.1523962
23737041232000, 122.607025, -72.54557, 2.0036187
23737046270000, 122.7419, -71.84617, 1.8526496
23737051351000, 122.77767, -71.14852, 1.6871929
23737056398000, 122.68196, -70.66966, 1.5169966
23737061260000, 122.52666, -70.19042, 1.3388629
23737066285000, 122.15082, -69.85779, 1.1459976
23737071288000, 121.742294, -69.53857, 0.95556206
23737076305000, 121.25636, -69.296104, 0.8181273
23737081264000, 120.743675, -69.075935, 0.6941912
23737086247000, 120.24979, -68.874985, 0.6572391
23737091294000, 119.84071, -68.712906, 0.68600804
23737096307000, 119.56148, -68.536026, 0.8315535
23737101314000, 119.41686, -68.4024, 1.0659807
23737106381000, 119.45394, -68.221054, 1.4222305
23737111384000, 119.57537, -68.09977, 1.8395149
23737116300000, 119.74225, -67.938225, 2.2598996
23737121267000, 119.91041, -67.826645, 2.7099078
23737126274000, 120.00642, -67.77891, 3.1345484
23737131268000, 120.04132, -67.76853, 3.554119
23737136252000, 119.96669, -67.79656, 3.9007022
23737141288000, 119.86868, -67.84617, 4.2358875
23737146272000, 119.726265, -67.9116, 4.5093513
23737151248000, 119.584564, -68.00044, 4.756858
23737156405000, 119.41334, -68.0504, 4.9268413
23737161297000, 119.23937, -68.11796, 5.072946
23737166272000, 119.08819, -68.23101, 5.1344457
23737171265000, 118.93809, -68.357864, 5.163547
23737176278000, 118.76858, -68.417946, 5.154025
23737181293000, 118.61993, -68.51475, 5.0934153
23737186239000, 118.448006, -68.597565, 4.9974055
23737191248000, 118.29624, -68.72071, 4.859949
23737196270000, 118.15006, -68.85745, 4.7119346
23737201254000, 118.010086, -69.0306, 4.5261307
23737206266000, 117.86119, -69.24904, 4.325527
23737211277000, 117.71009, -69.49469, 4.0887218
23737216253000, 117.54256, -69.81264, 3.8331158
23737221251000, 117.38302, -70.15155, 3.5546613
23737226214000, 117.2099, -70.55702, 3.264847
23737231268000, 117.04001, -70.98378, 2.9648683
23737236225000, 116.85858, -71.46222, 2.6492648
23737241278000, 116.6787, -71.96703, 2.3382847
23737246235000, 116.46559, -72.53776, 1.9964548
23737251261000, 116.24598, -73.14326, 1.6521065
23737256270000, 115.97794, -73.779785, 1.2794826
23737261277000, 115.68908, -74.46739, 0.8956024
23737266239000, 115.36379, -75.17149, 0.50627214
23737271253000, 115.009796, -75.89444, 0.10232141
23737276259000, 114.65, -76.557884, -0.23880799
23737281268000, 114.29001, -77.22945, -0.586054
23737286265000, 113.96662, -77.79398, -0.87228465
23737291281000, 113.67542, -78.362015, -1.1697886
23737296220000, 113.4629, -78.85249, -1.4021608
23737301295000, 113.30082, -79.349434, -1.6427693
23737306863000, 113.18338, -79.85633, -1.8957951
23737311327000, 113.153046, -80.30381, -2.1452951
23737316613000, 113.20047, -80.70563, -2.416547
23737321253000, 113.25053, -81.09517, -2.7117774
23737326585000, 113.31012, -81.4507, -3.0455365
23737331268000, 113.32178, -81.76071, -3.3919091
23737336253000, 113.19502, -82.0698, -3.7200065
23737341262000, 112.98446, -82.317924, -4.036116
23737346241000, 112.72145, -82.499626, -4.3295035
23737351252000, 112.129715, -82.73166, -4.475948
23737356240000, 111.5286, -82.96102, -4.5658946
23737361273000, 110.88014, -83.182495, -4.5760007
23737366204000, 110.20785, -83.40564, -4.545589
23737371258000, 109.596825, -83.644936, -4.407579
23737376237000, 109.03029, -83.86919, -4.224052
23737381268000, 108.55732, -84.131584, -3.9363668
23737386229000, 108.14212, -84.37997, -3.5902474
23737391283000, 107.85254, -84.51578, -3.1860363
23737396270000, 107.62764, -84.59244, -2.7386682
23737401296000, 107.509186, -84.46932, -2.2811651
23737406388000, 107.45168, -84.277435, -1.7886118
23737411236000, 107.57031, -83.94596, -1.3153759
23737416307000, 107.823685, -83.59927, -0.81405264
23737421290000, 108.31638, -83.16615, -0.35193455
23737426301000, 109.018074, -82.77268, 0.095972724
23737431281000, 110.002785, -82.232376, 0.5013303
23737436245000, 111.13851, -81.740135, 0.86549455
23737441281000, 112.40136, -81.19138, 1.1186153
23737446277000, 113.7187, -80.67277, 1.3611422
23737451253000, 114.76684, -80.394905, 1.4349388
23737456351000, 115.68989, -80.1133, 1.5455228
23737461362000, 116.26566, -80.19144, 1.5446037
23737466272000, 116.62742, -80.25574, 1.5243759
23737471248000, 116.66958, -80.63476, 1.403908
23737476281000, 116.54222, -80.99341, 1.2397947
23737481228000, 116.20834, -81.59091, 0.94621027
23737486258000, 115.761086, -82.17301, 0.6072151
23737491280000, 115.217064, -82.80789, 0.19068044
23737496269000, 114.59799, -83.42207, -0.2547976
23737501273000, 113.918045, -83.93404, -0.617531
23737506355000, 113.156525, -84.41301, -0.98160934
23737511304000, 112.34856, -84.879654, -1.1287565
23737516279000, 111.50618, -85.333496, -1.252309
23737521283000, 110.65478, -85.873695, -1.1767603
23737526289000, 109.86984, -86.38094, -1.0833325
23737531277000, 109.19274, -86.84766, -0.8249258
23737536272000, 108.64877, -87.26893, -0.5687899
23737541255000, 108.21144, -87.54973, -0.20509222
23737546278000, 107.989716, -87.76403, 0.15226726
23737551346000, 107.83597, -87.83308, 0.52085686
23737556311000, 107.7861, -87.86899, 0.8873247
23737561284000, 107.91067, -87.853455, 1.1817936
23737566278000, 108.13189, -87.84076, 1.4815837
23737571297000, 108.545166, -87.70496, 1.6763711
23737576290000, 109.054955, -87.53008, 1.8648292
23737581248000, 109.727196, -87.150375, 1.8979377
23737586243000, 110.4919, -86.64675, 1.9496334
23737591265000, 111.28025, -85.94275, 1.9982525
23737596274000, 112.0118, -85.15127, 2.0463257
23737601253000, 112.444855, -85.07074, 2.105492
23737606280000, 112.7418, -85.00719, 2.1511114
23737611366000, 112.7529, -85.248955, 2.1460705
23737616255000, 112.545166, -85.54512, 2.122769
23737621297000, 112.13494, -85.96155, 2.0577347
23737626298000, 111.591156, -86.42757, 1.9681764
23737631562000, 110.97303, -86.94617, 1.8487031
23737636284000, 110.36848, -87.48932, 1.6729219
23737641601000, 109.81391, -88.02135, 1.4573505
23737646312000, 109.28722, -88.56153, 1.2265804
23737651283000, 108.89226, -88.965576, 1.0080103
23737656361000, 108.540665, -90.86163, 0.7955838
23737661210000, 108.27053, -91.0656, 0.59660214
23737666896000, 108.15583, -91.32604, 0.42473063
23737671230000, 108.14839, -91.639275, 0.27462247
23737676291000, 108.2991, -91.77848, 0.17701145
23737681206000, 108.53839, -91.91247, 0.09969348
23737686242000, 108.86182, -91.9758, 0.09848284
23737691216000, 109.20428, -92.034485, 0.11094113
23737696269000, 109.527824, -92.11349, 0.2011768
23737701293000, 109.825935, -92.19244, 0.28884137
23737706331000, 110.0812, -92.27737, 0.38659334
23737711274000, 110.30452, -92.34938, 0.47017154
23737716280000, 110.49139, -92.414986, 0.5377606
23737721287000, 110.647545, -92.45794, 0.5900021
23737726292000, 110.79564, -92.52717, 0.6404852
23737731276000, 110.92825, -92.57374, 0.6861242
23737736853000, 111.051025, -92.61193, 0.76720345
23737741280000, 111.16585, -92.63107, 0.8447798
23737746272000, 111.34013, -92.61674, 0.9727784
23737751268000, 111.5244, -92.57723, 1.1060077
23737756313000, 111.760345, -92.48818, 1.2703364
23737761327000, 112.00961, -92.40289, 1.4348279
23737766281000, 112.29875, -92.2688, 1.564914
23737771281000, 112.586784, -92.15675, 1.6904233
23737776307000, 112.87565, -92.0072, 1.7166952
23737781292000, 113.16698, -91.88638, 1.7418041
23737786311000, 113.452225, -91.73396, 1.673515
23737791271000, 113.74353, -91.6115, 1.6025764
23737796263000, 114.03625, -88.51623, 1.4817849
23737801311000, 114.33417, -88.59449, 1.3657589
23737806883000, 114.64282, -88.62362, 1.2410554
23737811328000, 114.961105, -88.57116, 1.1302903
23737816281000, 115.28781, -88.403725, 1.070153
23737821308000, 115.60391, -88.172295, 1.0315406
23737826216000, 115.90565, -87.893715, 1.0138817
23737831311000, 116.19731, -87.53013, 1.1027886
23737836223000, 116.482285, -87.15179, 1.2080119
23737841293000, 116.75492, -86.76485, 1.4338812
23737846207000, 117.05054, -86.35981, 1.6719207
23737851240000, 117.44378, -85.79834, 2.01418
23737856228000, 117.88023, -85.229546, 2.3540072
23737861280000, 118.39683, -84.54839, 2.727081
23737866208000, 118.94474, -83.84907, 3.0871663
23737871304000, 119.49877, -83.113716, 3.4355567
23737876262000, 120.0394, -82.35718, 3.7615626
23737881308000, 120.53837, -81.61671, 4.022056
23737886314000, 120.9997, -80.849815, 4.26581
23737891294000, 121.41288, -80.070625, 4.437972
23737896286000, 121.799835, -79.24799, 4.611316
23737901265000, 122.16107, -78.38456, 4.723137
23737906294000, 122.508316, -77.46387, 4.8438888
23737911274000, 122.842415, -76.49278, 4.9175334
23737916269000, 123.16067, -75.46297, 5.0094233
23737921253000, 123.43872, -74.40905, 5.0693917
23737926276000, 123.67978, -73.32087, 5.1365376
23737931271000, 123.83457, -72.31851, 5.1936955
23737936293000, 123.96247, -71.31526, 5.2600565
23737941301000, 123.91982, -70.48224, 5.278598
23737946310000, 123.82461, -69.67042, 5.294841
23737951258000, 123.60619, -69.09104, 5.2442994
23737956528000, 123.28323, -68.51913, 5.1751585
23737961276000, 122.88238, -68.17057, 5.0591116
23737966276000, 122.437, -67.833, 4.9593735
23737971242000, 121.963585, -67.58916, 4.885256
23737976278000, 121.54697, -67.37939, 4.8718696
23737981311000, 121.25206, -67.19231, 4.9802384
23737986243000, 121.09315, -67.063385, 5.165722
23737991940000, 121.09361, -66.8721, 5.4530005
23737996284000, 121.207016, -66.75976, 5.799069
23738001278000, 121.42052, -66.58268, 6.160714
23738006339000, 121.6846, -66.472786, 6.5366907
23738011269000, 121.87089, -66.399605, 6.821234
23738016281000, 122.01068, -66.38974, 7.077228
23738021261000, 121.98729, -66.464165, 7.1832895
23738026294000, 121.89228, -66.57874, 7.280198
23738031249000, 121.70227, -66.75315, 7.3176074
23738036279000, 121.449005, -66.93944, 7.333538
23738041240000, 121.236115, -67.1197, 7.462766
23738046332000, 121.01331, -67.30571, 7.5731716
23738051281000, 120.776924, -67.42968, 7.712322
23738056325000, 120.5706, -67.58678, 7.8149147
23738061270000, 120.38239, -67.69981, 7.927053
23738066276000, 120.22181, -67.866745, 7.9930468
23738071267000, 120.085625, -68.00834, 8.042358
23738076277000, 119.97988, -68.21563, 8.049576
23738081232000, 119.89835, -68.40726, 8.042496
23738086309000, 119.84035, -68.66823, 7.9943767
23738091361000, 119.79523, -68.9259, 7.934731
23738096306000, 119.763, -69.243645, 7.830834
23738101267000, 119.73247, -69.60818, 7.6951427
23738106373000, 119.70174, -70.01749, 7.541658
23738111294000, 119.663345, -70.467285, 7.3552175
23738116302000, 119.62813, -70.9956, 7.147521
23738121272000, 119.59089, -71.57172, 6.9152613
23738126295000, 119.513756, -72.33251, 6.6137385
23738131211000, 119.4463, -73.136055, 6.3064995
23738136298000, 119.35857, -74.026855, 5.9337325
23738141313000, 119.262405, -74.97759, 5.55927
23738146295000, 119.13594, -75.95955, 5.139203
23738151272000, 118.99086, -76.96806, 4.719133
23738156318000, 118.81001, -77.99031, 4.2820396
23738161324000, 118.59377, -79.02733, 3.8510547
23738166271000, 118.32293, -80.02834, 3.4278896
23738171301000, 117.99371, -81.03305, 3.0054166
23738176286000, 117.61084, -81.984604, 2.6298254
23738181308000, 117.167725, -82.93452, 2.2511058
23738186290000, 116.639595, -83.78638, 1.9405065
23738191300000, 116.05434, -84.63555, 1.6176327
23738196221000, 115.396835, -85.39353, 1.4008557
23738201278000, 114.7333, -86.13479, 1.1790197
23738206393000, 114.0374, -86.74361, 1.0873954
23738211328000, 113.38152, -87.311935, 0.9946878
23738216211000, 112.80798, -87.67107, 0.9982124
23738221291000, 112.280785, -87.938484, 1.0035341
23738226253000, 111.83178, -88.0193, 1.0679295
23738231307000, 111.387634, -87.99139, 1.1295611
23738236248000, 110.91499, -87.91307, 1.2475984
23738241300000, 110.44039, -87.66632, 1.3830477
23738246274000, 109.959946, -87.44957, 1.553389
23738251306000, 109.487076, -87.1433, 1.7732837
23738256283000, 109.06491, -86.76063, 2.0376236
23738261321000, 108.71187, -86.32155, 2.3601322
23738266205000, 108.45992, -85.8547, 2.7259426
23738271311000, 108.36915, -85.31337, 3.130822
23738276213000, 108.43466, -84.77646, 3.5658758
23738281307000, 108.725746, -84.19144, 3.9896219
23738286249000, 109.17791, -83.646255, 4.4238305
23738291292000, 109.82993, -83.03872, 4.8421245
23738296273000, 110.59954, -82.48376, 5.263816
23738301317000, 111.43978, -81.962265, 5.6528873
23738306353000, 112.27449, -81.47373, 6.049065
23738311388000, 113.00253, -81.1463, 6.3718047
23738316285000, 113.61518, -80.8046, 6.691692
23738321324000, 113.981995, -80.73211, 6.8840256
23738326310000, 114.26137, -80.65065, 7.0483923
23738331296000, 114.1055, -80.88548, 7.032496
23738336259000, 113.81976, -81.15091, 6.9270086
23738341317000, 113.24623, -81.741005, 6.602429
23738346307000, 112.46175, -82.354324, 6.220264
23738351255000, 111.50828, -83.22996, 5.579338
23738356384000, 110.48405, -84.11192, 4.910673
23738361268000, 109.51828, -84.66433, 4.438038
23738366295000, 108.68593, -85.181366, 3.964589
23738371216000, 108.15076, -85.199326, 3.844082
23738376307000, 107.879265, -85.18224, 3.7215428
23738381204000, 107.93529, -84.7369, 3.9769657
23738386746000, 108.17238, -84.296074, 4.2203746
23738391220000, 108.46496, -83.92188, 4.511114
23738396310000, 108.77512, -83.60116, 4.7972374
23738401332000, 108.96852, -83.53137, 5.0010405
23738406336000, 109.10346, -83.478386, 5.221324
23738411241000, 109.19105, -83.52747, 5.3912287
23738416306000, 109.252266, -83.5559, 5.5748925
23738421316000, 109.318, -83.49411, 5.7386417
23738426299000, 109.48721, -83.40474, 5.911992
23738431203000, 109.67123, -83.30271, 6.086774
23738436320000, 109.951996, -83.03188, 6.2961063
23738441303000, 110.27385, -82.75015, 6.5089693
23738446298000, 110.605385, -82.358055, 6.811121
23738451336000, 110.89783, -81.943756, 7.1187773
23738456264000, 111.09604, -81.59589, 7.438174
23738461404000, 111.21994, -81.24901, 7.755461
23738466289000, 111.19954, -81.1043, 7.9666495
23738471287000, 111.09925, -80.98752, 8.154662
23738476291000, 110.90888, -81.04861, 8.1992
23738481309000, 110.697235, -81.15246, 8.20693
23738486315000, 110.468475, -81.39095, 8.080116
23738491293000, 110.24858, -81.67329, 7.9129333
23738496560000, 110.043274, -82.04866, 7.642086
23738501280000, 109.86993, -82.4594, 7.3312716
23738506314000, 109.71177, -82.907845, 6.969339
23738511248000, 109.57357, -83.35985, 6.58476
23738516240000, 109.46746, -83.80589, 6.178649
23738521292000, 109.37514, -84.22316, 5.7767334
23738526249000, 109.36691, -95.37401, 5.367879
23738531226000, 109.38365, -95.01173, 4.9841733
23738536263000, 109.467354, -94.73548, 4.6905613
23738541280000, 109.59887, -94.48315, 4.4149537
23738546284000, 109.760086, -94.25371, 4.154575
23738551288000, 109.96063, -94.28559, 4.185392
23738556218000, 110.170364, -94.33721, 4.235118
23738561196000, 110.37407, -94.561935, 4.4522977
23738566195000, 110.56738, -94.79054, 4.6760483
23738571199000, 110.734055, -95.13326, 5.003372
23738576188000, 110.876755, -95.45694, 5.317386
23738581184000, 111.02086, -95.752815, 5.605249
23738586177000, 111.1473, -96.02588, 5.876436
23738591199000, 111.262794, -96.26439, 6.1273146
23738596194000, 111.37333, -96.47151, 6.3508434
23738601270000, 111.50905, -96.617615, 6.5283256
23738606304000, 111.65665, -96.7441, 6.6841116
23738611334000, 111.85329, -96.75275, 6.721844
23738616251000, 112.05383, -96.75967, 6.7495074
23738621216000, 112.28078, -96.696495, 6.696224
23738626209000, 112.501785, -83.34967, 6.645204
23738631250000, 112.722206, -83.43655, 6.536362
23738636255000, 112.93222, -83.49357, 6.4382634
23738641223000, 113.1215, -83.571205, 6.3013287
23738646286000, 113.30237, -83.611115, 6.1768646
23738651251000, 113.46035, -83.61462, 6.070008
23738656244000, 113.609085, -83.57659, 5.977324
23738661231000, 113.7587, -83.46443, 5.9273524
23738666306000, 113.90283, -83.30058, 5.8972135
23738671503000, 114.06446, -83.037605, 5.9183574
23738676255000, 114.2387, -82.72531, 5.952492
23738681191000, 114.432, -82.33377, 6.0552006
23738686176000, 114.64616, -81.899025, 6.1679335
23738691192000, 114.89645, -81.401474, 6.36069
23738696185000, 115.164116, -80.87044, 6.5599113
23738701278000, 115.45577, -80.243416, 6.8538127
23738706319000, 115.752396, -79.595314, 7.1467867
23738711310000, 116.068756, -78.8639, 7.4884787
23738716273000, 116.380486, -78.11836, 7.8276687
23738721559000, 116.677605, -77.339005, 8.12595
23738726255000, 116.98111, -76.513695, 8.422511
23738731489000, 117.25164, -75.730034, 8.624643
23738736223000, 117.52628, -74.88731, 8.834238
23738741240000, 117.77279, -74.10589, 8.926037
23738746255000, 118.01044, -73.304535, 9.018158
23738751221000, 118.22644, -72.48599, 9.115609
23738756249000, 118.376144, -71.76257, 9.079632
23738761233000, 118.46883, -71.02819, 9.028999
23738766272000, 118.475975, -70.435104, 8.854591
23738771219000, 118.408424, -69.83458, 8.664417
23738776318000, 118.26632, -69.41746, 8.413878
23738781204000, 118.09508, -69.0105, 8.170321
23738786283000, 117.892006, -68.63421, 7.935901
23738791215000, 117.70419, -68.287445, 7.7327747
23738796318000, 117.5449, -68.1501, 7.5834856
23738801298000, 117.43208, -68.04837, 7.477141
23738806289000, 117.35623, -67.98091, 7.415689
23738811289000, 117.298096, -67.94892, 7.3910327
23738816274000, 117.36639, -67.75838, 7.556126
23738821287000, 117.44106, -67.58029, 7.752252
23738826264000, 117.52472, -67.41753, 7.9431057
23738831279000, 117.59002, -67.277885, 8.141703
23738836236000, 117.6595, -67.22371, 8.332878
23738841258000, 117.71047, -67.21116, 8.515565
23738846272000, 117.709694, -67.271484, 8.664952
23738851262000, 117.67201, -67.3603, 8.799659
23738856317000, 117.59476, -67.46564, 8.905492
23738861320000, 117.49982, -67.58344, 9.011732
23738866262000, 117.38169, -67.685875, 9.110262
23738871291000, 117.25545, -67.80317, 9.19376
23738876294000, 117.10944, -67.88332, 9.253951
23738881304000, 116.96923, -67.98862, 9.279858
23738886246000, 116.8199, -68.08698, 9.269713
23738891244000, 116.682236, -68.22005, 9.229433
23738896237000, 116.55167, -68.37688, 9.149169
23738901270000, 116.435005, -68.5824, 9.038394
23738906298000, 116.308334, -68.813896, 8.890691
23738911290000, 116.19824, -69.10807, 8.71431
23738916234000, 116.074135, -69.42666, 8.510958
23738921269000, 115.94747, -69.83539, 8.274281
23738926233000, 115.802185, -70.28409, 8.013142
23738931304000, 115.63911, -70.788536, 7.7244344
23738936271000, 115.4667, -71.388145, 7.408159
23738941287000, 115.280754, -72.03067, 7.068005
23738946285000, 115.091995, -72.758514, 6.6997795
23738951264000, 114.90604, -73.52115, 6.311839
23738956316000, 114.72927, -74.327736, 5.911637
23738961249000, 114.561226, -75.16208, 5.5058255
23738966258000, 114.40611, -76.03803, 5.0897384
23738971264000, 114.26028, -76.92057, 4.670476
23738976287000, 114.127686, -77.82822, 4.244275
23738981298000, 114.00408, -78.72854, 3.823893
23738986276000, 113.88338, -79.64774, 3.3962116
23738991288000, 113.779686, -80.534035, 2.9760542
23738996281000, 113.67844, -81.450806, 2.5432515
23739001286000, 113.59866, -82.31292, 2.1081352
23739006197000, 113.518814, -83.195404, 1.6567105
23739011165000, 113.46079, -83.99962, 1.203573
23739016169000, 113.3951, -84.80948, 0.7134913
23739021192000, 113.32268, -85.502655, 0.21370345
23739026175000, 113.215515, -86.12726, -0.29155126
23739031167000, 113.068275, -86.60796, -0.79868317
23739036189000, 112.87761, -86.93385, -1.2833685
23739041154000, 112.62643, -87.169655, -1.663518
23739046160000, 112.354004, -87.25888, -2.0036771
23739051178000, 112.05228, -87.347145, -2.1500235
23739056177000, 111.75974, -87.384, -2.25471
23739061140000, 111.4834, -87.527214, -2.1061513
23739066175000, 111.24078, -87.66315, -1.9154478
23739071206000, 111.05818, -87.830246, -1.526721
23739076158000, 110.905396, -87.92315, -1.0831958
23739081155000, 110.77548, -87.93398, -0.24680449
23739086183000, 110.68171, -87.592316, 0.60581315
23739091146000, 110.63982, -86.946396, 1.4795305
23739096153000, 110.61364, -86.191154, 2.366847
23739101161000, 110.6445, -85.399025, 3.2051105
23739106213000, 110.68557, -84.60129, 4.036079
23739111162000, 110.7996, -83.81378, 4.792503
23739116152000, 110.973885, -83.08512, 5.517654
23739121178000, 111.243286, -82.379395, 6.1303062
23739126144000, 111.58806, -81.71994, 6.701323
23739131158000, 111.992386, -81.17509, 7.125978
23739136187000, 112.41712, -80.65446, 7.51605
23739141144000, 112.7915, -80.39083, 7.72227
23739146161000, 113.12539, -80.119225, 7.9199753
23739151166000, 113.37589, -80.19354, 7.9237003
23739156179000, 113.566315, -80.26159, 7.9198117
23739161143000, 113.67237, -80.65182, 7.707583
23739166149000, 113.70595, -81.04138, 7.4762735
23739171140000, 113.63188, -81.704124, 7.055457
23739176175000, 113.42222, -82.36968, 6.6158557
23739181121000, 113.04985, -83.16027, 6.1228156
23739186162000, 112.51706, -83.92102, 5.6227627
23739191124000, 111.85844, -84.58043, 5.182361
23739196180000, 111.11718, -85.164116, 4.7422013
23739201145000, 110.31741, -85.479774, 4.4655633
23739206205000, 109.6326, -85.8022, 4.17031
23739211132000, 109.045685, -85.778915, 4.1722016
23739216186000, 108.591156, -85.77508, 4.1487827
23739221164000, 108.34223, -85.437386, 4.4567876
23739226176000, 108.19518, -85.11675, 4.7484603
23739231151000, 108.133766, -84.77098, 5.106212
23739236173000, 108.1296, -84.447815, 5.448689
23739241166000, 108.20443, -84.19011, 5.752029
23739246180000, 108.343124, -83.92115, 6.0570064
23739251174000, 108.50551, -83.81358, 6.1805754
23739256191000, 108.77707, -96.31381, 6.3137655
23739261181000, 109.102165, -96.36556, 6.362236
23739266173000, 109.47977, -96.430954, 6.4182796
23739271198000, 109.86526, -96.46043, 6.4433165
23739276192000, 110.25784, -96.49649, 6.4752994
23739281178000, 110.61605, -96.55589, 6.536299
23739286193000, 110.94194, -96.622734, 6.6069703
23739291185000, 111.225204, -96.745804, 6.733368
23739296189000, 111.4991, -96.86955, 6.861301
23739301166000, 111.705, -97.02267, 7.0103974
23739306229000, 111.85446, -97.15492, 7.1387763
23739311183000, 111.939606, -97.25282, 7.2181463
23739316188000, 111.942795, -97.338165, 7.279242
23739321257000, 111.89482, -97.33424, 7.2422256
23739326311000, 111.81426, -97.317444, 7.1842113
23739331408000, 111.71688, -97.22964, 7.062549
23739336306000, 111.64414, -97.12087, 6.9115615
23739341601000, 111.59994, -97.00691, 6.762719
23739346311000, 111.59812, -96.87968, 6.591883
23739351678000, 111.628365, -96.76914, 6.4419985
23739356345000, 111.70006, -96.65298, 6.2815022
23739361629000, 111.821236, -96.55436, 6.146609
23739366289000, 111.976845, -96.45347, 6.0070696
23739371218000, 112.16395, -96.3613, 5.894587
23739376313000, 112.365234, -96.26993, 5.786117
23739381204000, 112.580154, -96.176125, 5.6764812
23739386282000, 112.78674, -96.093765, 5.595047
23739391243000, 112.97217, -96.01025, 5.5128736
23739396311000, 113.139305, -95.93674, 5.431316
23739401279000, 113.29116, -95.85979, 5.348055
23739406355000, 113.403015, -95.78872, 5.2521343
23739411393000, 113.50097, -95.71165, 5.1552677
23739416310000, 113.57265, -95.62327, 5.030635
23739421318000, 113.63098, -95.530655, 4.9057817
23739426311000, 113.672516, -95.43105, 4.7872815
23739431309000, 113.70819, -95.32654, 4.667148
23739436277000, 113.75047, -95.22376, 4.568076
23739441331000, 113.79746, -95.11335, 4.4663076
23739446290000, 113.854355, -95.02948, 4.4135137
23739451280000, 113.92022, -94.94089, 4.3610797
23739456329000, 114.010284, -94.87064, 4.3442783
23739461352000, 114.10744, -94.8035, 4.327431
23739466274000, 114.22092, -94.75898, 4.3368063
23739471244000, 114.34648, -94.720924, 4.3465214
23739476587000, 114.494804, -94.69467, 4.369065
23739481270000, 114.66406, -94.67606, 4.3934884
23739486213000, 114.86337, -94.65394, 4.4154725
23739491353000, 115.08081, -94.64358, 4.44237
23739496260000, 115.30479, -94.63622, 4.470306
23739501287000, 115.54399, -94.62159, 4.483906
23739506331000, 115.76869, -94.609344, 4.4978514
23739511408000, 115.97937, -94.59442, 4.5033283
23739516278000, 116.17011, -94.5798, 4.5082374
23739521316000, 116.33932, -94.57273, 4.513867
23739526304000, 116.474915, -94.56677, 4.520783
23739531317000, 116.60427, -94.58018, 4.5419316
23739536337000, 116.71576, -94.59557, 4.5651774
23739541398000, 116.82185, -94.626625, 4.604677
23739546308000, 116.92586, -94.655594, 4.6417527
23739551307000, 117.037254, -94.70175, 4.6970954
23739556409000, 117.15317, -94.74535, 4.7451534
23739561325000, 117.287415, -85.20575, 4.7913094
23739566288000, 117.42493, -85.15325, 4.8305006
23739571288000, 117.55818, -85.09141, 4.862658
23739576312000, 117.682655, -85.01989, 4.886667
23739581308000, 117.809555, -84.93858, 4.9018197
23739586304000, 117.92521, -84.84055, 4.9134817
23739591354000, 118.05307, -84.72606, 4.9141536
23739596304000, 118.17451, -84.58621, 4.915589
23739601297000, 118.32603, -84.43172, 4.902458
23739606356000, 118.487404, -84.2428, 4.8958073
23739611401000, 118.6777, -84.03605, 4.837713
23739616315000, 118.89484, -83.7833, 4.7966175
23739621326000, 119.12411, -83.49213, 4.72058
23739626306000, 119.36577, -83.142494, 4.6682763
23739631287000, 119.61832, -82.74706, 4.5742393
23739636310000, 119.86318, -82.28359, 4.51542
23739641310000, 120.095924, -81.7984, 4.4334564
23739646317000, 120.30772, -81.25909, 4.3989105
23739651277000, 120.486534, -80.7842, 4.3720107
23739656192000, 120.62543, -80.278854, 4.38669
23739661206000, 120.73102, -79.85648, 4.461169
23739666215000, 120.78481, -79.42547, 4.5661507
23739671172000, 120.80771, -79.06137, 4.729339
23739676212000, 120.80778, -78.70687, 4.914645
23739681184000, 120.83855, -78.472885, 5.164342
23739686602000, 120.87078, -78.26894, 5.430205
23739691188000, 120.94301, -78.21348, 5.7289534
23739696200000, 121.134056, -78.15029, 6.078232
23739701163000, 121.35981, -78.21268, 6.3720026
23739706247000, 121.66261, -78.27659, 6.6804852
23739711153000, 121.92364, -78.41868, 6.7581177
23739716208000, 122.23951, -78.584145, 6.847674
23739721144000, 122.52629, -78.7185, 6.8663144
23739726212000, 122.79346, -78.848755, 6.8886604
23739731137000, 123.00264, -78.930786, 6.888734
23739736205000, 123.16716, -79.006165, 6.8793116
23739741149000, 123.28401, -79.05745, 6.8850937
23739746209000, 123.34885, -79.11518, 6.8650193
23739751164000, 123.40009, -79.1937, 6.878296
23739756233000, 123.40298, -79.30675, 6.854909
23739761175000, 123.41247, -79.4618, 6.890313
23739766198000, 123.39065, -79.65875, 6.8880577
23739771289000, 123.38103, -79.87133, 6.949902
23739776317000, 123.331116, -80.10973, 6.9827046
23739781368000, 123.26425, -80.350235, 7.0458894
23739786279000, 123.13442, -80.61075, 7.0686607
23739791393000, 122.991455, -80.9001, 7.054664
23739796299000, 122.72586, -81.19531, 7.0153246
23739801599000, 122.39357, -81.567375, 6.8579116
23739806267000, 121.99745, -81.92098, 6.706769
23739811546000, 121.52478, -82.3236, 6.462392
23739816274000, 121.024475, -82.710884, 6.219657
23739821600000, 120.48039, -83.10589, 5.9142838
23739826248000, 119.94314, -83.4903, 5.6124578
23739831261000, 119.39142, -83.88018, 5.2465625
23739836245000, 118.85298, -84.266045, 4.884859
23739841252000, 118.32893, -84.63941, 4.531809
23739846272000, 117.80015, -85.02419, 4.1336894
23739851233000, 117.283646, -85.4062, 3.743455
23739856307000, 116.75918, -85.7819, 3.3412502
23739861211000, 116.231674, -86.16025, 2.9456546
23739866291000, 115.70885, -86.51918, 2.5697792
23739871220000, 115.18168, -86.87604, 2.20205
23739876312000, 114.659836, -87.19537, 1.8990068
23739881204000, 114.146645, -87.51269, 1.5986116
23739886248000, 113.64786, -87.771194, 1.3800243
23739891277000, 113.19633, -88.019806, 1.163302
23739896270000, 112.78474, -88.1858, 1.0240399
23739901336000, 112.412994, -88.337425, 0.8840424
23739906271000, 112.08436, -88.39907, 0.7798011
23739911271000, 111.77485, -88.4334, 0.6692934
23739916307000, 111.47103, -88.40461, 0.5599017
23739921307000, 111.16809, -88.332146, 0.44816062
23739926306000, 110.823425, -88.22514, 0.33057103
23739931333000, 110.469635, -88.06873, 0.21802357
23739936288000, 110.1076, -87.88686, 0.10047554
23739941345000, 109.75765, -87.6758, -0.00921734
23739946308000, 109.440506, -87.42367, -0.0822816
23739951327000, 109.180176, -87.16448, -0.13776335
23739956415000, 108.98796, -86.87548, -0.10938213
23739961406000, 108.87938, -86.5947, -0.05182577
23739966288000, 108.865364, -86.281425, 0.113948114
23739971289000, 108.926445, -85.98101, 0.30600932
23739976312000, 109.07323, -85.66056, 0.58954275
23739981307000, 109.27005, -85.35402, 0.885518
23739986282000, 109.485634, -85.028336, 1.2060459
23739991315000, 109.728775, -84.70643, 1.5365738
23739996209000, 109.946915, -84.443, 1.8320373
23740001326000, 110.143654, -84.18597, 2.1270182
23740006379000, 110.25308, -84.13895, 2.3373222
23740011315000, 110.297295, -84.10334, 2.5414207
23740016379000, 110.240204, -84.22803, 2.714641
23740021325000, 110.09839, -84.35103, 2.875858
23740026270000, 109.86039, -84.57725, 3.0200872
23740031309000, 109.56142, -84.79119, 3.1527686
23740036299000, 109.22802, -85.01366, 3.2803423
23740041293000, 108.877335, -85.21768, 3.3987675
23740046294000, 108.51242, -85.39612, 3.4989033
23740051274000, 108.16316, -85.54955, 3.6007156
23740056749000, 107.82695, -85.68365, 3.6709266
23740061289000, 107.51087, -85.80155, 3.7330232
23740066253000, 107.20073, -85.90598, 3.7605515
23740071282000, 106.90159, -86.00176, 3.7751763
23740076241000, 106.61556, -86.08711, 3.7783952
23740081278000, 106.32738, -86.16223, 3.7697756
23740086212000, 106.06595, -86.21819, 3.7570035
23740091302000, 105.820435, -86.28802, 3.7000234
23740096240000, 105.61304, -86.35259, 3.6436636
23740101297000, 105.42832, -86.401924, 3.5965939
23740106289000, 105.28649, -86.44968, 3.5500777
23740111274000, 105.18253, -86.47258, 3.527338
23740116228000, 105.1099, -86.49188, 3.5081134
23740121256000, 105.06815, -93.494316, 3.4943185
23740126277000, 105.04059, -93.470985, 3.4709728
23740131268000, 105.01467, -93.435905, 3.4357824
23740136257000, 104.986534, -93.382805, 3.382476
23740141278000, 104.93995, -93.28589, 3.2842486
23740146276000, 104.8681, -93.17223, 3.1684182
23740151236000, 104.7573, -92.998924, 2.9882078
23740156315000, 104.60483, -92.81201, 2.7921731
23740161296000, 104.40038, -92.58013, 2.5369892
23740166273000, 104.14614, -92.345436, 2.271443
23740171242000, 103.83331, -92.08623, 1.9476771
23740176276000, 103.48111, -91.85211, 1.6209123
23740181242000, 103.09682, -91.668884, 1.2637471
23740186272000, 102.66793, -91.568115, 0.9056165
23740191301000, 102.232346, -91.596146, 0.5469988
23740196346000, 101.78779, -91.74252, 0.19967414
23740201337000, 101.34432, -91.96912, -0.10440632
23740206333000, 100.910645, -92.25384, -0.38809088
23740211259000, 100.50247, -92.553, -0.60543054
23740216255000, 100.12044, -92.87338, -0.7936881
23740221253000, 99.78437, -93.16007, -0.905374
23740226259000, 99.4934, -93.46183, -0.9932635
23740231287000, 99.26102, -93.71662, -1.0023439
23740236263000, 99.07878, -93.980255, -1.0003062
23740241270000, 98.94353, -94.21198, -0.96186215
23740246262000, 98.850464, -94.44535, -0.9161688
23740251318000, 98.78203, -94.69619, -0.85914356
23740256357000, 98.73283, -94.9484, -0.80381155
23740261271000, 98.688095, -95.21969, -0.8086136
23740266271000, 98.64604, -95.482025, -0.8167184
23740271661000, 98.599266, -95.735825, -0.82436734
23740276353000, 98.54027, -96.0341, -0.8892683
23740281606000, 98.43914, -96.37166, -0.9937467
23740286250000, 98.34902, -96.69762, -1.0972054
23740291297000, 98.20899, -97.04307, -1.2310176
23740296272000, 98.05772, -97.382484, -1.3712196
23740301264000, 97.89012, -97.71344, -1.5082746
23740306270000, 97.70187, -98.041306, -1.6531366
23740311212000, 97.49589, -98.36516, -1.8015201
23740316265000, 97.27957, -98.6884, -1.9322731
23740321225000, 97.05449, -99.00944, -2.0659752
23740326276000, 96.827614, -99.33497, -2.1667192
23740331232000, 96.606155, -99.66266, -2.2708638
23740336246000, 96.38945, -99.9764, -2.3316195
23740341291000, 96.194435, -100.28369, -2.402152
23740346270000, 96.009346, -100.580055, -2.421567
23740351232000, 95.83832, -100.86791, -2.4444222
23740356277000, 95.666405, -101.15184, -2.4465687
23740361263000, 95.47979, -101.412834, -2.434903
23740366270000, 95.27739, -101.65255, -2.4147613
23740371264000, 95.04449, -101.87172, -2.3726811
23740376286000, 94.81394, -101.99792, -2.3463013
23740381267000, 94.53706, -102.108536, -2.2993906
23740386253000, 94.27925, -102.07446, -2.2698317
23740391302000, 94.00286, -102.02538, -2.2235134
23740396279000, 93.74286, -101.8163, -2.1671536
23740401272000, 93.498245, -101.59241, -2.1018198
23740406350000, 93.29498, -101.21883, -1.9464658
23740411357000, 93.15043, -100.83258, -1.7965623
23740416271000, 93.07465, -100.34131, -1.5314697
23740421242000, 93.08101, -99.851845, -1.2750949
23740426277000, 93.166046, -99.36788, -0.8856153
23740431269000, 93.3355, -98.907875, -0.5069825
23740436240000, 93.567986, -98.62454, -0.005361698
23740441286000, 93.85418, -98.38397, 0.4677092
23740446261000, 94.126015, -98.35073, 0.8652779
23740451280000, 94.414314, -98.34627, 1.2376822
23740456280000, 94.673904, -98.55729, 1.5388526
23740461400000, 94.90997, -98.77777, 1.821616
23740466233000, 95.06254, -99.114784, 1.9608092
23740471290000, 95.18986, -99.45378, 2.0829494
23740476208000, 95.17888, -99.80443, 2.0727313
23740481293000, 95.13664, -100.15171, 2.041285
23740486218000, 95.042534, -100.41867, 1.9038659
23740491327000, 94.9033, -100.67617, 1.7600015
23740496220000, 94.77001, -100.75972, 1.5539098
23740501305000, 94.636765, -100.83661, 1.3384203
23740506293000, 94.54391, -100.77099, 1.1540384
23740511412000, 94.47258, -100.69827, 0.9679726
23740516405000, 94.44813, -100.56883, 0.8762654
23740521297000, 94.45419, -100.43971, 0.78956753
23740526252000, 94.49402, -100.309296, 0.80836606
23740531309000, 94.57192, -100.19026, 0.8392126
23740536244000, 94.670525, -100.10195, 0.9720097
23740541314000, 94.7965, -100.03268, 1.1147417
23740546498000, 94.92481, -100.0174, 1.311492
23740551320000, 95.06303, -100.02587, 1.5116619
23740556682000, 95.19146, -100.0904, 1.7156138
23740561310000, 95.31565, -100.161285, 1.9177253
23740566201000, 95.4259, -100.277145, 2.0579123
23740571244000, 95.51889, -100.39513, 2.1982975
23740576212000, 95.60229, -100.51526, 2.3321273
23740581269000, 95.67682, -100.61352, 2.431608
23740586216000, 95.74032, -100.70732, 2.5217497
23740591330000, 95.80162, -100.773506, 2.5817165
23740596208000, 95.85173, -100.83354, 2.6298614
23740601299000, 95.90669, -100.85248, 2.6477706
23740606277000, 95.95001, -100.87349, 2.6588535
23740611448000, 96.013, -100.870514, 2.652775
23740616292000, 96.06716, -100.8526, 2.6337242
23740621319000, 96.120316, -100.82213, 2.6078467
23740626299000, 96.17367, -100.777374, 2.5770621
23740631296000, 96.221375, -100.72992, 2.536852
23740636316000, 96.26542, -100.6744, 2.5004961
23740641305000, 96.31029, -100.63297, 2.4801385
23740646301000, 96.34891, -100.59064, 2.4636104
23740651303000, 96.38481, -100.56299, 2.4649608
23740656284000, 96.41868, -100.54027, 2.4741082
23740661299000, 96.45749, -100.55146, 2.5090044
23740666271000, 96.492516, -100.56056, 2.5505657
23740671304000, 96.51629, -100.59794, 2.6156363
23740676337000, 96.53732, -100.634125, 2.689247
23740681299000, 96.56485, -100.70742, 2.7980146
23740686284000, 96.60281, -100.77629, 2.907736
23740691282000, 96.64367, -100.8806, 3.0517075
23740696273000, 96.69353, -100.98032, 3.197768
23740701302000, 96.74832, -101.09126, 3.3329663
23740706386000, 96.80871, -101.19858, 3.4672906
23740711311000, 96.861015, -101.33276, 3.5778034
23740716312000, 96.91379, -101.4628, 3.6869354
23740721309000, 96.962685, -101.60713, 3.7724879
23740726320000, 97.0153, -101.75268, 3.856055
23740731307000, 97.06834, -101.86226, 3.888955
23740736301000, 97.1192, -101.97328, 3.9207752
23740741414000, 97.17664, -102.02005, 3.8871157
23740746311000, 97.23032, -102.0721, 3.85127
23740751310000, 97.27746, -102.091484, 3.7492232
23740756358000, 97.31828, -102.11209, 3.6443079
23740761309000, 97.3533, -102.121735, 3.4874742
23740766290000, 97.38239, -102.136215, 3.3278332
23740771282000, 97.4106, -102.15028, 3.148213
23740776320000, 97.44333, -102.163055, 2.9619122
23740781277000, 97.48926, -102.187805, 2.7917507
23740786293000, 97.548, -102.207115, 2.616129
23740791259000, 97.6334, -102.23712, 2.480721
23740796297000, 97.74054, -102.26325, 2.3401592
23740801237000, 97.87208, -102.29068, 2.2431579
23740806307000, 98.02826, -102.31593, 2.1423454
23740811206000, 98.20102, -102.33159, 2.0805142
23740816305000, 98.388885, -102.343216, 2.0145094
23740821217000, 98.58096, -102.345474, 1.9716363
23740826320000, 98.76905, -102.345924, 1.929297
23740831229000, 98.95347, -102.33348, 1.8939618
23740836289000, 99.123764, -102.3129, 1.8565395
23740841357000, 99.27918, -102.28832, 1.8224906
23740846312000, 99.41762, -102.25708, 1.7901472
23740851316000, 99.54055, -102.235176, 1.7667395
23740856266000, 99.65069, -102.20225, 1.7433043
23740861499000, 99.75269, -102.18212, 1.7652924
23740866271000, 99.84655, -102.1626, 1.7832897
23740871272000, 99.931656, -102.14562, 1.855684
23740876317000, 100.01473, -102.129875, 1.9345659
23740881258000, 100.08194, -102.12976, 2.0710857
23740886277000, 100.14176, -102.13005, 2.2108505
23740891411000, 100.19193, -102.166504, 2.3946114
23740896298000, 100.229485, -102.20259, 2.5764043
23740901271000, 100.238686, -102.275665, 2.7805889
23740906318000, 100.23454, -102.35485, 2.9906554
23740911377000, 100.205315, -102.4642, 3.1844268
23740916311000, 100.16504, -102.57762, 3.3794687
23740921231000, 100.104836, -102.69844, 3.5355344
23740926242000, 100.03648, -102.81829, 3.6862664
23740931256000, 99.96528, -102.93513, 3.8356073
23740936242000, 99.90136, -103.02647, 3.9458776
23740941295000, 99.840744, -103.11356, 4.05077
23740946265000, 99.78682, -103.15521, 4.1184573
23740951233000, 99.7457, -103.195915, 4.1848383
23740956297000, 99.71494, -103.19043, 4.2072763
23740961268000, 99.68749, -103.1834, 4.2308993
23740966284000, 99.68506, -103.14393, 4.2201667
23740971264000, 99.68133, -103.10051, 4.2104487
23740976285000, 99.69446, -103.03995, 4.1707687
23740981257000, 99.71225, -102.97466, 4.1288753
23740986246000, 99.74731, -102.901184, 4.07339
23740991333000, 99.79373, -102.831, 4.0193534
23740996279000, 99.85244, -102.75624, 3.9612703
23741001330000, 99.92279, -102.68227, 3.9028823
23741006293000, 100.00388, -102.62698, 3.8558228
23741011290000, 100.094574, -102.57329, 3.8068452
23741016281000, 100.190994, -102.537926, 3.771632
23741021276000, 100.29276, -102.49668, 3.7348711
23741026271000, 100.3927, -102.47125, 3.712741
23741031275000, 100.494514, -102.437454, 3.6830447
23741036245000, 100.58874, -102.42491, 3.6712778
23741041299000, 100.67874, -102.40201, 3.6525557
23741046271000, 100.768456, -102.38946, 3.639019
23741051284000, 100.84697, -102.379265, 3.6263244
23741056281000, 100.925545, -102.36906, 3.612279
23741061288000, 100.99514, -102.36557, 3.5986218
23741066281000, 101.06507, -102.360756, 3.5819192
23741071279000, 101.125275, -102.35803, 3.5655477
23741076270000, 101.187, -102.36872, 3.5726712
23741081274000, 101.240974, -102.375114, 3.5772598
23741086290000, 101.29033, -102.3932, 3.6011865
23741091314000, 101.33674, -102.406235, 3.6271265
23741096351000, 101.372765, -102.41938, 3.6759965
23741101300000, 101.407234, -102.4323, 3.7287388
23741106252000, 101.43641, -102.461205, 3.7933462
23741111293000, 101.465614, -102.49209, 3.8592265
23741116246000, 101.48749, -102.53258, 3.944299
23741121286000, 101.50928, -102.57666, 4.0288787
23741126237000, 101.525696, -102.62469, 4.1307907
23741131279000, 101.54327, -102.670876, 4.2338424
23741136252000, 101.56031, -102.71243, 4.3353305
23741141332000, 101.575935, -102.75024, 4.4374924
23741146281000, 101.59348, -102.76997, 4.5249114
23741151306000, 101.61161, -102.78948, 4.609227
23741156282000, 101.63337, -102.80312, 4.6857266
23741161310000, 101.648476, -102.8171, 4.757744
23741166274000, 101.66198, -102.80575, 4.787235
23741171235000, 101.67332, -102.79246, 4.8173904
23741176283000, 101.685555, -102.761444, 4.8150196
23741181240000, 101.6982, -102.731, 4.8136134
23741186786000, 101.70525, -102.69349, 4.789234
23741191341000, 101.713974, -102.654495, 4.7659187
23741196240000, 101.71897, -102.6196, 4.741421
23741201341000, 101.72549, -102.582306, 4.7127995
23741206335000, 101.72777, -102.55038, 4.6867557
23741211281000, 101.73388, -102.51685, 4.6581893
23741216700000, 101.74091, -102.48551, 4.6281905
23741221452000, 101.75173, -102.44973, 4.597311
23741226480000, 101.76433, -102.42863, 4.588311
23741231495000, 101.778694, -102.40414, 4.5758247
23741236379000, 101.791245, -102.383064, 4.5704503
23741241333000, 101.80199, -102.36348, 4.5625186
23741246461000, 101.80927, -102.3589, 4.5697346
23741251339000, 101.81446, -102.35859, 4.57844
23741256429000, 101.82939, -102.361626, 4.5862575
23741261166000, 101.840294, -102.3664, 4.5934324
23741266623000, 101.84948, -102.37592, 4.6121144
23741271176000, 101.86545, -102.390854, 4.6302505
23741276437000, 101.87056, -102.40124, 4.6473517
23741281186000, 101.884995, -102.41605, 4.6621084
23741286181000, 101.89474, -102.421776, 4.675537
23741291225000, 101.910866, -102.42747, 4.6854944
23741296285000, 101.923325, -102.43238, 4.694361
23741301362000, 101.93775, -102.42693, 4.6968822
23741306209000, 101.95376, -102.42394, 4.6988997
23741311176000, 101.96852, -102.41284, 4.690402
23741316212000, 101.98554, -102.39672, 4.682973
23741321213000, 102.0034, -102.38523, 4.668517
23741326194000, 102.023285, -102.3693, 4.6548057
23741331214000, 102.042595, -102.35379, 4.6408863
23741336181000, 102.05943, -102.34149, 4.6271744
23741341217000, 102.080894, -102.32532, 4.608444
23741346176000, 102.098236, -102.310356, 4.5945735
23741351281000, 102.11561, -102.29677, 4.577601
23741356225000, 102.13571, -102.28195, 4.563455
23741361214000, 102.15312, -102.27363, 4.557433
23741366198000, 102.174034, -102.266174, 4.556967
23741371284000, 102.190285, -102.25787, 4.5573688
23741376314000, 102.20971, -102.25237, 4.5643444
23741381304000, 102.22968, -102.24567, 4.5743833
23741386271000, 102.24625, -102.23946, 4.584315
23741391317000, 102.26753, -102.23361, 4.5943646
23741396295000, 102.28447, -102.2298, 4.6077166
23741401362000, 102.3046, -102.22565, 4.6185536
23741406328000, 102.320496, -102.219185, 4.628762
23741411288000, 102.32839, -102.21533, 4.6412187
23741416306000, 102.33587, -102.20757, 4.6516814
23741421298000, 102.344444, -102.19967, 4.6597915
23741426290000, 102.35046, -102.19749, 4.669346
23741431305000, 102.353485, -102.1853, 4.6738653
23741436278000, 102.36271, -102.18035, 4.6803617
23741441378000, 102.36311, -102.169586, 4.6814466
23741446306000, 102.36662, -102.15996, 4.6855135
23741451366000, 102.36399, -102.14767, 4.685713
23741456337000, 102.359146, -102.130875, 4.6828876
23741461276000, 102.3585, -102.11616, 4.6885576
23741466293000, 102.35668, -102.09897, 4.688677
23741471284000, 102.35382, -102.081, 4.693594
23741476294000, 102.355194, -102.06537, 4.6936226
23741481306000, 102.34123, -102.046234, 4.70282
23741486284000, 102.329765, -102.02806, 4.708211
23741491825000, 102.3168, -102.00642, 4.7091966
23741496305000, 102.30087, -101.98228, 4.7098737
23741501362000, 102.27798, -101.96272, 4.710907
23741506308000, 102.25531, -101.940216, 4.7105575
23741511267000, 102.23128, -101.92423, 4.7106586
23741516309000, 102.208275, -101.908585, 4.7130446
23741521214000, 102.18098, -101.89375, 4.7176657
23741526310000, 102.15338, -101.880295, 4.7203455
23741531206000, 102.12648, -101.86773, 4.726135
23741536277000, 102.10018, -101.85733, 4.7308264
23741541253000, 102.07189, -101.84742, 4.7387676
23741546293000, 102.041115, -101.84393, 4.744749
23741551250000, 102.014595, -101.83983, 4.7495484
23741561255000, 101.991974, -101.83939, 4.751327
23741566290000, 101.96346, -101.826294, 4.7440624
23741571424000, 101.93881, -101.81527, 4.7331243
23741576318000, 101.91516, -101.79894, 4.719667
23741581452000, 101.89402, -101.78011, 4.688067
23741586267000, 101.87082, -101.76098, 4.6604443
23741591256000, 101.84661, -101.74137, 4.62451
23741596298000, 101.8234, -101.72298, 4.589397
23741601347000, 101.79899, -101.7094, 4.556509
23741606321000, 101.77867, -101.687904, 4.5178537
23741611334000, 101.7574, -101.67718, 4.485012
23741616298000, 101.74149, -101.65994, 4.448363
23741621235000, 101.727264, -101.64877, 4.40973
23741626270000, 101.7147, -101.64597, 4.379895
23741631268000, 101.70199, -101.64425, 4.3490267
23741636259000, 101.694954, -101.63446, 4.3207655
23741641285000, 101.69104, -101.62115, 4.295322
23741646262000, 101.68598, -101.61486, 4.2725444
23741651290000, 101.68453, -101.603836, 4.2498574
23741656220000, 101.68201, -101.595, 4.233617
23741661192000, 101.678955, -101.58158, 4.215267
23741666189000, 101.67737, -101.57294, 4.199525
23741671285000, 101.675514, -101.56097, 4.1879272
23741676218000, 101.67282, -101.54829, 4.1736155
23741681208000, 101.669136, -101.540184, 4.1604466
23741686162000, 101.666855, -101.529106, 4.1522646
23741691200000, 101.66694, -101.52426, 4.143395
23741696193000, 101.66544, -101.51665, 4.134335
23741701268000, 101.66618, -101.51189, 4.124354
23741706283000, 101.675415, -101.500305, 4.110358
23741711329000, 101.68078, -101.49774, 4.099807
23741716249000, 101.68766, -101.47995, 4.078582
23741721282000, 101.69604, -101.46474, 4.0608764
23741726206000, 101.70307, -101.445625, 4.041382
23741731285000, 101.71434, -101.428, 4.0205293
23741736224000, 101.71987, -101.413475, 4.0006504
23741741271000, 101.72956, -101.395836, 3.9798856
23741746244000, 101.7336, -101.38522, 3.9577563
23741751395000, 101.740364, -101.378586, 3.935496
23741756323000, 101.74187, -101.36631, 3.9199536
23741761295000, 101.74608, -101.36119, 3.906756
23741766262000, 101.74512, -101.35704, 3.900449
23741771241000, 101.73802, -101.35256, 3.8959136
23741776285000, 101.73171, -101.35568, 3.9050121
23741781310000, 101.724464, -101.35755, 3.913008
23741786514000, 101.71982, -101.36218, 3.9222183
23741791358000, 101.71151, -101.36464, 3.929723
23741796639000, 101.70738, -101.36408, 3.945985
23741801333000, 101.70179, -101.36525, 3.957323
23741806285000, 101.7015, -101.358665, 3.971427
23741811305000, 101.70189, -101.350876, 3.9845655
23741816206000, 101.69947, -101.345085, 4.001693
23741821311000, 101.70823, -101.33228, 4.0083036
23741826281000, 101.71132, -101.32051, 4.021991
23741831313000, 101.71765, -101.306175, 4.0287757
23741836304000, 101.71817, -101.29457, 4.0415397
23741841335000, 101.721016, -101.28742, 4.051617
23741846337000, 101.72003, -101.28499, 4.0663934
23741851334000, 101.71725, -101.28152, 4.073692
23741856389000, 101.71682, -101.274506, 4.0799117
23741861313000, 101.71199, -101.277275, 4.0847554
23741866290000, 101.71081, -101.275055, 4.08596
23741871243000, 101.703575, -101.273155, 4.0811014
23741876282000, 101.701, -101.27364, 4.0736904
23741881265000, 101.69356, -101.26729, 4.0667286
23741886236000, 101.6898, -101.26494, 4.05494
23741891253000, 101.68201, -101.25944, 4.046504
23741896309000, 101.677315, -101.25367, 4.037161
23741901302000, 101.67638, -101.251015, 4.025995
23741906260000, 101.673164, -101.248924, 4.0164156
23741911279000, 101.671844, -101.24715, 4.0074906
23741916274000, 101.67224, -101.24452, 3.9961658
23741921301000, 101.67296, -101.24039, 3.984889
23741926284000, 101.671745, -101.23728, 3.9692457
23741931261000, 101.67831, -101.230865, 3.9541667
23741936259000, 101.6837, -101.22466, 3.9373877
23741941357000, 101.69063, -101.21696, 3.9183552
23741946265000, 101.700424, -101.20511, 3.900246
23741951254000, 101.71194, -101.197136, 3.8803186
23741956273000, 101.72578, -101.18964, 3.8616552
23741961302000, 101.73751, -101.19147, 3.8392906
23741966286000, 101.74727, -101.190094, 3.8198853
23741971243000, 101.76241, -101.19713, 3.8037677
23741976291000, 101.77513, -101.20125, 3.785221
23741981250000, 101.79052, -101.20304, 3.7718558
23741986248000, 101.805595, -101.20592, 3.759279
23741991240000, 101.816505, -101.20678, 3.7443056
23741996282000, 101.828316, -101.20612, 3.7338603
23742001231000, 101.835815, -101.20906, 3.7215228
23742006315000, 101.84489, -101.21353, 3.712152
23742016274000, 101.85612, -101.217316, 3.6980667
23742021247000, 101.86801, -101.22017, 3.691166
23742026273000, 101.87954, -101.21886, 3.6816
23742031243000, 101.889435, -101.217926, 3.6808834
23742036270000, 101.89642, -101.21571, 3.6782162
23742041342000, 101.90946, -101.22043, 3.681842
23742046288000, 101.9179, -101.2272, 3.6866431
23742051250000, 101.92544, -101.23155, 3.6866221
23742056292000, 101.93585, -101.239456, 3.693034
23742061270000, 101.9392, -101.24764, 3.694959
23742066288000, 101.944695, -101.25718, 3.7011392
23742071260000, 101.95249, -101.262245, 3.7007904
23742076316000, 101.95833, -101.26796, 3.702084
23742081261000, 101.96413, -101.26564, 3.6948647
23742086299000, 101.9695, -101.267105, 3.6911757
23742091300000, 101.97772, -101.26764, 3.6797643
23742096310000, 101.983185, -101.26327, 3.6691203
23742101205000, 101.99141, -101.26058, 3.655507
23742106313000, 101.99333, -101.25583, 3.6448915
23742111265000, 101.995834, -101.24699, 3.6307817
23742116310000, 101.99523, -101.239235, 3.6131718
23742121316000, 101.99789, -101.234436, 3.5985184
23742126314000, 101.99254, -101.22159, 3.5837934
23742131333000, 101.99018, -101.20827, 3.5656035
23742136293000, 101.98603, -101.20217, 3.5542588
23742141361000, 101.98047, -101.189186, 3.536198
23742146312000, 101.97771, -101.17759, 3.521685
23742151314000, 101.976944, -101.17187, 3.5044847
23742156345000, 101.9711, -101.161644, 3.495752
23742161313000, 101.970505, -101.15212, 3.4850926
23742166285000, 101.96944, -101.150826, 3.4790106
23742171245000, 101.96722, -101.14579, 3.4713182
23742176244000, 101.96502, -101.13998, 3.464022
23742181277000, 101.96127, -101.13255, 3.4568114
23742186258000, 101.95031, -101.119095, 3.4391675
23742191338000, 101.94438, -101.107414, 3.4231706
23742196318000, 101.937485, -101.09535, 3.4087844
23742201302000, 101.93407, -101.083336, 3.394787
23742206248000, 101.92435, -101.06963, 3.3826604
23742211302000, 101.91515, -101.05144, 3.3741014
23742216249000, 101.90428, -101.04045, 3.3704445
23742221314000, 101.89297, -101.02737, 3.365486
23742226211000, 101.88551, -101.01985, 3.3640072
23742231307000, 101.87423, -101.00969, 3.3628526
23742236282000, 101.86622, -101.00032, 3.3586829
23742241333000, 101.8548, -100.99456, 3.358739
23742246255000, 101.84165, -100.9871, 3.355133
23742251271000, 101.83084, -100.98362, 3.3514354
23742256266000, 101.81451, -100.98412, 3.3540971
23742261294000, 101.80289, -100.98196, 3.3525095
23742266258000, 101.79928, -100.984955, 3.3521912
23742271278000, 101.79416, -100.9861, 3.353144
23742276390000, 101.789894, -100.983284, 3.3498669
23742281277000, 101.78409, -100.98551, 3.347566
23742286275000, 101.77848, -100.981575, 3.3312278
23742291334000, 101.77279, -100.97867, 3.319635
23742296271000, 101.77114, -100.97757, 3.3097608
23742301269000, 101.77101, -100.96925, 3.298452
23742306273000, 101.76698, -100.95919, 3.2943513
23742311289000, 101.7731, -100.94691, 3.2934847
23742316233000, 101.776405, -100.943405, 3.285651
23742321246000, 101.77726, -100.938354, 3.2853093
23742331310000, 101.77829, -100.93326, 3.279925
23742336740000, 101.77823, -100.930885, 3.2770631
23742341273000, 101.771736, -100.9259, 3.277452
23742346227000, 101.76552, -100.92538, 3.282201
23742351270000, 101.7623, -100.92112, 3.2844605
23742356280000, 101.75407, -100.91908, 3.2881587
23742361286000, 101.75097, -100.91486, 3.2999225
23742366274000, 101.74556, -100.91742, 3.3141632
23742371274000, 101.741806, -100.90987, 3.3246667
23742376260000, 101.74088, -100.908806, 3.3385592
23742381277000, 101.74243, -100.897934, 3.341275
23742386242000, 101.74513, -100.884735, 3.343249
23742391325000, 101.74983, -100.867805, 3.3451629
23742396230000, 101.74963, -100.847824, 3.3497403
23742401276000, 101.74405, -100.83477, 3.3507378
23742406294000, 101.73757, -100.820175, 3.3513143
23742411283000, 101.72983, -100.8063, 3.3504827
23742416272000, 101.72276, -100.79209, 3.3534317
23742421260000, 101.717606, -100.77594, 3.3443613
23742426269000, 101.71308, -100.75827, 3.3377893
23742431267000, 101.706154, -100.745445, 3.331652
23742436274000, 101.699554, -100.72928, 3.3232708
23742441331000, 101.68436, -100.713554, 3.3183112
23742446318000, 101.67144, -100.699165, 3.3133307
23742451289000, 101.65063, -100.68089, 3.3062901
23742456320000, 101.62994, -100.6674, 3.3024058
23742461270000, 101.60309, -100.66163, 3.3024008
23742466281000, 101.578606, -100.658844, 3.3053188
23742471257000, 101.55409, -100.65644, 3.307072
23742476285000, 101.53013, -100.6552, 3.3084793
23742481308000, 101.4994, -100.64898, 3.3076432
23742486264000, 101.46916, -100.64274, 3.3053615
23742491328000, 101.44583, -100.63692, 3.3029172
23742496295000, 101.42328, -100.63234, 3.296883
23742501293000, 101.399284, -100.62605, 3.2952907
23742506283000, 101.375984, -100.620155, 3.2913258
23742511261000, 101.35661, -100.61414, 3.2881913
23742516280000, 101.336296, -100.60433, 3.286782
23742521280000, 101.321556, -100.59983, 3.27936
23742526291000, 101.30624, -100.59258, 3.274871
23742531279000, 101.2929, -100.5864, 3.266617
23742546294000, 101.27913, -100.58171, 3.2548463
23742551260000, 101.266846, -100.58109, 3.250304
23742556280000, 101.25316, -100.58182, 3.234393
23742561249000, 101.238075, -100.582596, 3.2248442
23742566284000, 101.22473, -100.5856, 3.2116055
23742571241000, 101.221985, -100.58995, 3.1959982
23742576290000, 101.21747, -100.59503, 3.1822753
23742581234000, 101.216896, -100.59602, 3.1687536
23742586259000, 101.21361, -100.59492, 3.150858
23742591276000, 101.21462, -100.59738, 3.133882
23742596313000, 101.21494, -100.59779, 3.1159704
23742601233000, 101.218506, -100.599754, 3.1013663
23742606317000, 101.22581, -100.60535, 3.0891001
23742611267000, 101.23354, -100.60822, 3.0811968
23742616316000, 101.23834, -100.60967, 3.0732417
23742621256000, 101.25084, -100.61613, 3.0645106
23742626317000, 101.263275, -100.62233, 3.0574462
23742631258000, 101.27415, -100.62553, 3.0545888
23742636317000, 101.28552, -100.62568, 3.0531983
23742641581000, 101.29902, -100.63315, 3.0481048
23742646307000, 101.31114, -100.63658, 3.0491855
23742651514000, 101.32462, -100.64083, 3.049428
23742656347000, 101.33631, -100.6451, 3.0512204
23742661543000, 101.34795, -100.651764, 3.0586367
23742666291000, 101.35784, -100.66015, 3.0637116
23742671262000, 101.36503, -100.668335, 3.0723128
23742676313000, 101.37561, -100.676796, 3.0722513
23742681654000, 101.38169, -100.68484, 3.0793962
23742686317000, 101.38675, -100.69352, 3.0820448
23742691242000, 101.39058, -100.69131, 3.0749075
23742696275000, 101.39465, -100.69969, 3.0669918
23742701204000, 101.398254, -100.70002, 3.059423
23742706302000, 101.399925, -100.70078, 3.0500784
23742711212000, 101.40471, -100.70489, 3.0439408
23742716310000, 101.4081, -100.700485, 3.025328
23742721245000, 101.41173, -100.69096, 3.0124626
23742726314000, 101.41447, -100.690636, 2.99085
23742731302000, 101.41389, -100.68146, 2.9732823
23742736317000, 101.41556, -100.67759, 2.9552212
23742741366000, 101.41167, -100.67184, 2.9389102
23742746311000, 101.40745, -100.667114, 2.9205472
23742751300000, 101.40229, -100.66509, 2.9035368
23742756328000, 101.39907, -100.66329, 2.887636
23742761323000, 101.39476, -100.66223, 2.875846
23742766289000, 101.39293, -100.67176, 2.8664973
23742771292000, 101.38953, -100.68358, 2.8610897
23742776312000, 101.38606, -100.68659, 2.849787
23742781309000, 101.382286, -100.6965, 2.8431568
23742786291000, 101.37722, -100.70158, 2.8354256
23742791327000, 101.372536, -100.71114, 2.8285925
23742796230000, 101.36337, -100.71013, 2.8171465
23742801305000, 101.364235, -100.71141, 2.8073475
23742806311000, 101.356575, -100.721085, 2.8037329
23742811293000, 101.35645, -100.72074, 2.8015242
23742816210000, 101.35294, -100.7259, 2.7999344
23742821314000, 101.34793, -100.73262, 2.7991908
23742826249000, 101.34426, -100.73763, 2.7967494
23742831308000, 101.338234, -100.74474, 2.790195
23742836278000, 101.33414, -100.75544, 2.7870493
23742841338000, 101.32993, -100.7658, 2.7828114
23742846272000, 101.32541, -100.77429, 2.7770023
23742851310000, 101.32476, -100.7803, 2.771665
23742861313000, 101.32658, -100.78736, 2.7680953
23742866283000, 101.33092, -100.79876, 2.7636983
23742871283000, 101.330925, -100.80539, 2.764367
23742876356000, 101.3325, -100.814995, 2.7621858
23742881311000, 101.332985, -100.82566, 2.7609823
23742886326000, 101.333015, -100.83537, 2.7604299
23742891310000, 101.333015, -100.84667, 2.7597482
23742896562000, 101.33387, -100.855965, 2.76063
23742901307000, 101.333466, -100.86776, 2.7612588
23742906244000, 101.33662, -100.87348, 2.770723
23742911298000, 101.33505, -100.882034, 2.7809396
23742916204000, 101.33717, -100.88829, 2.792621
23742921311000, 101.338066, -100.89251, 2.7988863
23742926210000, 101.33759, -100.89756, 2.8028955
23742931308000, 101.34348, -100.897865, 2.8140862
23742936221000, 101.34741, -100.90691, 2.8243303
23742941339000, 101.34807, -100.907486, 2.8336444
23742946208000, 101.35666, -100.914116, 2.842692
23742951306000, 101.355385, -100.91262, 2.8502502
23742956293000, 101.3602, -100.912224, 2.855294
23742961310000, 101.36381, -100.922585, 2.8557298
23742966260000, 101.36659, -100.923805, 2.8566701
23742971247000, 101.365715, -100.929665, 2.8551378
23742976287000, 101.36778, -100.9312, 2.8488805
23742981268000, 101.36864, -100.9388, 2.8486898
23742986259000, 101.36362, -100.94995, 2.8502553
23742991305000, 101.36927, -100.95527, 2.8439336
23742996338000, 101.36717, -100.964874, 2.8408904
23743001302000, 101.366745, -100.96466, 2.832819
23743006277000, 101.3606, -100.970505, 2.8238502
23743011283000, 101.36018, -100.96381, 2.8152423
23743016278000, 101.35936, -100.957184, 2.8043623
23743021262000, 101.35492, -100.95376, 2.7896943
23743026291000, 101.35383, -100.94299, 2.7763028
23743031278000, 101.35406, -100.93582, 2.764907
23743036260000, 101.354294, -100.92724, 2.7512033
23743041304000, 101.35784, -100.927124, 2.7451162
23743046279000, 101.363205, -100.92198, 2.738534
23743051285000, 101.369446, -100.92062, 2.7311308
23743056296000, 101.37306, -100.91868, 2.7260005
23743061377000, 101.373, -100.919464, 2.7225575
23743066280000, 101.37471, -100.92215, 2.724038
23743071259000, 101.376015, -100.9193, 2.7186804
23743076279000, 101.3772, -100.91868, 2.7156036
23743081278000, 101.37808, -100.91572, 2.7093673
23743086283000, 101.38043, -100.91673, 2.7039864
23743091294000, 101.38162, -100.90739, 2.695184
23743096282000, 101.38322, -100.90134, 2.6869433
23743101272000, 101.3856, -100.89694, 2.679931
23743106293000, 101.38973, -100.89077, 2.6733272
23743111285000, 101.38999, -100.8877, 2.666136
23743116279000, 101.39522, -100.883705, 2.659635
23743121227000, 101.41061, -100.89884, 2.6521788
23743126279000, 101.42694, -100.91571, 2.6487527
23743131223000, 101.44461, -100.932045, 2.6480372
23743136251000, 101.458855, -100.9524, 2.6474867
23743141255000, 101.47424, -100.96837, 2.6474965
23743146312000, 101.4906, -100.98398, 2.6462178
23743156318000, 101.50059, -100.99594, 2.6424625
23743161212000, 101.5126, -101.00799, 2.6358922
23743166285000, 101.52682, -101.01432, 2.632441
23743171246000, 101.53012, -101.02061, 2.627174
23743181261000, 101.54152, -101.0256, 2.6235795
23743186274000, 101.54539, -101.03032, 2.6219864
23743191350000, 101.56084, -101.03945, 2.6222222
23743196281000, 101.57923, -101.04885, 2.6227314
23743201518000, 101.585396, -101.05038, 2.6263485
23743206311000, 101.59634, -101.048325, 2.6277995
23743211283000, 101.6059, -101.04636, 2.6293228
23743216278000, 101.60855, -101.04298, 2.630803
23743221277000, 101.619514, -101.04282, 2.632591
23743226287000, 101.62532, -101.03741, 2.6319163
23743231234000, 101.62992, -101.039986, 2.636466
23743236290000, 101.6405, -101.045685, 2.6459394
23743241302000, 101.64895, -101.05511, 2.6565807
23743246282000, 101.657845, -101.06559, 2.6696231
23743251215000, 101.66192, -101.07286, 2.6812336
23743256313000, 101.66465, -101.07668, 2.692261
23743261255000, 101.662636, -101.08259, 2.7040715
23743266281000, 101.65849, -101.086845, 2.718479
23743276282000, 101.651985, -101.08783, 2.725402
23743281292000, 101.64152, -101.0921, 2.7359223
23743286328000, 101.63171, -101.09492, 2.7422867
23743291333000, 101.621765, -101.09606, 2.7473438
23743296278000, 101.6, -101.0926, 2.7525885
23743301273000, 101.58082, -101.0861, 2.7545235
23743306288000, 101.559456, -101.08084, 2.7566226
23743311276000, 101.54131, -101.07677, 2.7585218
23743316313000, 101.51598, -101.06585, 2.7568727
23743321241000, 101.494194, -101.05907, 2.7527096
23743326272000, 101.478745, -101.046875, 2.745641
23743331314000, 101.4623, -101.03963, 2.7426288
23743336280000, 101.44684, -101.02762, 2.7326794
23743341289000, 101.43209, -101.01924, 2.7280364
23743346316000, 101.42191, -101.00399, 2.7166617
23743351312000, 101.41071, -100.99051, 2.704649
23743356356000, 101.3999, -100.9748, 2.6907427
23743361289000, 101.38854, -100.95986, 2.677461
23743366276000, 101.37237, -100.96046, 2.6626644
23743371277000, 101.357285, -100.95704, 2.6494074
23743376275000, 101.34188, -100.96248, 2.6363738
23743381282000, 101.32895, -100.958466, 2.6253586
23743386261000, 101.313614, -100.96182, 2.6150482
23743391315000, 101.300285, -100.96246, 2.6059082
23743396231000, 101.289215, -100.96008, 2.5968406
23743401270000, 101.27886, -100.96202, 2.592516
23743406254000, 101.26968, -100.95551, 2.5813372
23743411249000, 101.25849, -100.95347, 2.5714848
23743416272000, 101.25283, -100.948395, 2.5579736
23743421276000, 101.24469, -100.94626, 2.5457952
23743426262000, 101.242775, -100.94519, 2.530222
23743431279000, 101.23784, -100.942314, 2.5198238
23743436313000, 101.237564, -100.94272, 2.5121632
23743441279000, 101.23639, -100.945114, 2.5031347
23743446407000, 101.23496, -100.94578, 2.4953237
23743451310000, 101.234055, -100.94442, 2.4870586
23743456296000, 101.24461, -100.95849, 2.4928665
23743461288000, 101.253426, -100.96585, 2.4961925
23743466261000, 101.263695, -100.97356, 2.4986858
23743471281000, 101.275276, -100.98491, 2.5048082
23743476238000, 101.284004, -100.991776, 2.5076778
23743481279000, 101.29596, -101.00131, 2.51594
23743486248000, 101.30824, -101.01294, 2.5255048
23743491329000, 101.315575, -101.020226, 2.5305693
23743496210000, 101.32642, -101.03046, 2.5353518
23743501272000, 101.331894, -101.03498, 2.5327654
23743506315000, 101.34086, -101.03716, 2.5311244
23743511300000, 101.354164, -101.0455, 2.5304937
23743516244000, 101.36548, -101.04843, 2.531142
23743521306000, 101.37833, -101.056206, 2.535006
23743526291000, 101.385895, -101.064186, 2.5344112
23743531308000, 101.40062, -101.071686, 2.5454204
23743536318000, 101.41036, -101.08398, 2.5480342
23743541265000, 101.42221, -101.093666, 2.5632002
23743546309000, 101.4355, -101.10442, 2.5734866
23743551305000, 101.44452, -101.11416, 2.5846257
23743556272000, 101.457245, -101.12141, 2.5949347
23743561279000, 101.45157, -101.12645, 2.6008198
23743566272000, 101.447296, -101.13006, 2.603329
23743571262000, 101.43993, -101.13049, 2.602835
23743576290000, 101.43405, -101.13536, 2.606163
23743581279000, 101.42727, -101.135185, 2.604153
23743586291000, 101.42157, -101.13548, 2.6028094
23743591314000, 101.411354, -101.13814, 2.6046252
