#Rate of rotation around the x y z axes (Angular velocity).
#timestamp(ns),x,y,z(rad/s)
#Datetime: 10/07/2014 12:27:10
##########################################
#Activity: 6 - STN - Stairs down - 10s
#Subject ID: 20
#First Name: sub20
#Last Name: sub20
#Age: 26
#Height(cm): 178
#Weight(kg): 71
#Gender: Male
##########################################

@DATA
1251002889000, -0.022907447, 0.009468411, 0.013744468
1251008045000, -0.016798794, 0.015271631, 0.004886922
1251012973000, -0.019242255, 0.022602014, -0.0033597588
1251018122000, -0.01038471, 0.020463986, 0.003970624
1251023428000, -0.008857546, 0.009773844, 0.002443461
1251027958000, -0.00580322, 0.002443461, 0.003970624
1251033353000, 0.014049901, 0.007330383, 0.00580322
1251037942000, 0.014049901, -0.0012217305, 0.004276057
1251043043000, -0.0067195175, -0.0021380284, 0.011301007
1251048133000, -0.01038471, -0.007330383, 0.011301007
1251052948000, -0.017715093, -0.017715093, 0.020158553
1251057944000, -0.015271631, -0.015577064, 0.014049901
1251062980000, -0.01282817, -0.024129177, 0.00580322
1251068038000, -0.011301007, -0.036957346, 0.01038471
1251072987000, -0.016493361, -0.052534413, 0.009468411
1251078691000, -0.009468411, -0.07574729, 9.162979E-4
1251083001000, -0.005192355, -0.07971791, -0.0036651916
1251087952000, -0.018936822, -0.07147124, -0.010079277
1251092958000, -0.02321288, -0.07513642, -0.02107485
1251097985000, -0.022907447, -0.064446285, -0.0125227375
1251102877000, -0.029321533, -0.03726278, -0.014966198
1251107866000, -0.036651913, -0.021991149, -0.018936822
1251112881000, -0.042760566, -0.014049901, -0.01740966
1251117945000, -0.03390302, 0.0076358155, -0.013133603
1251122877000, -0.04062254, 0.0125227375, -0.01160644
1251127860000, -0.028405234, 0.0018325958, -0.0076358155
1251133407000, -0.019242255, -0.010995574, 0.0018325958
1251137859000, -0.0076358155, -0.03481932, -0.0015271631
1251142871000, 0.0030543262, -0.055283304, 0.008552114
1251147887000, 0.0070249503, -0.0693332, 0.0106901415
1251152857000, 0.013744468, -0.07666359, 0.010079277
1251157849000, 0.017715093, -0.079107046, 0.008857546
1251162864000, 0.014049901, -0.080634214, 0.003970624
1251167910000, 0.015882496, -0.054367006, 0.0030543262
1251172861000, 0.021685716, -0.025045475, 0.008552114
1251177848000, 0.016187929, 0.0033597588, 0.005192355
1251182893000, 0.006414085, 0.03145956, 0.005192355
1251187845000, -0.0015271631, 0.04337143, -0.0027488936
1251192872000, -0.006414085, 0.06414085, 0.0015271631
1251197909000, -0.01160644, 0.07086037, 0.005192355
1251203209000, -0.01160644, 0.064751714, 0.010995574
1251207855000, -0.0106901415, 0.044593163, 0.018020526
1251212872000, -0.027183503, 0.02565634, 0.026572637
1251217866000, -0.027183503, -0.0070249503, 0.03145956
1251222858000, -0.027183503, -0.03481932, 0.029321533
1251227829000, -0.029321533, -0.062002823, 0.030543262
1251232890000, -0.022907447, -0.07269296, 0.03268129
1251237814000, -0.022296581, -0.06994407, 0.031154128
1251242859000, -0.007941248, -0.059864793, 0.03481932
1251247823000, 0.007941248, -0.05375614, 0.03176499
1251252866000, 0.016187929, -0.029932396, 0.024740042
1251257819000, 0.02107485, 0.01160644, 0.016187929
1251262851000, 0.034208454, 0.032986723, 0.013439035
1251267860000, 0.042455133, 0.057726767, 0.004581489
1251272839000, 0.043066, 0.07574729, -9.162979E-4
1251277843000, 0.05589417, 0.086132, 9.162979E-4
1251282889000, 0.057726767, 0.093462385, -0.0033597588
1251287857000, 0.07544186, 0.096516706, -0.007330383
1251292859000, 0.06994407, 0.10751228, -0.005497787
1251297888000, 0.065973446, 0.103847094, -0.00580322
1251302975000, 0.058643065, 0.09560041, -0.0125227375
1251307967000, 0.043066, 0.09193522, -0.01160644
1251312962000, 0.03604105, 0.08460484, -0.019547688
1251318059000, 0.026572637, 0.08032878, -0.015577064
1251322961000, 0.018325957, 0.0720821, -0.028405234
1251327925000, 0.019242255, 0.070249505, -0.032070424
1251332981000, 0.011301007, 0.0720821, -0.03604105
1251337930000, 0.002443461, 0.0693332, -0.054367006
1251343030000, -0.0125227375, 0.067500606, -0.05467244
1251347935000, -0.028405234, 0.070554934, -0.06414085
1251353049000, -0.044593163, 0.08155051, -0.06841691
1251357987000, -0.061391957, 0.07971791, -0.0711658
1251362984000, -0.07819075, 0.07360926, -0.07513642
1251367994000, -0.1001819, 0.055588737, -0.087659165
1251372937000, -0.122478485, 0.037873644, -0.099571034
1251377953000, -0.124311075, 0.035430185, -0.11301007
1251382971000, -0.12492194, 0.036957346, -0.11484267
1251387961000, -0.116980694, 0.0421497, -0.11942416
1251392980000, -0.11759156, 0.04550946, -0.11942416
1251397938000, -0.0983493, 0.052839845, -0.12095132
1251403025000, -0.096516706, 0.05009095, -0.12186762
1251407952000, -0.099571034, 0.032070424, -0.12797627
1251412942000, -0.1001819, 0.008857546, -0.13347405
1251417980000, -0.086437434, -0.004581489, -0.13347405
1251422930000, -0.073303826, -0.024129177, -0.12980886
1251427951000, -0.06047566, -0.03848451, -0.12797627
1251432933000, -0.05467244, -0.042760566, -0.11911872
1251437967000, -0.04153884, -0.038179077, -0.108123146
1251442957000, -0.04153884, -0.044593163, -0.10323623
1251447934000, -0.028710667, -0.036651913, -0.09682214
1251453000000, -0.024129177, -0.025350908, -0.10293079
1251458718000, -0.015882496, -0.02443461, -0.10995574
1251462998000, -0.010995574, -0.0027488936, -0.109650314
1251468005000, 3.0543262E-4, 0.021380283, -0.100792766
1251473001000, -0.016798794, 0.033292156, -0.08552113
1251477988000, -0.037873644, 0.046120327, -0.06963864
1251483039000, -0.051923547, 0.05131268, -0.05589417
1251487991000, -0.051923547, 0.056199603, -0.063224554
1251492994000, -0.046120327, 0.040927973, -0.06078109
1251497968000, -0.052534413, 0.022907447, -0.07147124
1251503004000, -0.034513887, 0.013439035, -0.083383106
1251507996000, -0.015577064, 0.015882496, -0.09010262
1251512984000, 0.0106901415, 0.03359759, -0.093767814
1251518012000, 0.03848451, 0.06536258, -0.105068825
1251523003000, 0.08582657, 0.10751228, -0.100792766
1251528689000, 0.12522738, 0.17562376, -0.10170906
1251533052000, 0.1695151, 0.2519819, -0.09468412
1251537889000, 0.21410827, 0.3277292, -0.0852157
1251542975000, 0.26236662, 0.3930918, -0.07360926
1251547910000, 0.29718593, 0.46303585, -0.05131268
1251552985000, 0.3145956, 0.52320606, -0.023518313
1251557890000, 0.3277292, 0.55863625, -0.009162978
1251562985000, 0.32711834, 0.5729916, -0.0015271631
1251567974000, 0.31337386, 0.5839872, 0.0061086523
1251573001000, 0.28802297, 0.58032197, 0.023823744
1251577941000, 0.26816985, 0.56413406, 0.028405234
1251583035000, 0.24007004, 0.5467244, 0.040011674
1251587954000, 0.20158553, 0.50518554, 0.036957346
1251592991000, 0.1863139, 0.46609017, 0.026572637
1251598223000, 0.1554652, 0.41416663, 0.011301007
1251603006000, 0.1255328, 0.35705075, -6.1086525E-4
1251608242000, 0.079107046, 0.30818152, -0.011301007
1251612995000, 0.05009095, 0.24312437, -0.01863139
1251617956000, 0.016798794, 0.20097467, -0.031154128
1251623004000, 0.011301007, 0.16768251, -0.034208454
1251627893000, -0.0015271631, 0.14355333, -0.05100725
1251633028000, -0.0070249503, 0.11362094, -0.061391957
1251637902000, -0.011301007, 0.07819075, -0.08155051
1251642991000, -0.01985312, 0.049480084, -0.0870483
1251647921000, -0.027183503, 0.014966198, -0.09315695
1251652998000, -0.0076358155, -0.021685716, -0.08307768
1251657894000, 0.012217305, -0.06811147, -0.07727446
1251662991000, 0.022907447, -0.12980886, -0.08246681
1251668098000, 0.016798794, -0.18142697, -0.101098195
1251673077000, -0.01740966, -0.21746802, -0.10445796
1251677928000, -0.038179077, -0.22999077, -0.11881329
1251683005000, -0.053450707, -0.23365596, -0.11759156
1251687962000, -0.057726767, -0.22540927, -0.13561209
1251693001000, -0.07422013, -0.20189096, -0.16401732
1251697980000, -0.07086037, -0.1695151, -0.18417588
1251702998000, -0.046120327, -0.15607607, -0.20738874
1251708000000, 0.0076358155, -0.15027285, -0.23762658
1251712994000, 0.077579886, -0.14844026, -0.24678956
1251718068000, 0.11362094, -0.16737708, -0.26053402
1251722999000, 0.124311075, -0.19058995, -0.2657264
1251727999000, 0.12736541, -0.23151793, -0.27488935
1251733038000, 0.13133603, -0.28069258, -0.28069258
1251738001000, 0.10842858, -0.3381139, -0.29168814
1251742966000, 0.050701816, -0.39278635, -0.28252518
1251747941000, -0.009162978, -0.4529566, -0.26908615
1251752976000, -0.09285152, -0.5155703, -0.2489276
1251757971000, -0.16920967, -0.5723807, -0.23762658
1251762987000, -0.19303341, -0.6249151, -0.23090707
1251767967000, -0.1704314, -0.65668017, -0.2275473
1251772967000, -0.14996742, -0.68630713, -0.23304509
1251777982000, -0.15088372, -0.6914995, -0.22815818
1251783849000, -0.1554652, -0.6762278, -0.22052236
1251787975000, -0.20708331, -0.63071835, -0.21899518
1251792989000, -0.27672195, -0.5739079, -0.22693644
1251797933000, -0.3408628, -0.5164866, -0.23243423
1251802875000, -0.376293, -0.45906523, -0.23365596
1251807887000, -0.38881573, -0.40286562, -0.23762658
1251812849000, -0.37995818, -0.36957347, -0.24190263
1251817895000, -0.37232238, -0.3494149, -0.21899518
1251822820000, -0.36102137, -0.34422258, -0.18661933
1251827871000, -0.33964106, -0.35613444, -0.1685988
1251832877000, -0.2996294, -0.3735441, -0.13836098
1251837877000, -0.23823744, -0.36560285, -0.12797627
1251842829000, -0.14630222, -0.36071593, -0.11301007
1251847897000, -0.043676864, -0.34605515, -0.10293079
1251853290000, 0.05467244, -0.3378085, -0.10323623
1251857961000, 0.12736541, -0.3191771, -0.1160644
1251862964000, 0.14721853, -0.28955013, -0.12003502
1251867972000, 0.15943582, -0.20952678, -0.13500121
1251873295000, 0.124005646, -0.10140363, -0.13775012
1251877965000, 0.04062254, -0.029626964, -0.13805555
1251882971000, -0.022602014, 0.1255328, -0.11453723
1251887965000, -0.17959438, 0.2846632, -0.11301007
1251892934000, -0.3817908, 0.3830125, -0.112704635
1251897943000, -0.57848936, 0.39920044, -0.13408493
1251902945000, -0.72021013, 0.33078352, -0.16218472
1251907947000, -0.788627, 0.20097467, -0.20280726
1251912981000, -0.75441855, 0.0729984, -0.2415972
1251917979000, -0.66248333, 0.021685716, -0.258396
1251923186000, -0.5830709, 0.026267206, -0.2687807
1251927953000, -0.5476407, 0.07971791, -0.28619036
1251932977000, -0.56596667, 0.16249016, -0.2874121
1251937963000, -0.6096435, 0.24404067, -0.27916542
1251942951000, -0.65301496, 0.30298916, -0.24129178
1251947950000, -0.6881397, 0.33169982, -0.1957823
1251952957000, -0.6957755, 0.33353242, -0.15882497
1251957957000, -0.6612616, 0.3222314, -0.13225232
1251962950000, -0.5702427, 0.33353242, -0.101098195
1251967956000, -0.453262, 0.33536503, -0.09285152
1251972964000, -0.3387248, 0.32528573, -0.09682214
1251977950000, -0.28680122, 0.3042109, -0.10415252
1251982988000, -0.21533, 0.27030787, -0.12095132
1251987957000, -0.16676621, 0.2302962, -0.14630222
1251992920000, -0.1881465, 0.1777618, -0.16676621
1251997973000, -0.27885997, 0.11484267, -0.18387043
1252002964000, -0.376293, 0.043066, -0.17623462
1252007955000, -0.4605924, -0.054061573, -0.14752395
1252012940000, -0.5109888, -0.16615535, -0.10323623
1252017978000, -0.4972443, -0.24923302, -0.06536258
1252022958000, -0.4886922, -0.29138273, -0.03359759
1252027953000, -0.47555858, -0.26175576, -0.018936822
1252033007000, -0.48808134, -0.22052236, -0.009468411
1252037989000, -0.49174652, -0.17104226, -0.0143553335
1252042999000, -0.52656585, -0.118507855, -0.021991149
1252047931000, -0.52564955, -0.09437868, -0.043982297
1252052997000, -0.51893, -0.08032878, -0.07269296
1252057991000, -0.50610185, -0.07452556, -0.103847094
1252063021000, -0.45540005, -0.04520403, -0.13958271
1252068012000, -0.42821655, -0.0018325958, -0.1731803
1252072995000, -0.4474588, 0.015271631, -0.20463985
1252077986000, -0.48655418, 0.016187929, -0.22235495
1252083021000, -0.61391956, -0.035124753, -0.23518312
1252088000000, -0.7458665, -0.11453723, -0.22266038
1252092993000, -0.83291477, -0.15485434, -0.17501289
1252097991000, -0.84757555, -0.12492194, -0.10873401
1252103000000, -0.79168135, -0.013133603, -0.03268129
1252107997000, -0.7134906, 0.15790866, 0.040317107
1252113004000, -0.6209445, 0.3744604, 0.07544186
1252117972000, -0.56199604, 0.5360342, 0.086437434
1252122998000, -0.56107974, 0.6432411, 0.067500606
1252127996000, -0.59528816, 0.64812803, 0.024129177
1252133011000, -0.64476824, 0.5497787, -0.027488936
1252137946000, -0.70249504, 0.4269948, -0.09590584
1252142994000, -0.74464476, 0.32436943, -0.18478674
1252147932000, -0.7593055, 0.31673363, -0.29535335
1252152999000, -0.76083267, 0.36774087, -0.37598756
1252157889000, -0.79534656, 0.50946164, -0.44806966
1252162987000, -0.8173377, 0.7125743, -0.47647488
1252167931000, -0.8436049, 0.8436049, -0.49846604
1252172992000, -0.8341365, 1.1166617, -0.516792
1252178619000, -0.8542951, 1.3579534, -0.5522222
1252183040000, -0.91751957, 1.5176947, -0.6160576
1252187922000, -0.9825767, 1.6053538, -0.68508536
1252192999000, -1.0516045, 1.6218473, -0.7706065
1252197972000, -1.0885619, 1.5641204, -0.8594874
1252203010000, -1.1187997, 1.41904, -0.9477574
1252207965000, -1.1829406, 1.1575897, -1.0125091
1252212992000, -1.2538009, 0.7965683, -1.0283916
1252218018000, -1.3805555, 0.33017266, -0.9804387
1252223001000, -1.4709635, -0.17562376, -0.9245446
1252227960000, -1.5066991, -0.61086524, -0.8924741
1252233207000, -1.5360206, -0.84788096, -0.9300423
1252237992000, -1.5754215, -0.93767816, -1.0928379
1252242991000, -1.6560557, -0.96944314, -1.3029755
1252248604000, -1.7348573, -0.97005403, -1.4669929
1252252887000, -1.7971655, -0.9621128, -1.5338826
1252257846000, -1.815797, -0.9193522, -1.5439619
1252262888000, -1.8414533, -0.8918633, -1.5070046
1252267856000, -1.8512272, -0.86437434, -1.4770721
1252272904000, -1.844813, -0.8775079, -1.395827
1252277822000, -1.8057177, -0.9263771, -1.2855659
1252282921000, -1.7143933, -1.0122037, -1.1658363
1252287835000, -1.6187929, -1.0977248, -1.0616838
1252292893000, -1.5683966, -1.162782, -0.958753
1252297877000, -1.5375478, -1.1939361, -0.89552844
1252303014000, -1.5494597, -1.1829406, -0.8542951
1252308005000, -1.5577064, -1.1264355, -0.83199847
1252312985000, -1.5497651, -1.0112875, -0.8341365
1252318404000, -1.5167783, -0.84391034, -0.88239485
1252323001000, -1.4327844, -0.62858033, -0.9462303
1252327990000, -1.3405437, -0.35796702, -1.003957
1252333042000, -1.2507466, -0.08582657, -1.0247264
1252338004000, -1.1542299, 0.09193522, -1.0009027
1252342994000, -1.0192287, 0.16768251, -0.9245446
1252347942000, -0.88208944, 0.11209377, -0.81000733
1252352994000, -0.7678576, 0.013133603, -0.6908886
1252358003000, -0.6747007, -0.064751714, -0.5702427
1252362984000, -0.6462954, -0.07788532, -0.4728097
1252368037000, -0.6392705, -0.06383542, -0.4156938
1252372993000, -0.6478226, -0.01282817, -0.30848694
1252377995000, -0.6603453, 0.02687807, -0.23304509
1252383002000, -0.6575964, 0.05955936, -0.18936823
1252388107000, -0.63255095, 0.089186326, -0.14446963
1252392989000, -0.5751296, 0.10873401, -0.118507855
1252397992000, -0.5112942, 0.0711658, -0.118202426
1252402979000, -0.43676865, 0.018325957, -0.119729586
1252407997000, -0.33322698, -0.03176499, -0.112704635
1252412977000, -0.2180789, -0.007941248, -0.10751228
1252418031000, -0.113926366, 0.07452556, -0.09590584
1252422970000, -0.044898596, 0.22968534, -0.057726767
1252427993000, -0.004276057, 0.4129449, 0.01038471
1252433001000, 9.162979E-4, 0.5751296, 0.061086524
1252437997000, 0.017104227, 0.65148777, 0.099571034
1252442885000, 0.05009095, 0.655153, 0.14508049
1252447949000, 0.09773844, 0.57848936, 0.20586158
1252452916000, 0.16157386, 0.4822781, 0.28191432
1252458003000, 0.22266038, 0.3652974, 0.33536503
1252462975000, 0.2837469, 0.32406402, 0.39858958
1252468019000, 0.31245756, 0.25778514, 0.42577308
1252472957000, 0.37965274, 0.21227567, 0.46303585
1252477992000, 0.4202753, 0.18845193, 0.5006041
1252482966000, 0.45906523, 0.1459968, 0.539394
1252487993000, 0.46822822, 0.07544186, 0.5882632
1252492940000, 0.49205196, 0.017104227, 0.6206391
1252497987000, 0.52748215, -0.0061086523, 0.66889745
1252503683000, 0.57604593, 9.162979E-4, 0.71868294
1252507998000, 0.6243043, 0.020463986, 0.7696902
1252512921000, 0.66431594, 0.050396383, 0.81031275
1252518013000, 0.6899723, 0.08277224, 0.8414669
1252522899000, 0.7180721, 0.12858713, 0.8686504
1252527996000, 0.7293731, 0.16798794, 0.9049969
1252532941000, 0.7425067, 0.2144137, 0.95447695
1252537996000, 0.7492262, 0.25717425, 1.0054842
1252542963000, 0.7648033, 0.28771752, 1.047023
1252547938000, 0.75900006, 0.3231477, 1.0858129
1252552974000, 0.7724391, 0.31978795, 1.0870347
1252557990000, 0.7831292, 0.30451632, 1.0873401
1252562992000, 0.8155051, 0.24037547, 1.0903945
1252568010000, 0.84879726, 0.15118915, 1.0900891
1252573730000, 0.9477574, -0.0061086523, 1.1038336
1252577993000, 1.1798862, -0.057726767, 1.1166617
1252583069000, 1.269378, -0.16798794, 1.1664472
1252587991000, 1.4596626, -0.24862215, 1.2296717
1252592995000, 1.6978999, -0.32162055, 1.3213016
1252597994000, 1.9517145, -0.38973203, 1.4205672
1252603007000, 2.218357, -0.462425, 1.5079209
1252607996000, 2.4517076, -0.5332854, 1.5641204
1252613001000, 2.6505444, -0.5699373, 1.5381587
1252618011000, 2.7620273, -0.49357912, 1.4156802
1252623003000, 2.6838365, -0.33444872, 1.1798862
1252627991000, 2.3243423, -0.20586158, 0.84696466
1252633049000, 1.7825048, -0.14110987, 0.5177083
1252637991000, 1.2861768, -0.15699236, 0.27030787
1252642973000, 0.95325524, -0.1826487, 0.16462818
1252647929000, 0.79381937, -0.14172074, 0.15943582
1252652995000, 0.7867944, 0.030543262, 0.2284636
1252657994000, 0.89858276, 0.183565, 0.33444872
1252663009000, 0.98624194, 0.6178902, 0.38362336
1252667932000, 1.1823297, 1.1374311, 0.4538729
1252672996000, 1.3674219, 1.6169603, 0.46639562
1252677964000, 1.5027285, 1.9367483, 0.4382958
1252683059000, 1.5143349, 2.0625865, 0.37751472
1252687949000, 1.4092661, 1.9688187, 0.3155119
1252693003000, 1.2739595, 1.65911, 0.26450464
1252697916000, 1.1371256, 1.3225232, 0.26053402
1252703006000, 1.1004738, 0.98746365, 0.3145956
1252707887000, 1.1481212, 0.5626069, 0.36926803
1252713237000, 1.2263119, 0.060170226, 0.3933972
1252717935000, 1.2696834, -0.47800204, 0.42271876
1252722998000, 1.2861768, -0.929126, 0.4636467
1252727903000, 1.2657127, -1.1682798, 0.4868596
1252733073000, 1.2635747, -1.2198979, 0.48808134
1252737930000, 1.284955, -1.2431108, 0.49205196
1252742978000, 1.2592987, -1.2559389, 0.47433686
1252747941000, 1.1301007, -1.1585059, 0.42180246
1252752982000, 0.9486737, -1.0268645, 0.35460728
1252757950000, 0.7699956, -0.63224554, 0.32467487
1252762991000, 0.6814202, -0.19456059, 0.2687807
1252767931000, 0.49602258, 0.24587326, 0.17012598
1252772986000, 0.34666604, 0.61300325, 0.057421334
1252777921000, 0.29840767, 0.890947, -0.03390302
1252783044000, 0.34330627, 1.1133019, -0.1020145
1252788002000, 0.39950588, 1.2974777, -0.13255776
1252792992000, 0.39187005, 1.4440855, -0.10720685
1252797914000, 0.25778514, 1.5787812, -0.103847094
1252802904000, 0.03634648, 1.8249599, -0.204029
1252807827000, -0.21380283, 2.1609359, -0.33017266
1252812882000, -0.3567453, 2.361605, -0.45906523
1252817888000, -0.39584067, 2.3267858, -0.58032197
1252822896000, -0.36835176, 2.1096232, -0.68477994
1252827844000, -0.23915374, 1.6074919, -0.6737844
1252832928000, -0.092240654, 0.94897914, -0.58459806
1252837862000, 0.030848695, 0.3585779, -0.49510628
1252842897000, 0.11484267, 0.03726278, -0.44135013
1252847889000, 0.094989546, -0.020463986, -0.4175264
1252853005000, -0.03176499, 0.0061086523, -0.3933972
1252858012000, -0.17623462, 0.051618114, -0.39828414
1252863573000, -0.23243423, -0.069027774, -0.43554693
1252868069000, -0.2574797, -0.41630468, -0.45204028
1252872993000, -0.1957823, -0.838718, -0.44990227
1252877990000, -0.08368854, -1.2131784, -0.44165558
1252883074000, -0.0033597588, -1.4300356, -0.43218717
1252888004000, -0.008857546, -1.4801265, -0.42394048
1252892989000, -0.079107046, -1.4688255, -0.42119157
1252898048000, -0.15882497, -1.5454891, -0.41325033
1252902998000, -0.24037547, -1.8118263, -0.41508293
1252907980000, -0.23487769, -2.1523838, -0.39858958
1252913005000, -0.12003502, -2.3948972, -0.34422258
1252918015000, 0.063224554, -2.4367414, -0.21410827
1252922993000, 0.22724187, -2.3057108, -0.036651913
1252927999000, 0.33292156, -2.0864103, 0.1255328
1252933638000, 0.38026363, -1.8219056, 0.23487769
1252937995000, 0.3894266, -1.4752395, 0.30268374
1252942987000, 0.34147367, -1.0622946, 0.32620203
1252947940000, 0.31764993, -0.86284715, 0.3390302
1252952995000, 0.2855795, -0.50762904, 0.3463606
1252957996000, 0.28038713, -0.25411993, 0.3491095
1252962978000, 0.28099802, -0.17684549, 0.35460728
1252968015000, 0.2968805, -0.19211712, 0.35735616
1252972989000, 0.30970868, -0.22510384, 0.32375857
1252977978000, 0.31123585, -0.24465153, 0.29016098
1252982983000, 0.32895094, -0.21960606, 0.23854288
1252987997000, 0.33567044, -0.056505036, 0.18753563
1252992989000, 0.27916542, 0.17623462, 0.14813483
1252997962000, 0.17684549, 0.39492437, 0.11178834
1253003271000, 0.089491755, 0.4428773, 0.09560041
1253007992000, 0.026267206, 0.33933565, 0.09590584
1253012960000, -0.0021380284, 0.1414153, 0.13041973
1253018027000, -0.02565634, -0.10476339, 0.17531833
1253022888000, -0.04428773, -0.34605515, 0.20525073
1253027991000, -0.0711658, -0.5653558, 0.24220806
1253032923000, -0.077579886, -0.76174897, 0.2843578
1253038000000, -0.06352998, -0.9114109, 0.3484986
1253042885000, -0.057726767, -1.0186177, 0.41874814
1253047941000, -0.039095376, -1.0500773, 0.48472157
1253052928000, -0.030848695, -1.0283916, 0.5128214
1253057991000, -0.028405234, -0.9443977, 0.5348125
1253062948000, -0.03604105, -0.8054258, 0.5522222
1253068029000, -0.03604105, -0.65209866, 0.55924714
1253073307000, -0.04184427, -0.5002986, 0.55924714
1253077990000, -0.029321533, -0.344528, 0.56046885
1253083190000, -0.0067195175, -0.20952678, 0.5717699
1253087995000, 0.022296581, -0.086437434, 0.5699373
1253092893000, 0.033292156, -0.021991149, 0.57910025
1253097995000, 0.046120327, 0.03359759, 0.57787853
1253102897000, 0.057421334, 0.07086037, 0.56505036
1253107995000, 0.07727446, 0.10842858, 0.52534413
1253112918000, 0.095294975, 0.098043874, 0.44715336
1253117990000, 0.1255328, 0.052839845, 0.33078352
1253122902000, 0.1572978, 0.019242255, 0.20250183
1253127986000, 0.18570304, 0.035430185, 0.08093964
1253132998000, 0.2049453, 0.15088372, -0.013133603
1253137991000, 0.2312125, 0.3857614, -0.059253927
1253142992000, 0.2742785, 0.74097955, -0.07391469
1253147939000, 0.32436943, 0.95539325, -0.06872234
1253153111000, 0.35643986, 1.4465289, -0.052839845
1253157993000, 0.46578476, 2.028378, -0.023823744
1253162965000, 0.6035349, 2.6557367, -0.024129177
1253168063000, 0.743423, 3.2528574, -0.035430185
1253173004000, 0.8555168, 3.7391062, -0.08399397
1253177988000, 0.87781334, 4.099517, -0.14813483
1253183017000, 0.79717916, 4.356691, -0.18997909
1253188582000, 0.6747007, 4.494441, -0.20463985
1253193001000, 0.539394, 4.4956627, -0.18417588
1253197989000, 0.43188173, 4.257731, -0.13530666
1253202999000, 0.3943135, 3.6682458, -0.086132
1253207988000, 0.42302418, 2.7461448, -0.030848695
1253212987000, 0.4025602, 1.6490307, -0.013439035
1253218003000, 0.1863139, 0.55680364, -0.048563786
1253223111000, -0.19058995, -0.33169982, -0.12003502
1253227986000, -0.57787853, -0.91782504, -0.16676621
1253232995000, -0.816116, -1.1976013, -0.18753563
1253237989000, -0.8933904, -1.2660183, -0.20525073
1253242995000, -0.86620694, -1.2513574, -0.19517145
1253247934000, -0.8042041, -1.1392636, -0.18295415
1253253009000, -0.7632761, -0.97585726, -0.11636983
1253258599000, -0.6753115, -0.65209866, -0.019242255
1253262983000, -0.51893, -0.5177083, 0.0027488936
1253267947000, -0.4538729, -0.25137106, 0.043066
1253272998000, -0.310625, -0.02687807, 0.057726767
1253277951000, -0.1740966, 0.108123146, 0.059864793
1253283008000, -0.023823744, 0.14844026, 0.05375614
1253287929000, 0.09101892, 0.17745635, 0.041233405
1253292984000, 0.1731803, 0.27366763, 0.024740042
1253297906000, 0.2312125, 0.49541172, 0.007330383
1253302981000, 0.22235495, 0.80909103, -0.045814894
1253307890000, 0.10140363, 1.0393872, -0.12492194
1253312998000, -0.12614368, 0.97158116, -0.20463985
1253317931000, -0.3567453, 0.52687126, -0.24007004
1253322996000, -0.5131268, -0.08460484, -0.25259277
1253328344000, -0.59559363, -0.58093286, -0.22204952
1253333003000, -0.6200282, -0.7651087, -0.15485434
1253337980000, -0.61544675, -0.6637051, -0.0842994
1253342994000, -0.5919284, -0.5128214, -0.013744468
1253347951000, -0.5653558, -0.07360926, 0.014660766
1253352998000, -0.52442783, 0.41783184, 0.04550946
1253358090000, -0.50885075, 0.7797695, 0.049785517
1253362999000, -0.4877759, 0.98471475, 0.030848695
1253368010000, -0.45448375, 1.0827587, 0.023823744
1253372978000, -0.47128254, 1.0305296, 0.0061086523
1253377890000, -0.5006041, 0.82558435, -0.019547688
1253382992000, -0.5925393, 0.52870387, -0.04734206
1253387898000, -0.74006325, 0.20005837, -0.08155051
1253392987000, -0.883922, -0.10903945, -0.12217305
1253398052000, -0.98990715, -0.3652974, -0.16584991
1253402996000, -1.0274754, -0.5653558, -0.20922135
1253407970000, -1.0238101, -0.66614854, -0.24220806
1253412983000, -0.9779953, -0.6047566, -0.29871312
1253418035000, -0.88208944, -0.34605515, -0.38728857
1253422998000, -0.7797695, 0.043066, -0.52015173
1253427996000, -0.69913524, 0.4373795, -0.6612616
1253432987000, -0.64934975, 0.7583892, -0.7788532
1253437991000, -0.6252206, 0.89675015, -0.8762862
1253442969000, -0.6441574, 1.1007792, -0.9129381
1253447939000, -0.66889745, 1.2513574, -0.9941832
1253452994000, -0.7122689, 1.319469, -1.0748174
1253457991000, -0.7538077, 1.2483032, -1.1349876
1253462991000, -0.786489, 1.0458013, -1.208597
1253468040000, -0.82650065, 0.700357, -1.2666291
1253472993000, -0.86651236, 0.17531833, -1.3310753
1253477994000, -0.9492846, -0.42241332, -1.4248432
1253482991000, -1.0393872, -0.97127575, -1.5118915
1253487977000, -1.14018, -1.4471397, -1.5894713
1253492979000, -1.1756102, -1.7730364, -1.642922
1253497991000, -1.1982121, -1.9226984, -1.6737708
1253502908000, -1.1972959, -1.9511036, -1.6982054
1253507941000, -1.1856894, -1.8674151, -1.7110336
1253513675000, -1.1817188, -1.6566665, -1.6841555
1253517976000, -1.2049317, -1.3420709, -1.6368134
1253522922000, -1.2321151, -0.9578367, -1.5909985
1253527952000, -1.258077, -0.54641896, -1.5109752
1253532923000, -1.2504412, -0.3491095, -1.3912456
1253537965000, -1.2067643, 0.01985312, -1.2767084
1253542907000, -1.1765264, 0.33444872, -1.219287
1253547946000, -1.1010846, 0.5338962, -1.1120802
1253552921000, -1.0143417, 0.593761, -1.0262536
1253557959000, -0.94959, 0.54061574, -0.9584476
1253562979000, -0.9108001, 0.39064834, -0.9221011
1253568016000, -0.88178396, 0.15393804, -0.9230174
1253572934000, -0.8686504, -0.15882497, -0.94714653
1253578000000, -0.8597928, -0.49877146, -0.97585726
1253582990000, -0.86498517, -0.8179486, -0.99112886
1253587990000, -0.8732319, -1.1157454, -0.97127575
1253593045000, -0.9098838, -1.3610078, -0.9437868
1253597979000, -0.92087936, -1.5357152, -0.9419542
1253603108000, -0.9324858, -1.6377298, -0.9224065
1253607991000, -0.87689704, -1.5732834, -0.8897252
1253613158000, -0.7959574, -1.3674219, -0.84329945
1253618114000, -0.7134906, -1.0577132, -0.78984874
1253623305000, -0.6053675, -0.7858781, -0.7067711
1253627973000, -0.4868596, -0.58184916, -0.62888575
1253633303000, -0.37782016, -0.45081854, -0.5537493
1253637990000, -0.3191771, -0.4083634, -0.52748215
1253642957000, -0.3042109, -0.32436943, -0.4886922
1253647937000, -0.3100141, -0.2724459, -0.48624873
1253653412000, -0.3368922, -0.20525073, -0.4596761
1253657988000, -0.3463606, -0.124311075, -0.44532076
1253662931000, -0.34697145, -0.022602014, -0.4175264
1253668012000, -0.3475823, 0.056505036, -0.3820962
1253672895000, -0.3707952, 0.06261369, -0.35277468
1253677992000, -0.39706242, 0.01863139, -0.3036
1253682914000, -0.43004912, -0.03756821, -0.24770586
1253688000000, -0.45448375, -0.09865474, -0.18570304
1253692885000, -0.4550946, -0.17837265, -0.12583824
1253697970000, -0.43157628, -0.2864958, -0.06383542
1253702901000, -0.40561453, -0.38698313, -0.014049901
1253707989000, -0.3494149, -0.4202753, 0.03726278
1253712980000, -0.28405234, -0.41722095, 0.09254608
1253718016000, -0.204029, -0.35888332, 0.14538592
1253722917000, -0.15485434, -0.2602286, 0.16432275
1253727985000, -0.10262536, -0.13103059, 0.19822577
1253733018000, -0.064751714, -0.062308256, 0.22418754
1253737973000, -0.011911872, 0.06688975, 0.23762658
1253742957000, 0.01160644, 0.1908954, 0.25717425
1253747934000, 0.065973446, 0.31948254, 0.2846632
1253752968000, 0.13225232, 0.44257188, 0.33292156
1253757957000, 0.19853121, 0.5699373, 0.39920044
1253762969000, 0.2602286, 0.67347896, 0.44990227
1253767943000, 0.33078352, 0.7263188, 0.49266282
1253772969000, 0.40103304, 0.76174897, 0.5549711
1253777967000, 0.46578476, 0.82863873, 0.6612616
1253782975000, 0.49266282, 0.9260717, 0.7867944
1253787967000, 0.5207626, 1.0283916, 0.8897252
1253792978000, 0.5329799, 1.0729848, 0.9621128
1253797975000, 0.550695, 1.0626001, 1.0122037
1253802988000, 0.56779927, 0.95478237, 1.0555751
1253807895000, 0.55680364, 0.7672467, 1.0848967
1253812869000, 0.5390886, 0.5723807, 1.1294898
1253817908000, 0.5143485, 0.36285394, 1.1957687
1253822898000, 0.49938235, 0.17531833, 1.2721269
1253827895000, 0.49571714, 0.07788532, 1.3564262
1253832926000, 0.49449542, -0.13133603, 1.4031575
1253837875000, 0.5103779, -0.31245756, 1.5128077
1253842897000, 0.56382865, -0.47036624, 1.6249015
1253847856000, 0.6386596, -0.61544675, 1.7122552
1253852985000, 0.7104363, -0.72356987, 1.7831156
1253857885000, 0.79381937, -0.8246681, 1.8307631
1253863000000, 0.86162543, -0.86284715, 1.8860464
1253867921000, 0.9309586, -0.8549059, 1.9233092
1253873004000, 1.0296134, -0.8219192, 1.9422461
1253877888000, 1.1304061, -0.7733554, 1.9156734
1253882979000, 1.244027, -0.70188415, 1.8417587
1253887920000, 1.3707817, -0.5858198, 1.7110336
1253892993000, 1.4697418, -0.47525316, 1.5091426
1253897942000, 1.5360206, -0.4120286, 1.2675453
1253902999000, 1.5259414, -0.36254853, 1.0216721
1253908422000, 1.4465289, -0.312763, 0.7858781
1253912983000, 1.3503176, -0.28160888, 0.5849035
1253918011000, 1.2651019, -0.20861048, 0.43799037
1253922998000, 1.2180653, -0.049480084, 0.33444872
1253927892000, 1.1866057, 0.056199603, 0.30176744
1253933031000, 1.1710287, 0.344528, 0.2706133
1253937896000, 1.1389582, 0.73273283, 0.2678644
1253943106000, 1.0989466, 1.2498302, 0.28221974
1253947915000, 1.0586295, 1.8726074, 0.31673363
1253952981000, 1.0167851, 2.453235, 0.4098906
1253957954000, 0.9505063, 2.7678304, 0.5476407
1253963001000, 0.8533788, 2.7580566, 0.6414085
1253968033000, 0.7779369, 2.475226, 0.6560693
1253972973000, 0.7171558, 2.0518963, 0.6087272
1253978525000, 0.68600166, 1.5891659, 0.54428095
1253983023000, 0.679893, 1.1817188, 0.5222898
1253988018000, 0.72234815, 0.8573494, 0.5537493
1253992992000, 0.7693848, 0.54458636, 0.61117065
1253997942000, 0.8191703, 0.22479841, 0.6450737
1254003000000, 0.90041536, -0.16829337, 0.7144069
1254008009000, 0.9459248, -0.7696902, 0.75991637
1254013025000, 0.9074403, -1.3041973, 0.7861836
1254018126000, 0.8167268, -1.6438384, 0.7742717
1254022988000, 0.75594574, -1.8277088, 0.7470882
1254027995000, 0.68569624, -1.8915442, 0.71959925
1254033003000, 0.64812803, -1.9941696, 0.691194
1254037979000, 0.55741453, -1.9895881, 0.6435465
1254042975000, 0.48075095, -1.8784106, 0.5870415
1254048315000, 0.4447099, -1.6401732, 0.528093
1254052982000, 0.45753807, -1.2990049, 0.49021935
1254057996000, 0.5513059, -0.9468411, 0.48258355
1254062990000, 0.6765333, -0.54000485, 0.44318274
1254068028000, 0.81245077, -0.028710667, 0.3979787
1254072995000, 0.8707884, 0.57848936, 0.31398472
1254077996000, 0.8671232, 1.1682798, 0.20616703
1254083025000, 0.86559606, 1.4929546, 0.10415252
1254087996000, 0.9230174, 1.5201381, 0.008246681
1254092975000, 1.0393872, 1.3503176, -0.0711658
1254097987000, 1.0797043, 1.2061534, -0.09987647
1254102993000, 1.0558805, 1.0726794, -0.10781772
1254107997000, 0.99296147, 0.7993172, -0.09010262
1254112985000, 0.7870999, 0.48991394, -0.108123146
1254118068000, 0.5128214, 0.36010507, -0.13988814
1254122969000, 0.4034765, 0.3594942, -0.20861048
1254128000000, 0.35277468, 0.37293324, -0.25961772
1254132968000, 0.30482176, 0.29016098, -0.38973203
1254137979000, 0.19211712, 0.19150625, -0.4615087
1254142935000, -0.028710667, 0.09193522, -0.46089783
1254147946000, -0.269697, 0.010079277, -0.4202753
1254152890000, -0.46639562, -0.1459968, -0.355829
1254157995000, -0.5552765, -0.4813618, -0.30573806
1254162926000, -0.5882632, -0.883922, -0.31306845
1254168037000, -0.6178902, -1.2116512, -0.32803464
1254172904000, -0.6267477, -1.4361442, -0.3463606
1254177998000, -0.5552765, -1.5430456, -0.37904188
1254182978000, -0.44684792, -1.5995506, -0.41996986
1254188005000, -0.3747658, -1.7220291, -0.49296826
1254192952000, -0.35155296, -1.9129245, -0.5693264
1254198038000, -0.3643811, -2.189341, -0.6203337
1254202960000, -0.40530908, -2.5256224, -0.66675943
1254207979000, -0.41447207, -2.8518243, -0.70707655
1254213014000, -0.39553526, -3.1419854, -0.763887
1254218054000, -0.36346483, -3.3786957, -0.8240572
1254222980000, -0.3567453, -3.472769, -0.8426886
1254227996000, -0.35796702, -3.5769215, -0.8723156
1254232973000, -0.37201694, -3.5475998, -0.9104946
1254238002000, -0.37110063, -3.3157766, -0.9505063
1254242885000, -0.3481932, -2.8447995, -0.98654735
1254247941000, -0.2519819, -2.0821342, -0.9737192
1254252899000, -0.08093964, -1.0742066, -0.87689704
1254257998000, 0.121256754, 0.007941248, -0.70371675
1254262933000, 0.28221974, 0.9877691, -0.5006041
1254268080000, 0.3857614, 1.8216002, -0.2950479
1254272943000, 0.4266894, 2.4465153, -0.1386664
1254277973000, 0.49235737, 2.924212, -0.090713486
1254283021000, 0.5708536, 3.249803, -0.08155051
1254287997000, 0.6536258, 3.3786957, -0.052839845
1254292975000, 0.79381937, 3.2485814, 0.004886922
1254297996000, 0.96974856, 2.7391198, 0.10598512
1254303611000, 1.153619, 1.863139, 0.2782491
1254307994000, 1.2913691, 0.79809546, 0.5216789
1254312997000, 1.2678508, -0.258396, 0.77091193
1254318019000, 1.0473285, -0.72387534, 0.947452
1254323005000, 0.7498371, -1.4285084, 0.98807454
1254327998000, 0.57971114, -1.7715092, 0.9932669
1254333053000, 0.23365596, -1.8472565, 0.960891
1254337998000, -0.03573562, -1.7870862, 0.90285885
1254342995000, -0.24281894, -1.6588045, 0.8738427
1254347943000, -0.36071593, -1.5008959, 0.86406887
1254352995000, -0.45020768, -1.3671165, 0.8213083
1254357988000, -0.5513059, -1.2257011, 0.77549344
1254363002000, -0.67256266, -1.1487321, 0.7141015
1254368030000, -0.7858781, -1.1010846, 0.64996064
1254373401000, -0.91415983, -1.0668762, 0.5925393
1254377993000, -1.0641272, -0.9944886, 0.52564955
1254382996000, -1.2162327, -0.8530733, 0.4541783
1254387994000, -1.3234396, -0.68783426, 0.3811799
1254392995000, -1.38025, -0.47739118, 0.31764993
1254397993000, -1.3762794, -0.2434298, 0.2501493
1254403003000, -1.3203852, -0.0143553335, 0.17898351
1254407994000, -1.2147056, 0.18203785, 0.1142318
1254413000000, -1.0732902, 0.33475417, 0.054367006
1254418006000, -0.90224797, 0.3912592, -0.008552114
1254423054000, -0.80878556, 0.45814893, -0.036651913
1254427992000, -0.61208695, 0.49388456, -0.065973446
1254433004000, -0.44104472, 0.54183745, -0.069027774
1254437996000, -0.28160888, 0.6658431, -0.040317107
1254442998000, -0.13469578, 0.88606006, -0.0018325958
1254447943000, 0.027183503, 1.221425, 0.021685716
1254452962000, 0.19456059, 1.6181821, 0.0421497
1254457926000, 0.3747658, 2.0295997, 0.04062254
1254462924000, 0.56413406, 2.4236078, 0.024129177
1254467983000, 0.75777835, 2.7892108, -0.007330383
1254472997000, 0.9450085, 3.1477885, -0.04337143
1254477888000, 1.1517864, 3.418402, -0.06780604
1254482943000, 1.3649784, 3.5692856, -0.06719518
1254487890000, 1.5503759, 3.5708127, -0.052534413
1254492956000, 1.7354681, 3.4397821, -0.015271631
1254497946000, 1.9208658, 3.2479706, 0.040317107
1254502968000, 2.0415115, 3.1309898, 0.1282817
1254507918000, 1.751656, 3.0204232, 0.13927728
1254512923000, 0.66614854, 2.8399124, -3.0543262E-4
1254518008000, -0.060170226, 2.1001546, -0.08399397
1254523077000, -1.2189816, 1.1230757, -0.15332718
1254527968000, -1.7724255, 0.24037547, -0.058337633
1254532952000, -1.883603, -0.3640757, 0.15454891
1254537978000, -1.7476854, -0.50579643, 0.39706242
1254542951000, -1.4679092, -0.5002986, 0.56596667
1254547934000, -1.1551461, -0.5158757, 0.63041294
1254552966000, -0.9062186, -0.5009095, 0.65148777
1254558575000, -0.68294734, -0.40042216, 0.6243043
1254562935000, -0.49754974, -0.13072516, 0.56382865
1254567990000, -0.36896262, 0.27366763, 0.47952923
1254572959000, -0.310625, 0.7483099, 0.39492437
1254578020000, -0.34116822, 1.1695015, 0.3109304
1254582955000, -0.47555858, 1.3307699, 0.22204952
1254587896000, -0.675617, 1.1313224, 0.15515977
1254593054000, -0.8268061, 0.7296785, 0.15699236
1254597936000, -0.8717047, 0.3381139, 0.21074851
1254602964000, -0.83108217, 0.14569137, 0.24801129
1254607956000, -0.7858781, 0.23518312, 0.2574797
1254612930000, -0.7611381, 0.38240165, 0.25961772
1254617954000, -0.73761976, 0.81122905, 0.25534168
1254622963000, -0.70371675, 1.2718215, 0.21227567
1254628506000, -0.66828656, 1.7211128, 0.1301143
1254632968000, -0.6038403, 1.7489072, 0.1001819
1254637934000, -0.6059783, 1.6618589, 0.03940081
1254642955000, -0.6035349, 1.4074335, -0.080634214
1254647963000, -0.6246097, 1.0974194, -0.22418754
1254652953000, -0.65393126, 0.7348709, -0.3943135
1254657980000, -0.6948592, 0.29657507, -0.5729916
1254662929000, -0.7266242, -0.09285152, -0.73853606
1254668079000, -0.72509706, -0.40469822, -0.9095783
1254672978000, -0.7104363, -0.571159, -1.104139
1254677956000, -0.73975784, -0.63346726, -1.3521502
1254682946000, -0.81153446, -0.63132924, -1.6410894
1254687966000, -0.91599244, -0.6404922, -1.8622227
1254692951000, -1.0296134, -0.7504479, -1.9941696
1254698385000, -1.1206323, -0.9111055, -2.1071796
1254702955000, -1.2034045, -1.0784826, -2.244319
1254707956000, -1.2754866, -1.1713341, -2.4205534
1254712942000, -1.3735305, -1.3973542, -2.5060747
1254718073000, -1.425454, -1.6224581, -2.6456573
1254722973000, -1.5033394, -1.8023579, -2.727208
1254727948000, -1.5427402, -1.9272798, -2.7491992
1254732943000, -1.5228871, -1.9660698, -2.737898
1254737941000, -1.4785993, -1.8723019, -2.6685648
1254742915000, -1.4431691, -1.67316, -2.5488353
1254747940000, -1.3842206, -1.3521502, -2.3631322
1254752918000, -1.3078625, -0.94989544, -2.146275
1254757925000, -1.2119566, -0.52626044, -1.9214766
1254762939000, -1.0522153, -0.21166481, -1.717753
1254768016000, -0.8054258, -0.08307768, -1.5473217
1254772912000, -0.5549711, -0.035124753, -1.4016303
1254777939000, -0.4025602, -0.0143553335, -1.3292428
1254782925000, -0.32498032, 0.025350908, -1.2907583
1254792953000, -0.3203988, 0.19547687, -1.3408492
1254797942000, -0.34788775, 0.056505036, -1.3225232
1254802866000, -0.36377025, -0.03848451, -1.320996
1254807876000, -0.43249258, -0.21105394, -1.3396275
1254812858000, -0.48747048, -0.40286562, -1.3448198
1254817908000, -0.5907067, -0.59803706, -1.2883148
1254822877000, -0.6432411, -0.84635377, -1.2049317
1254827874000, -0.63407815, -1.0754282, -1.0940597
1254832917000, -0.6264423, -1.2269229, -0.9850202
1254837879000, -0.6389651, -1.2959507, -0.86529064
1254842875000, -0.66614854, -1.2815952, -0.7690793
1254847872000, -0.6792821, -1.2180653, -0.70921457
1254853064000, -0.6603453, -1.1334605, -0.68111473
1254857956000, -0.61269784, -1.0607675, -0.69027776
1254863751000, -0.528093, -0.9416488, -0.68752885
1254867970000, -0.42730024, -0.79045963, -0.6569856
1254872900000, -0.30024028, -0.5946773, -0.60048056
1254877954000, -0.14172074, -0.35246924, -0.514654
1254883592000, 0.018936822, -0.10598512, -0.42760566
1254887954000, 0.13347405, 0.11759156, -0.3484986
1254892935000, 0.20799962, 0.30848694, -0.27458394
1254897939000, 0.2733622, 0.44043383, -0.20738874
1254902976000, 0.3463606, 0.47128254, -0.15118915
1254907958000, 0.41996986, 0.47342056, -0.12308934
1254912937000, 0.44990227, 0.38789943, -0.08979719
1254918054000, 0.49388456, 0.26083946, -0.08827003
1254922986000, 0.50732356, 0.14508049, -0.08674286
1254927950000, 0.45234573, 0.14935656, -0.10751228
1254932951000, 0.34972036, 0.14721853, -0.080634214
1254937955000, 0.35124752, 0.14508049, -0.02076942
1254942958000, 0.4025602, 0.12308934, 0.022907447
1254947940000, 0.47647488, 0.087964594, 0.086437434
1254953592000, 0.54305923, 0.060170226, 0.1740966
1254957952000, 0.58062744, 0.064751714, 0.2874121
1254962937000, 0.5907067, 0.10873401, 0.3979787
1254967978000, 0.56016344, 0.15668693, 0.49113566
1254972959000, 0.5109888, 0.20280726, 0.57787853
1254977993000, 0.45204028, 0.22999077, 0.64996064
1254982979000, 0.4260785, 0.22021692, 0.71776664
1254988015000, 0.40591997, 0.19853121, 0.79229224
1254992991000, 0.4166101, 0.15577064, 0.8888089
1254997968000, 0.43890667, 0.11881329, 0.9932669
1255002997000, 0.46395215, 0.10751228, 1.1200215
1255007988000, 0.48349985, 0.053450707, 1.1774428
1255012974000, 0.4877759, 0.013439035, 1.2980887
1255017960000, 0.4978552, -0.007941248, 1.4178182
1255023550000, 0.48716503, 6.1086525E-4, 1.5494597
1255027934000, 0.4538729, -0.015577064, 1.5861117
1255032987000, 0.43799037, -0.11636983, 1.6606371
1255037887000, 0.41325033, -0.30115658, 1.717753
1255042995000, 0.37110063, -0.54550266, 1.754405
1255047904000, 0.38973203, -0.82772243, 1.7886134
1255053018000, 0.44348818, -1.1756102, 1.8145752
1255057905000, 0.52198434, -1.5500705, 1.853976
1255062976000, 0.67256266, -1.928807, 1.9349157
1255068024000, 0.9315695, -2.2886066, 2.0415115
1255073038000, 1.2977833, -2.6282477, 2.1423044
1255078007000, 1.8567249, -3.0298917, 2.1945333
1255082979000, 2.6487117, -3.994448, 2.2094996
1255087962000, 3.623958, -4.612338, 2.0665572
1255093143000, 4.02774, -4.0952406, 1.7889189
1255097972000, 3.984674, -3.5097263, 1.4807373
1255103003000, 3.638619, -1.8930714, 1.2021828
1255107991000, 3.3673947, 0.042760566, 1.1114693
1255112981000, 2.747061, 1.8732183, 1.0277808
1255118004000, 2.1798725, 3.361897, 1.0057896
1255123076000, 1.7489072, 4.4419065, 0.9034697
1255127891000, 1.4871514, 5.0579643, 0.59589905
1255132955000, 1.3332134, 5.3334646, 0.29138273
1255137972000, 1.2082914, 5.327661, 0.23457226
1255142952000, 0.96883225, 4.850881, 0.37110063
1255147949000, 0.6606508, 3.9220603, 0.42302418
1255152942000, 0.38606682, 3.001181, 0.41233405
1255157957000, 0.3323107, 2.2522602, 0.4288274
1255162965000, 0.47739118, 1.4718798, 0.50243664
1255167968000, 0.6957755, 0.86651236, 0.5332854
1255172928000, 0.9117164, 0.5152648, 0.4999932
1255177965000, 1.0867293, 0.4447099, 0.4972443
1255183194000, 1.2528846, 0.5137377, 0.55955255
1255187972000, 1.3903292, 0.68477994, 0.6985244
1255193223000, 1.5137241, 0.77182823, 0.88239485
1255197940000, 1.5900823, 0.7501425, 1.0656544
1255202926000, 1.6010778, 0.4841107, 1.1685852
1255207960000, 1.4953982, 0.106595986, 1.3255776
1255212912000, 1.2513574, -0.0030543262, 1.314582
1255217970000, 0.95111716, 0.12492194, 1.1927143
1255222917000, 0.54275376, 0.20433442, 1.0516045
1255227952000, 0.047036625, 0.09560041, 0.852157
1255232912000, -0.32711834, -0.15271631, 0.6044512
1255237961000, -0.40683624, -0.35216382, 0.36743546
1255242928000, -0.26053402, -0.27091873, 0.21777347
1255247941000, -0.044898596, 0.1020145, 0.037873644
1255252927000, 0.07269296, 0.7666359, -0.11484267
1255257978000, 0.018325957, 1.5234979, -0.17470746
1255262975000, -0.13927728, 2.0237966, -0.044593163
1255268037000, -0.183565, 1.7528778, -0.017104227
1255272979000, -0.12858713, 0.88147855, -0.16676621
1255278670000, -0.11209377, 0.0888809, -0.25961772
1255282980000, -0.19853121, -0.13775012, -0.31581733
1255287961000, -0.26206118, 0.17073683, -0.36651915
1255292952000, -0.24556783, 0.70646566, -0.37201694
1255297943000, -0.09407325, 0.97066486, -0.3371976
1255302965000, -0.01160644, 1.2754866, -0.24709499
1255307953000, 0.14538592, 1.3426818, -0.19333886
1255313038000, 0.20005837, 1.325883, -0.17867808
1255317947000, 0.17928895, 1.2568552, -0.17867808
1255322983000, 0.098043874, 1.0793989, -0.19608775
1255327955000, -0.043066, 0.75594574, -0.22479841
1255332958000, -0.21502456, 0.33444872, -0.24037547
1255337957000, -0.39858958, -0.12461651, -0.26267207
1255342950000, -0.5308419, -0.5842926, -0.27122417
1255348513000, -0.59223384, -0.9266826, -0.23640485
1255352968000, -0.56199604, -1.0183123, -0.23701571
1255357957000, -0.44898596, -0.9294315, -0.2837469
1255362930000, -0.35521814, -0.8527679, -0.3652974
1255368025000, -0.32986724, -0.8561276, -0.47128254
1255373025000, -0.37904188, -0.9602802, -0.5558874
1255377943000, -0.47983465, -1.1410962, -0.61850107
1255382935000, -0.589485, -1.3002267, -0.643852
1255387912000, -0.6575964, -1.4037683, -0.6206391
1255392950000, -0.6462954, -1.4153748, -0.5626069
1255397909000, -0.58246, -1.3439035, -0.52564955
1255402967000, -0.5198463, -1.2269229, -0.40683624
1255407888000, -0.36774087, -1.2049317, -0.20616703
1255412937000, -0.18692477, -1.2626585, 0.055588737
1255418298000, 0.004276057, -1.349096, 0.25228736
1255422984000, 0.24648413, -1.5106697, 0.33475417
1255427952000, 0.46853364, -1.7400496, 0.33933565
1255432937000, 0.68294734, -1.8325957, 0.30024028
1255437957000, 0.89369583, -1.7192802, 0.26542094
1255442961000, 1.069625, -1.5650368, 0.28221974
1255448252000, 1.1814134, -1.4532484, 0.31887165
1255452975000, 1.2409728, -1.3558154, 0.38698313
1255458069000, 1.2562444, -1.2067643, 0.44684792
1255462938000, 1.210124, -1.0042624, 0.50579643
1255467994000, 1.1542299, -0.7360926, 0.54519725
1255472957000, 1.0607675, -0.47128254, 0.54825157
1255478297000, 0.95142263, -0.24281894, 0.54336464
1255482942000, 0.840856, -0.047647487, 0.5354234
1255487946000, 0.70249504, 0.087659165, 0.5030475
1255492956000, 0.54367006, 0.12950343, 0.48441613
1255497916000, 0.46792278, 0.18112154, 0.473726
1255502958000, 0.312763, 0.19058995, 0.4728097
1255507943000, 0.15790866, 0.16340645, 0.47311515
1255512952000, 0.03176499, 0.105068825, 0.4822781
1255517995000, -0.079107046, 0.05955936, 0.48838675
1255523027000, -0.1740966, 0.039095376, 0.51251596
1255527886000, -0.21777347, 0.07147124, 0.5317582
1255532951000, -0.23273966, 0.15302174, 0.5357288
1255537953000, -0.19547687, 0.24007004, 0.5149594
1255542951000, -0.17287487, 0.32436943, 0.462425
1255547962000, -0.17012598, 0.39553526, 0.38759398
1255552957000, -0.22327125, 0.46089783, 0.29901853
1255557972000, -0.29810223, 0.5308419, 0.20555615
1255562972000, -0.39064834, 0.61544675, 0.11178834
1255568084000, -0.4990769, 0.7098254, 0.047036625
1255573043000, -0.5900958, 0.8240572, 0.035124753
1255577957000, -0.6188065, 0.96761054, 0.07238753
1255582939000, -0.49663344, 1.1221595, 0.16340645
1255587963000, -0.18570304, 1.2153164, 0.29565877
1255592954000, 0.30818152, 1.4306464, 0.3652974
1255597932000, 0.5885687, 1.6166549, 0.46578476
1255603459000, 1.1313224, 1.7256943, 0.4914411
1255607960000, 1.5286902, 1.7421877, 0.42424592
1255612985000, 1.6533068, 1.7510452, 0.24129178
1255618046000, 1.3454307, 1.7373008, -0.06627888
1255622972000, 0.47128254, 1.6264287, -0.44929138
1255627960000, -0.7987063, 1.3200798, -0.711658
1255632938000, -1.7574593, 0.84513205, -0.7706065
1255637973000, -2.067168, 0.3652974, -0.66248333
1255642990000, -1.856114, 0.19394971, -0.50946164
1255647942000, -1.4141531, 0.31642818, -0.40775254
1255652987000, -1.028697, 0.48502702, -0.37782016
1255657995000, -0.90102625, 0.59712076, -0.398895
1255663009000, -0.97127575, 0.58551437, -0.41080686
1255668056000, -1.1050552, 0.4642576, -0.39492437
1255673659000, -1.1630874, 0.23793201, -0.2910773
1255677999000, -1.1047498, -0.04917465, -0.11362094
1255682979000, -0.9639453, -0.30268374, 0.0711658
1255687978000, -0.8240572, -0.37843102, 0.20433442
1255692916000, -0.7583892, -0.45662177, 0.21197024
1255698017000, -0.6945538, -0.45204028, 0.16890424
1255703041000, -0.7104363, -0.36102137, 0.11942416
1255707972000, -0.75502944, -0.2519819, 0.093462385
1255713015000, -0.79381937, -0.1957823, 0.11301007
1255718080000, -0.7846564, -0.22327125, 0.15027285
1255723022000, -0.7318166, -0.22418754, 0.17715092
1255727992000, -0.65087694, -0.15424347, 0.15607607
1255732956000, -0.59040123, -0.009773844, 0.082161374
1255737975000, -0.6032294, 0.21746802, -0.046120327
1255743344000, -0.634689, 0.5329799, -0.12583824
1255747942000, -0.6985244, 0.816116, -0.21013765
1255753121000, -0.73761976, 0.9569204, -0.2959642
1255757953000, -0.7706065, 0.93309665, -0.36163223
1255763302000, -0.8029824, 0.8179486, -0.41172317
1255767987000, -0.784351, 0.65118235, -0.47342056
1255772934000, -0.75594574, 0.39645153, -0.57696223
1255777977000, -0.7538077, 0.06261369, -0.6963864
1255782956000, -0.754724, -0.09773844, -0.82741696
1255788065000, -0.72143185, -0.33567044, -0.9779953
1255792932000, -0.64904433, -0.33628133, -1.0684034
1255797951000, -0.5885687, -0.12461651, -1.2516629
1255802917000, -0.45937067, 0.18417588, -1.4010195
1255807869000, -0.36285394, 0.54153204, -1.5558738
1255812910000, -0.33353242, 0.9334021, -1.6371188
1255817905000, -0.38453966, 1.2263119, -1.6581937
1255822880000, -0.49693888, 1.3026701, -1.6261233
1255827851000, -0.58093286, 1.0983357, -1.600467
1255832902000, -0.64660084, 0.50518554, -1.6520851
1255837876000, -0.7501425, -0.3145956, -1.781283
1255842877000, -0.86162543, -1.1255192, -1.9046779
1255847857000, -0.93523467, -1.7284433, -2.0329595
1255852941000, -0.9914343, -2.0638082, -2.132225
1255857928000, -1.0699304, -2.2119431, -2.2165246
1255862990000, -1.1676689, -2.2464569, -2.2308798
1255867955000, -1.1887437, -2.2030854, -2.1664336
1255872949000, -1.1270463, -2.104736, -2.026851
1255877939000, -1.0305296, -1.897042, -1.8619173
1255882986000, -0.93187493, -1.7284433, -1.6710218
1255887974000, -0.8518516, -1.3020593, -1.5851953
1255892939000, -0.81581056, -0.8597928, -1.4300356
1255897917000, -0.74067414, -0.42058071, -1.2592987
1255902934000, -0.65301496, -0.031154128, -1.1203269
1255907949000, -0.49846604, 0.33108896, -1.0571023
1255913013000, -0.37751472, 0.6612616, -1.0506883
1255918056000, -0.35308012, 0.88514376, -1.0580186
1255923054000, -0.3930918, 0.93767816, -1.0684034
1255927919000, -0.44898596, 0.86193085, -1.104139
1255933002000, -0.4908302, 0.68752885, -1.1551461
1255937908000, -0.5143485, 0.39950588, -1.1624765
1255942993000, -0.569021, 0.09437868, -1.0995574
1255947913000, -0.59040123, -0.13744467, -1.0375546
1255953065000, -0.6197228, -0.301462, -1.0067059
1255957886000, -0.6426302, -0.4288274, -0.94225967
1255963010000, -0.66339964, -0.59864795, -0.8445212
1255967961000, -0.6337727, -0.852157, -0.7315111
1255973091000, -0.5571091, -1.1285735, -0.61758476
1255977976000, -0.4550946, -1.2605205, -0.5348125
1255982985000, -0.3408628, -1.45783, -0.48930305
1255988007000, -0.28221974, -1.570229, -0.40408736
1255992992000, -0.19547687, -1.5534303, -0.36346483
1255997954000, -0.15363261, -1.3588698, -0.3539964
1256003018000, -0.14110987, -1.0207558, -0.37048978
1256008960000, -0.14782938, -0.40317106, -0.35460728
1256012974000, -0.12858713, -0.20463985, -0.3268129
1256017974000, -0.110872045, 0.16646078, -0.26419923
1256023013000, -0.07086037, 0.4550946, -0.19211712
1256027891000, -0.0036651916, 0.65393126, -0.14294247
1256032940000, 0.093767814, 0.76174897, -0.09621128
1256037896000, 0.16554448, 0.7797695, -0.057726767
1256042953000, 0.24220806, 0.72082096, -0.03604105
1256047912000, 0.30543262, 0.5946773, -0.022296581
1256052994000, 0.3662137, 0.42180246, -0.005497787
1256057936000, 0.41325033, 0.19975294, -0.0018325958
1256062973000, 0.4437936, -0.02443461, -0.005497787
1256068009000, 0.45204028, -0.23609942, 0.015577064
1256072960000, 0.47036624, -0.4364632, 0.03481932
1256077927000, 0.46609017, -0.54061574, 0.054367006
1256082940000, 0.4538729, -0.72326446, 0.0711658
1256087934000, 0.4184427, -0.8558222, 0.10781772
1256092955000, 0.37384954, -0.90194255, 0.183565
1256097983000, 0.3463606, -0.8863655, 0.25320363
1256103010000, 0.32345316, -0.8231409, 0.31795537
1256108005000, 0.30665436, -0.7452556, 0.3866777
1256113004000, 0.3191771, -0.64476824, 0.4569272
1256118078000, 0.33292156, -0.5204572, 0.53023106
1256123060000, 0.33505958, -0.40011674, 0.5888741
1256127990000, 0.35033122, -0.27947086, 0.64965516
1256132967000, 0.36163223, -0.15271631, 0.6939429
1256137998000, 0.36957347, -0.038179077, 0.74036866
1256142990000, 0.36713, 0.08155051, 0.7874053
1256147939000, 0.37293324, 0.16707164, 0.8258898
1256152984000, 0.36682457, 0.23854288, 0.8530733
1256157992000, 0.3576616, 0.31398472, 0.8720101
1256163001000, 0.3820962, 0.3943135, 0.8707884
1256168060000, 0.41538838, 0.46181414, 0.86376345
1256173021000, 0.4605924, 0.5180137, 0.8677341
1256177986000, 0.52870387, 0.53786683, 0.8695667
1256182983000, 0.569021, 0.5271767, 0.8857546
1256187994000, 0.6291912, 0.5045747, 0.92271197
1256192983000, 0.69974613, 0.4373795, 0.98868537
1256197988000, 0.79504114, 0.3036, 1.0577132
1256203094000, 0.93309665, 0.06811147, 1.1261301
1256208018000, 1.1597277, -0.42913285, 1.1731668
1256213031000, 1.5247196, -1.8759671, 1.2250903
1256218062000, 2.1227567, -4.4409904, 1.2247849
1256222991000, 2.0344868, -5.678603, 1.0677924
1256227991000, 1.5870279, -5.537188, 0.9761627
1256232995000, 1.3148874, -4.5393395, 1.0268645
1256238005000, 1.2082914, -3.0497448, 1.1169671
1256243010000, 1.0595458, -1.4126259, 1.2116512
1256247960000, 0.8533788, 0.047036625, 1.2800682
1256252920000, 0.6560693, 1.1517864, 1.3414601
1256257903000, 0.5546656, 1.8799378, 1.3878858
1256262840000, 0.5726862, 2.3127358, 1.41904
1256267927000, 0.66248333, 2.5146267, 1.425454
1256272820000, 0.77549344, 2.5549438, 1.4147639
1256277884000, 0.840856, 2.5696046, 1.3640621
1256282856000, 0.98440933, 2.7198775, 1.2889256
1256287899000, 1.1319333, 3.2452216, 1.1545353
1256292838000, 1.1475104, 3.882354, 0.93767816
1256297883000, 1.0180069, 4.280944, 0.7315111
1256302840000, 0.82436264, 4.159076, 0.657291
1256307897000, 0.7480045, 3.6120462, 0.66981375
1256312858000, 0.7672467, 2.8044822, 0.7144069
1256317927000, 0.86376345, 1.9336939, 0.7266242
1256322861000, 0.9737192, 1.0809261, 0.72082096
1256327893000, 1.0809261, 0.312763, 0.72326446
1256332882000, 1.1801916, -0.2556471, 0.7312057
1256337901000, 1.2498302, -0.50426924, 0.7470882
1256342884000, 1.3035865, -0.33536503, 0.75869465
1256347862000, 1.2577715, 0.18173242, 0.7696902
1256352993000, 1.1001683, 0.8881981, 0.7687739
1256357976000, 0.9224065, 1.5488489, 0.79779
1256362978000, 0.90010995, 1.8368717, 0.8698721
1256368066000, 1.07665, 1.5537357, 0.956615
1256373023000, 1.2901474, 1.273654, 0.99112886
1256377982000, 1.434617, 0.6209445, 1.0048733
1256382953000, 1.4340062, 0.025350908, 1.0036516
1256387991000, 1.3008375, -0.5002986, 0.9294315
1256392949000, 0.9621128, -0.93401295, 0.7150178
1256397972000, 0.50701815, -1.1450669, 0.410196
1256403072000, 0.09010262, -1.1414018, 0.14355333
1256407990000, -0.15485434, -1.1566733, 0.21197024
1256413051000, -0.18509217, -1.1365148, 0.32345316
1256418042000, -0.11881329, -0.82253003, 0.18478674
1256423195000, -0.052839845, -0.6411031, 0.0983493
1256427991000, 0.03176499, -0.79045963, -0.08674286
1256433223000, 0.12064589, -1.0934488, -0.2602286
1256437978000, 0.18295415, -1.3448198, -0.37934732
1256442961000, 0.2312125, -1.398576, -0.53786683
1256447929000, 0.15607607, -0.64934975, -0.5897904
1256452895000, -0.20555615, 0.13805555, -0.47983465
1256457989000, -0.31612277, 0.70829827, -0.35796702
1256462911000, -0.2874121, 0.9737192, -0.26419923
1256468039000, -0.23823744, 0.8677341, -0.23945917
1256472924000, -0.25228736, 0.70280045, -0.23487769
1256477986000, -0.26419923, 0.25350907, -0.25167647
1256482916000, -0.29352075, -0.26419923, -0.28802297
1256487991000, -0.35521814, -0.78954333, -0.32406402
1256492893000, -0.45234573, -1.2302825, -0.34513888
1256497971000, -0.5540548, -1.4651603, -0.3707952
1256502915000, -0.5458081, -1.534188, -0.40408736
1256507993000, -0.45723262, -1.5012014, -0.44776422
1256512958000, -0.34055737, -1.486846, -0.5015204
1256518116000, -0.26816985, -1.4566082, -0.5757405
1256523017000, -0.2302962, -1.4520267, -0.65057147
1256527989000, -0.24740042, -1.4337007, -0.7315111
1256532975000, -0.2996294, -1.3805555, -0.8005389
1256537993000, -0.33108896, -1.3087788, -0.8353582
1256542981000, -0.3222314, -1.210124, -0.8005389
1256547929000, -0.28130344, -1.0781772, -0.72692966
1256552990000, -0.19120082, -0.926988, -0.6102544
1256557994000, -0.07696902, -0.79137594, -0.44806966
1256562982000, 0.04428773, -0.6948592, -0.27885997
1256568053000, 0.23090707, -0.64751714, -0.11881329
1256572995000, 0.4392121, -0.5766568, -0.050701816
1256577985000, 0.54275376, -0.5439755, 0.053450707
1256582972000, 0.7333437, -0.5907067, 0.11759156
1256587993000, 0.91354895, -0.6374379, 0.16829337
1256592991000, 1.0384709, -0.6178902, 0.21044308
1256597972000, 1.07665, -0.47616947, 0.25442538
1256602963000, 1.0277808, -0.28985557, 0.29046643
1256607995000, 0.9416488, -0.099265605, 0.30482176
1256612985000, 0.8546005, 0.060170226, 0.321926
1256618074000, 0.75655663, 0.19730948, 0.33658674
1256623065000, 0.6627888, 0.31306845, 0.35460728
1256627991000, 0.5882632, 0.41630468, 0.39736784
1256632968000, 0.514654, 0.47494772, 0.44532076
1256637991000, 0.4605924, 0.51007247, 0.4972443
1256642994000, 0.36468655, 0.52412236, 0.5412266
1256647933000, 0.28893927, 0.51893, 0.58551437
1256653044000, 0.22235495, 0.52656585, 0.6209445
1256657989000, 0.1469131, 0.5907067, 0.6612616
1256663001000, 0.07666359, 0.64568454, 0.71868294
1256668062000, -0.03481932, 0.7684685, 0.77549344
1256673014000, -0.09560041, 0.9108001, 0.79626286
1256677989000, -0.21105394, 1.0910053, 0.81000733
1256682988000, -0.31642818, 1.2803736, 0.79901177
1256687991000, -0.4071417, 1.4731015, 0.7348709
1256692992000, -0.4822781, 1.67316, 0.6383542
1256697986000, -0.5143485, 1.8707749, 0.5140431
1256702980000, -0.5290093, 2.0631974, 0.40133846
1256707981000, -0.5131268, 2.1978931, 0.3203988
1256712993000, -0.46089783, 2.2455406, 0.2843578
1256718042000, -0.3652974, 2.1975877, 0.29168814
1256723088000, -0.23548855, 2.0696115, 0.36071593
1256727908000, -0.05375614, 1.8781052, 0.44929138
1256732984000, 0.17959438, 1.6221527, 0.54305923
1256737890000, 0.46120325, 1.2583824, 0.6133087
1256742968000, 0.743423, 0.8038987, 0.58551437
1256747900000, 0.9944886, 0.31031954, 0.44990227
1256752959000, 1.1557571, -0.14110987, 0.21624629
1256757891000, 1.2030991, -0.33200526, -0.0036651916
1256763015000, 1.1142182, -0.58459806, -0.10170906
1256767918000, 0.79045963, -0.55833083, -0.112399206
1256772973000, 0.5164866, -0.21105394, -0.083383106
1256777931000, -0.23396139, 0.3491095, -0.04520403
1256782979000, -0.98440933, 0.91904676, -0.080634214
1256788012000, -1.393689, 1.2315043, -0.14446963
1256792953000, -1.4697418, 1.3454307, -0.17867808
1256797897000, -1.3539828, 1.3240504, -0.17654006
1256803065000, -1.1792754, 1.2012665, -0.14477506
1256807893000, -1.0790935, 1.1123856, -0.13713925
1256813050000, -1.106277, 1.1102476, -0.14782938
1256818021000, -1.2156218, 1.0824533, -0.14385876
1256823018000, -1.3084733, 0.977079, -0.16737708
1256827887000, -1.3213016, 0.77824235, -0.2049453
1256832976000, -1.2809844, 0.4896085, -0.22418754
1256837912000, -1.2125676, 0.18081611, -0.19028452
1256842983000, -1.1508701, -0.08735373, -0.095294975
1256847931000, -1.0769554, -0.27122417, 0.007941248
1256853087000, -0.99173975, -0.40622538, 0.087659165
1256857987000, -0.92149025, -0.47067168, 0.11942416
1256863059000, -0.86529064, -0.634689, 0.108123146
1256868061000, -0.8356637, -0.86376345, 0.09468412
1256872996000, -0.77121735, -1.1032226, 0.06872234
1256877962000, -0.7122689, -1.2840388, 0.047036625
1256882990000, -0.59620446, -1.314582, 0.025045475
1256888011000, -0.505491, -1.1343768, -0.004581489
1256892986000, -0.43127087, -0.74372846, -0.0571159
1256897965000, -0.4016439, -0.24953845, -0.10567969
1256903041000, -0.4083634, 0.21960606, -0.16920967
1256907994000, -0.42332962, 0.6041457, -0.20311269
1256913073000, -0.41050145, 0.8729264, -0.22510384
1256918128000, -0.39278635, 1.0366384, -0.26511553
1256922993000, -0.3717115, 1.1478158, -0.30268374
1256927993000, -0.3839288, 1.2672399, -0.34574974
1256932998000, -0.5128214, 1.3264939, -0.3943135
1256937994000, -0.64599, 1.235475, -0.43799037
1256942991000, -0.69974613, 0.93859446, -0.48349985
1256947930000, -0.68966687, 0.4382958, -0.52931476
1256953006000, -0.6554584, -0.09896017, -0.5919284
1256957990000, -0.6444628, -0.31978795, -0.6728681
1256963059000, -0.6588182, -0.6081163, -0.7150178
1256968081000, -0.66737026, -0.7244862, -0.81245077
1256973007000, -0.6609562, -0.7507534, -0.9126327
1256977989000, -0.6945538, -0.7076874, -1.0192287
1256982987000, -0.743423, -0.602924, -1.1319333
1256987960000, -0.7874053, -0.37904188, -1.2434162
1256992987000, -0.77732605, -0.074830994, -1.3833044
1256997962000, -0.73426, 0.25320363, -1.5509869
1257003004000, -0.713796, 0.6017023, -1.7012597
1257007997000, -0.72021013, 0.88239485, -1.8142698
1257013077000, -0.7110472, 1.0638218, -1.8982637
1257018128000, -0.7031059, 1.135293, -1.9620992
1257023087000, -0.7031059, 1.0332786, -2.0204368
1257027999000, -0.7031059, 0.7104363, -2.1056526
1257032980000, -0.7086037, 0.27580565, -2.1896465
1257038002000, -0.7296785, -0.1001819, -2.2534819
1257042950000, -0.77366084, -0.43676865, -2.3515258
1257047930000, -0.8524625, -0.788627, -2.399784
1257052911000, -0.852157, -0.9450085, -2.331978
1257057997000, -0.8008443, -1.1823297, -2.2748623
1257062919000, -0.7367035, -1.2568552, -2.2064452
1257068113000, -0.6768387, -1.1954633, -2.1368067
1257072933000, -0.7360926, -1.1001683, -2.0069978
1257077998000, -0.83169305, -1.0115929, -1.8497
1257082907000, -0.8753699, -0.9960158, -1.7150042
1257087994000, -0.8573494, -1.026559, -1.5812247
1257092903000, -0.8014552, -1.0778717, -1.4605788
1257097981000, -0.7510588, -1.1484267, -1.3472633
1257103069000, -0.7021896, -1.2092078, -1.2443326
1257107995000, -0.6533204, -1.2620476, -1.1383474
1257112963000, -0.5531385, -1.237613, -1.0351112
1257118096000, -0.43951756, -1.1297953, -0.93615097
1257122987000, -0.34972036, -0.979217, -0.852157
1257127999000, -0.29046643, -0.77182823, -0.7654142
1257134128000, -0.25595254, -0.59315014, -0.66248333
1257137934000, -0.22388211, -0.45570546, -0.5525276
1257143166000, -0.18967366, -0.3631594, -0.47555858
1257147933000, -0.16218472, -0.3371976, -0.44318274
1257152959000, -0.13744467, -0.34391713, -0.42730024
1257157958000, -0.12522738, -0.36865717, -0.4260785
1257162941000, -0.106595986, -0.44409904, -0.42638394
1257168017000, -0.11178834, -0.54825157, -0.41874814
1257172997000, -0.12705997, -0.6979135, -0.4474588
1257177956000, -0.12858713, -0.8237518, -0.48930305
1257182920000, -0.116675265, -0.9098838, -0.52381694
1257187996000, -0.09682214, -0.93676186, -0.5519168
1257192891000, -0.069027774, -0.90469146, -0.5525276
1257197976000, -0.036651913, -0.81122905, -0.5335908
1257202948000, 0.040317107, -0.6945538, -0.51343226
1257207999000, 0.09743301, -0.56046885, -0.4654793
1257213032000, 0.16157386, -0.42821655, -0.41355577
1257218104000, 0.22907446, -0.3191771, -0.3726278
1257223012000, 0.31306845, -0.22327125, -0.3222314
1257227990000, 0.38637227, -0.14630222, -0.28038713
1257232990000, 0.46120325, -0.110872045, -0.22479841
1257238003000, 0.5320636, -0.119729586, -0.17287487
1257243003000, 0.57757306, -0.16890424, -0.10842858
1257247927000, 0.6081163, -0.19272798, -0.048563786
1257253010000, 0.6246097, -0.24801129, -0.010079277
1257257991000, 0.6188065, -0.2883284, 0.051618114
1257262995000, 0.6059783, -0.30909783, 0.115453534
1257268011000, 0.57910025, -0.3145956, 0.1704314
1257272996000, 0.5687156, -0.29260445, 0.22815818
1257277985000, 0.5564982, -0.2678644, 0.2910773
1257282945000, 0.56596667, -0.24801129, 0.36926803
1257287959000, 0.5833763, -0.2144137, 0.43982297
1257292953000, 0.61269784, -0.1600467, 0.5158757
1257297930000, 0.655153, -0.0693332, 0.59650993
1257302995000, 0.7119634, 0.034513887, 0.6973027
1257307956000, 0.77824235, 0.16920967, 0.81306165
1257312959000, 0.84207773, 0.29046643, 0.9443977
1257317964000, 0.89980453, 0.4288274, 1.0910053
1257322958000, 0.9285152, 0.57635134, 1.2296717
1257327954000, 0.9398162, 0.6383542, 1.3374895
1257332953000, 0.94959, 0.6609562, 1.4245378
1257337958000, 0.9401216, 0.593761, 1.5033394
1257342958000, 0.9425651, 0.47708577, 1.5717562
1257347937000, 0.95386606, 0.39522982, 1.638646
1257353028000, 0.9630291, 0.19394971, 1.6780468
1257357944000, 0.9804387, -0.039095376, 1.7550159
1257362967000, 0.9691377, -0.3023783, 1.8548924
1257368035000, 0.9611965, -0.54367006, 1.9956968
1257372990000, 0.9184359, -0.8011498, 2.1835377
1257377953000, 0.8762862, -1.1071932, 2.3851233
1257382952000, 0.8304713, -1.5192219, 2.5711317
1257387956000, 0.86529064, -2.1838431, 2.7186558
1257392955000, 1.0442741, -4.23238, 2.7913487
1257397920000, 1.6264287, -7.294953, 2.6542094
1257403000000, 2.0372355, -8.715215, 2.2922719
1257407946000, 2.3619106, -8.511796, 1.9058995
1257412936000, 2.6752844, -6.9589767, 1.5497651
1257417981000, 2.7837129, -4.2650614, 1.2311989
1257423018000, 2.5463917, -0.65668017, 0.7883216
1257427886000, 1.8677205, 3.009733, 0.35216382
1257432934000, 1.0797043, 5.8383446, 0.1160644
1257437889000, 0.51068336, 7.6052723, 0.079107046
1257442954000, 0.11056661, 8.397565, 0.12980886
1257447904000, -0.20005837, 8.528595, 0.15241088
1257452998000, -0.32803464, 8.402757, 0.15515977
1257457887000, -0.5580254, 7.8963494, 0.15057829
1257463015000, -0.66645396, 6.95409, 0.20219639
1257468067000, -0.5537493, 5.72228, 0.26419923
1257473016000, -0.24831672, 4.3573017, 0.29138273
1257477939000, 0.12370021, 3.0940325, 0.37293324
1257482990000, 0.41630468, 1.7873917, 0.47525316
1257487948000, 0.6404922, 0.5198463, 0.5375614
1257492993000, 0.81214535, -0.5699373, 0.5946773
1257497956000, 0.9837985, -1.402852, 0.68233645
1257503028000, 1.1746938, -1.8964312, 0.7993172
1257507935000, 1.4425583, -2.0491474, 0.93737274
1257513013000, 1.6603317, -1.8438967, 1.0338894
1257518208000, 1.6966782, -1.2825116, 1.0409144
1257523012000, 1.5283848, -0.46395215, 0.9896017
1257527890000, 1.0989466, 0.5036584, 0.90224797
1257533007000, 0.45478916, 1.5125023, 0.83260936
1257537900000, -0.118202426, 2.379931, 0.8246681
1257542994000, -0.29779682, 2.6435194, 0.926988
1257547916000, -0.028710667, 2.6768115, 1.0057896
1257553011000, 0.15760323, 2.117259, 1.0934488
1257557894000, 0.48472157, 1.2666291, 1.0173961
1257562980000, 0.77121735, 0.6032294, 0.7339546
1257568031000, 0.9954049, 0.38789943, 0.38881573
1257573027000, 1.0775663, 0.59712076, 0.21930063
1257577965000, 0.8402451, 0.7974846, 0.20219639
1257582995000, 0.28160888, 0.55924714, 0.13897185
1257587960000, -0.2883284, -0.0027488936, 0.0015271631
1257592989000, -0.6423248, -0.61727935, -0.15668693
1257597983000, -0.75625116, -1.1151345, -0.2687807
1257603036000, -0.7110472, -1.4660766, -0.3286455
1257608023000, -0.60903263, -1.7250835, -0.39003745
1257612993000, -0.5448918, -1.9135354, -0.4361578
1257618117000, -0.51159966, -2.032654, -0.45814893
1257623008000, -0.5216789, -2.0399845, -0.4654793
1257627995000, -0.50823987, -1.9068159, -0.45478916
1257632990000, -0.41691554, -1.5726726, -0.42485678
1257638001000, -0.204029, -1.0680978, -0.3830125
1257642990000, 0.14660765, -0.7696902, -0.33200526
1257647937000, 0.35246924, -0.16493362, -0.28191432
1257653012000, 0.7425067, 0.30115658, -0.17501289
1257658010000, 0.93523467, 0.6178902, -0.1459968
1257663021000, 0.91538155, 0.79381937, -0.18875736
1257668048000, 0.7974846, 0.7724391, -0.23732115
1257672989000, 0.689056, 0.56413406, -0.29779682
1257677997000, 0.5705481, 0.1600467, -0.3839288
1257682993000, 0.37140608, -0.35735616, -0.45998153
1257688044000, 0.105068825, -0.77121735, -0.54550266
1257693000000, -0.10873401, -0.91874135, -0.6032294
1257697983000, -0.21960606, -0.84329945, -0.6261369
1257702982000, -0.24312437, -0.6750061, -0.6640105
1257707959000, -0.25992316, -0.52290064, -0.65118235
1257712911000, -0.30757064, -0.40530908, -0.61208695
1257718054000, -0.3652974, -0.25350907, -0.55863625
1257722960000, -0.3915646, -0.11636983, -0.46975538
1257727955000, -0.43890667, -0.05131268, -0.3475823
1257732918000, -0.48991394, -0.029626964, -0.20647246
1257737929000, -0.50426924, -0.030848695, -0.10720685
1257742922000, -0.44043383, -0.040317107, -0.06383542
1257747931000, -0.3839288, -0.04642576, 0.004276057
1257752959000, -0.23945917, -0.08674286, 0.070249505
1257757967000, -0.05222898, -0.10293079, 0.14110987
1257762960000, 0.12705997, -0.06811147, 0.23304509
1257767979000, 0.28955013, 0.02107485, 0.30970868
1257772969000, 0.38759398, 0.14355333, 0.3915646
1257777981000, 0.46639562, 0.28955013, 0.4642576
1257782984000, 0.49663344, 0.46273044, 0.5412266
1257787987000, 0.5002986, 0.6603453, 0.61850107
1257793065000, 0.505491, 0.8597928, 0.6951646
1257797970000, 0.50243664, 1.0351112, 0.75502944
1257803237000, 0.50671273, 1.1725558, 0.7791586
1257807999000, 0.4990769, 1.2519683, 0.79198676
1257813234000, 0.45478916, 1.2571607, 0.77121735
1257818024000, 0.38331795, 1.2147056, 0.73761976
1257823272000, 0.27672195, 1.1242975, 0.68386364
1257827999000, 0.16432275, 1.0042624, 0.625526
1257832973000, 0.046120327, 0.8723156, 0.57360244
1257837999000, -0.07574729, 0.8222246, 0.528093
1257842937000, -0.13652839, 0.7348709, 0.5112942
1257847930000, -0.24404067, 0.6942484, 0.4990769
1257852953000, -0.3210097, 0.7086037, 0.49754974
1257857992000, -0.34788775, 0.8026769, 0.52503866
1257862911000, -0.3277292, 0.9569204, 0.5684101
1257868094000, -0.23976462, 1.1206323, 0.593761
1257872895000, -0.13744467, 1.2678508, 0.57848936
1257877987000, -0.043676864, 1.3729197, 0.5381723
1257882914000, 0.041233405, 1.4712689, 0.45204028
1257887979000, 0.06963864, 1.5705346, 0.3378085
1257892891000, 0.041233405, 1.7259997, 0.18967366
1257897976000, -0.07086037, 1.9694295, 0.022602014
1257902977000, -0.24617869, 2.302962, -0.16432275
1257907991000, -0.47708577, 2.6526823, -0.34269542
1257912996000, -0.77274454, 2.769663, -0.49571714
1257918042000, -1.0393872, 2.4862216, -0.57543504
1257923011000, -1.2095132, 1.8139644, -0.58062744
1257927987000, -1.2366967, 0.9505063, -0.53969944
1257933008000, -1.1078042, 0.23548855, -0.5112942
1257937978000, -0.9230174, 0.004886922, -0.5170974
1257943018000, -0.8741482, -0.10720685, -0.54428095
1257947928000, -0.81061816, 0.20280726, -0.5653558
1257953038000, -0.86376345, 0.8738427, -0.5329799
1257957993000, -0.9370673, 1.6924021, -0.4266894
1257963004000, -0.96761054, 2.378404, -0.27550024
1257968101000, -0.95325524, 2.744312, -0.09285152
1257973005000, -0.89888823, 2.7061331, 0.098043874
1257977987000, -0.8344419, 2.346028, 0.24862215
1257982992000, -0.7635816, 1.7886134, 0.31612277
1257987991000, -0.6817256, 1.2528846, 0.32620203
1257992996000, -0.6203337, 0.8597928, 0.28680122
1257997933000, -0.5873469, 0.679893, 0.20952678
1258003008000, -0.61911196, 0.66523224, 0.10873401
1258007995000, -0.7284568, 0.6178902, 0.014966198
1258013016000, -0.8179486, 0.4156938, -0.005497787
1258017991000, -0.83169305, 0.011301007, 0.036651913
1258023052000, -0.7819075, -0.4792238, 0.10598512
1258027991000, -0.7476991, -0.9282097, 0.116980694
1258032973000, -0.7788532, -1.1154399, 0.07574729
1258037993000, -0.8179486, -1.4511104, 0.025350908
1258042993000, -0.9129381, -1.7635679, -0.06658431
1258047923000, -0.9599747, -2.033876, -0.12186762
1258053065000, -0.9092729, -2.2971587, -0.1386664
1258057988000, -0.7874053, -2.5002716, -0.122478485
1258062983000, -0.6044512, -2.6123652, -0.22143865
1258068060000, -0.40775254, -2.6832256, -0.44868052
1258073085000, -0.25289822, -2.8157833, -0.76083267
1258077986000, -0.17165314, -2.9538388, -1.0680978
1258082966000, -0.12644911, -2.7892108, -1.2473868
1258087981000, -0.082161374, -2.2660046, -1.2834278
1258092993000, -0.04184427, -1.6884315, -1.2363913
1258097947000, -0.055588737, -1.2819008, -1.212262
1258103035000, -0.14110987, -1.0928379, -1.2318097
1258107928000, -0.23518312, -0.999681, -1.2437216
1258112992000, -0.28008172, -0.9816604, -1.2663237
1258117916000, -0.29443705, -1.0604621, -1.3439035
1258123007000, -0.2764165, -1.239751, -1.4639386
1258127885000, -0.23090707, -1.3283265, -1.6007724
1258132978000, -0.20311269, -1.4266758, -1.6609426
1258137901000, -0.204029, -1.3701707, -1.7504344
1258142996000, -0.24587326, -1.10139, -1.7916678
1258147913000, -0.27550024, -0.5122105, -1.7617353
1258153041000, -0.28008172, 0.31612277, -1.7165314
1258157952000, -0.23884831, 1.1914927, -1.611768
1258162983000, -0.17287487, 1.8897116, -1.4648548
1258168023000, -0.122478485, 2.252871, -1.4052955
1258173071000, -0.033292156, 2.228131, -1.4129313
1258177969000, 0.08246681, 1.9141463, -1.4541647
1258182991000, 0.14263703, 1.5790867, -1.4431691
1258187975000, 0.06688975, 1.2666291, -1.3319917
1258192991000, -0.08277224, 0.9966267, -1.146594
1258197945000, -0.23487769, 0.7629707, -0.9963212
1258203081000, -0.3222314, 0.55863625, -0.91629785
1258207965000, -0.36102137, 0.37843102, -0.88270026
1258213008000, -0.39767328, 0.20097467, -0.8790351
1258218027000, -0.43004912, -0.012217305, -0.8686504
1258223072000, -0.4783075, -0.6398814, -0.9502009
1258227992000, -0.65668017, -1.2052372, -1.2012665
1258232987000, -0.8268061, -2.0622811, -1.2596041
1258237992000, -0.8390234, -0.6575964, -1.4367551
1258242978000, -1.1389582, 1.788308, -1.5735888
1258247955000, -1.3884968, -0.22235495, -3.1019738
1258253009000, -2.147802, 0.6469063, -2.1355848
1258258159000, -1.0546589, 1.7101172, -0.7626653
1258263000000, -0.1695151, 2.4932466, 0.0983493
1258268237000, 0.22937989, 2.240043, -0.047036625
1258272991000, -0.1160644, 1.2684617, -0.26511553
1258278307000, -0.7058548, 0.6087272, 0.055588737
1258282959000, -0.91354895, 0.321926, 0.4560109
1258287964000, -0.72265357, 0.08460484, 0.752586
1258292950000, -0.31337386, -0.106901415, 0.9425651
1258297938000, 0.08735373, -0.19547687, 1.0931433
1258302971000, 0.3943135, -0.15393804, 1.2272283
1258307895000, 0.600786, -0.15515977, 1.3222178
1258312994000, 0.68477994, -0.18784106, 1.4052955
1258318003000, 0.67256266, -0.48380527, 1.3933836
1258322980000, 0.6401868, -0.6041457, 1.278541
1258327889000, 0.535118, -0.7626653, 1.1774428
1258332950000, 0.45051312, -1.0253373, 0.89827734
1258337963000, 0.26511553, -1.5198327, 0.54825157
1258342956000, 0.19120082, -2.104736, 0.25411993
1258347907000, 0.20708331, -2.3744333, 0.07727446
1258352968000, 0.2180789, -2.3738225, 0.055588737
1258357943000, 0.2434298, -2.3774874, 0.124005646
1258363001000, 0.30634892, -2.542421, 0.22571471
1258368042000, 0.3631594, -2.6535985, 0.35979962
1258373023000, 0.39858958, -2.733011, 0.49266282
1258377932000, 0.3857614, -2.8050933, 0.66737026
1258382941000, 0.34574974, -2.8050933, 0.8503244
1258387971000, 0.22999077, -2.728735, 1.0305296
1258392955000, 0.083383106, -2.5595255, 1.2360858
1258397960000, -0.08827003, -2.3793201, 1.4770721
1258402980000, -0.258396, -2.1557434, 1.7348573
1258407971000, -0.4120286, -1.9645426, 1.9688187
1258413011000, -0.51159966, -1.751656, 2.1670444
1258418120000, -0.5458081, -1.5244142, 2.3109033
1258422949000, -0.5140431, -1.428203, 2.384207
1258427951000, -0.45875978, -1.2846496, 2.4092526
1258432940000, -0.32650748, -1.169807, 2.403144
1258437968000, -0.13164146, -1.0580186, 2.3344216
1258442956000, 0.07971791, -0.9599747, 2.1649065
1258447934000, 0.26175576, -0.9932669, 1.9065105
1258452971000, 0.4596761, -1.5690074, 1.5259414
1258457961000, 0.9239337, -3.4471126, 1.0094548
1258463011000, 2.0549507, -6.721045, 0.5647449
1258468013000, 3.2812626, -9.635483, 0.3744604
1258472957000, 3.8744128, 10.002308, 0.31581733
1258477941000, 3.9968913, 10.002308, 0.21991149
1258482951000, 3.6838229, 10.004445, -0.02321288
1258487949000, 2.6743681, -7.1932435, -0.48288897
1258492934000, 0.75594574, -1.7681495, -0.71959925
1258497973000, -0.68600166, 2.896723, -0.60048056
1258502998000, -1.1328496, 6.4327164, -0.3820962
1258507966000, -1.1829406, 8.815091, -0.21685717
1258513019000, -1.1172725, 9.9473295, -0.15607607
1258517998000, -1.065349, 9.963212, -0.1826487
1258522944000, -0.9605856, 9.963212, -0.21655174
1258527929000, -0.88239485, 9.963212, -0.2910773
1258532976000, -0.64812803, 9.412518, -0.37110063
1258537949000, -0.31398472, 7.9268928, -0.4279111
1258542933000, 0.024740042, 6.145304, -0.48075095
1258547969000, 0.20311269, 4.2595634, -0.50488013
1258552902000, 0.2003638, 2.3774874, -0.44715336
1258557867000, 0.058337633, 0.643852, -0.25961772
1258562847000, -0.14630222, -0.8170323, 0.042760566
1258567910000, -0.29840767, -1.9431623, 0.3866777
1258572865000, -0.3622431, -2.6847527, 0.7443393
1258577876000, -0.30604348, -2.9605584, 1.0409144
1258582910000, -0.16554448, -2.8808405, 1.2373075
1258587910000, 0.026267206, -2.6810875, 1.3264939
1258592869000, 0.19425514, -2.5072963, 1.3362677
1258597865000, 0.33750305, -2.2586741, 1.2760975
1258602956000, 0.4718934, -1.8802432, 1.1597277
1258607953000, 0.53786683, -1.3762794, 1.0155635
1258613052000, 0.54550266, -0.8268061, 0.86529064
1258617976000, 0.47616947, -0.5647449, 0.7339546
1258622928000, 0.35979962, -0.06688975, 0.68416905
1258627956000, 0.31703907, 0.3744604, 0.6065892
1258632991000, 0.25717425, 0.7657196, 0.5045747
1258637967000, 0.26389378, 0.9868528, 0.5571091
1258643221000, 0.33383787, 0.9773844, 0.68203104
1258647937000, 0.48472157, 1.0210613, 0.71837753
1258652997000, 0.56199604, 1.2012665, 0.54244834
1258657957000, 0.54519725, 1.5231925, 0.20280726
1258662923000, 0.4266894, 1.8750509, -0.13194689
1258667974000, 0.2959642, 2.2385156, -0.35643986
1258672919000, 0.19486602, 2.3612995, -0.51159966
1258677949000, 0.24709499, 2.360994, -0.48380527
1258682915000, 0.31764993, 2.0912971, -0.46028697
1258687965000, 0.39675698, 1.6548339, -0.4071417
1258692889000, 0.49846604, 1.2565498, -0.33078352
1258697937000, 0.5354234, 0.90285885, -0.31123585
1258702965000, 0.5503896, 0.61269784, -0.24770586
1258707958000, 0.56016344, 0.36774087, -0.17623462
1258712887000, 0.52748215, 0.24923302, -0.1151481
1258717968000, 0.4550946, 0.011911872, -0.08399397
1258722899000, 0.4016439, -0.22113322, -0.06627888
1258727944000, 0.29016098, -0.44348818, -0.04153884
1258732974000, 0.17073683, -0.6646214, -0.005497787
1258737933000, 0.036651913, -0.77121735, 0.008552114
1258742918000, -0.07666359, -0.75625116, 0.00580322
1258747939000, -0.18387043, -0.6206391, -0.0012217305
1258752970000, -0.26725355, -0.376293, -0.007330383
1258757914000, -0.35643986, -0.08155051, -0.019242255
1258762948000, -0.42241332, 0.2443461, -0.042455133
1258767918000, -0.46914452, 0.5766568, -0.07666359
1258772936000, -0.49541172, 0.893085, -0.10262536
1258777932000, -0.49663344, 1.1847731, -0.129198
1258782959000, -0.48838675, 1.4349225, -0.13072516
1258787910000, -0.44715336, 1.6288722, -0.1255328
1258792952000, -0.39522982, 1.7308867, -0.10781772
1258797933000, -0.3436117, 1.7415768, -0.08399397
1258802889000, -0.30665436, 1.6609426, -0.052839845
1258807876000, -0.2706133, 1.5228871, -0.02321288
1258812881000, -0.24801129, 1.4333953, -0.0027488936
1258817900000, -0.2415972, 1.235475, 0.009468411
1258822879000, -0.2489276, 1.0143417, 0.03573562
1258827872000, -0.26542094, 0.8179486, 0.07238753
1258832886000, -0.2864958, 0.65240407, 0.115453534
1258837877000, -0.28160888, 0.5030475, 0.14660765
1258842872000, -0.28863382, 0.35460728, 0.19028452
1258847865000, -0.28863382, 0.22266038, 0.23579398
1258852963000, -0.2761111, 0.1001819, 0.27305678
1258857949000, -0.24373524, -0.033292156, 0.31245756
1258862953000, -0.20677789, -0.15302174, 0.33414328
1258868009000, -0.13988814, -0.2761111, 0.35369098
1258873028000, -0.056199603, -0.3943135, 0.36254853
1258877952000, 0.05375614, -0.4633413, 0.35613444
1258882949000, 0.15577064, -0.5112942, 0.34880406
1258887963000, 0.24587326, -0.5216789, 0.35124752
1258892955000, 0.33292156, -0.47891834, 0.33536503
1258897908000, 0.38759398, -0.4111123, 0.3023783
1258902967000, 0.42638394, -0.30390546, 0.26328292
1258907891000, 0.43035457, -0.2452624, 0.2321288
1258912955000, 0.43493605, -0.1160644, 0.18906279
1258917935000, 0.4147775, 0.018936822, 0.16493362
1258922961000, 0.3830125, 0.118202426, 0.11362094
1258927990000, 0.33750305, 0.18448131, 0.069027774
1258932947000, 0.30482176, 0.25167647, 0.017715093
1258937938000, 0.27580565, 0.2828306, -0.03145956
1258942955000, 0.25961772, 0.29565877, -0.06627888
1258947972000, 0.25289822, 0.30573806, -0.10140363
1258952980000, 0.24404067, 0.29535335, -0.13469578
1258957949000, 0.21960606, 0.28099802, -0.16493362
1258962954000, 0.19853121, 0.25442538, -0.1685988
1258968307000, 0.18417588, 0.25137106, -0.14966199
1258972961000, 0.14813483, 0.25045475, -0.12217305
1258978312000, 0.12889257, 0.24037547, -0.11026118
1258982947000, 0.108123146, 0.16584991, -0.067500606
1258987940000, 0.06352998, 0.025350908, 0.029321533
1258992952000, 0.0143553335, -0.12003502, 0.17134771
1258997984000, -0.023518313, -0.21960606, 0.269697
1259003054000, -0.009468411, -0.26083946, 0.3005457
1259007980000, 6.1086525E-4, -0.2666427, 0.27275133
1259012953000, 0.0015271631, -0.23487769, 0.2507602
1259017978000, 0.0012217305, -0.16920967, 0.2049453
1259023009000, -0.035124753, -0.06811147, 0.17654006
1259027999000, -0.07574729, 0.053450707, 0.16187929
1259032939000, -0.10842858, 0.18081611, 0.16126843
1259037963000, -0.1151481, 0.31520647, 0.15210545
1259043033000, -0.14019357, 0.43982297, 0.14630222
1259047947000, -0.1469131, 0.52626044, 0.13133603
1259052987000, -0.15790866, 0.5699373, 0.12156218
1259057967000, -0.16371189, 0.58184916, 0.115453534
1259063143000, -0.16218472, 0.55863625, 0.11148291
1259067971000, -0.15057829, 0.49541172, 0.09712757
1259073181000, -0.1255328, 0.40591997, 0.08674286
1259077950000, -0.089186326, 0.31123585, 0.073303826
1259084255000, -0.06566802, 0.21899518, 0.07819075
1259087932000, -0.020158553, 0.15607607, 0.082161374
1259092893000, -0.004886922, 0.1414153, 0.10293079
1259097934000, -3.0543262E-4, 0.15454891, 0.11881329
1259102921000, 0.0076358155, 0.18509217, 0.12522738
1259107959000, 0.013133603, 0.2125811, 0.13713925
1259112892000, 0.016493361, 0.2565634, 0.1441642
1259117951000, 0.02565634, 0.28863382, 0.14049901
1259122900000, 0.029626964, 0.32253686, 0.1441642
1259127956000, 0.04428773, 0.33353242, 0.15210545
1259132908000, 0.052839845, 0.3210097, 0.15790866
1259137984000, 0.059864793, 0.30268374, 0.16371189
1259142966000, 0.08246681, 0.26847526, 0.16584991
1259147979000, 0.07849618, 0.24098633, 0.17531833
1259152956000, 0.09712757, 0.20463985, 0.1740966
1259157959000, 0.11636983, 0.16737708, 0.17654006
1259162927000, 0.122478485, 0.11728613, 0.1777618
1259167963000, 0.118507855, 0.06352998, 0.17073683
1259172973000, 0.119729586, 0.026572637, 0.1704314
1259177951000, 0.11575896, 0.0021380284, 0.15485434
1259182944000, 0.10842858, -0.018936822, 0.1572978
1259187955000, 0.09712757, -0.010995574, 0.14844026
1259192958000, 0.074830994, -9.162979E-4, 0.14019357
1259197945000, 0.056505036, 0.025045475, 0.13713925
1259203022000, 0.038789943, 0.047647487, 0.12034045
1259207976000, 0.035430185, 0.04917465, 0.11759156
1259212953000, 0.024129177, 0.06047566, 0.105068825
1259217962000, 0.020463986, 0.06658431, 0.0888809
1259222975000, 0.014049901, 0.086132, 0.083383106
1259227953000, 0.009773844, 0.08827003, 0.05955936
1259232950000, 0.0018325958, 0.092240654, 0.0421497
1259237970000, 0.009162978, 0.098043874, 0.028405234
1259242954000, 0.013439035, 0.10170906, 0.021380283
1259247950000, 0.0125227375, 0.093462385, 0.006414085
1259253072000, 0.020463986, 0.09040806, -0.003970624
1259258015000, 0.025350908, 0.08582657, -0.004276057
1259262956000, 0.03573562, 0.06994407, -0.004581489
1259267963000, 0.03756821, 0.05100725, -0.010995574
1259272974000, 0.03145956, 0.035124753, -0.007330383
1259277955000, 0.029626964, 0.013439035, -0.016187929
1259282950000, 0.03726278, -0.023823744, -0.008552114
1259287948000, 0.03848451, -0.036957346, -0.013744468
1259293053000, 0.05375614, -0.05589417, 0.006414085
1259297955000, 0.05955936, -0.05497787, 0.010995574
1259303007000, 0.04917465, -0.06383542, 0.027488936
1259307956000, 0.047647487, -0.07544186, 0.029932396
1259312956000, 0.04734206, -0.0729984, 0.034208454
1259317956000, 0.03145956, -0.06261369, 0.044593163
1259322958000, 0.024129177, -0.04642576, 0.047036625
1259327950000, -0.011301007, -0.029932396, 0.05589417
1259332941000, -0.022296581, -0.006414085, 0.048258353
1259337953000, -0.05222898, 0.013439035, 0.056199603
1259342955000, -0.067500606, 0.03023783, 0.051923547
1259347927000, -0.09712757, 0.03390302, 0.04642576
1259353045000, -0.10445796, 0.044898596, 0.032375857
1259357954000, -0.099571034, 0.06627888, 0.024740042
1259362954000, -0.10048734, 0.07788532, 0.021380283
1259367962000, -0.089491755, 0.08399397, 0.028099801
1259372958000, -0.07971791, 0.0693332, 0.036957346
1259377915000, -0.054367006, 0.06169739, 0.038179077
1259382994000, -0.02687807, 0.038789943, 0.047647487
1259387895000, -0.0027488936, 0.005192355, 0.055588737
1259393004000, 0.021685716, -0.029626964, 0.06963864
1259397943000, 0.041233405, -0.04520403, 0.06536258
1259403201000, 0.05222898, -0.07238753, 0.06536258
1259407904000, 0.064446285, -0.09468412, 0.067500606
1259412991000, 0.06872234, -0.106595986, 0.06994407
1259417966000, 0.06261369, -0.09682214, 0.06383542
1259422941000, 0.053145275, -0.0842994, 0.05467244
1259427948000, 0.043066, -0.064751714, 0.054061573
1259432944000, 0.013133603, -0.05131268, 0.03634648
1259437998000, 0.002443461, -0.050396383, 0.0290161
1259442959000, -0.004581489, -0.04642576, 0.01985312
1259447913000, -0.0076358155, -0.048258353, 0.02076942
1259452974000, -0.024740042, -0.063224554, 0.022602014
1259457893000, -0.025961773, -0.08368854, 0.016493361
1259462950000, -0.01863139, -0.09682214, 0.02443461
1259467969000, -0.015882496, -0.10048734, 0.021991149
1259473037000, -0.024129177, -0.116980694, 0.019547688
1259477888000, -0.01282817, -0.121256754, 0.018020526
1259482938000, -0.009468411, -0.13072516, 0.015577064
1259487966000, -0.0036651916, -0.12980886, 0.017104227
1259492954000, -0.0015271631, -0.124005646, 0.0076358155
1259497945000, -0.009162978, -0.12003502, -0.003970624
1259502982000, -0.0125227375, -0.10781772, -0.008552114
1259507891000, -0.022296581, -0.105068825, -0.015271631
1259512950000, -0.009162978, -0.0842994, -0.02107485
1259517993000, -0.02107485, -0.07849618, -0.023823744
1259522953000, -0.014660766, -0.0842994, -0.027183503
1259527934000, -0.02107485, -0.09193522, -0.0421497
1259532943000, -0.0070249503, -0.10323623, -0.03573562
1259537961000, 0.002443461, -0.116980694, -0.038179077
1259542954000, 0.008552114, -0.13530666, -0.02443461
1259547965000, 0.01160644, -0.14905111, -0.019547688
1259552968000, 0.011911872, -0.16829337, -0.0070249503
1259557959000, 0.023823744, -0.16432275, -0.0021380284
1259562953000, 0.015882496, -0.16676621, 0.008552114
1259567991000, 0.023518313, -0.14477506, 0.01985312
1259572956000, 0.0018325958, -0.12583824, 0.025045475
1259577952000, -0.012217305, -0.12308934, 0.029626964
1259582938000, -0.015577064, -0.0842994, 0.026267206
1259587967000, -0.03756821, -0.065973446, 0.022602014
1259592954000, -0.04734206, -0.05009095, 0.022296581
1259597935000, -0.061391957, -0.03023783, 0.022296581
1259602972000, -0.06841691, -0.012217305, 0.02107485
1259607960000, -0.06352998, 0.005192355, 0.021685716
1259612950000, -0.0571159, -0.004581489, 0.020158553
1259617957000, -0.05131268, -0.013133603, 0.03023783
1259622953000, -0.027183503, -0.028099801, 0.030848695
1259627951000, -0.013744468, -0.043676864, 0.028099801
1259632935000, -0.010079277, -0.06963864, 0.03573562
1259637965000, 0.002443461, -0.09040806, 0.0421497
1259642953000, 0.009773844, -0.12614368, 0.042455133
1259647943000, 0.027183503, -0.13805555, 0.05131268
1259653037000, 0.03023783, -0.15332718, 0.04795292
1259657958000, 0.03604105, -0.15424347, 0.047647487
1259662949000, 0.032070424, -0.13805555, 0.044898596
1259667960000, 0.028405234, -0.12064589, 0.04520403
1259672955000, 0.028405234, -0.087964594, 0.044898596
1259677951000, 0.019242255, -0.060170226, 0.044898596
1259682923000, 0.010995574, -0.015271631, 0.034513887
1259687966000, -0.0067195175, 0.010995574, 0.028710667
1259692955000, -0.015271631, 0.02321288, 0.030543262
1259697938000, -0.019242255, 0.040317107, 0.032070424
1259702961000, -0.025045475, 0.048258353, 0.038179077
1259707960000, -0.043982297, 0.051618114, 0.032070424
1259712914000, -0.05497787, 0.058337633, 0.03604105
1259717982000, -0.06261369, 0.059253927, 0.029626964
1259722906000, -0.06963864, 0.053145275, 0.03604105
1259727950000, -0.08002335, 0.03940081, 0.032986723
1259732907000, -0.07086037, 0.020463986, 0.030543262
1259737964000, -0.062002823, 0.0070249503, 0.029626964
1259742886000, -0.040011674, -0.014049901, 0.026572637
1259747932000, -0.02076942, -0.032375857, 0.018936822
1259752941000, -0.01038471, -0.04062254, 0.018325957
1259757960000, 0.005192355, -0.04062254, 0.016493361
1259762899000, 0.011911872, -0.03390302, 0.014049901
1259767957000, 0.03359759, -0.01985312, 0.008857546
1259772912000, 0.04886922, -0.0067195175, 0.0067195175
1259777952000, 0.060170226, -0.004276057, -0.00580322
1259782920000, 0.06414085, 0.002443461, -3.0543262E-4
1259787937000, 0.06719518, 0.010079277, 0.011911872
1259792937000, 0.051923547, 0.018020526, 0.013439035
1259797937000, 0.05009095, 0.01282817, 0.0036651916
1259803005000, 0.0290161, 0.016493361, -0.0036651916
1259807967000, 0.007941248, 0.028710667, -0.0061086523
1259812950000, -0.019242255, 0.042455133, -0.01282817
1259817956000, -0.04520403, 0.06536258, -0.018325957
1259823155000, -0.06994407, 0.07819075, -0.01985312
1259827951000, -0.08582657, 0.08124508, -0.0143553335
1259832935000, -0.096516706, 0.0842994, -0.0125227375
1259837939000, -0.092240654, 0.08307768, -0.010079277
1259842983000, -0.09468412, 0.070249505, -0.009468411
1259847952000, -0.080634214, 0.044898596, -0.004886922
1259853248000, -0.06352998, 0.027183503, 3.0543262E-4
1259858026000, -0.04337143, -3.0543262E-4, 0.0021380284
1259863317000, -0.015577064, -0.015882496, 0.006414085
1259867965000, 0.0076358155, -0.025961773, 0.013744468
1259872891000, 0.025045475, -0.035124753, 0.018325957
1259877968000, 0.048258353, -0.03359759, 0.016798794
1259882908000, 0.043066, -0.027794369, 0.013744468
1259887923000, 0.052839845, -0.021991149, 0.019547688
1259892909000, 0.05375614, 0.005497787, 0.02076942
1259897961000, 0.047647487, 0.027794369, 0.013439035
1259902950000, 0.03268129, 0.053450707, 0.015882496
1259907958000, 0.032986723, 0.070554934, 0.020463986
1259912886000, 0.007941248, 0.087659165, 0.023823744
1259917951000, 0.0033597588, 0.09254608, 0.01985312
1259922894000, -0.0027488936, 0.10567969, 0.020463986
1259927954000, -0.013744468, 0.10293079, 0.025045475
1259932927000, -0.028405234, 0.095294975, 0.027794369
1259937959000, -0.04642576, 0.08460484, 0.028405234
1259942939000, -0.051923547, 0.07788532, 0.025961773
1259947936000, -0.06291912, 0.06963864, 0.016493361
1259953002000, -0.06383542, 0.062002823, 0.02107485
1259957960000, -0.050701816, 0.05375614, 0.022907447
1259962954000, -0.04795292, 0.045814894, 0.026267206
1259967965000, -0.029932396, 0.032070424, 0.027794369
1259972979000, -0.009773844, 0.018936822, 0.020463986
1259977955000, 0.010079277, -0.02321288, 0.031154128
1259982935000, 0.036651913, -0.07696902, 0.027183503
1259987961000, 0.04520403, -0.09407325, 0.014966198
1259992954000, 0.06078109, -0.12003502, 0.0076358155
1259997941000, 0.056505036, -0.1518, -0.004276057
1260003025000, 0.049785517, -0.13072516, -0.01038471
1260007974000, 0.05467244, -0.10293079, -0.013133603
1260012998000, 0.057726767, -0.065973446, -0.025045475
1260017984000, 0.05375614, -0.025961773, -0.0290161
1260022967000, 0.048258353, -0.0076358155, -0.025350908
1260027954000, 0.028405234, -0.0018325958, -0.022296581
1260032937000, 0.011301007, -0.0061086523, -0.01985312
1260037958000, 0.007941248, -0.024129177, -0.024740042
1260042959000, -0.002443461, -0.040927973, -0.020158553
1260047939000, -0.006414085, -0.051923547, -0.015577064
1260052970000, -0.0106901415, -0.06688975, 0.0067195175
1260057958000, 0.004276057, -0.09101892, 0.013744468
1260062955000, 0.016187929, -0.11056661, 0.015271631
1260067959000, 0.02321288, -0.14049901, 0.02687807
1260072959000, 0.023518313, -0.15302174, 0.027183503
1260077953000, 0.029321533, -0.17501289, 0.029321533
1260082932000, 0.031154128, -0.17684549, 0.033292156
1260087961000, 0.022602014, -0.17837265, 0.035430185
1260092956000, 0.016798794, -0.1777618, 0.029932396
1260097979000, 0.02565634, -0.16340645, 0.03481932
1260102968000, 0.019547688, -0.13347405, 0.03756821
1260107957000, 0.0067195175, -0.10170906, 0.032375857
1260112953000, -6.1086525E-4, -0.06078109, 0.02321288
1260117959000, -0.0030543262, -0.034513887, 0.01985312
1260123004000, -0.01985312, -0.008552114, 0.01160644
1260127932000, -0.008857546, 0.0061086523, 0.014966198
1260132983000, -0.0125227375, 0.0061086523, 0.008246681
1260137911000, -0.002443461, -0.013439035, 0.003970624
1260143002000, 3.0543262E-4, -0.027794369, -0.0015271631
1260147912000, 0.008552114, -0.04917465, 0.004886922
1260153021000, 0.015271631, -0.0720821, -0.004581489
1260157890000, 0.025350908, -0.09162979, -0.014660766
1260162990000, 0.03145956, -0.089491755, -0.014049901
1260167985000, 0.03726278, -0.099571034, -0.01160644
1260172995000, 0.042455133, -0.09773844, -0.013439035
1260177950000, 0.041233405, -0.08552113, -0.01740966
1260182989000, 0.036957346, -0.08674286, -0.01282817
1260187943000, 0.03726278, -0.06719518, -0.0143553335
1260192977000, 0.025045475, -0.04795292, -0.015577064
1260197972000, 0.030543262, -0.028710667, -0.015577064
1260203007000, 0.021685716, -0.010995574, -0.015882496
1260207997000, 0.02107485, 0.01740966, -0.01985312
1260212992000, 0.013744468, 0.028099801, -0.03604105
1260217996000, -0.01038471, 0.05589417, -0.03359759
1260223000000, -0.01985312, 0.08307768, -0.03359759
1260228250000, -0.02321288, 0.07696902, -0.03970624
1260232979000, -0.020463986, 0.07513642, -0.03573562
1260237980000, -0.03176499, 0.07666359, -0.02565634
1260242981000, -0.025350908, 0.07574729, -0.02321288
1260247963000, -0.023518313, 0.06719518, -0.02107485
1260253006000, -0.01160644, 0.048563786, -0.018936822
1260257971000, -0.007330383, 0.024129177, -0.014966198
1260262991000, 6.1086525E-4, 0.008246681, -0.00580322
1260267972000, 0.0143553335, -0.004581489, 0.0030543262
1260272992000, 0.030848695, -0.00580322, 0.008857546
1260277918000, 0.040317107, -0.0076358155, 0.00580322
1260282986000, 0.05589417, -0.01038471, 0.01282817
1260287942000, 0.06047566, 0.0012217305, 0.024129177
1260292989000, 0.07849618, -0.005192355, 0.02687807
1260298008000, 0.08307768, -0.0018325958, 0.03023783
1260303016000, 0.077579886, -0.004581489, 0.030543262
1260307985000, 0.06811147, 0.02076942, 0.029626964
1260312994000, 0.06352998, 0.025961773, 0.020463986
1260318031000, 0.043066, 0.032070424, 0.028405234
1260322978000, 0.015577064, 0.048563786, 0.020463986
1260327999000, 0.017104227, 0.059864793, 0.01863139
1260332984000, 0.01038471, 0.06383542, 0.01038471
1260338005000, -0.0036651916, 0.062308256, 0.0036651916
1260342993000, -0.015271631, 0.048563786, 0.0067195175
1260347972000, -0.020158553, 0.040011674, -6.1086525E-4
1260353028000, -0.0143553335, 0.030848695, 0.0021380284
1260357997000, -0.015882496, 0.0143553335, -3.0543262E-4
1260362988000, -0.007330383, 0.005192355, 0.005497787
1260368070000, 0.008857546, -0.010079277, 0.00580322
1260372989000, 0.028405234, -0.0290161, 0.0015271631
1260377993000, 0.027794369, -0.032986723, -0.0021380284
1260382979000, 0.032986723, -0.057421334, -0.004886922
1260387984000, 0.038179077, -0.061086524, -0.011301007
1260392990000, 0.03970624, -0.07513642, -0.0076358155
1260397991000, 0.04550946, -0.069027774, -0.0143553335
1260402980000, 0.047647487, -0.061086524, -0.027183503
1260407998000, 0.05222898, -0.04795292, -0.025961773
1260412994000, 0.040011674, -0.03481932, -0.019242255
1260418074000, 0.05589417, -0.01985312, -0.01985312
1260422999000, 0.058337633, -0.007330383, -0.018936822
1260428004000, 0.051618114, -0.004581489, -0.01985312
1260432987000, 0.06078109, -0.004276057, -0.027488936
1260438002000, 0.047036625, -0.016187929, -0.024740042
1260442942000, 0.0421497, -0.034513887, -0.013744468
1260447946000, 0.03573562, -0.046120327, -0.004886922
1260452977000, 0.029321533, -0.059864793, -0.008552114
1260457999000, 0.033292156, -0.07391469, -0.008857546
1260462881000, 0.032375857, -0.0693332, -3.0543262E-4
1260468021000, 0.018936822, -0.056505036, 0.0030543262
1260472891000, 0.020463986, -0.052534413, 0.0021380284
1260477996000, 0.014966198, -0.03268129, 0.005497787
1260482903000, 0.0143553335, -0.015882496, -3.0543262E-4
1260488001000, 0.01038471, 0.009773844, -0.008246681
1260492920000, -3.0543262E-4, 0.023518313, -0.014966198
1260497977000, -0.0021380284, 0.03573562, -0.01985312
1260502952000, -0.0015271631, 0.03390302, -0.018936822
1260508075000, 0.0015271631, 0.025045475, -0.021380283
1260512935000, -3.0543262E-4, 0.017715093, -0.0125227375
1260518142000, 0.0143553335, 0.002443461, -0.013744468
1260523000000, 0.028710667, -0.032375857, -0.01740966
1260527983000, 0.021991149, -0.0580322, -0.021380283
1260532976000, 0.044593163, -0.06841691, -0.0125227375
1260537962000, 0.048258353, -0.087964594, -0.013133603
1260542897000, 0.059253927, -0.10934488, -0.014966198
1260547987000, 0.06414085, -0.11575896, -0.014049901
1260553131000, 0.06566802, -0.111177474, -0.019547688
1260558004000, 0.04795292, -0.099571034, -0.017715093
1260562986000, 0.052839845, -0.09560041, -0.014660766
1260568060000, 0.043982297, -0.074830994, -0.016493361
1260572938000, 0.038179077, -0.0720821, -0.02321288
1260577918000, 0.03268129, -0.06291912, -0.01985312
1260582967000, 0.038179077, -0.06169739, -0.013439035
1260587972000, 0.024740042, -0.05467244, -0.015577064
1260592948000, 0.03176499, -0.06261369, -0.008552114
1260597981000, 0.040011674, -0.06658431, -0.004276057
1260603135000, 0.045814894, -0.07513642, 0.0036651916
1260608585000, 0.054061573, -0.09101892, 0.007330383
1260613176000, 0.061086524, -0.09773844, 0.0076358155
1260617953000, 0.056199603, -0.115453534, 0.010079277
1260623290000, 0.050701816, -0.10415252, 0.009162978
1260627968000, 0.034208454, -0.09896017, 0.02321288
1260632988000, 0.018936822, -0.077579886, 0.025961773
1260637981000, 0.009468411, -0.060170226, 0.015577064
1260643941000, 0.002443461, -0.046120327, 0.010995574
1260648038000, -0.0067195175, -0.03359759, 0.013133603
1260653086000, -0.014049901, -0.021380283, 0.0061086523
1260658002000, -0.01282817, -0.025350908, 0.004581489
1260662930000, -0.009468411, -0.03634648, 0.012217305
1260667972000, -0.00580322, -0.058948494, 0.014660766
1260672994000, -6.1086525E-4, -0.054061573, 0.02443461
1260678436000, 0.0033597588, -0.10415252, 0.028710667
1260682945000, 0.021991149, -0.12034045, 0.021991149
1260687909000, 0.033292156, -0.14172074, 0.021991149
1260692926000, 0.039095376, -0.16249016, 0.028405234
1260697989000, 0.050396383, -0.16279559, 0.029932396
1260702919000, 0.05375614, -0.16126843, 0.026267206
