#Angle around the z x y axes.
#timestamp(ns), Azimuth , Pitch, Roll (degrees)
#Datetime: 16/12/2015 18:23:23
##########################################
#Activity: 5 - STU - Stairs up - 10s
#Subject ID: 62
#First Name: sub62
#Last Name: sub62
#Age: 20
#Height(cm): 180
#Weight(kg): 70
#Gender: Male
##########################################

@DATA
13264885201000, 314.64313, -104.77988, 14.721549
13264890239000, 315.6956, -104.39929, 14.309545
13264895228000, 314.46106, -75.11742, 14.859202
13264900224000, 312.9513, -102.80928, 12.527257
13264905231000, 312.81247, -102.74492, 12.733878
13264910223000, 312.6772, -102.93987, 12.939577
13264915187000, 312.52927, -76.85785, 13.13754
13264920222000, 312.38333, -76.64385, 13.333768
13264925222000, 312.25284, -76.425705, 13.522101
13264930880000, 312.09967, -76.20103, 13.7058735
13264935223000, 311.93805, -75.97016, 13.889758
13264940220000, 311.80356, -75.732346, 14.065705
13264945223000, 311.64716, -75.493835, 14.240364
13264950227000, 311.4917, -75.25079, 14.411104
13264955136000, 311.3409, -75.00006, 14.582545
13264960219000, 311.19427, -74.74977, 14.748082
13264965158000, 311.05322, -74.49324, 14.917156
13264970091000, 310.9274, -74.23842, 15.080803
13264975129000, 310.81393, -73.98825, 15.245127
13264980095000, 310.7161, -73.74421, 15.406037
13264985096000, 310.64154, -73.51264, 15.564719
13264990112000, 310.58926, -73.32207, 15.695236
13264995141000, 310.5597, -73.14908, 15.821766
13265000366000, 310.60623, -73.004974, 15.940891
13265005156000, 310.62653, -72.9046, 16.05979
13265010189000, 310.67923, -72.794846, 16.173918
13265015149000, 310.76465, -72.716934, 16.281643
13265020140000, 310.84497, -72.65892, 16.384245
13265025189000, 310.9171, -72.59402, 16.489954
13265030186000, 310.98895, -72.53145, 16.588139
13265035141000, 311.05994, -72.46442, 16.687895
13265040209000, 311.13385, -72.40379, 16.781815
13265050166000, 311.20392, -72.33737, 16.87771
13265055153000, 311.27765, -72.27736, 16.9674
13265060222000, 311.35162, -72.21219, 17.059507
13265065192000, 311.429, -72.1528, 17.1462
13265070243000, 311.50864, -72.091034, 17.233805
13265075211000, 311.58844, -72.03051, 17.319923
13265080244000, 311.67108, -71.97466, 17.401075
13265085188000, 311.74832, -71.91378, 17.48694
13265090242000, 311.82617, -71.86093, 17.562687
13265095231000, 311.89825, -71.80283, 17.643232
13265100186000, 311.9629, -71.74726, 17.720036
13265105179000, 312.0257, -71.69534, 17.79137
13265110219000, 312.0841, -71.63846, 17.866718
13265115207000, 312.13828, -71.586655, 17.93631
13265120185000, 312.19543, -71.534424, 18.004509
13265125197000, 312.25095, -71.484375, 18.071516
13265130187000, 312.30713, -71.43512, 18.136913
13265135187000, 312.36557, -71.387726, 18.199072
13265140279000, 312.42535, -71.3414, 18.260914
13265145244000, 312.48816, -71.29981, 18.317074
13265150189000, 312.54944, -71.25695, 18.374285
13265155183000, 312.61237, -71.217514, 18.4273
13265160225000, 312.679, -71.17913, 18.478897
13265165200000, 312.7412, -71.1426, 18.528101
13265170189000, 312.80414, -71.105644, 18.577518
13265175193000, 312.86816, -71.07205, 18.62336
13265180226000, 312.9309, -71.03728, 18.669518
13265185181000, 312.99017, -71.00741, 18.711622
13265190247000, 313.0598, -70.96685, 18.763227
13265195307000, 313.1247, -70.93675, 18.804462
13265200248000, 313.19077, -70.899345, 18.852882
13265205192000, 313.24756, -70.86485, 18.897156
13265210223000, 313.30566, -70.829994, 18.94124
13265215188000, 313.3566, -70.79492, 18.984617
13265220181000, 313.4056, -70.7601, 19.02753
13265225195000, 313.44992, -70.723145, 19.070734
13265230281000, 313.49786, -70.68758, 19.113285
13265235183000, 313.5433, -70.65378, 19.152882
13265240221000, 313.5891, -70.61733, 19.195307
13265245261000, 313.63757, -70.58681, 19.231848
13265250284000, 313.6848, -70.5541, 19.269934
13265255693000, 313.7276, -70.52398, 19.305607
13265260229000, 313.77124, -70.49601, 19.338959
13265265212000, 313.8087, -70.46626, 19.37364
13265270176000, 313.84586, -70.439644, 19.404438
13265275188000, 313.8838, -70.41187, 19.437147
13265280225000, 313.91885, -70.38568, 19.467358
13265285186000, 313.9568, -70.35856, 19.49844
13265290184000, 313.99564, -70.33363, 19.527676
13265295309000, 314.03354, -70.30621, 19.558939
13265300260000, 314.06754, -70.27939, 19.588951
13265305198000, 314.11066, -70.25724, 19.615118
13265310218000, 314.1398, -70.22687, 19.648651
13265315200000, 314.17673, -70.2051, 19.673346
13265320178000, 314.21313, -70.17983, 19.702171
13265326092000, 314.2464, -70.15643, 19.728409
13265330266000, 314.28058, -70.13328, 19.754395
13265335283000, 314.3157, -70.11038, 19.780403
13265340217000, 314.3485, -70.08679, 19.806595
13265345375000, 314.3828, -70.06589, 19.82976
13265350248000, 314.4131, -70.04184, 19.856522
13265355190000, 314.4494, -70.02, 19.880526
13265360236000, 314.4759, -69.99895, 19.903946
13265365205000, 314.50616, -69.97696, 19.928185
13265370196000, 314.5311, -69.95422, 19.953247
13265375191000, 314.55344, -69.935455, 19.974417
13265380334000, 314.5712, -69.91272, 19.999485
13265385176000, 314.5868, -69.89171, 20.022816
13265390209000, 314.58212, -69.863304, 20.050346
13265395900000, 314.57697, -69.837685, 20.07568
13265400184000, 314.5747, -69.80948, 20.103373
13265405199000, 314.57767, -69.78358, 20.128996
13265410231000, 314.58182, -69.76325, 20.149437
13265415182000, 314.59055, -69.738304, 20.174139
13265420182000, 314.60617, -69.719376, 20.193441
13265425196000, 314.61835, -69.698, 20.214638
13265430283000, 314.6327, -69.68122, 20.230993
13265435174000, 314.6493, -69.66046, 20.251328
13265440217000, 314.6637, -69.64519, 20.265747
13265445235000, 314.67465, -69.62609, 20.283829
13265450186000, 314.6869, -69.61012, 20.298326
13265455174000, 314.6987, -69.5965, 20.31086
13265460213000, 314.70584, -69.58033, 20.32566
13265465297000, 314.71582, -69.56708, 20.337872
13265470180000, 314.72733, -69.55343, 20.350857
13265475194000, 314.73834, -69.541374, 20.362455
13265480244000, 314.75006, -69.52649, 20.377398
13265485174000, 314.7652, -69.51815, 20.38598
13265490201000, 314.77905, -69.50398, 20.400782
13265495312000, 314.79318, -69.4918, 20.413958
13265500215000, 314.81046, -69.48239, 20.42446
13265505228000, 314.82288, -69.46933, 20.438347
13265510259000, 314.84348, -69.46039, 20.448956
13265515228000, 314.8569, -69.44584, 20.464624
13265520224000, 314.87476, -69.43701, 20.47447
13265530263000, 314.89572, -69.4261, 20.486107
13265535187000, 314.90997, -69.41413, 20.498703
13265540249000, 314.9279, -69.40294, 20.510006
13265545236000, 314.94278, -69.39244, 20.520226
13265550253000, 314.95654, -69.38052, 20.531248
13265555137000, 314.96576, -69.36925, 20.541943
13265560129000, 314.97403, -69.357994, 20.55165
13265565138000, 314.9792, -69.3477, 20.560484
13265570092000, 314.9831, -69.33662, 20.570105
13265575131000, 314.98447, -69.32635, 20.578396
13265580521000, 314.9845, -69.31599, 20.587234
13265585092000, 314.9869, -69.30524, 20.596128
13265590110000, 315.00122, -69.29126, 20.608753
13265595142000, 315.01566, -69.278755, 20.619785
13265600189000, 315.09238, -69.25649, 20.647783
13265605115000, 315.17154, -69.23621, 20.67411
13265610159000, 315.24677, -69.21022, 20.704142
13265615143000, 315.326, -69.184044, 20.734955
13265620112000, 315.41815, -69.150314, 20.773874
13265625135000, 315.51358, -69.114235, 20.815102
13265630106000, 315.60788, -69.0635, 20.870533
13265635103000, 315.71112, -69.00939, 20.929201
13265640109000, 315.82355, -68.925766, 21.017689
13265645171000, 315.93732, -68.84457, 21.103065
13265650620000, 316.08386, -68.713936, 21.239193
13265655178000, 316.23016, -68.58813, 21.369926
13265660212000, 316.44495, -68.37925, 21.586378
13265665182000, 316.66016, -68.17271, 21.79935
13265670174000, 317.02853, -67.8052, 22.178375
13265675291000, 317.40134, -67.44338, 22.548431
13265680233000, 317.85535, -66.98562, 23.012358
13265685184000, 318.31815, -66.53918, 23.460827
13265690235000, 318.77905, -113.907074, 23.90532
13265695236000, 319.2453, -114.34267, 24.335749
13265700189000, 319.7564, -114.81147, 24.794983
13265710188000, 320.26883, -115.27071, 25.240486
13265715180000, 320.77975, -115.72451, 25.677238
13265720424000, 321.38278, -116.25712, 26.183558
13265725210000, 322.00107, -116.7872, 26.680544
13265730253000, 322.6185, -117.31195, 27.167236
13265735176000, 323.22015, -117.78617, 27.599398
13265740209000, 323.82462, -118.25398, 28.02064
13265745232000, 324.46146, -118.70947, 28.42026
13265750196000, 325.10217, -119.160545, 28.808893
13265755192000, 325.76022, -119.59194, 29.170748
13265760231000, 326.42776, -120.02084, 29.522905
13265765215000, 327.09677, -120.42388, 29.843283
13265770186000, 327.7688, -120.821365, 30.15241
13265775221000, 328.44968, -121.2144, 30.450977
13265780265000, 329.12512, -121.599365, 30.738155
13265785151000, 329.79706, -121.966965, 31.005083
13265790468000, 330.4625, -122.32608, 31.26162
13265795243000, 331.13644, -122.693565, 31.524769
13265800192000, 331.80386, -123.05023, 31.7739
13265805150000, 332.46973, -123.40793, 32.025017
13265810215000, 333.13925, -123.760056, 32.266624
13265815226000, 333.8047, -124.11948, 32.515644
13265820175000, 334.47382, -124.46959, 32.75247
13265825230000, 335.1603, -124.84976, 33.0142
13265830236000, 335.84485, -125.22106, 33.264668
13265835152000, 336.5282, -125.58411, 33.505634
13265840205000, 337.20746, -125.95736, 33.756733
13265845357000, 337.88446, -126.32244, 33.998928
13265850179000, 338.56158, -126.68036, 34.237343
13265855174000, 339.23654, -127.0331, 34.467392
13265860230000, 339.91446, -127.38194, 34.693832
13265865196000, 340.59436, -127.72133, 34.906918
13265870176000, 341.26898, -128.05655, 35.116352
13265875240000, 341.9473, -128.38597, 35.315796
13265880262000, 342.585, -128.67882, 35.488384
13265885184000, 343.22638, -128.9727, 35.654526
13265890231000, 343.84625, -129.25168, 35.80977
13265895346000, 344.46655, -129.52368, 35.9541
13265900198000, 344.99155, -129.72696, 36.058353
13265905946000, 345.5165, -129.92073, 36.152096
13265910214000, 346.0309, -130.10605, 36.239876
13265915222000, 346.53397, -130.28214, 36.320503
13265920191000, 347.02786, -130.44888, 36.40096
13265925218000, 347.51004, -130.61136, 36.47821
13265930186000, 347.998, -130.77733, 36.56198
13265935235000, 348.47662, -130.94185, 36.647114
13265940179000, 348.9464, -131.10658, 36.734562
13265945239000, 349.4072, -131.27036, 36.825542
13265950246000, 349.884, -131.44087, 36.91232
13265955133000, 350.35242, -131.61694, 37.006504
13265960108000, 350.86072, -131.81815, 37.105473
13265965097000, 351.35837, -132.01851, 37.206314
13265970091000, 351.91354, -132.25746, 37.322773
13265975561000, 352.45364, -132.48814, 37.43721
13265980095000, 352.99396, -132.7136, 37.54042
13265985091000, 353.5243, -132.9281, 37.638325
13265990122000, 354.0649, -133.13065, 37.71498
13265995144000, 354.6095, -133.31992, 37.781116
13266000200000, 355.1728, -133.49895, 37.829033
13266005146000, 355.75912, -133.668, 37.861416
13266010244000, 356.35022, -133.82663, 37.88338
13266015145000, 356.967, -133.97578, 37.893253
13266020381000, 357.5833, -134.0799, 37.860233
13266025180000, 358.21686, -134.18243, 37.82128
13266030240000, 358.87415, -134.27602, 37.76792
13266035143000, 359.5467, -134.37195, 37.70817
13266040154000, 0.23497419, -134.46536, 37.64026
13266045817000, 0.9716606, -134.5729, 37.54962
13266050224000, 1.7204875, -134.68887, 37.45555
13266055188000, 2.4723837, -134.81738, 37.359642
13266060243000, 3.225087, -134.95297, 37.26168
13266065186000, 3.985569, -135.11461, 37.178642
13266070181000, 4.7280984, -135.28052, 37.09991
13266075198000, 5.4514217, -135.45679, 37.03516
13266080309000, 6.144358, -135.6381, 36.980713
13266085179000, 6.816532, -135.83168, 36.95215
13266090226000, 7.4603386, -136.02473, 36.93597
13266095218000, 8.074625, -136.2204, 36.947296
13266100181000, 8.669958, -136.40872, 36.968807
13266105179000, 9.253552, -136.60335, 37.018166
13266110222000, 9.831032, -136.79736, 37.07885
13266115296000, 10.346428, -136.94772, 37.1404
13266120180000, 10.854629, -137.09698, 37.20736
13266125189000, 11.276151, -137.18214, 37.262966
13266130305000, 11.692448, -137.2631, 37.319637
13266135151000, 12.056544, -137.297, 37.35757
13266140226000, 12.422283, -137.32367, 37.388718
13266145229000, 12.7206545, -137.29141, 37.390064
13266150189000, 13.017496, -137.24222, 37.376617
13266155178000, 13.242311, -137.12766, 37.324806
13266160187000, 13.476469, -136.99103, 37.247654
13266165296000, 13.673397, -136.80798, 37.133442
13266170183000, 13.896879, -136.59549, 36.98319
13266175188000, 14.1277275, -136.34921, 36.795303
13266180333000, 14.39598, -136.0715, 36.560883
13266185189000, 14.709311, -135.7643, 36.2796
13266190249000, 14.983464, -135.38098, 35.958782
13266195225000, 15.305603, -134.9624, 35.585922
13266200198000, 15.612322, -134.48773, 35.17225
13266205440000, 16.00564, -133.98074, 34.695328
13266210224000, 16.388979, -133.45508, 34.20864
13266215566000, 16.891533, -132.93538, 33.66394
13266220182000, 17.412708, -132.40654, 33.126427
13266225188000, 18.054253, -131.9588, 32.60223
13266231091000, 18.699774, -131.51672, 32.097248
13266235249000, 19.321814, -131.08696, 31.6189
13266240183000, 20.079042, -130.80325, 31.212147
13266245213000, 20.775063, -130.54074, 30.853434
13266250183000, 21.60027, -130.44887, 30.582981
13266255187000, 22.346941, -130.3791, 30.372133
13266260234000, 23.146372, -130.42279, 30.236668
13266265232000, 23.88664, -130.4874, 30.151989
13266270195000, 24.662407, -130.6168, 30.119883
13266275236000, 25.405043, -130.75757, 30.11644
13266280327000, 26.131565, -130.89223, 30.133842
13266285210000, 26.862188, -131.03549, 30.152225
13266290270000, 27.439056, -131.05226, 30.130669
13266295239000, 28.054861, -131.07083, 30.086351
13266300712000, 28.507387, -130.96094, 30.007057
13266305180000, 29.052116, -130.84457, 29.88037
13266310215000, 29.445953, -130.59418, 29.69191
13266315196000, 29.887684, -130.32591, 29.475582
13266320200000, 30.368826, -130.04814, 29.228079
13266325241000, 30.866552, -129.7601, 28.966316
13266330329000, 31.279709, -129.36397, 28.6235
13266335226000, 31.682081, -128.96785, 28.290686
13266340181000, 32.08404, -128.5731, 27.938662
13266345224000, 32.458748, -128.18166, 27.603573
13266350174000, 32.867573, -127.83609, 27.27934
13266355182000, 33.251396, -127.49179, 26.973291
13266361306000, 33.729652, -127.25103, 26.720554
13266365221000, 34.19817, -127.01054, 26.479713
13266370644000, 34.814785, -126.90072, 26.3046
13266375188000, 35.432003, -126.79964, 26.14192
13266380313000, 36.058235, -126.70114, 25.980776
13266385177000, 37.292374, -127.00623, 25.94929
13266390241000, 38.51983, -127.29161, 25.905968
13266395265000, 39.913948, -127.66071, 25.878313
13266400197000, 41.27635, -128.00044, 25.838615
13266405175000, 42.47936, -128.21454, 25.766678
13266410223000, 43.653297, -128.41469, 25.697792
13266415182000, 44.561504, -128.4396, 25.585815
13266420178000, 45.458164, -128.46391, 25.484167
13266425176000, 46.182465, -128.37689, 25.3446
13266430299000, 46.885452, -128.29074, 25.224062
13266435146000, 47.475605, -128.12115, 25.064276
13266440285000, 48.05448, -127.95886, 24.922506
13266445197000, 48.54489, -127.71458, 24.747168
13266450188000, 49.037106, -127.482864, 24.581348
13266455172000, 49.474606, -127.18777, 24.392359
13266460225000, 49.92765, -126.894966, 24.198349
13266465556000, 50.363716, -126.56444, 24.001764
13266470178000, 50.82248, -126.23302, 23.793629
13266475177000, 51.251057, -125.85213, 23.592577
13266480295000, 51.70755, -125.4644, 23.379381
13266485148000, 52.16345, -125.07533, 23.16817
13266490249000, 52.610245, -124.65807, 22.983356
13266495304000, 53.05308, -124.240326, 22.805065
13266500190000, 53.513172, -123.82939, 22.65673
13266505186000, 53.963432, -123.426346, 22.52254
13266510285000, 54.44297, -123.048546, 22.430882
13266515217000, 54.926193, -122.67323, 22.345606
13266520185000, 55.43572, -122.323, 22.293798
13266525211000, 55.952072, -121.97324, 22.245
13266530297000, 56.50204, -121.62779, 22.217434
13266535183000, 57.06219, -121.28305, 22.187197
13266540210000, 57.60304, -120.93384, 22.191002
13266545267000, 58.13508, -120.594864, 22.202085
13266550191000, 58.653324, -120.27784, 22.250566
13266555189000, 59.126984, -119.985725, 22.321163
13266560192000, 59.609547, -119.74666, 22.41534
13266565216000, 60.031715, -119.53613, 22.535887
13266570219000, 60.551662, -119.44094, 22.65588
13266575212000, 61.012623, -119.359985, 22.7939
13266580263000, 61.487675, -119.32392, 22.910267
13266585215000, 61.91008, -119.29118, 23.034554
13266590245000, 62.295483, -119.26463, 23.161385
13266595230000, 62.632137, -119.215, 23.236923
13266600191000, 62.946224, -119.166016, 23.313179
13266605173000, 63.186214, -119.048904, 23.307566
13266610234000, 63.435875, -118.93024, 23.288408
13266615188000, 63.649944, -118.74098, 23.186083
13266620180000, 63.9064, -118.563194, 23.066109
13266625924000, 64.14392, -118.330284, 22.88294
13266630292000, 64.42788, -118.11331, 22.679743
13266635180000, 64.74073, -117.90375, 22.44904
13266640226000, 65.07467, -117.70968, 22.208572
13266645240000, 65.43449, -117.55704, 21.971588
13266650190000, 65.78213, -117.421036, 21.733673
13266655188000, 66.14139, -117.3351, 21.522888
13266660232000, 66.47436, -117.26915, 21.32292
13266665186000, 66.85905, -117.27891, 21.17085
13266670183000, 67.221405, -117.30423, 21.026878
13266675186000, 67.72709, -117.449905, 20.95878
13266680291000, 68.218666, -117.60181, 20.886284
13266685153000, 68.9309, -117.90045, 20.879818
13266690230000, 69.615944, -118.20639, 20.86998
13266696116000, 70.63283, -118.683525, 20.876362
13266700184000, 71.55905, -119.17099, 20.886229
13266705148000, 72.672516, -119.7664, 20.861202
13266710233000, 73.766235, -120.41658, 20.803658
13266715188000, 74.892, -121.07201, 20.692099
13266720190000, 76.0694, -121.875786, 20.506775
13266725189000, 77.25568, -122.70607, 20.261045
13266730292000, 78.43976, -123.54563, 19.933937
13266735213000, 79.59306, -124.39365, 19.558998
13266740234000, 80.69211, -125.20271, 19.143637
13266745275000, 81.70983, -126.013794, 18.727865
13266750191000, 82.54845, -126.73489, 18.27459
13266755177000, 83.29798, -127.45743, 17.859016
13266760185000, 83.926414, -128.07938, 17.456587
13266765864000, 84.48301, -128.68013, 17.089628
13266770152000, 84.96987, -129.13042, 16.750578
13266775186000, 85.427055, -129.52753, 16.429228
13266780407000, 85.84536, -129.73737, 16.114803
13266785180000, 86.2441, -129.87173, 15.792711
13266790324000, 86.58369, -129.82623, 15.481856
13266795235000, 86.91919, -129.7209, 15.17243
13266800540000, 87.13331, -129.48639, 14.8514805
13266805180000, 87.37619, -129.15742, 14.532381
13266810209000, 87.51085, -128.79883, 14.193083
13266815188000, 87.612305, -128.34296, 13.855522
13266820181000, 87.66301, -127.865845, 13.530244
13266825217000, 87.67992, -127.31769, 13.141302
13266830301000, 87.65751, -126.72167, 12.735841
13266835304000, 87.64703, -126.055595, 12.193249
13266840234000, 87.68909, -125.340614, 11.552323
13266845222000, 87.870476, -124.591515, 10.650367
13266850184000, 88.16189, -123.86388, 9.618479
13266855180000, 88.63358, -123.1546, 8.29438
13266860221000, 89.22354, -122.51243, 6.870006
13266865187000, 89.87772, -122.045074, 5.293858
13266870178000, 90.4773, -121.67483, 3.80473
13266875199000, 90.91794, -121.67305, 2.4764533
13266880257000, 91.15115, -121.72801, 1.3644999
13266885183000, 91.10327, -122.198685, 0.65640235
13266890198000, 90.919716, -122.68395, 0.09988132
13266895225000, 90.419975, -123.37198, -0.012097973
13266900193000, 89.922554, -124.052605, -0.072178036
13266905150000, 89.3831, -124.69214, 0.08348031
13266910227000, 88.83617, -125.31903, 0.24982178
13266915191000, 88.34268, -125.75868, 0.45799977
13266920193000, 87.90473, -126.19335, 0.59830135
13266925253000, 87.46212, -126.22366, 0.5903931
13266930310000, 87.08988, -126.24986, 0.4963526
13266935196000, 86.775505, -126.181145, 0.28380576
13266940283000, 86.5254, -126.11252, -0.0077949525
13266945198000, 86.30213, -126.08263, -0.3345258
13266951062000, 86.09791, -126.0702, -0.67827755
13266955122000, 85.89675, -126.30878, -0.9703173
13266960143000, 85.64603, -126.57736, -1.1976225
13266965106000, 85.43909, -127.20352, -1.2289017
13266970090000, 85.15931, -127.846954, -1.1701131
13266975110000, 84.83622, -128.5065, -1.0445592
13266980097000, 84.48318, -129.15747, -0.85602707
13266985123000, 84.122734, -129.77882, -0.62379813
13266990092000, 83.90053, -130.62875, -0.29604048
13266995383000, 83.654274, -131.34366, -0.014070188
13267000197000, 83.40394, -131.98709, 0.24947517
13267005115000, 83.18993, -132.61002, 0.5395298
13267010182000, 82.981964, -133.18991, 0.83053905
13267015146000, 82.79448, -133.74577, 1.1326078
13267020224000, 82.6562, -134.3614, 1.4790452
13267025162000, 82.53722, -134.95113, 1.8239378
13267030185000, 82.43509, -135.55731, 2.172657
13267035140000, 82.3611, -136.12953, 2.507006
13267040141000, 82.307304, -136.70325, 2.8605716
13267045255000, 82.28265, -137.23701, 3.1953983
13267050243000, 82.17933, -137.72496, 3.5327404
13267055878000, 82.09921, -138.1724, 3.8596308
13267060190000, 81.93005, -138.59244, 4.2069697
13267065191000, 81.782776, -138.97513, 4.561924
13267070181000, 81.65088, -139.33206, 4.932491
13267075190000, 81.534904, -139.65446, 5.3179927
13267080240000, 81.38166, -140.00812, 5.7073684
13267085182000, 81.24384, -140.32724, 6.1115127
13267090234000, 81.12455, -140.64415, 6.504671
13267095262000, 81.044174, -140.92665, 6.9066906
13267100195000, 80.987785, -141.18784, 7.2629566
13267105183000, 80.96247, -141.42361, 7.6132746
13267110215000, 80.98843, -141.62659, 7.912739
13267115192000, 81.044014, -141.79694, 8.197933
13267120156000, 81.12853, -141.94461, 8.44716
13267125686000, 81.23768, -142.05365, 8.674334
13267130210000, 81.38107, -142.16461, 8.860345
13267135186000, 81.53599, -142.24484, 9.032085
13267140150000, 81.730415, -142.34705, 9.152679
13267145240000, 81.9318, -142.42361, 9.273172
13267150204000, 82.210495, -142.50797, 9.311466
13267155207000, 82.482635, -142.52277, 9.369348
13267160200000, 82.77822, -142.43964, 9.396973
13267165236000, 83.050896, -142.22934, 9.462747
13267170213000, 83.309494, -141.87878, 9.57034
13267175236000, 83.40767, -141.10925, 9.71041
13267180239000, 83.52069, -140.09192, 9.81524
13267185180000, 83.62349, -138.9874, 9.929161
13267190189000, 83.823, -137.8277, 9.9400015
13267195266000, 84.07395, -136.6312, 9.859679
13267200215000, 84.432236, -135.4814, 9.627308
13267205197000, 84.882866, -134.48863, 9.200994
13267210237000, 85.35155, -133.541, 8.704842
13267215210000, 85.780014, -132.38994, 8.204485
13267220204000, 86.087944, -131.29387, 7.769636
13267225229000, 86.38962, -130.70044, 7.407583
13267230302000, 86.52912, -130.10841, 7.1248913
13267235242000, 86.74307, -129.73715, 7.0827026
13267240195000, 86.943726, -129.37137, 7.0676584
13267245253000, 87.315186, -128.3665, 7.2085786
13267250212000, 87.76457, -127.4623, 7.3462377
13267255195000, 88.23549, -126.12851, 7.656771
13267260232000, 88.718735, -124.92502, 8.007588
13267265190000, 89.146835, -123.82798, 8.351884
13267270187000, 89.518654, -122.84053, 8.702335
13267275318000, 89.85096, -122.23874, 8.94685
13267280306000, 90.161674, -121.665665, 9.163385
13267285260000, 90.50732, -121.34766, 9.357217
13267290183000, 90.9465, -121.035355, 9.474603
13267295237000, 91.39599, -120.68239, 9.625121
13267300187000, 91.93479, -120.32782, 9.726098
13267305182000, 92.54686, -119.91637, 9.854624
13267310857000, 93.235275, -119.489136, 9.947054
13267315204000, 93.97813, -119.04453, 10.063783
13267320198000, 94.763916, -118.59924, 10.179251
13267325239000, 95.550446, -118.1461, 10.308855
13267330349000, 96.34404, -117.69258, 10.45843
13267335216000, 97.11204, -117.193825, 10.621205
13267340197000, 97.857185, -116.69143, 10.813105
13267345325000, 98.53066, -116.107735, 11.001093
13267350182000, 99.15894, -115.53727, 11.225799
13267355196000, 99.68853, -114.8965, 11.431504
13267360223000, 100.16121, -114.297455, 11.663302
13267365193000, 100.558334, -113.669914, 11.868539
13267370216000, 100.8928, -113.11521, 12.099289
13267375214000, 101.16318, -112.56219, 12.286142
13267381037000, 101.381905, -112.097244, 12.494967
13267385296000, 101.55261, -111.6714, 12.644123
13267390189000, 101.6573, -111.300705, 12.810738
13267395256000, 101.72521, -111.00601, 12.903649
13267400209000, 101.751, -110.75057, 13.013731
13267405162000, 101.72471, -110.53812, 13.064196
13267410111000, 101.65014, -110.37168, 13.1356325
13267415378000, 101.524055, -110.25946, 13.190622
13267420093000, 101.342445, -110.17258, 13.252642
13267425114000, 101.09894, -110.16827, 13.367016
13267430123000, 100.810036, -110.17312, 13.47058
13267435370000, 100.47382, -110.16646, 13.549663
13267440092000, 100.11977, -110.17852, 13.665553
13267445121000, 99.772156, -110.18383, 13.819943
13267450100000, 99.43785, -110.16204, 13.934412
13267455080000, 99.13622, -110.10737, 14.015594
13267460198000, 98.87759, -110.04869, 14.147437
13267465157000, 98.66223, -109.959946, 14.244202
13267470131000, 98.50928, -109.89799, 14.391045
13267475109000, 98.373924, -109.81613, 14.525076
13267480204000, 98.28236, -109.77638, 14.70198
13267485105000, 98.16962, -109.72981, 14.879771
13267490134000, 98.08209, -109.7156, 15.08375
13267495183000, 97.95765, -109.70344, 15.292188
13267500174000, 97.78818, -109.68728, 15.517715
13267505173000, 97.58926, -109.672646, 15.74602
13267510221000, 97.365326, -109.66795, 15.999818
13267515188000, 97.1333, -109.65906, 16.242456
13267520208000, 96.91688, -109.683556, 16.506962
13267525213000, 96.69958, -109.69995, 16.753643
13267530244000, 96.49284, -109.74179, 17.006138
13267535206000, 96.30931, -109.77972, 17.235815
13267540182000, 96.12957, -109.82309, 17.42571
13267545262000, 95.96993, -109.85775, 17.59231
13267550199000, 95.78261, -109.86213, 17.698948
13267555178000, 95.654396, -109.84723, 17.767242
13267560235000, 95.52949, -109.788536, 17.770859
13267565239000, 95.46303, -109.707855, 17.735212
13267570194000, 95.40989, -109.549164, 17.63204
13267575238000, 95.4175, -109.37501, 17.497965
13267580250000, 95.430725, -109.14303, 17.304977
13267585221000, 95.499825, -108.90953, 17.101309
13267590183000, 95.57928, -108.66996, 16.884792
13267595284000, 95.68042, -108.43073, 16.666937
13267600198000, 95.757225, -108.11147, 16.37755
13267605201000, 95.86276, -107.7812, 16.079195
13267610197000, 95.98328, -107.396866, 15.750047
13267615211000, 96.13443, -106.99217, 15.40726
13267620192000, 96.29838, -106.5181, 15.032578
13267625238000, 96.479546, -106.02135, 14.641755
13267630230000, 96.67198, -105.5156, 14.261158
13267635949000, 96.86977, -105.00273, 13.882641
13267640148000, 97.070366, -104.57998, 13.585734
13267645258000, 97.25872, -104.17251, 13.306424
13267650171000, 97.46023, -103.92384, 13.17286
13267655174000, 97.65553, -103.716064, 13.073344
13267660156000, 97.86158, -103.69366, 13.140079
13267665222000, 98.051216, -103.71503, 13.240774
13267670183000, 98.23411, -103.91069, 13.504719
13267675231000, 98.40558, -104.14738, 13.799021
13267680248000, 98.54359, -104.51559, 14.213635
13267685210000, 98.67239, -104.9209, 14.65934
13267690172000, 98.764694, -105.38328, 15.1513195
13267695259000, 98.839806, -105.84466, 15.638794
13267700195000, 98.905754, -106.2968, 16.114985
13267705824000, 98.971825, -106.73852, 16.577007
13267710204000, 99.024605, -107.09974, 16.973536
13267715223000, 99.076195, -107.453415, 17.358606
13267720205000, 99.11278, -107.72881, 17.664381
13267725211000, 99.14932, -108.00992, 17.970564
13267730637000, 99.18846, -108.25276, 18.233004
13267735203000, 99.25262, -108.50584, 18.498838
13267740210000, 99.33133, -108.744644, 18.743837
13267745267000, 99.44324, -71.00512, 18.994392
13267750155000, 99.568245, -70.82109, 19.174896
13267755176000, 99.725746, -70.63458, 19.356012
13267760229000, 99.89916, -70.46039, 19.524555
13267765236000, 100.07666, -70.450806, 19.531586
13267770177000, 100.26987, -70.4537, 19.527447
13267775685000, 100.46126, -70.49999, 19.4804
13267780308000, 100.65432, -70.55223, 19.427938
13267785227000, 100.83649, -70.61403, 19.365572
13267790197000, 101.01037, -70.67534, 19.303492
13267795225000, 101.16648, -70.72192, 19.257086
13267800208000, 101.30228, -70.77322, 19.206514
13267805190000, 101.419426, -70.81782, 19.165998
13267810236000, 101.51453, -70.869514, 19.11925
13267815227000, 101.596924, -70.9192, 19.076595
13267820196000, 101.65916, -70.97683, 19.022987
13267825257000, 101.709724, -108.98136, 18.978312
13267830334000, 101.75055, -108.934006, 18.916262
13267835311000, 101.7895, -108.92478, 18.873835
13267840198000, 101.81993, -108.91749, 18.811678
13267845380000, 101.85574, -108.95078, 18.757595
13267850186000, 101.88219, -108.99525, 18.679502
13267855174000, 101.93013, -109.08028, 18.583231
13267860213000, 101.98767, -109.18953, 18.457998
13267865185000, 102.091324, -109.34899, 18.295826
13267870175000, 102.19388, -109.54267, 18.102058
13267875213000, 102.420746, -109.79105, 17.867924
13267880301000, 102.7013, -110.05373, 17.569958
13267885190000, 103.1026, -110.34572, 17.236357
13267890183000, 103.64242, -110.66809, 16.832233
13267895459000, 104.31537, -110.94559, 16.371735
13267900181000, 105.119125, -111.26077, 15.847852
13267905147000, 106.02191, -111.497314, 15.2762575
13267910213000, 106.99176, -111.76144, 14.671498
13267915188000, 107.9764, -112.0476, 14.056589
13267920177000, 108.90944, -112.29283, 13.515161
13267925237000, 109.7187, -112.5279, 13.02584
13267930224000, 110.30247, -112.74731, 12.703309
13267935224000, 110.715546, -112.913246, 12.447435
13267940195000, 110.81853, -113.10042, 12.403837
13267945237000, 110.76121, -113.20209, 12.390738
13267950206000, 110.55522, -113.282555, 12.462175
13267955227000, 110.27349, -113.30145, 12.5364685
13267960924000, 109.96157, -113.270485, 12.599062
13267965125000, 109.624504, -113.2224, 12.663932
13267970098000, 109.2864, -113.150986, 12.720434
13267975127000, 109.08808, -112.869514, 12.657651
13267980096000, 108.91376, -112.5871, 12.585051
13267985091000, 108.87771, -112.216354, 12.35153
13267990097000, 108.92718, -111.81736, 12.065216
13267995152000, 109.15676, -111.29541, 11.559692
13268000212000, 109.56364, -110.743614, 10.934168
13268005136000, 110.16918, -110.07654, 10.068448
13268010179000, 110.90932, -109.38569, 9.111216
13268015149000, 111.74164, -108.70893, 7.908289
13268020162000, 112.57569, -108.06914, 6.6820617
13268025179000, 113.28178, -107.73443, 5.3799844
13268030940000, 113.83171, -107.48074, 4.1358824
13268035143000, 114.11787, -107.60543, 2.9580407
13268040140000, 114.17667, -107.80871, 1.8935741
13268045224000, 113.99412, -108.271706, 0.9874534
13268050198000, 113.62557, -108.78118, 0.20198448
13268055197000, 113.11608, -109.37506, -0.4073576
13268060194000, 112.525795, -109.99769, -0.9381189
13268065274000, 111.93436, -110.51402, -1.3539102
13268070175000, 111.32673, -111.05211, -1.742303
13268075235000, 110.8262, -111.38813, -2.102616
13268080286000, 110.331345, -111.730965, -2.4482336
13268085185000, 109.9005, -111.89801, -2.7754104
13268090181000, 109.49039, -112.07613, -3.0995004
13268095233000, 109.09246, -112.19294, -3.3619478
13268100767000, 108.67978, -112.356384, -3.610486
13268105146000, 108.25384, -112.61653, -3.798191
13268110225000, 107.80668, -112.928375, -3.975856
13268115157000, 107.34553, -113.29313, -4.1473713
13268120181000, 106.859886, -113.76712, -4.3086734
13268125211000, 106.35397, -114.26729, -4.45954
13268130235000, 105.807144, -114.895905, -4.5625367
13268135197000, 105.21571, -115.51518, -4.63397
13268140176000, 104.581764, -116.246445, -4.588916
13268145298000, 103.919235, -116.93612, -4.4982815
13268150187000, 103.2587, -117.680084, -4.2556515
13268155175000, 102.595276, -118.36738, -3.977948
13268160202000, 101.93908, -118.97429, -3.6588516
13268165266000, 101.31494, -119.531555, -3.3200645
13268170430000, 100.74276, -120.04904, -2.9835367
13268175307000, 100.175934, -120.492584, -2.6198478
13268180284000, 99.70118, -120.911224, -2.2749946
13268185177000, 99.24822, -121.2655, -1.9206417
13268190180000, 98.85757, -121.59177, -1.5846571
13268195219000, 98.50423, -121.90269, -1.2452859
13268200182000, 98.20446, -122.176895, -0.9231076
13268205146000, 97.8676, -122.58498, -0.5897956
13268210224000, 97.5714, -122.96348, -0.25202966
13268215149000, 97.30109, -123.349945, 0.078026384
13268220182000, 97.05967, -123.7103, 0.41976836
13268225218000, 96.841805, -124.05553, 0.75625193
13268230272000, 96.64714, -124.38064, 1.1040046
13268235246000, 96.47667, -124.69147, 1.4432467
13268240181000, 96.3324, -124.983246, 1.7912049
13268245261000, 96.22121, -125.2463, 2.1204946
13268250180000, 96.150024, -125.477684, 2.452303
13268255198000, 96.11849, -125.67386, 2.7817032
13268260218000, 96.13866, -125.82048, 3.0526688
13268265184000, 96.18391, -125.91106, 3.3146605
13268270177000, 96.30328, -125.96061, 3.4823673
13268275212000, 96.44286, -125.94467, 3.6362324
13268280251000, 96.61999, -125.91157, 3.6892734
13268285177000, 96.8144, -125.84311, 3.7292147
13268290173000, 97.02313, -125.77127, 3.7105725
13268295266000, 97.22088, -125.65211, 3.7066133
13268300188000, 97.40774, -125.517426, 3.6734254
13268305174000, 97.56112, -125.30519, 3.693927
13268310211000, 97.73548, -124.99066, 3.6844153
13268315181000, 97.90795, -124.58672, 3.713607
13268320234000, 98.07412, -124.07892, 3.7475169
13268325258000, 98.27558, -123.502594, 3.767403
13268330239000, 98.4962, -122.904305, 3.7003217
13268335176000, 98.793785, -122.28707, 3.5473306
13268340144000, 99.07996, -121.774475, 3.168423
13268345314000, 99.37896, -121.26393, 2.734873
13268350618000, 99.63227, -120.630226, 2.146052
13268355712000, 99.85313, -120.006294, 1.5612414
13268360218000, 100.120605, -119.05768, 0.9919228
13268365233000, 100.300705, -118.15427, 0.47907335
13268370179000, 100.40813, -117.285126, 0.03852227
13268375213000, 100.69345, -116.32263, 0.04735199
13268380318000, 100.97878, -115.43132, 0.10093145
13268385178000, 101.351166, -114.36677, 0.3411597
13268390201000, 101.7167, -113.3929, 0.621783
13268395273000, 102.085724, -112.41372, 1.0146862
13268400192000, 102.44186, -111.51701, 1.4226902
13268405177000, 102.77241, -110.937035, 1.8013339
13268410215000, 103.08971, -110.38767, 2.1586506
13268415214000, 103.38653, -109.94733, 2.4376376
13268420175000, 103.70965, -109.51315, 2.6860933
13268425843000, 104.05472, -108.988754, 2.8943892
13268430276000, 104.45687, -108.45725, 3.0842714
13268435208000, 104.921036, -107.85773, 3.2857673
13268440171000, 105.449974, -107.260086, 3.4840572
13268445230000, 106.03371, -106.67367, 3.7098708
13268450178000, 106.65723, -106.09832, 3.9468052
13268455175000, 107.318146, -105.57332, 4.1950073
13268460192000, 107.98917, -105.06498, 4.45873
13268465181000, 108.658356, -104.57959, 4.7246475
13268470177000, 109.313545, -104.10998, 5.005933
13268475210000, 109.92493, -103.63816, 5.2992506
13268480255000, 110.511055, -103.21566, 5.599751
13268485148000, 111.05099, -102.81575, 5.9174905
13268490176000, 111.55588, -102.47973, 6.247056
13268495657000, 112.0106, -102.216576, 6.576298
13268500178000, 112.40885, -102.02505, 6.9207406
13268505145000, 112.716194, -101.89905, 7.239292
13268510227000, 112.951935, -101.83906, 7.573094
13268515162000, 113.13012, -101.83975, 7.9194617
13268520179000, 113.19894, -101.900986, 8.2295065
13268525203000, 113.20301, -102.0002, 8.552324
13268530244000, 113.10652, -102.1191, 8.825942
13268535182000, 112.96595, -102.256226, 9.103795
13268540181000, 112.7576, -102.38033, 9.345274
13268545225000, 112.52196, -102.507065, 9.576378
13268550186000, 112.25401, -102.61081, 9.784658
13268555181000, 111.96599, -102.70986, 9.975317
13268560602000, 111.664566, -102.78122, 10.155302
13268565361000, 111.35406, -102.83952, 10.3077
13268570250000, 111.061264, -102.90463, 10.470281
13268575277000, 110.78532, -102.94456, 10.598006
13268580246000, 110.54305, -102.97126, 10.704114
13268585180000, 110.3277, -102.99143, 10.821079
13268590189000, 110.16134, -102.98874, 10.9093
13268595221000, 110.054474, -102.97948, 11.006525
13268600193000, 109.995476, -102.95228, 11.082208
13268605180000, 109.98083, -102.93385, 11.172075
13268610232000, 109.99209, -102.90617, 11.253362
13268615188000, 110.016975, -102.88813, 11.345741
13268620181000, 110.02792, -102.85969, 11.427007
13268625212000, 110.00799, -102.85038, 11.520651
13268630271000, 109.95433, -102.83605, 11.609966
13268635152000, 109.83211, -102.80242, 11.669917
13268640190000, 109.66399, -102.77156, 11.730523
13268645354000, 109.46892, -102.73727, 11.790439
13268650189000, 109.22168, -102.69174, 11.836286
13268655187000, 108.966415, -102.64666, 11.877883
13268660198000, 108.67769, -102.61843, 11.931175
13268665182000, 108.40311, -102.582016, 11.966924
13268670176000, 108.11722, -102.54411, 11.994922
13268675270000, 107.842445, -102.496475, 12.007551
13268680971000, 107.57378, -102.434456, 11.997238
13268685238000, 107.33228, -102.36082, 11.968934
13268690172000, 107.09153, -102.24757, 11.892844
13268695257000, 106.87202, -102.11591, 11.791472
13268700178000, 106.66925, -101.952354, 11.655556
13268705176000, 106.52513, -101.76296, 11.488762
13268710192000, 106.410484, -101.54212, 11.292551
13268715281000, 106.35274, -101.29455, 11.065498
13268720151000, 106.36796, -101.01048, 10.807101
13268725247000, 106.45609, -100.70803, 10.525467
13268730277000, 106.59571, -100.38276, 10.222094
13268735232000, 106.79822, -100.04973, 9.907005
13268740180000, 107.04112, -99.71516, 9.591216
13268745263000, 107.31869, -99.38223, 9.275075
13268750922000, 107.627464, -99.07637, 8.98321
13268755186000, 107.94163, -98.77062, 8.692846
13268761416000, 108.25298, -98.51264, 8.448981
13268765283000, 108.566284, -98.2616, 8.213067
13268770265000, 108.86033, -98.04312, 8.009001
13268775216000, 109.142876, -97.828964, 7.8095703
13268780242000, 109.40022, -97.619484, 7.6115184
13268785176000, 109.61679, -97.47389, 7.4727707
13268790181000, 109.793274, -82.652214, 7.346899
13268795201000, 109.93092, -82.67698, 7.314362
13268800200000, 110.02001, -82.6596, 7.31504
13268805180000, 110.06798, -82.491905, 7.4644837
13268810226000, 110.09462, -82.293434, 7.641483
13268815155000, 110.096886, -81.965546, 7.9549785
13268820577000, 110.10141, -81.61874, 8.289205
13268825199000, 110.133804, -81.25986, 8.638557
13268830247000, 110.18297, -80.88212, 9.010106
13268835195000, 110.25938, -80.45418, 9.415804
13268840193000, 110.329025, -80.01372, 9.834622
13268845460000, 110.368965, -79.583534, 10.241981
13268850191000, 110.390274, -79.142876, 10.658538
13268855151000, 110.36563, -78.75342, 11.0258875
13268860221000, 110.30677, -78.35302, 11.402715
13268865158000, 110.24587, -77.965324, 11.76504
13268870180000, 110.16992, -77.67761, 12.028121
13268875233000, 110.10794, -77.40298, 12.279421
13268880260000, 110.0565, -77.210014, 12.44526
13268885182000, 110.03856, -77.03353, 12.597196
13268890209000, 110.05808, -76.90935, 12.690422
13268895237000, 110.11416, -76.80451, 12.765848
13268900189000, 110.201546, -76.72535, 12.811284
13268905179000, 110.310265, -76.659805, 12.847465
13268910221000, 110.422165, -76.61238, 12.869165
13268915200000, 110.52239, -76.57163, 12.887831
13268920212000, 110.59953, -76.54273, 12.90666
13268925228000, 110.64142, -76.51551, 12.928494
13268930224000, 110.649765, -76.48964, 12.961513
13268935224000, 110.62911, -76.47366, 12.990972
13268940223000, 110.587105, -76.46161, 13.030203
13268945235000, 110.52889, -76.46521, 13.0601845
13268950215000, 110.462006, -76.496605, 13.077318
13268955279000, 110.389244, -76.550125, 13.079515
13268960130000, 110.29177, -76.633286, 13.05579
13268965099000, 110.187744, -76.757866, 13.00341
13268970092000, 110.059135, -76.90323, 12.927562
13268975108000, 109.91189, -77.05653, 12.83837
13268980102000, 109.74103, -77.21204, 12.73782
13268985093000, 109.544304, -77.35108, 12.6353445
13268990092000, 109.33459, -102.55366, 12.55365
13268995141000, 109.11648, -102.49076, 12.474426
13269000204000, 108.905914, -102.50004, 12.426186
13269005669000, 108.72692, -102.54521, 12.365951
13269010166000, 108.596375, -102.66955, 12.305525
13269015153000, 108.5403, -102.838745, 12.213217
13269020173000, 108.57728, -103.073685, 12.081362
13269025189000, 108.718285, -103.3599, 11.897521
13269030189000, 108.96369, -103.68375, 11.652186
13269035141000, 109.30491, -104.05896, 11.345306
13269040260000, 109.72876, -104.48311, 10.975343
13269045197000, 110.247154, -104.879105, 10.554258
13269050215000, 110.779785, -105.327, 10.11394
13269055210000, 111.39195, -105.74556, 9.646903
13269060232000, 111.98223, -106.20901, 9.205649
13269065238000, 112.48763, -106.65783, 8.861916
13269070193000, 112.94667, -107.10651, 8.549787
13269075955000, 113.28404, -107.5254, 8.33335
13269080286000, 113.63437, -107.879425, 8.135914
13269085159000, 113.8618, -108.18979, 7.953607
13269090194000, 114.03898, -108.37217, 7.774317
13269095208000, 114.18966, -108.44155, 7.5891294
13269100220000, 114.24888, -108.450294, 7.42115
13269105105000, 114.311806, -108.33515, 7.224717
13269110130000, 114.22585, -108.183395, 7.07029
13269115073000, 114.08284, -107.965675, 6.8961577
13269120090000, 113.81124, -107.72437, 6.757934
13269125106000, 113.52556, -107.42858, 6.5366974
13269130124000, 113.19624, -107.11733, 6.303041
13269135092000, 112.994156, -106.63686, 5.887504
13269140097000, 112.91588, -106.13876, 5.3848977
13269145244000, 113.055176, -105.48247, 4.649748
13269150097000, 113.2822, -104.84143, 3.8687358
13269155207000, 113.85521, -104.15733, 2.7670987
13269160215000, 114.49664, -103.57169, 1.651058
13269165244000, 115.24163, -103.23046, 0.39085886
13269170139000, 116.02352, -103.009926, -0.8614387
13269175708000, 116.664856, -103.190735, -2.0790398
13269180238000, 117.14527, -103.48677, -3.2129753
13269185195000, 117.25976, -104.2555, -4.1466403
13269190139000, 117.103584, -105.053795, -4.9493885
13269195269000, 116.58149, -106.127846, -5.503573
13269200168000, 115.86934, -107.17467, -5.949352
13269205487000, 115.06243, -108.10391, -6.2060785
13269210253000, 114.23153, -108.99036, -6.4185333
13269215273000, 113.477066, -109.59532, -6.52865
13269220182000, 112.74358, -110.178764, -6.6322308
13269225250000, 112.018845, -110.74529, -6.729258
13269230246000, 111.37072, -111.117065, -6.7917447
13269235181000, 110.70827, -111.5029, -6.8497825
13269240190000, 110.0675, -111.81281, -6.8540435
13269245256000, 109.41987, -112.1583, -6.8501954
13269250184000, 108.81067, -112.47957, -6.857811
13269255178000, 108.22283, -112.810265, -6.8471684
13269260236000, 107.66569, -113.19415, -6.8474317
13269265210000, 107.14202, -113.585014, -6.83863
13269270190000, 106.65059, -114.03214, -6.835407
13269275204000, 106.18077, -114.49252, -6.825438
13269280196000, 105.70943, -115.037506, -6.781824
13269285177000, 105.23399, -115.55617, -6.7207823
13269290153000, 104.70681, -116.16911, -6.605473
13269295231000, 104.1709, -116.730286, -6.471778
13269300161000, 103.585266, -117.31207, -6.2802277
13269305173000, 103.014206, -117.83611, -6.0742617
13269310212000, 102.46196, -118.303246, -5.827954
13269315195000, 101.960686, -118.72136, -5.586815
13269320271000, 101.50977, -119.09177, -5.3429084
13269325218000, 101.11201, -119.4111, -5.1110053
13269330250000, 100.76165, -119.69942, -4.8808746
13269335186000, 100.45257, -119.9432, -4.6525955
13269340147000, 100.17897, -120.144455, -4.416551
13269345262000, 99.940765, -120.31939, -4.1667933
13269350217000, 99.70614, -120.459114, -3.9095774
13269355187000, 99.460655, -120.65455, -3.6024048
13269360223000, 99.2227, -120.8188, -3.2728183
13269365283000, 98.97194, -121.010544, -2.9164846
13269370182000, 98.74583, -121.1821, -2.5245547
13269375223000, 98.53033, -121.36299, -2.1314676
13269380341000, 98.348656, -121.52731, -1.7130567
13269385283000, 98.20048, -121.6884, -1.3153177
13269390183000, 98.10848, -121.817215, -0.91797227
13269395247000, 98.06355, -121.93627, -0.571003
13269400965000, 98.079636, -122.007675, -0.2488314
13269405179000, 98.15278, -122.04583, 0.0058261515
13269410220000, 98.27749, -122.04471, 0.21728247
13269415187000, 98.432816, -122.00612, 0.35841823
13269420180000, 98.61573, -121.92195, 0.46466964
13269425223000, 98.80213, -121.789215, 0.53379375
13269430241000, 98.97863, -121.57866, 0.60468096
13269435281000, 99.146935, -121.29097, 0.6784806
13269440189000, 99.313126, -120.88558, 0.7663803
13269445701000, 99.53883, -120.30745, 0.80696225
13269450192000, 99.77103, -119.618034, 0.85900706
13269455207000, 100.19784, -118.8602, 0.6809722
13269460220000, 100.631454, -117.99275, 0.5037192
13269465186000, 101.12542, -117.140465, 0.30016086
13269470717000, 101.50865, -116.35537, -0.0036097546
13269475202000, 101.95204, -115.61247, -0.3653254
13269480260000, 102.31897, -115.09526, -0.92673486
13269485207000, 102.68041, -114.63096, -1.4847828
13269490193000, 103.06268, -113.991554, -2.0941155
13269495280000, 103.36878, -113.41814, -2.6656847
13269500190000, 103.70065, -112.72078, -3.0917525
13269505194000, 103.919365, -112.07485, -3.4454887
13269510224000, 104.050896, -111.60402, -3.5951588
13269515186000, 104.11787, -111.192825, -3.6553786
13269520180000, 104.27149, -110.518616, -3.5180514
13269525197000, 104.399666, -109.89268, -3.3281505
13269530259000, 104.5917, -109.14256, -2.9625704
13269535290000, 104.76385, -108.47363, -2.5694268
13269540370000, 104.94835, -107.78799, -2.1411018
13269545221000, 105.126976, -107.152626, -1.7200983
13269550210000, 105.29764, -106.72111, -1.3333273
13269555189000, 105.507355, -106.308754, -0.9750941
13269561374000, 105.71831, -105.9535, -0.63645864
13269565241000, 105.90746, -105.56765, -0.3022919
13269570154000, 106.266365, -105.16697, 0.0092378305
13269575234000, 106.67142, -104.70794, 0.30947733
13269580254000, 107.18004, -104.25972, 0.59258246
13269585187000, 107.81291, -103.704834, 0.94397134
13269590187000, 108.52085, -103.15647, 1.2870761
13269595227000, 109.29548, -102.59317, 1.6370844
13269600182000, 110.1137, -102.036964, 1.9823763
13269605180000, 110.97168, -101.46221, 2.2950432
13269610237000, 111.84484, -100.89401, 2.610989
13269615230000, 112.71928, -100.307884, 2.8809302
13269620200000, 113.572845, -99.746414, 3.1611056
13269625213000, 114.39563, -99.18425, 3.3974023
13269630311000, 115.15814, -98.67712, 3.6538062
13269635282000, 115.81811, -98.20651, 3.89303
13269640200000, 116.43898, -97.81465, 4.1512375
13269645276000, 116.867966, -97.46076, 4.3925185
13269650210000, 117.23305, -97.23286, 4.6682463
13269655191000, 117.44668, -97.043045, 4.8871827
13269660233000, 117.56426, -96.93936, 5.1326437
13269665212000, 117.54673, -96.87057, 5.2868752
13269670197000, 117.47424, -96.849815, 5.4597926
13269675227000, 117.313705, -96.8109, 5.5271463
13269680236000, 117.1398, -96.79263, 5.601192
13269685152000, 116.923294, -96.75203, 5.606696
13269690264000, 116.69862, -96.71955, 5.6119075
13269695253000, 116.45325, -96.6894, 5.5981817
13269700208000, 116.179306, -96.66455, 5.5752964
13269705176000, 115.88758, -96.65793, 5.561136
13269710236000, 115.57718, -96.647095, 5.5254784
13269715184000, 115.25355, -96.65967, 5.525041
13269720195000, 114.93425, -96.65847, 5.4998784
13269725830000, 114.656075, -96.65944, 5.509483
13269730286000, 114.40099, -96.6417, 5.4928565
13269735157000, 114.183624, -96.631294, 5.5204434
13269740199000, 114.01765, -96.60543, 5.5262246
13269745265000, 113.85936, -96.565216, 5.520392
13269750209000, 113.74402, -96.54619, 5.5530972
13269755198000, 113.642334, -96.523224, 5.577051
13269760308000, 113.57506, -96.5119, 5.623199
13269765265000, 113.50313, -96.48722, 5.653819
13269770148000, 113.42586, -96.48681, 5.7176466
13269775208000, 113.32793, -96.47401, 5.7690697
13269780204000, 113.20825, -96.47097, 5.818564
13269785204000, 113.05862, -96.46657, 5.864416
13269790179000, 112.87596, -96.46534, 5.9140043
13269795874000, 112.67108, -96.46171, 5.959335
13269800224000, 112.442184, -96.46172, 6.0059705
13269805293000, 112.216385, -96.45128, 6.0405087
13269810235000, 111.987854, -96.43943, 6.0662546
13269815189000, 111.79406, -96.411514, 6.0744166
13269820384000, 111.62874, -96.391525, 6.092311
13269825229000, 111.521065, -96.35688, 6.089793
13269830677000, 111.4371, -96.32648, 6.091549
13269835256000, 111.391014, -96.29338, 6.0827074
13269840192000, 111.36963, -96.30892, 6.1039896
13269845197000, 111.35287, -96.31676, 6.115908
13269850240000, 111.3063, -96.3351, 6.1078157
13269855179000, 111.252716, -96.341354, 6.0824604
13269860224000, 111.19509, -96.34528, 6.044687
13269865502000, 111.09993, -96.33171, 5.9722114
13269870182000, 111.019424, -96.30872, 5.8804154
13269875229000, 110.93675, -96.267265, 5.7643137
13269880313000, 110.88506, -96.219215, 5.633253
13269885222000, 110.87667, -96.12722, 5.476528
13269890193000, 110.918434, -96.0301, 5.310622
13269895218000, 111.02596, -95.85797, 5.1178145
13269900207000, 111.19997, -95.6573, 4.9023113
13269905229000, 111.463135, -95.36063, 4.654499
13269910225000, 111.780365, -95.02919, 4.387213
13269915313000, 112.172035, -94.59362, 4.094245
13269920256000, 112.578125, -94.13686, 3.7928205
13269925259000, 112.95879, -93.68459, 3.5155132
13269930260000, 113.28623, -93.29554, 3.2584963
13269935194000, 113.56602, -86.87807, 3.1209736
13269940226000, 113.6948, -86.921326, 3.0043771
13269945186000, 113.726944, -86.674355, 3.1273046
13269950297000, 113.68569, -86.375565, 3.2740273
13269955123000, 113.60444, -86.0241, 3.5153704
13269960100000, 113.49755, -85.65934, 3.797417
13269965392000, 113.40194, -85.26885, 4.1511726
13269970126000, 113.316765, -84.87413, 4.539856
13269975177000, 113.27677, -84.405396, 4.978231
13269980147000, 113.26025, -83.9351, 5.4332056
13269985092000, 113.26801, -83.45653, 5.903747
13269990098000, 113.29383, -82.971466, 6.376806
13269995112000, 113.31497, -82.51471, 6.7983108
13270000197000, 113.34231, -82.05995, 7.2101073
13270005677000, 113.34222, -81.690056, 7.5239425
13270010168000, 113.33839, -81.32221, 7.832445
13270015134000, 113.29787, -81.07286, 8.042057
13270020114000, 113.23956, -80.829346, 8.248674
13270025427000, 113.14461, -80.66513, 8.400648
13270030178000, 113.0478, -80.51686, 8.541412
13270035129000, 112.90297, -80.40788, 8.665721
13270040104000, 112.75172, -80.3188, 8.771907
13270045225000, 112.59101, -80.25826, 8.864749
13270050218000, 112.42967, -80.21341, 8.939995
13270055230000, 112.27663, -80.16539, 9.011527
13270060236000, 112.14287, -80.142746, 9.060634
13270065172000, 112.04353, -80.12459, 9.100233
13270070186000, 111.96402, -80.131165, 9.124045
13270075201000, 111.89777, -80.16425, 9.129179
13270080274000, 111.821045, -80.22282, 9.123505
13270085299000, 111.72912, -80.308, 9.104229
13270090187000, 111.602715, -80.4358, 9.060012
13270095275000, 111.44727, -80.59064, 8.999754
13270100184000, 111.25559, -80.76258, 8.929619
13270105179000, 111.042694, -80.94229, 8.84727
13270110223000, 110.81589, -81.11678, 8.759638
13270115191000, 110.59293, -81.279755, 8.663523
13270120183000, 110.37877, -81.403404, 8.58237
13270125200000, 110.188126, -98.49061, 8.490576
13270130260000, 110.01395, -98.45048, 8.431595
13270135182000, 109.85341, -98.44211, 8.36542
13270140179000, 109.72351, -98.48869, 8.301308
13270145300000, 109.61968, -98.58132, 8.216197
13270150185000, 109.573135, -98.74577, 8.107793
13270155180000, 109.59109, -98.971794, 7.966323
13270160218000, 109.69012, -99.2767, 7.7889247
13270165270000, 109.878365, -99.65165, 7.5655074
13270170178000, 110.159485, -100.090256, 7.2916565
13270175228000, 110.5547, -100.572, 6.9734225
13270180277000, 111.03707, -101.10543, 6.6078787
13270185182000, 111.61632, -101.6254, 6.2264256
13270190177000, 112.2163, -102.18351, 5.833544
13270195309000, 112.88658, -102.63669, 5.479676
13270200191000, 113.504814, -103.097115, 5.1550198
13270205187000, 114.099655, -103.56708, 4.916976
13270210226000, 114.5868, -104.00336, 4.7140822
13270215188000, 115.01337, -104.41715, 4.5747128
13270220180000, 115.333824, -104.78327, 4.464651
13270225221000, 115.57845, -105.05832, 4.3753467
13270230243000, 115.768585, -105.27067, 4.294899
13270235181000, 115.87578, -105.359535, 4.2316113
13270240183000, 115.94494, -105.415215, 4.16097
13270245261000, 115.939354, -105.31132, 4.0848875
13270250192000, 115.8897, -105.18461, 4.008343
13270255188000, 115.779236, -104.929146, 3.893956
13270260192000, 115.65631, -104.63669, 3.7640762
13270265150000, 115.70601, -104.282104, 3.497519
13270270178000, 115.73924, -103.89048, 3.1939871
13270275225000, 115.87658, -103.41788, 2.742188
13270280258000, 116.09878, -102.91459, 2.2185695
13270285519000, 116.49837, -102.37879, 1.4715536
13270290184000, 117.01964, -101.90248, 0.6482431
13270295244000, 117.742195, -101.54388, -0.45509675
13270300191000, 118.6097, -101.32992, -1.6042027
13270305172000, 119.5247, -101.28294, -2.7594557
13270310214000, 120.33003, -101.555595, -3.9465826
13270315209000, 120.975334, -101.941536, -5.0359755
13270320180000, 121.221565, -102.67619, -5.9707723
13270325228000, 121.18233, -103.41804, -6.779037
13270330244000, 120.81029, -104.42077, -7.4115806
13270335176000, 120.06817, -105.39427, -7.9279633
13270340174000, 119.2593, -106.36739, -8.284339
13270345235000, 118.3795, -107.29878, -8.597196
13270350183000, 117.55269, -108.02369, -8.814856
13270355174000, 116.759186, -108.71191, -9.008021
13270360224000, 116.1619, -109.150795, -9.185511
13270365265000, 115.61068, -109.58566, -9.363038
13270370545000, 115.17302, -109.8939, -9.531763
13270375224000, 114.74336, -110.21862, -9.686573
13270380229000, 114.35257, -110.503624, -9.787843
13270385180000, 113.957756, -110.81701, -9.886818
13270390183000, 113.54954, -111.16035, -9.976208
13270395258000, 113.120514, -111.54768, -10.040246
13270400193000, 112.66997, -111.95696, -10.098923
13270405179000, 112.180275, -112.42458, -10.13561
13270410213000, 111.66763, -112.89848, -10.166355
13270415150000, 111.12368, -113.43521, -10.21135
13270420178000, 110.56984, -113.94734, -10.245937
13270425227000, 109.99909, -114.49448, -10.293908
13270430244000, 109.41727, -114.99938, -10.328877
13270435488000, 108.82966, -115.52247, -10.340895
13270440188000, 108.23719, -115.96655, -10.353098
13270445866000, 107.65888, -116.43515, -10.31478
13270450186000, 107.078156, -116.82268, -10.282788
13270455184000, 106.534134, -117.22182, -10.205505
13270460215000, 106.019936, -117.554794, -10.124648
13270465181000, 105.55122, -117.86737, -10.03094
13270470178000, 105.10804, -118.162, -9.919476
13270475196000, 104.71553, -118.42331, -9.799377
13270480278000, 104.34147, -118.693405, -9.662201
13270485176000, 104.00449, -118.927765, -9.51165
13270490179000, 103.65783, -119.193344, -9.328074
13270495222000, 103.33702, -119.43113, -9.120902
13270500181000, 103.03875, -119.65795, -8.899937
13270505174000, 102.76007, -119.87227, -8.659766
13270510220000, 102.500206, -120.08127, -8.399357
13270515188000, 102.26557, -120.279205, -8.1242485
13270520178000, 102.055626, -120.47282, -7.844221
13270525228000, 101.86675, -120.64545, -7.5510015
13270530233000, 101.72392, -120.82294, -7.2962112
13270535181000, 101.61748, -120.95318, -7.030245
13270540192000, 101.55263, -121.06761, -6.8239217
13270545271000, 101.5365, -121.140564, -6.6304307
13270550190000, 101.572266, -121.191574, -6.515948
13270555187000, 101.65428, -121.197464, -6.424494
13270560199000, 101.76314, -121.194046, -6.410092
13270565229000, 101.89541, -121.15515, -6.4227877
13270570168000, 102.03571, -121.08546, -6.4469194
13270575226000, 102.16067, -121.04045, -6.541259
13270580360000, 102.2647, -120.96323, -6.6246767
13270585244000, 102.33338, -120.89362, -6.743286
13270590183000, 102.36697, -120.76326, -6.8144417
13270595274000, 102.38641, -120.59847, -6.8848963
13270600222000, 102.41126, -120.35707, -6.922772
13270605198000, 102.48876, -120.01298, -6.979849
13270610220000, 102.61611, -119.597, -7.0463867
13270615184000, 102.82781, -119.09331, -7.219366
13270620174000, 103.07505, -118.53972, -7.412253
13270625203000, 103.24926, -117.97514, -7.6583176
13270630293000, 103.43475, -117.42233, -7.9401503
13270635289000, 103.56388, -116.9946, -8.340936
13270640186000, 103.6952, -116.601204, -8.751278
13270645194000, 103.88746, -116.19903, -9.182653
13270650186000, 104.05131, -115.839584, -9.605865
13270655174000, 104.389854, -115.20874, -9.903662
13270660216000, 104.70168, -114.63155, -10.172715
13270665186000, 105.16217, -113.80127, -10.254389
13270670186000, 105.52271, -113.048805, -10.269248
13270675201000, 105.94103, -112.321205, -10.0464945
13270680265000, 106.326225, -111.64559, -9.798823
13270685182000, 106.71518, -110.80864, -9.3699465
13270690177000, 107.06566, -110.025566, -8.935981
13270695196000, 107.414024, -109.16818, -8.434882
13270700182000, 107.78163, -108.34397, -7.9715786
13270705186000, 108.10489, -107.59433, -7.557394
13270710226000, 108.49434, -106.85861, -7.183382
13270715153000, 108.89382, -106.18064, -6.8850718
13270720185000, 109.33345, -105.501526, -6.5988646
13270725202000, 109.916016, -104.77488, -6.3656197
13270730243000, 110.53888, -104.040405, -6.119679
13270735520000, 111.230774, -103.282425, -5.8511105
13270740193000, 111.977806, -102.52796, -5.571273
13270745898000, 112.732735, -101.74927, -5.2486644
13270750190000, 113.513084, -100.98943, -4.925782
13270755205000, 114.28666, -100.21887, -4.5638685
13270760230000, 115.056404, -99.46914, -4.19462
13270765232000, 115.81497, -98.72367, -3.8010724
13270770517000, 116.534225, -97.994415, -3.4094203
13270775199000, 117.22083, -97.28654, -2.9980197
13270780239000, 117.86666, -96.617676, -2.594167
13270785187000, 118.46658, -95.978035, -2.1659262
13270790201000, 119.00922, -95.38998, -1.7220968
13270795251000, 119.47238, -94.84243, -1.2881198
13270800196000, 119.86861, -94.36355, -0.8329452
13270805195000, 120.17274, -93.96469, -0.40259686
13270810161000, 120.404465, -93.6591, 0.044083755
13270815225000, 120.527016, -93.46201, 0.4514647
13270820204000, 120.611496, -93.35923, 0.85668105
13270825212000, 120.55609, -93.34284, 1.2053816
13270830356000, 120.47646, -93.40215, 1.5452974
13270835201000, 120.29252, -93.46016, 1.7457145
13270840199000, 120.06328, -93.54655, 1.9405456
13270845263000, 119.78498, -93.64009, 2.1074157
13270850210000, 119.47742, -93.745865, 2.2672105
13270855190000, 119.09684, -93.85463, 2.4251266
13270860211000, 118.700195, -93.95663, 2.5627303
13270865183000, 118.28615, -94.04695, 2.6809273
13270870171000, 117.88054, -94.110054, 2.7661502
13270875193000, 117.47492, -94.153946, 2.8435967
13270880316000, 117.09794, -94.16678, 2.8902402
13270885188000, 116.76153, -94.14639, 2.9352753
13270890224000, 116.47133, -94.09855, 2.950646
13270895297000, 116.24194, -94.042496, 2.9838135
13270900198000, 116.05567, -93.97134, 2.996775
13270905183000, 115.92701, -93.906006, 3.0241103
13270910222000, 115.8333, -93.82857, 3.0288627
13270915188000, 115.756424, -93.739426, 3.0134203
13270920219000, 115.70049, -93.65707, 3.0107546
13270925243000, 115.62984, -93.55137, 2.9771864
13270930223000, 115.54912, -93.435616, 2.9404418
13270935215000, 115.44739, -93.31016, 2.8935585
13270940203000, 115.31209, -93.181305, 2.8381886
13270945231000, 115.14181, -93.04122, 2.7739196
13270950210000, 114.93985, -92.91451, 2.7147934
13270955268000, 114.7109, -92.78644, 2.6504607
13270960238000, 114.436615, -92.67127, 2.584315
13270970093000, 113.821335, -92.483406, 2.4607959
13270975128000, 113.48724, -92.41025, 2.403066
13270980105000, 113.13012, -92.336006, 2.3345997
13270985090000, 112.80116, -87.74662, 2.253235
13270990080000, 112.51276, -87.835815, 2.161246
13270995138000, 112.29684, -87.93075, 2.0605774
13271001124000, 112.15639, -88.02517, 1.9573544
13271005134000, 112.119026, -88.120865, 1.8523746
13271010142000, 112.16678, -88.188324, 1.7776402
13271015140000, 112.26153, -88.26964, 1.6963753
13271020104000, 112.408615, -88.35243, 1.6166981
13271025144000, 112.52142, -88.48554, 1.498624
13271030167000, 112.64248, -88.62248, 1.372265
13271035135000, 112.74737, -88.80998, 1.18973
13271040105000, 112.85369, -90.99407, 0.99129754
13271045187000, 112.98245, -90.75543, 0.7511681
13271050151000, 113.14106, -90.50243, 0.5002477
13271055187000, 113.35098, -89.75426, 0.22182292
13271060162000, 113.604195, -89.68001, -0.06923424
13271065225000, 113.91609, -89.248764, -0.3538589
13271070205000, 114.247574, -88.76533, -0.62823963
13271075218000, 114.603424, -88.22576, -0.82826275
13271080327000, 114.924194, -87.67124, -0.99207985
13271085241000, 115.12746, -87.22377, -0.96995366
13271090179000, 115.23046, -86.78031, -0.8966166
13271095250000, 115.186646, -86.51927, -0.6910696
13271100196000, 115.02959, -86.27535, -0.44094592
13271105190000, 114.77758, -86.19785, -0.09453326
13271110228000, 114.48264, -86.127045, 0.28596577
13271115209000, 114.149445, -86.086555, 0.74381137
13271120198000, 113.88166, -86.01755, 1.2134295
13271125212000, 113.6706, -85.822, 1.6898493
13271130313000, 113.51669, -85.579994, 2.1647017
13271135200000, 113.42626, -85.2364, 2.5951242
13271140201000, 113.3699, -84.86422, 3.0268776
13271145243000, 113.32195, -84.47727, 3.4066443
13271150191000, 113.27983, -84.0736, 3.7815828
13271155176000, 113.20667, -83.69808, 4.099857
13271160217000, 113.13962, -83.32266, 4.4082646
13271165250000, 113.06557, -82.99799, 4.669807
13271170177000, 113.005455, -82.69658, 4.9167156
13271175217000, 112.9361, -82.48637, 5.095513
13271180241000, 112.88671, -82.3133, 5.2538533
13271185180000, 112.828545, -82.26076, 5.3254805
13271190182000, 112.79204, -82.24958, 5.3819804
13271195296000, 112.72966, -82.30973, 5.373733
13271200204000, 112.70207, -82.40304, 5.3501005
13271205183000, 112.703125, -82.52461, 5.2989426
13271210219000, 112.723015, -82.66359, 5.2375455
13271215192000, 112.76821, -82.78565, 5.1870003
13271220198000, 112.80762, -82.919754, 5.123201
13271225186000, 112.82913, -83.05747, 5.075218
13271230270000, 112.82961, -83.20152, 5.0194335
13271235178000, 112.779945, -83.37059, 4.9750752
13271240174000, 112.68019, -83.55455, 4.923671
13271245283000, 112.481926, -83.76276, 4.878181
13271250206000, 112.23605, -83.99232, 4.8275633
13271255399000, 111.91011, -84.25235, 4.7760496
13271260218000, 111.5438, -84.52185, 4.7190466
13271265185000, 111.14036, -84.7972, 4.6545897
13271270196000, 110.7066, -85.06153, 4.5864797
13271275177000, 110.24767, -85.305176, 4.509338
13271280263000, 109.73527, -85.50099, 4.446068
13271285179000, 109.22324, -85.62727, 4.372468
13271290185000, 108.69737, -94.34995, 4.2999926
13271295261000, 108.20901, -94.42733, 4.207181
13271300225000, 107.7491, -94.64328, 4.1009445
13271305199000, 107.361885, -94.968445, 3.9640603
13271310187000, 107.00363, -95.40543, 3.7901177
13271315188000, 106.81282, -95.93863, 3.5936158
13271320157000, 106.68425, -96.53308, 3.3479598
13271325187000, 106.67262, -97.18145, 3.0644078
13271330253000, 106.80708, -97.813065, 2.7413824
13271335218000, 107.02508, -98.48056, 2.375874
13271340195000, 107.344284, -99.11083, 1.9925971
13271345233000, 107.700745, -99.751236, 1.5927678
13271350176000, 108.11002, -100.36918, 1.2221638
13271355184000, 108.49725, -100.97102, 0.85466427
13271360233000, 108.94953, -101.54347, 0.51509535
13271365212000, 109.37083, -102.072845, 0.18000305
13271370145000, 109.75857, -102.55479, -0.15587364
13271375188000, 110.2018, -102.94021, -0.45623922
13271380243000, 110.60576, -103.27975, -0.7586871
13271385179000, 111.05261, -103.44504, -1.0220366
13271390206000, 111.45246, -103.57331, -1.2674499
13271395221000, 111.84408, -103.530045, -1.4665897
13271400187000, 112.1541, -103.45076, -1.6390865
13271405172000, 112.39776, -103.15317, -1.7804829
13271410212000, 112.54429, -102.82703, -1.8890176
13271415182000, 112.67312, -102.4884, -1.9858671
13271420175000, 112.74468, -102.09785, -2.07308
13271425189000, 112.95045, -101.72314, -2.3376386
13271430305000, 113.1449, -101.328674, -2.6273096
13271435176000, 113.48048, -101.05674, -3.1421502
13271440171000, 113.873, -100.87888, -3.7275386
13271445219000, 114.39254, -100.9506, -4.6059694
13271450187000, 115.00239, -101.1824, -5.554389
13271455189000, 115.553696, -101.806755, -6.6254625
13271460215000, 116.06362, -102.54065, -7.6672535
13271465193000, 116.24967, -103.57123, -8.615955
13271470180000, 116.23287, -104.58408, -9.441791
13271475195000, 115.83328, -105.66993, -10.043339
13271480276000, 115.24942, -106.68187, -10.517755
13271485161000, 114.466194, -107.57494, -10.771046
13271490192000, 113.60629, -108.40677, -10.959308
13271495232000, 112.81542, -109.02046, -11.050882
13271500192000, 112.08898, -109.59544, -11.15787
13271505183000, 111.51228, -109.988144, -11.26568
13271510218000, 111.10289, -110.342316, -11.425183
13271515159000, 110.816086, -110.577385, -11.601437
13271520181000, 110.60263, -110.76216, -11.798967
13271525190000, 110.44323, -110.916115, -11.97678
13271530273000, 110.278015, -111.055336, -12.15577
13271535198000, 110.0702, -111.23557, -12.301541
13271540178000, 109.79514, -111.42436, -12.422165
13271545200000, 109.44677, -111.63141, -12.499305
13271550191000, 109.01432, -111.94118, -12.5485935
13271555179000, 108.55091, -112.27158, -12.570906
13271560270000, 108.08321, -112.65674, -12.593435
13271565219000, 107.65055, -113.0444, -12.609172
13271570191000, 107.312874, -113.413475, -12.673449
13271575192000, 107.029274, -113.761406, -12.7441845
13271580532000, 106.80892, -114.09814, -12.864265
13271585721000, 106.61775, -114.40097, -12.977045
13271590158000, 106.4356, -114.66038, -13.066799
13271595254000, 106.15838, -115.042625, -13.1861
13271600199000, 105.86298, -115.386856, -13.270234
13271605204000, 105.519585, -115.76179, -13.318023
13271610196000, 105.11864, -116.113266, -13.329217
13271615219000, 104.7163, -116.43884, -13.303705
13271620182000, 104.25221, -116.772705, -13.235203
13271625187000, 103.76493, -117.09393, -13.136486
13271630257000, 103.26258, -117.3938, -12.985809
13271635203000, 102.75212, -117.673706, -12.810351
13271640191000, 102.24744, -117.9207, -12.593232
13271645262000, 101.76017, -118.137085, -12.351635
13271650199000, 101.32154, -118.31947, -12.092576
13271655194000, 100.92597, -118.47711, -11.82469
13271660208000, 100.5708, -118.60939, -11.541883
13271665226000, 100.27665, -118.71372, -11.25509
13271670189000, 100.010956, -118.81719, -10.973783
13271675201000, 99.80221, -118.899796, -10.701547
13271680311000, 99.608925, -119.014145, -10.450122
13271685214000, 99.467094, -119.103905, -10.221026
13271690189000, 99.34546, -119.21088, -10.034114
13271695218000, 99.263794, -119.292175, -9.872575
13271700181000, 99.17242, -119.40546, -9.74765
13271705177000, 99.12815, -119.48781, -9.653114
13271710188000, 99.05358, -119.69288, -9.6643715
13271715188000, 98.9999, -119.849655, -9.6940565
13271720152000, 98.96408, -120.01106, -9.732303
13271725191000, 98.94241, -120.14697, -9.786581
13271730297000, 98.98682, -120.31783, -10.058596
13271735299000, 99.030334, -120.46129, -10.319202
13271740154000, 99.16481, -120.625534, -10.721545
13271745225000, 99.27975, -120.73944, -11.068898
13271750167000, 99.35074, -120.714424, -11.317539
13271755179000, 99.39527, -120.63246, -11.491586
13271760231000, 99.44128, -120.42843, -11.594099
13271765238000, 99.46326, -120.16768, -11.638202
13271770180000, 99.4636, -119.847534, -11.627302
13271775195000, 99.48843, -119.46336, -11.588138
13271780313000, 99.52629, -119.04608, -11.54164
13271785248000, 99.56359, -118.684586, -11.512531
13271790192000, 99.65321, -118.32178, -11.506968
13271795194000, 99.778305, -118.07532, -11.574799
13271800186000, 99.92781, -117.85312, -11.665229
13271805173000, 100.22044, -117.68244, -11.83404
13271810214000, 100.499596, -117.533806, -12.023477
13271815184000, 100.87749, -117.25583, -12.177232
13271820175000, 101.15188, -116.97981, -12.297455
13271825190000, 101.541214, -116.49602, -12.321061
13271830340000, 101.88936, -116.017586, -12.32244
13271835214000, 101.94906, -115.623375, -12.131233
13271840173000, 101.976814, -115.23935, -11.923219
13271845186000, 102.26372, -114.52258, -11.585861
13271850179000, 102.586235, -113.82529, -11.266815
13271855181000, 103.10847, -112.92861, -10.883456
13271860214000, 103.6253, -112.07748, -10.507492
13271865183000, 104.15475, -111.23921, -10.16252
13271870175000, 104.69807, -110.42726, -9.848118
13271875211000, 105.17515, -109.72761, -9.594233
13271880291000, 105.702484, -109.04105, -9.366125
13271885247000, 106.286804, -108.364746, -9.16104
13271890191000, 106.86884, -107.758, -9.016034
13271895262000, 107.50368, -107.15001, -8.877848
13271900184000, 108.14996, -106.5423, -8.752088
13271905182000, 108.831795, -105.935005, -8.62157
13271910222000, 109.496864, -105.32931, -8.487549
13271915203000, 110.164, -104.72242, -8.345971
13271920186000, 110.82958, -104.10393, -8.207346
13271925229000, 111.47993, -103.48661, -8.060402
13271930212000, 112.13381, -102.86138, -7.923653
13271935222000, 112.767746, -102.24494, -7.7795906
13271940263000, 113.37489, -101.64709, -7.651654
13271945222000, 113.96191, -101.063896, -7.5115237
13271950177000, 114.50613, -100.53144, -7.3877735
13271955230000, 115.02613, -100.02794, -7.2505107
13271960250000, 115.50525, -99.549545, -7.0995975
13271965110000, 115.94129, -99.101616, -6.9224057
13271970078000, 116.34212, -98.671974, -6.717806
13271975108000, 116.666504, -98.27834, -6.5048246
13271980128000, 116.945175, -97.89189, -6.2690997
13271985091000, 117.12719, -97.553055, -6.044407
13271990092000, 117.24183, -97.21831, -5.805552
13271995138000, 117.30637, -96.923225, -5.584979
13272000215000, 117.2583, -96.63677, -5.3584843
13272005154000, 117.12389, -96.37877, -5.156222
13272010215000, 116.92508, -96.13618, -4.9535947
13272015181000, 116.65069, -95.937805, -4.7773104
13272020221000, 116.3415, -95.75697, -4.6049414
13272025190000, 115.99378, -95.61235, -4.4558287
13272030268000, 115.645, -95.49356, -4.319076
13272035285000, 115.27471, -95.38365, -4.194712
13272040171000, 114.920395, -95.298325, -4.091332
13272045233000, 114.5914, -95.20841, -3.9860182
13272050177000, 114.27517, -95.14206, -3.8991416
13272055174000, 114.00341, -95.06923, -3.8075106
13272060220000, 113.745056, -95.01824, -3.7377257
13272065187000, 113.5369, -94.93505, -3.6436613
13272070154000, 113.34813, -94.86416, -3.5665224
13272075190000, 113.199165, -94.714294, -3.4173665
13272080258000, 113.07398, -94.568375, -3.2781718
13272085237000, 112.94473, -94.36352, -3.0735598
13272090182000, 112.82823, -94.16169, -2.8748646
13272095203000, 112.70409, -93.93654, -2.6465054
13272100190000, 112.55035, -93.71584, -2.4213428
13272105179000, 112.34944, -93.50747, -2.1961293
13272110219000, 112.09341, -93.30476, -1.9702555
13272115189000, 111.74679, -93.11537, -1.7374429
13272120182000, 111.33359, -92.92504, -1.5009519
13272125199000, 110.836845, -92.74293, -1.2631716
13272130323000, 110.27994, -92.55599, -1.0291308
13272135216000, 109.675934, -92.370186, -0.8050342
13272140191000, 109.04939, -92.174446, -0.6027701
13272145212000, 108.40728, -91.98157, -0.43500862
13272150189000, 107.769485, -91.78483, -0.28855622
13272155157000, 107.11812, -91.57208, -0.15257466
13272160227000, 106.490295, -91.37723, -0.037422612
13272165195000, 105.87741, -91.21364, 0.054523703
13272170183000, 105.31165, -91.07418, 0.12951586
13272175199000, 104.8378, -90.95297, 0.14511606
13272180291000, 104.45713, -90.85168, 0.1413748
13272185549000, 104.1138, -90.697044, 0.13267484
13272190184000, 103.90158, -90.55604, 0.09333115
13272195794000, 103.79611, -90.394165, 0.02376735
13272200193000, 103.75157, -90.26297, -0.062291335
13272205151000, 103.81765, -90.24437, -0.21365733
13272210217000, 103.90502, -90.37688, -0.37687892
13272215186000, 104.05396, -89.41507, -0.572825
13272220186000, 104.18643, -89.15107, -0.82427007
13272225192000, 104.3469, -88.85449, -1.1057225
13272230346000, 104.516426, -88.52253, -1.4166127
13272235226000, 104.71522, -88.16069, -1.7518271
13272240165000, 104.932816, -87.74606, -2.1190574
13272245224000, 105.16416, -87.326, -2.4839818
13272250191000, 105.405365, -86.90699, -2.8386707
13272255178000, 105.64532, -86.50237, -3.1716676
13272260196000, 105.8724, -86.15623, -3.419905
13272265189000, 106.06001, -85.84065, -3.6344116
13272270181000, 106.20781, -85.68666, -3.6857288
13272275191000, 106.315094, -85.5587, -3.7157931
13272280287000, 106.38217, -85.55609, -3.6546636
13272285252000, 106.44275, -85.57285, -3.5769777
13272290170000, 106.509796, -85.675285, -3.3920314
13272295261000, 106.6182, -85.78801, -3.1746721
13272300186000, 106.76297, -85.87559, -2.8636954
13272305177000, 106.90352, -85.96445, -2.4789777
13272310179000, 107.09277, -85.968895, -2.0192595
13272315189000, 107.25123, -85.93244, -1.525628
13272320152000, 107.3537, -85.905266, -1.004726
13272325194000, 107.430374, -85.84393, -0.47670314
13272330304000, 107.404434, -85.80319, -0.1634603
13272335240000, 107.363396, -85.77192, 0.13786237
13272340194000, 107.25213, -85.75727, 0.2978949
13272345232000, 107.13441, -85.74976, 0.44032952
13272350199000, 106.981895, -85.77456, 0.45013458
13272355180000, 106.82842, -85.78435, 0.45289412
13272360229000, 106.6617, -85.79532, 0.3845904
13272365227000, 106.5053, -85.78145, 0.3108383
13272370190000, 106.36987, -85.74174, 0.2365762
13272375190000, 106.25717, -85.68111, 0.16196278
13272380365000, 106.1801, -85.608696, 0.090846665
13272385227000, 106.13226, -85.508606, 0.0798364
13272390186000, 106.105736, -85.402504, 0.07378484
13272395238000, 106.14098, -85.2511, 0.14603984
13272400188000, 106.184425, -85.084816, 0.22839698
13272405180000, 106.295616, -84.85916, 0.39794707
13272410230000, 106.433136, -84.618286, 0.57293093
13272415187000, 106.6373, -84.27989, 0.8289371
13272420182000, 106.86256, -83.92758, 1.0906779
13272425199000, 107.12314, -83.50325, 1.4073448
13272430318000, 107.375595, -83.07938, 1.7270406
13272435212000, 107.608826, -82.64291, 2.0746384
13272440189000, 107.80669, -82.219505, 2.4188218
13272445217000, 107.950775, -81.84074, 2.7486546
13272450192000, 108.06739, -81.4798, 3.0658236
13272455182000, 108.156075, -81.17398, 3.3216925
13272460232000, 108.27048, -80.88946, 3.5541635
13272465189000, 108.395096, -80.62608, 3.697565
13272470179000, 108.55938, -80.37889, 3.819341
13272475200000, 108.74447, -80.13789, 3.8685403
13272480362000, 108.95566, -79.91589, 3.9102802
13272485224000, 109.16736, -79.72194, 3.9348543
13272490186000, 109.37847, -79.546814, 3.9646773
13272495193000, 109.51932, -79.39626, 4.0169
13272500193000, 109.62973, -79.270615, 4.0886016
13272505163000, 109.68936, -79.1753, 4.2081513
13272510230000, 109.70135, -79.095795, 4.334131
13272515184000, 109.67554, -79.04549, 4.522489
13272520186000, 109.60716, -79.016205, 4.7152686
13272525195000, 109.5233, -78.99634, 4.950576
13272530345000, 109.416565, -78.99365, 5.186075
13272535631000, 109.30686, -79.00495, 5.4485383
13272540196000, 109.19445, -79.03296, 5.708609
13272545228000, 109.068054, -79.13583, 5.9392586
13272550187000, 108.95914, -79.262436, 6.158602
13272555173000, 108.86896, -79.408585, 6.359067
13272560231000, 108.7758, -79.63635, 6.488131
13272565218000, 108.70503, -79.88723, 6.590108
13272570246000, 108.631676, -80.205246, 6.6184936
13272575193000, 108.5744, -80.55163, 6.6103506
13272580287000, 108.499054, -80.97646, 6.5222964
13272585239000, 108.43074, -81.43018, 6.39883
13272590179000, 108.35435, -81.895676, 6.2544036
13272595239000, 108.25917, -82.45317, 6.029583
13272600193000, 108.158585, -83.02647, 5.7847743
13272605179000, 108.05575, -83.66346, 5.4809136
13272610201000, 107.96643, -84.308784, 5.13625
13272615188000, 107.91074, -84.987076, 4.7251315
13272620251000, 107.89369, -85.63046, 4.2789893
13272625240000, 107.94925, -86.22734, 3.7716246
13272630310000, 108.082375, -93.31042, 3.2325099
13272635162000, 108.35509, -93.0347, 2.660285
13272640221000, 108.72584, -93.03376, 2.0676997
13272645191000, 109.309616, -93.081566, 1.5212809
13272650225000, 109.97073, -93.29721, 0.9719927
13272655184000, 110.70358, -93.55686, 0.52897155
13272660223000, 111.46552, -93.88095, 0.114941925
13272665218000, 112.13902, -94.160255, -0.13995072
13272670193000, 112.77161, -94.44189, -0.34785855
13272675199000, 113.38397, -94.73618, -0.50856715
13272680279000, 113.90488, -95.00811, -0.6067916
13272685186000, 114.46479, -95.27305, -0.52756613
13272690177000, 114.82823, -95.52531, -0.40986782
13272695204000, 115.11682, -95.72497, -0.22397272
13272700242000, 115.302475, -95.9259, 0.017485283
13272705097000, 115.36925, -96.095245, 0.2955248
13272710128000, 115.35541, -96.25432, 0.6174644
13272715100000, 115.25952, -96.38451, 0.96509326
13272720102000, 115.11126, -96.483025, 1.3330486
13272725107000, 114.91628, -96.56574, 1.7233696
13272730146000, 114.74155, -96.64869, 2.120298
13272735094000, 114.546394, -96.71665, 2.5290773
13272740092000, 114.34906, -96.78437, 2.9210074
13272745165000, 114.12265, -96.82023, 3.3006492
13272750210000, 113.8623, -96.82455, 3.633502
13272755152000, 113.56761, -96.77193, 3.9372478
13272760229000, 113.217545, -96.721596, 4.1678305
13272765228000, 112.844894, -96.59751, 4.3558884
13272770259000, 112.44305, -96.44619, 4.4603324
13272775190000, 112.08552, -96.24812, 4.5264053
13272780332000, 111.81068, -96.03052, 4.5092382
13272785258000, 111.575485, -95.817856, 4.4715886
13272790182000, 111.515465, -95.621025, 4.410626
13272795222000, 111.54527, -95.382706, 4.2518163
13272800195000, 111.691635, -95.21846, 4.101744
13272805182000, 111.990555, -95.0458, 3.9631035
13272810218000, 112.37064, -94.93124, 3.8428328
13272815190000, 112.89858, -94.82627, 3.7533624
13272820183000, 113.44717, -94.76119, 3.6852825
13272825197000, 114.03738, -94.716576, 3.6593032
13272830342000, 114.583374, -94.68698, 3.6580272
13272835225000, 115.07901, -94.68727, 3.7006583
13272840179000, 115.51273, -94.68906, 3.7661881
13272845219000, 115.881355, -94.71077, 3.8713658
13272850185000, 116.206345, -94.74124, 4.0010324
13272855179000, 116.525246, -94.78412, 4.1655617
13272860199000, 116.81269, -94.84627, 4.348495
13272865184000, 117.10436, -94.93365, 4.567228
13272870183000, 117.37301, -95.05693, 4.8075743
13272875219000, 117.651955, -95.21261, 5.0636477
13272880304000, 117.91555, -95.41463, 5.3407393
13272885154000, 118.16886, -95.649445, 5.625237
13272890185000, 118.40706, -95.942024, 5.940088
13272895189000, 118.602875, -83.75033, 6.246088
13272900188000, 118.78266, -83.402565, 6.57209
13272905150000, 118.90008, -83.04544, 6.8965764
13272910194000, 119.000595, -82.66381, 7.2346077
13272915182000, 119.017975, -82.301125, 7.5551443
13272920224000, 119.010765, -81.92804, 7.881385
13272925275000, 118.91541, -81.59501, 8.181505
13272930235000, 118.78226, -81.25617, 8.48617
13272935217000, 118.55836, -80.95987, 8.764032
13272940207000, 118.294106, -80.66219, 9.044
13272945221000, 117.95415, -80.39882, 9.302506
13272950241000, 117.57784, -80.13757, 9.56052
13272955200000, 117.15132, -79.90969, 9.792454
13272960239000, 116.69178, -79.68063, 10.029339
13272970234000, 115.68034, -79.29049, 10.440422
13272975436000, 115.13112, -79.13885, 10.603907
13272980255000, 114.565994, -78.98976, 10.767464
13272985548000, 113.941055, -78.89273, 10.875888
13272990185000, 113.346634, -78.798004, 10.983935
13272995220000, 112.70293, -78.75905, 11.034585
13273000220000, 112.06797, -78.72809, 11.075583
13273005188000, 111.45342, -78.71571, 11.09686
13273010221000, 110.88479, -78.78111, 11.039391
13273015186000, 110.3818, -78.86769, 10.96142
13273020200000, 110.02227, -79.04318, 10.795294
13273025283000, 109.79174, -79.23693, 10.613735
13273030332000, 109.63588, -79.44729, 10.412697
13273035181000, 109.64022, -79.68477, 10.186394
13273040173000, 109.68957, -79.94741, 9.935694
13273045222000, 109.85813, -80.23035, 9.666347
13273050180000, 110.12453, -80.51087, 9.404234
13273055175000, 110.42639, -80.792915, 9.141404
13273060217000, 110.75132, -81.0397, 8.912907
13273065231000, 111.07322, -81.27175, 8.698822
13273070177000, 111.373474, -81.424736, 8.558063
13273075253000, 111.66743, -81.55824, 8.435307
13273080246000, 111.96429, -81.62969, 8.3689785
13273085185000, 112.24876, -98.312, 8.311866
13273090153000, 112.50168, -98.281906, 8.276955
13273095225000, 112.73882, -98.255714, 8.2388
13273100160000, 112.98447, -98.26957, 8.243309
13273105203000, 113.201065, -98.27587, 8.237606
13273110154000, 113.369064, -98.282295, 8.232391
13273115220000, 113.48956, -98.27676, 8.217821
13273120179000, 113.53278, -98.27881, 8.214777
13273125259000, 113.51601, -98.26714, 8.206036
13273130212000, 113.42923, -98.26826, 8.214143
13273135182000, 113.281975, -98.2609, 8.2204895
13273140152000, 113.09697, -98.25589, 8.232514
13273145220000, 112.89241, -98.26724, 8.25813
13273150192000, 112.67993, -98.29032, 8.289374
13273155193000, 112.48479, -81.6667, 8.331426
13273160219000, 112.31962, -81.61675, 8.3702135
13273165266000, 112.19698, -81.552734, 8.411713
13273170224000, 112.11735, -81.482155, 8.452744
13273175243000, 112.0896, -81.40636, 8.490031
13273180269000, 112.08402, -81.32379, 8.530893
13273185204000, 112.12423, -81.239746, 8.568132
13273190188000, 112.17137, -81.15044, 8.609241
13273195224000, 112.219185, -81.0595, 8.650034
13273200224000, 112.26607, -80.969, 8.687809
13273205206000, 112.30948, -80.87728, 8.727095
13273210190000, 112.33484, -80.787865, 8.75776
13273215192000, 112.334885, -80.70005, 8.785925
13273220184000, 112.3048, -80.60878, 8.807312
13273225259000, 112.23802, -80.5082, 8.830472
13273230238000, 112.1398, -80.394936, 8.848873
13273235178000, 112.0024, -80.277855, 8.868763
13273240175000, 111.83974, -80.14633, 8.8855915
13273245196000, 111.64928, -80.01403, 8.901813
13273250190000, 111.45568, -79.87602, 8.916534
13273255174000, 111.262535, -79.732025, 8.939509
13273260192000, 111.082436, -79.59353, 8.965691
13273265212000, 110.92326, -79.464676, 8.9996605
13273270186000, 110.78188, -79.348, 9.043295
13273275240000, 110.64883, -79.25089, 9.093143
13273280251000, 110.55162, -79.17117, 9.151226
13273285184000, 110.467224, -79.110664, 9.207122
13273290179000, 110.407616, -79.08458, 9.270922
13273295211000, 110.35071, -79.060875, 9.334696
13273300207000, 110.3125, -79.05489, 9.40215
13273305196000, 110.27912, -79.06053, 9.46955
13273310212000, 110.25428, -79.07982, 9.536297
13273315206000, 110.2239, -79.17192, 9.528132
13273320204000, 110.19494, -79.26783, 9.522278
13273325269000, 110.14661, -79.37027, 9.4982395
13273330266000, 110.093254, -79.47327, 9.471143
13273335274000, 110.03903, -79.57485, 9.433388
13273340201000, 109.98258, -79.67789, 9.392872
13273345319000, 109.92779, -79.777306, 9.338691
13273350188000, 109.874794, -79.87259, 9.288082
13273355430000, 109.84896, -79.94761, 9.244037
13273360195000, 109.82384, -80.02319, 9.196879
13273365287000, 109.82238, -80.078415, 9.15661
13273370176000, 109.82394, -80.13405, 9.114969
13273375188000, 109.84226, -80.18543, 9.074658
13273380243000, 109.881294, -80.21557, 9.044479
13273385158000, 109.9302, -80.24373, 9.01184
13273390176000, 109.97949, -80.23642, 8.998711
13273395184000, 110.03183, -80.22966, 8.980258
13273400186000, 110.08515, -80.20091, 8.972079
13273405148000, 110.13152, -80.16817, 8.9623
13273410218000, 110.162735, -80.12889, 8.950697
13273415237000, 110.17123, -80.08084, 8.939948
13273420176000, 110.16209, -80.025055, 8.934548
13273425252000, 110.13057, -79.96502, 8.9261875
13273430317000, 110.06985, -79.9062, 8.919904
13273435231000, 109.99322, -79.84118, 8.91097
13273440175000, 109.90628, -79.7844, 8.896447
13273445225000, 109.80559, -79.7261, 8.880422
13273450187000, 109.704315, -79.673386, 8.861457
13273455186000, 109.60572, -79.61988, 8.84171
13273460193000, 109.515205, -79.56931, 8.825271
13273465216000, 109.429535, -79.52167, 8.805823
13273470183000, 109.3525, -79.470985, 8.790464
13273475201000, 109.29292, -79.42662, 8.77482
13273480249000, 109.23975, -79.38095, 8.761982
13273485258000, 109.20183, -79.33609, 8.749914
13273490151000, 109.178246, -79.29205, 8.737993
13273495220000, 109.16881, -79.25284, 8.725434
13273500167000, 109.14984, -79.22546, 8.7216215
13273505178000, 109.14682, -79.2019, 8.719857
13273510161000, 109.141754, -79.18518, 8.724277
13273515253000, 109.14995, -79.173325, 8.733039
13273520151000, 109.14344, -79.17335, 8.745899
13273525193000, 109.14283, -79.17162, 8.765857
13273530335000, 109.13962, -79.1838, 8.79119
13273535228000, 109.133675, -79.19901, 8.816413
13273540189000, 109.12834, -79.22328, 8.846316
13273545227000, 109.118706, -79.24925, 8.879978
13273550203000, 109.095856, -79.2865, 8.905061
13273555184000, 109.072754, -79.32101, 8.934482
13273561454000, 109.04657, -79.35232, 8.961571
13273565259000, 109.01646, -79.38331, 8.989935
13273570180000, 108.98294, -79.41053, 9.0121
13273575196000, 108.94859, -79.438965, 9.032959
13273580367000, 108.91068, -79.460625, 9.056468
13273585248000, 108.86438, -79.47864, 9.067169
13273590196000, 108.81746, -79.48977, 9.075176
13273595227000, 108.77461, -79.492004, 9.084408
13273600226000, 108.73951, -79.48989, 9.088091
13273605156000, 108.70306, -79.479805, 9.0859165
13273610221000, 108.67444, -79.47196, 9.078574
13273615226000, 108.651855, -79.45525, 9.0675955
13273620200000, 108.62796, -79.441025, 9.051499
13273625194000, 108.61887, -79.42264, 9.034628
13273630318000, 108.61004, -79.40665, 9.012699
13273635234000, 108.60369, -79.387375, 8.993511
13273640186000, 108.6024, -79.365364, 8.971361
13273645194000, 108.597374, -79.34341, 8.954389
13273650191000, 108.58796, -79.3171, 8.939597
13273655179000, 108.578255, -79.29384, 8.921305
13273660193000, 108.56198, -79.27292, 8.902168
13273665242000, 108.547, -79.244064, 8.894085
13273670180000, 108.530304, -79.21621, 8.881868
13273675200000, 108.51135, -79.19593, 8.874152
13273680291000, 108.49677, -79.17174, 8.870162
13273685229000, 108.481705, -79.1533, 8.867762
13273690185000, 108.46875, -79.13976, 8.861916
13273695190000, 108.45493, -79.12321, 8.861274
13273700196000, 108.44114, -79.11053, 8.860457
13273705149000, 108.417885, -79.11093, 8.863963
13273710197000, 108.39543, -79.10982, 8.869533
13273715282000, 108.38005, -79.1216, 8.879628
13273720180000, 108.363335, -79.13608, 8.889397
13273725210000, 108.35097, -79.14935, 8.901816
13273730329000, 108.33761, -79.169876, 8.914932
13273735222000, 108.3256, -79.18311, 8.929715
13273740189000, 108.32426, -79.19787, 8.94436
13273745195000, 108.32291, -79.21216, 8.958654
13273750190000, 108.332344, -79.22006, 8.969157
13273755202000, 108.34987, -79.23026, 8.979269
13273760200000, 108.36588, -79.23545, 8.9894
13273765273000, 108.389114, -79.23952, 9.000317
13273770185000, 108.405495, -79.25425, 9.001569
13273775227000, 108.42781, -79.265656, 9.002136
13273780367000, 108.44696, -79.28032, 8.999055
13273785224000, 108.463234, -79.29733, 8.995701
13273790509000, 108.4833, -79.31184, 8.992148
13273795231000, 108.4993, -79.32636, 8.987566
13273800166000, 108.513016, -79.343704, 8.978996
13273805186000, 108.526924, -79.35909, 8.9702
13273810188000, 108.537544, -79.37498, 8.9615965
13273815246000, 108.548546, -79.39015, 8.949968
13273820150000, 108.55946, -79.41485, 8.929943
13273825227000, 108.571175, -79.43075, 8.919502
13273830296000, 108.583496, -79.45378, 8.904052
13273835231000, 108.60225, -79.463295, 8.889755
13273840179000, 108.6179, -79.472755, 8.875178
13273845226000, 108.6366, -79.48493, 8.856138
13273850193000, 108.65481, -79.49267, 8.835785
13273855181000, 108.66983, -79.495125, 8.821521
13273860192000, 108.677574, -79.49449, 8.804611
13273865220000, 108.68838, -79.49841, 8.782274
13273870178000, 108.69296, -79.49692, 8.764538
13273875223000, 108.69922, -79.49388, 8.748073
13273880292000, 108.70781, -79.49055, 8.73204
13273885276000, 108.71771, -79.48504, 8.719273
13273890193000, 108.73128, -79.47761, 8.708341
13273895194000, 108.753136, -79.47201, 8.696333
13273900186000, 108.77503, -79.46337, 8.68884
13273905162000, 108.7964, -79.45703, 8.681628
13273910195000, 108.818665, -79.45069, 8.676754
13273915226000, 108.83639, -79.441414, 8.673355
13273920182000, 108.85587, -79.431816, 8.66867
13273925223000, 108.86414, -79.42741, 8.666411
13273930330000, 108.87478, -79.42145, 8.662378
13273935220000, 108.88145, -79.42565, 8.654349
13273940178000, 108.88941, -79.43032, 8.6433115
13273945195000, 108.89217, -79.4362, 8.633453
13273950194000, 108.89367, -79.4431, 8.621615
13273955184000, 108.89306, -79.443344, 8.614642
13273960204000, 108.89132, -79.44769, 8.607579
13273965240000, 108.89638, -79.4444, 8.602864
13273970181000, 108.90456, -79.44566, 8.597787
13273975191000, 108.91551, -79.447174, 8.589233
13273980302000, 108.92727, -79.446686, 8.58191
13273985230000, 108.937614, -79.45308, 8.569334
13273990195000, 108.94755, -79.457146, 8.561715
13273995190000, 108.96361, -79.46055, 8.554023
13274000187000, 108.98124, -79.46864, 8.545719
13274005198000, 108.99094, -79.482544, 8.536772
13274010189000, 108.99695, -79.48959, 8.531938
13274015472000, 108.996124, -79.5081, 8.52368
13274020181000, 108.993095, -79.52246, 8.519048
13274026427000, 108.98371, -79.534645, 8.51397
13274030324000, 108.97651, -79.54937, 8.509932
13274035226000, 108.96475, -79.56133, 8.506024
13274040187000, 108.95563, -79.56881, 8.505062
13274045251000, 108.949875, -79.57821, 8.50422
13274050193000, 108.946205, -79.584526, 8.504764
13274055183000, 108.94982, -79.58625, 8.509206
13274060191000, 108.94994, -79.5937, 8.512299
13274065248000, 108.95513, -79.60147, 8.515135
13274070179000, 108.95982, -79.60778, 8.519577
13274075221000, 108.965126, -79.618515, 8.518958
13274080331000, 108.96598, -79.631935, 8.521371
13274085184000, 108.970375, -79.64861, 8.520222
13274090196000, 108.972725, -79.67082, 8.516864
13274095257000, 108.97105, -79.68818, 8.515986
13274100184000, 108.9644, -79.70493, 8.51241
13274105182000, 108.95332, -79.72137, 8.514108
13274110195000, 108.94151, -79.7388, 8.51215
13274115229000, 108.920525, -79.75374, 8.510096
13274120155000, 108.89983, -79.76747, 8.508584
13274125187000, 108.87786, -79.78324, 8.50455
13274130257000, 108.84754, -79.79701, 8.489915
13274135185000, 108.81992, -79.812996, 8.477185
13274140148000, 108.78751, -79.828514, 8.4605055
13274145225000, 108.760956, -79.84416, 8.442955
13274150210000, 108.72687, -79.86146, 8.425528
13274155179000, 108.6975, -79.87894, 8.405142
13274161451000, 108.66872, -79.89535, 8.383476
13274165252000, 108.64569, -79.91417, 8.35982
13274170150000, 108.62065, -79.93367, 8.331688
13274175188000, 108.59752, -79.956245, 8.301528
13274180327000, 108.57846, -79.97782, 8.271409
13274185297000, 108.54967, -80.00446, 8.239735
13274190191000, 108.524925, -80.0308, 8.20731
13274195214000, 108.50298, -80.063934, 8.174723
13274200187000, 108.48195, -80.09639, 8.141258
13274205181000, 108.46817, -80.125786, 8.111049
13274210192000, 108.44924, -80.15857, 8.076641
13274215251000, 108.433754, -80.1732, 8.06314
13274220174000, 108.416115, -80.190674, 8.043284
13274225186000, 108.40085, -80.19569, 8.03347
13274230332000, 108.38623, -80.196106, 8.025886
13274235218000, 108.3723, -80.19586, 8.02012
13274240174000, 108.36167, -80.188736, 8.01827
13274245219000, 108.35489, -80.18676, 8.014069
13274250211000, 108.3495, -80.17959, 8.014365
13274255181000, 108.34874, -80.15879, 8.028894
13274260186000, 108.34482, -80.13535, 8.044666
13274265254000, 108.339134, -80.11339, 8.062401
13274270175000, 108.3322, -80.08344, 8.08582
13274275213000, 108.32284, -80.06561, 8.106436
13274280291000, 108.31256, -80.043594, 8.129749
13274285274000, 108.29203, -80.023155, 8.154681
13274290179000, 108.26588, -80.002235, 8.182127
13274295196000, 108.23925, -79.994446, 8.20043
13274300193000, 108.21436, -79.98515, 8.223589
13274305155000, 108.18568, -79.98753, 8.236984
13274310193000, 108.16109, -79.99624, 8.248233
13274315220000, 108.1334, -80.0001, 8.261921
13274320180000, 108.10884, -80.00664, 8.271043
13274325193000, 108.076935, -80.01539, 8.278538
13274330323000, 108.0526, -80.02216, 8.285307
13274335155000, 108.02194, -80.03353, 8.287137
13274340188000, 107.99002, -80.04186, 8.289202
13274345193000, 107.96792, -80.048775, 8.291095
13274350192000, 107.941635, -80.05897, 8.2919855
13274355195000, 107.91881, -80.06131, 8.293074
13274360214000, 107.89794, -80.06554, 8.291896
13274365445000, 107.87646, -80.06318, 8.295347
13274370181000, 107.85789, -80.05749, 8.299409
13274375280000, 107.83653, -80.05235, 8.304117
13274380260000, 107.81734, -80.05045, 8.3056
13274385154000, 107.80497, -80.039894, 8.316862
13274390177000, 107.796036, -80.03665, 8.320397
13274395201000, 107.7894, -80.03011, 8.330173
13274400191000, 107.78543, -80.018196, 8.341991
13274405178000, 107.783005, -80.00683, 8.357774
13274410189000, 107.78887, -79.99957, 8.367231
13274415213000, 107.79238, -79.99085, 8.382286
13274420176000, 107.80202, -79.98637, 8.391541
13274425211000, 107.812614, -79.9836, 8.402017
13274430264000, 107.817276, -79.97968, 8.415557
13274435264000, 107.819046, -79.98098, 8.4228945
13274440173000, 107.82214, -79.97921, 8.434995
13274445219000, 107.826164, -79.97748, 8.445294
13274450195000, 107.82922, -79.97913, 8.453421
13274455182000, 107.834946, -79.97883, 8.461348
13274460194000, 107.83838, -79.97764, 8.46546
13274465233000, 107.845535, -79.97593, 8.471555
13274470180000, 107.85379, -79.97107, 8.476594
13274475186000, 107.85976, -79.967545, 8.483097
13274480255000, 107.872536, -79.95835, 8.490866
13274485186000, 107.88115, -79.947624, 8.502395
13274490184000, 107.907715, -79.94838, 8.507743
13274495227000, 107.93137, -79.94846, 8.514556
13274500206000, 107.95744, -79.94655, 8.523997
13274505185000, 107.982025, -79.941475, 8.5371
13274510771000, 107.99932, -79.94623, 8.5409
13274515263000, 108.012314, -79.94805, 8.546039
13274520151000, 108.02272, -79.94586, 8.555469
13274525188000, 108.03044, -79.948845, 8.558327
13274530289000, 108.032234, -79.94775, 8.565586
13274540186000, 108.039055, -79.940765, 8.574888
13274545225000, 108.04393, -79.9372, 8.583396
13274550187000, 108.0528, -79.93051, 8.592606
13274555180000, 108.06696, -79.920944, 8.604853
13274560207000, 108.08044, -79.916306, 8.612896
13274565258000, 108.09882, -79.90566, 8.621969
13274570182000, 108.119736, -79.89498, 8.631517
13274575213000, 108.15286, -79.88835, 8.636209
13274580300000, 108.18278, -79.87958, 8.640811
13274585264000, 108.20958, -79.87361, 8.644761
13274590196000, 108.24084, -79.869194, 8.6444
13274595190000, 108.26817, -79.8648, 8.6502285
13274600192000, 108.29434, -79.86032, 8.652956
13274605182000, 108.320595, -79.853424, 8.658343
13274610184000, 108.34615, -79.85107, 8.658755
13274615234000, 108.37099, -79.851105, 8.662625
13274620195000, 108.395256, -79.85141, 8.665914
13274625261000, 108.423775, -79.84812, 8.676526
13274630242000, 108.45045, -79.84667, 8.685223
13274635224000, 108.479, -79.84419, 8.694562
13274640192000, 108.50357, -79.84467, 8.702625
13274645224000, 108.52878, -79.84145, 8.711028
13274650197000, 108.54312, -79.83756, 8.723121
13274655257000, 108.55695, -79.83239, 8.734959
13274660258000, 108.57283, -79.82294, 8.756088
13274665329000, 108.58734, -79.8121, 8.777183
13274670229000, 108.608574, -79.79951, 8.799093
13274675196000, 108.628265, -79.7867, 8.823984
13274680504000, 108.645645, -79.7765, 8.843841
13274685186000, 108.66263, -79.767654, 8.866357
13274690214000, 108.68335, -79.748085, 8.901299
13274695232000, 108.69655, -79.73264, 8.931732
13274700187000, 108.71183, -79.71534, 8.964595
13274705184000, 108.72098, -79.70817, 8.982351
13274710210000, 108.72416, -79.69985, 9.000712
13274715229000, 108.73074, -79.69285, 9.013614
13274720180000, 108.72589, -79.68471, 9.027621
13274725182000, 108.72915, -79.67239, 9.040548
13274730305000, 108.72374, -79.6626, 9.050576
13274735189000, 108.72184, -79.647354, 9.062245
13274740188000, 108.72044, -79.63713, 9.070844
13274745231000, 108.71675, -79.61875, 9.0825
13274750223000, 108.71504, -79.60534, 9.091696
13274755186000, 108.70687, -79.59288, 9.101465
13274760223000, 108.699715, -79.5805, 9.112618
13274765252000, 108.69168, -79.5732, 9.120827
13274770181000, 108.68408, -79.56658, 9.1301155
13274775189000, 108.67843, -79.56434, 9.137693
13274780320000, 108.67209, -79.56337, 9.144732
13274785185000, 108.66993, -79.572586, 9.14577
13274790185000, 108.66603, -79.584564, 9.1454525
13274795191000, 108.65691, -79.58861, 9.149711
13274800190000, 108.64711, -79.59768, 9.152195
13274805163000, 108.634415, -79.60358, 9.154748
13274810197000, 108.62673, -79.61067, 9.156658
13274815310000, 108.617485, -79.61825, 9.157917
13274820181000, 108.61747, -79.62712, 9.158257
13274825195000, 108.61214, -79.62701, 9.16346
13274830332000, 108.61862, -79.63014, 9.165365
13274835181000, 108.61839, -79.63552, 9.166836
13274840185000, 108.62355, -79.643196, 9.163676
13274845206000, 108.6309, -79.64476, 9.16731
13274850192000, 108.63667, -79.645935, 9.167953
13274855185000, 108.64537, -79.6572, 9.162451
13274860189000, 108.65362, -79.660515, 9.160469
13274865243000, 108.65739, -79.663345, 9.1610775
13274870179000, 108.65906, -79.66216, 9.167707
13274875185000, 108.66105, -79.66116, 9.170012
13274880328000, 108.66076, -79.66157, 9.173498
