#Angle around the z x y axes.
#timestamp(ns), Azimuth , Pitch, Roll (degrees)
#Datetime: 11/07/2014 10:11:33
##########################################
#Activity: 5 - STU - Stairs up - 10s
#Subject ID: 12
#First Name: sub12
#Last Name: sub12
#Age: 29
#Height(cm): 178
#Weight(kg): 83
#Gender: Male
##########################################

@DATA
834625117000, 72.225685, -118.18457, 27.930803
834629961000, 68.60991, -117.35324, 27.264854
834634954000, 71.94257, -118.07988, 27.918459
834639938000, 70.03721, -118.696785, 28.479643
834644938000, 69.80512, -118.58235, 28.446682
834649944000, 69.58408, -118.511444, 28.413307
834654996000, 69.36691, -118.44349, 28.376402
834659962000, 69.155365, -118.38042, 28.337927
834664978000, 68.94341, -118.32233, 28.299006
834669978000, 68.767845, -118.26759, 28.25703
834674993000, 68.557205, -118.213264, 28.210752
834679998000, 68.37159, -118.17545, 28.175447
834684978000, 68.201485, -61.868332, 28.1292
834689970000, 68.0231, -61.90393, 28.086786
834694990000, 67.85555, -61.93011, 28.049109
834699972000, 67.684, -62.003666, 27.957169
834704906000, 67.5201, -62.070206, 27.867037
834709896000, 67.3684, -62.126125, 27.783085
834714907000, 67.23418, -62.178764, 27.697906
834719901000, 67.113, -62.226048, 27.615847
834724900000, 67.006195, -62.26837, 27.536448
834729886000, 66.91839, -62.307785, 27.45943
834734901000, 66.84721, -62.349457, 27.382442
834739897000, 66.80178, -62.39268, 27.3064
834744867000, 66.84783, -62.461964, 27.214243
834749927000, 66.88373, -62.530453, 27.141087
834754897000, 66.96872, -62.607246, 27.058647
834759894000, 67.10812, -62.709404, 26.963833
834764903000, 67.25539, -62.79957, 26.891691
834769903000, 67.40718, -62.898693, 26.810585
834774896000, 67.55302, -62.99936, 26.726597
834779885000, 67.70139, -63.09147, 26.65072
834784903000, 67.83476, -63.186985, 26.570854
834790225000, 67.96243, -63.280785, 26.491377
834795055000, 68.0779, -63.377625, 26.407166
834800134000, 68.18217, -63.466778, 26.329231
834805042000, 68.27539, -63.555676, 26.250404
834809988000, 68.36158, -63.642925, 26.172094
834815046000, 68.4411, -63.72619, 26.096537
834819999000, 68.515594, -63.805183, 26.024696
834824997000, 68.58756, -63.882004, 25.954754
834829977000, 68.65765, -63.957436, 25.885447
834834997000, 68.73753, -64.03029, 25.819502
834840002000, 68.811905, -64.09754, 25.758633
834844945000, 68.896545, -64.16945, 25.693727
834850260000, 68.985695, -64.23853, 25.631618
834854999000, 69.07639, -64.30377, 25.573334
834860371000, 69.16852, -64.37007, 25.514027
834865047000, 69.25223, -64.43429, 25.456139
834869998000, 69.34015, -64.49801, 25.398521
834874996000, 69.41392, -64.55794, 25.343763
834879971000, 69.48587, -64.6171, 25.28939
834885060000, 69.54454, -64.67689, 25.233694
834890090000, 69.59255, -64.73417, 25.179893
834894982000, 69.62353, -64.78684, 25.129393
834900216000, 69.68932, -64.839195, 25.084063
834905066000, 69.74125, -64.88702, 25.04263
834910002000, 69.79554, -64.930466, 25.00477
834915002000, 69.85324, -64.97413, 24.96691
834919997000, 69.91891, -65.02046, 24.926529
834924993000, 69.994896, -65.05848, 24.894815
834929979000, 70.07288, -65.09982, 24.85948
834934992000, 70.1569, -65.13951, 24.825748
834939992000, 70.23566, -65.17644, 24.794111
834945082000, 70.32197, -65.2096, 24.765936
834955091000, 70.40563, -65.24045, 24.73932
834959996000, 70.49206, -65.26887, 24.71488
834964998000, 70.58394, -65.28921, 24.69781
834969999000, 70.68774, -65.31467, 24.675413
834974991000, 70.7967, -65.33667, 24.656094
834979983000, 70.898766, -65.357666, 24.63721
834985068000, 71.00229, -65.377914, 24.618729
834989991000, 71.10401, -65.403534, 24.594458
834994996000, 71.1935, -65.42867, 24.570261
835000351000, 71.28636, -65.44474, 24.554905
835005039000, 71.38496, -65.472046, 24.527922
835009993000, 71.48108, -114.5024, 24.502327
835014992000, 71.584915, -114.47853, 24.477995
835019998000, 71.68483, -114.45202, 24.4505
835025001000, 71.779465, -114.42076, 24.41785
835029968000, 71.86859, -114.392944, 24.388142
835035069000, 71.94749, -114.362015, 24.355003
835039992000, 72.01753, -114.33427, 24.32481
835044946000, 72.0834, -114.30571, 24.293463
835050099000, 72.13702, -114.27734, 24.262348
835055049000, 72.18586, -114.253784, 24.23621
835059987000, 72.2281, -114.22927, 24.209057
835065000000, 72.26452, -114.210464, 24.187933
835070067000, 72.298676, -114.19065, 24.165781
835074966000, 72.33573, -114.17506, 24.148209
835079983000, 72.37371, -114.16168, 24.132608
835085067000, 72.41846, -114.14798, 24.11664
835090060000, 72.4645, -114.13718, 24.103687
835095061000, 72.51237, -114.12446, 24.08848
835100085000, 72.56781, -114.082054, 24.046007
835105003000, 72.62619, -114.039185, 24.00344
835109994000, 72.68577, -113.99842, 23.962542
835115670000, 72.73706, -113.95825, 23.92254
835120044000, 72.79671, -113.919495, 23.884003
835124992000, 72.85267, -113.88064, 23.845156
835129968000, 72.91007, -113.843704, 23.808247
835134987000, 72.96761, -113.804665, 23.76922
835139996000, 73.021286, -113.76592, 23.730076
835144980000, 73.07905, -113.72535, 23.689028
835150119000, 73.13153, -113.685585, 23.6486
835155003000, 73.185295, -113.64593, 23.607777
835159997000, 73.23581, -113.60333, 23.563978
835165055000, 73.28194, -113.56517, 23.524384
835170004000, 73.32586, -113.52625, 23.484076
835174994000, 73.36081, -113.48843, 23.445032
835179978000, 73.38349, -113.452675, 23.408182
835186050000, 73.40244, -113.416725, 23.371386
835189975000, 73.414764, -113.38334, 23.337318
835195085000, 73.42075, -113.350006, 23.30343
835200002000, 73.432175, -113.31882, 23.271421
835204994000, 73.4456, -113.287964, 23.239511
835210087000, 73.46693, -113.26212, 23.212517
835215003000, 73.49034, -113.23468, 23.183477
835220061000, 73.52138, -113.208176, 23.155647
835225001000, 73.54808, -113.186165, 23.132103
835229990000, 73.57515, -113.16376, 23.108551
835235069000, 73.594284, -113.136826, 23.080795
835239996000, 73.60793, -113.11519, 23.058931
835244975000, 73.61404, -113.08829, 23.031725
835250139000, 73.61291, -113.06482, 23.008545
835255245000, 73.60421, -113.034515, 22.978767
835260001000, 73.59599, -113.008316, 22.952745
835264988000, 73.57788, -112.98266, 22.927681
835270001000, 73.561165, -112.95614, 22.901447
835274995000, 73.54215, -112.93208, 22.877678
835279977000, 73.52673, -112.90984, 22.855806
835284983000, 73.51276, -112.89145, 22.83725
835289968000, 73.50459, -112.87584, 22.821512
835294976000, 73.49949, -112.86157, 22.806921
835300410000, 73.500336, -112.8499, 22.794518
835305045000, 73.53214, -112.843285, 22.784222
835309997000, 73.56414, -112.836136, 22.77303
835314980000, 73.5958, -112.81927, 22.752417
835320052000, 73.62882, -112.79982, 22.7294
835324949000, 73.654724, -112.775986, 22.70263
835329983000, 73.68393, -112.75707, 22.681234
835335051000, 73.71231, -112.72225, 22.647041
835339993000, 73.74548, -112.69833, 22.623812
835344994000, 73.77871, -112.65805, 22.587505
835350117000, 73.81881, -112.61794, 22.551203
835354992000, 73.86466, -112.56256, 22.501364
835359997000, 73.912865, -112.511215, 22.455137
835364986000, 73.97531, -112.43854, 22.386295
835370000000, 74.04429, -112.36931, 22.320526
835374990000, 74.13044, -112.28219, 22.235386
835379987000, 74.21791, -112.193886, 22.148468
835385043000, 74.33416, -112.08342, 22.03702
835389994000, 74.45248, -111.97321, 21.925436
835395086000, 74.600426, -111.843155, 21.792856
835399984000, 74.74839, -111.71154, 21.657988
835404918000, 74.94562, -111.54962, 21.486847
835409994000, 75.14159, -111.38686, 21.313137
835414912000, 75.40677, -111.20392, 21.11417
835420059000, 75.674965, -111.01873, 20.910772
835424889000, 76.051025, -110.79329, 20.660679
835429942000, 76.42989, -110.57178, 20.411825
835435093000, 76.81737, -110.35434, 20.1669
835440373000, 77.211914, -110.14617, 19.929409
835445073000, 77.60945, -109.93874, 19.692688
835450117000, 78.01474, -109.7407, 19.465267
835454961000, 78.405685, -109.549675, 19.242664
835459963000, 78.80447, -109.36483, 19.026388
835464958000, 79.200096, -109.18265, 18.810844
835469971000, 79.60378, -109.00279, 18.59777
835475316000, 80.00866, -108.82998, 18.389538
835479941000, 80.42105, -108.652664, 18.17596
835484951000, 80.837166, -108.46554, 17.953617
835489965000, 81.256325, -108.27679, 17.73015
835494976000, 81.672775, -108.08644, 17.505537
835500129000, 82.08418, -107.878006, 17.26913
835504969000, 82.485504, -107.66274, 17.0285
835510448000, 82.86496, -107.426506, 16.773615
835514972000, 83.22355, -107.18743, 16.51852
835519968000, 83.57372, -106.91963, 16.242634
835524936000, 83.9082, -106.645256, 15.964853
835529946000, 84.23041, -106.34457, 15.671449
835534963000, 84.540924, -106.03545, 15.374302
835539944000, 84.84522, -105.687126, 15.053155
835544978000, 85.13557, -105.33403, 14.733233
835549996000, 85.44616, -104.93726, 14.382738
835554960000, 85.733696, -104.53653, 14.036249
835559947000, 86.01675, -104.10233, 13.667504
835564987000, 86.283844, -103.66292, 13.303206
835569929000, 86.460846, -103.22574, 12.956297
835574932000, 86.61932, -102.79081, 12.606883
835580185000, 86.69505, -102.35068, 12.253319
835584996000, 86.74843, -101.92228, 11.888938
835589955000, 86.72129, -101.53272, 11.531837
835594946000, 86.6528, -78.82534, 11.156163
835600082000, 86.51905, -79.126884, 10.771646
835604973000, 86.3395, -79.37231, 10.36442
835609957000, 86.10043, -79.53817, 9.951208
835614970000, 85.823105, -79.62938, 9.512982
835619960000, 85.52626, -79.63288, 9.077399
835624958000, 85.23319, -79.56527, 8.619737
835629949000, 84.96775, -79.3978, 8.194992
835635081000, 84.75585, -79.1845, 7.7488756
835639963000, 84.58919, -78.844536, 7.3538966
835644960000, 84.5005, -78.473335, 6.9442577
835650266000, 84.48057, -77.96851, 6.5735245
835654936000, 84.520645, -77.42801, 6.198647
835659912000, 84.67054, -76.77328, 5.8827095
835664955000, 84.8806, -76.049355, 5.5876656
835669896000, 85.15987, -75.220116, 5.3578815
835674936000, 85.4738, -74.34816, 5.148858
835679909000, 85.8159, -73.36545, 4.9848394
835684935000, 86.217026, -72.38119, 4.840574
835689904000, 86.641525, -71.450356, 4.689212
835694944000, 87.09631, -70.537575, 4.567617
835704893000, 88.14167, -68.99238, 4.2497134
835709843000, 88.766495, -68.35132, 4.024839
835714879000, 89.39734, -67.73618, 3.812831
835719864000, 90.00922, -67.28471, 3.4902194
835724878000, 90.61358, -66.88506, 3.1465535
835729867000, 91.07667, -66.57259, 2.6397843
835734883000, 91.53544, -66.28668, 2.1121283
835739870000, 92.04653, -65.9894, 1.556754
835744878000, 92.55412, -65.69673, 1.0027826
835749897000, 93.119896, -65.32511, 0.46041086
835754962000, 93.722435, -64.93609, -0.051094938
835760323000, 94.43207, -64.44118, -0.51963764
835765663000, 95.19834, -63.92095, -0.9494568
835770332000, 96.0698, -63.316288, -1.3340701
835774962000, 96.994835, -62.682446, -1.6710564
835779954000, 97.99611, -61.949715, -1.9671272
835785115000, 99.05636, -61.212383, -2.2304084
835789909000, 100.11249, -60.46297, -2.4562142
835794975000, 101.19092, -59.688427, -2.6169682
835799967000, 102.28315, -58.915657, -2.7609837
835805106000, 103.38834, -58.16035, -2.8459575
835809893000, 104.52096, -57.423477, -2.8946378
835814983000, 105.63291, -56.665825, -2.919491
835820000000, 106.74145, -55.937656, -2.8948584
835824995000, 107.82265, -55.141148, -2.9365933
835829976000, 108.883675, -54.376957, -2.9467309
835835409000, 109.96733, -53.7054, -2.9502635
835840005000, 111.01905, -53.051636, -2.9427686
835844964000, 112.025764, -52.430614, -2.8957076
835850111000, 113.015686, -51.814373, -2.8771555
835854993000, 113.96173, -51.281345, -2.783885
835860003000, 114.88434, -50.75116, -2.6910405
835864988000, 115.862076, -50.19176, -2.6318133
835869999000, 116.87485, -49.655087, -2.5639677
835874991000, 117.8293, -49.1084, -2.4686646
835879990000, 118.8153, -48.594242, -2.3737788
835885059000, 119.726265, -48.127075, -2.2567878
835890003000, 120.59691, -47.689587, -2.133081
835894988000, 121.42082, -47.243256, -2.0586212
835900087000, 122.231415, -46.831352, -2.002126
835905326000, 123.11838, -46.327988, -1.9636694
835910049000, 124.01046, -45.842262, -1.9575269
835914977000, 124.81074, -45.343945, -1.9777975
835920000000, 125.66905, -44.869576, -1.991753
835924991000, 126.43546, -44.45855, -1.9881355
835930070000, 127.19219, -44.082813, -1.9820653
835935080000, 127.96348, -43.677574, -1.9751849
835939999000, 128.7283, -43.292305, -1.9745783
835944939000, 129.50801, -42.881863, -1.9667445
835950265000, 130.28035, -42.48019, -1.9323921
835954998000, 131.05817, -42.096756, -1.9251248
835959998000, 131.83426, -41.732956, -1.9016877
835964974000, 132.56438, -41.386456, -1.9081225
835970000000, 133.30618, -41.066166, -1.9126256
835975329000, 133.99706, -40.76268, -1.9393098
835979984000, 134.66612, -40.496605, -1.9385257
835985072000, 135.29001, -40.229313, -1.9884948
835990000000, 135.8808, -39.993958, -2.0312831
835994940000, 136.39104, -39.805405, -2.0931876
835999982000, 136.88861, -39.6323, -2.1690173
836004951000, 137.33241, -39.506035, -2.2439806
836010001000, 137.75426, -39.38082, -2.3225572
836015079000, 138.15373, -39.248386, -2.4123437
836020113000, 138.55194, -39.106613, -2.4889848
836024998000, 138.98509, -38.797836, -2.5629756
836029984000, 139.42166, -38.481945, -2.6262753
836035052000, 139.83975, -38.160473, -2.693665
836039991000, 140.26212, -37.842922, -2.7544851
836045347000, 140.68144, -37.49903, -2.8262966
836050268000, 141.10193, -37.18134, -2.8962097
836054988000, 141.48036, -36.858288, -3.0052278
836059993000, 141.83853, -36.57037, -3.129462
836064979000, 142.12677, -36.304367, -3.2846324
836070053000, 142.37172, -36.072403, -3.4569664
836075005000, 142.6014, -35.91301, -3.6049163
836079990000, 142.80171, -35.800232, -3.750807
836085375000, 143.06026, -35.810936, -3.7650514
836089999000, 143.31862, -35.877197, -3.756153
836095170000, 143.78264, -35.91662, -3.610598
836099968000, 144.26884, -35.998898, -3.415319
836105244000, 144.77962, -36.0624, -2.9541152
836109998000, 145.27164, -36.163166, -2.4066126
836114994000, 145.77773, -36.25165, -1.9115847
836120002000, 146.26392, -36.38645, -1.381062
836124953000, 146.72568, -36.552593, -0.8807474
836129978000, 147.13287, -36.798958, -0.34599727
836134947000, 147.51889, -37.102837, 0.14695933
836139990000, 147.9289, -37.547188, 0.50301653
836144970000, 148.35988, -38.02527, 0.76918256
836150004000, 148.60469, -39.005726, 0.8490587
836154906000, 148.79665, -39.95457, 0.83271885
836160671000, 148.81041, -41.151314, 0.6914019
836164930000, 148.79707, -42.33027, 0.5513362
836169996000, 148.72849, -43.622013, 0.43715766
836174955000, 148.62088, -44.847736, 0.33990118
836179980000, 148.55548, -45.990177, 0.35403657
836185095000, 148.45465, -47.092648, 0.3959637
836190000000, 148.40105, -48.040504, 0.509281
836195043000, 148.2977, -48.970867, 0.6221127
836199974000, 148.18286, -49.822548, 0.7109717
836205065000, 148.02863, -50.672768, 0.80342823
836210072000, 147.84964, -51.523727, 0.8622004
836214989000, 147.6136, -52.371117, 0.9007325
836220042000, 147.35152, -53.24106, 0.9267331
836224993000, 147.05457, -54.093124, 0.95790327
836230046000, 146.69408, -55.019627, 1.0108964
836235053000, 146.32112, -55.931816, 1.091121
836240079000, 145.89919, -56.871815, 1.2138991
836244983000, 145.48814, -57.79247, 1.3906305
836250079000, 145.05124, -58.750584, 1.6173542
836255056000, 144.64357, -59.676712, 1.8785102
836259990000, 144.2129, -60.63415, 2.1866856
836264992000, 143.82787, -61.53386, 2.521932
836269997000, 143.40973, -62.46144, 2.848116
836274995000, 143.05539, -63.326702, 3.1856449
836279980000, 142.69495, -64.19846, 3.4844398
836285103000, 142.40445, -65.01321, 3.7898676
836289995000, 142.14627, -65.84099, 4.035499
836295003000, 141.94853, -66.63683, 4.27094
836300186000, 141.79993, -67.457695, 4.4261622
836305047000, 141.69872, -68.25791, 4.563434
836309996000, 141.65434, -69.063, 4.634976
836314980000, 141.6435, -69.854195, 4.6840158
836319957000, 141.6923, -70.615425, 4.6911435
836325002000, 141.79787, -71.34958, 4.691187
836329935000, 141.93715, -72.06048, 4.677224
836335070000, 142.17607, -72.75436, 4.6730604
836339889000, 142.4504, -73.327675, 4.6218057
836344966000, 142.79765, -73.88521, 4.5638323
836349943000, 143.23962, -74.37253, 4.476548
836355053000, 143.75006, -74.827965, 4.389693
836359885000, 144.36446, -75.22783, 4.2916727
836365065000, 145.06134, -75.59935, 4.197429
836369923000, 145.81128, -75.935745, 4.099089
836375002000, 146.59595, -76.23604, 3.9954727
836379988000, 147.4658, -76.497635, 4.0242906
836385045000, 148.33987, -76.745605, 4.0375466
836389961000, 149.2525, -76.928024, 4.1302958
836395061000, 150.14204, -77.106, 4.2126875
836399965000, 151.13808, -77.253265, 4.3042765
836405066000, 152.10188, -77.40091, 4.378189
836409990000, 153.10776, -77.54467, 4.4410324
836414979000, 154.07927, -77.70566, 4.485861
836419997000, 155.06924, -77.862656, 4.5013204
836424996000, 156.00644, -78.03516, 4.4893603
836429963000, 156.90886, -78.224884, 4.454098
836435055000, 157.70586, -78.413216, 4.3865805
836439932000, 158.41554, -78.677864, 4.283494
836444961000, 159.01984, -78.942276, 4.160621
836450150000, 159.50925, -79.24308, 4.0004616
836455071000, 159.7462, -79.68345, 3.836889
836460176000, 159.77013, -80.323204, 3.6711152
836464998000, 159.7005, -80.992256, 3.4750655
836470264000, 159.6095, -81.62292, 3.217962
836474993000, 159.47223, -82.26774, 2.9517934
836479955000, 159.48727, -82.782875, 2.6716487
836485821000, 159.52277, -83.27006, 2.4143531
836489939000, 159.582, -83.7223, 2.1934276
836495060000, 159.82857, -84.03805, 2.033364
836499966000, 160.11067, -84.3124, 1.91975
836504960000, 160.37424, -84.49838, 1.953692
836509900000, 160.67693, -84.62958, 2.0350611
836514996000, 160.98557, -84.68017, 2.2143795
836519900000, 161.32533, -84.67245, 2.423513
836524927000, 161.69586, -84.60117, 2.692503
836530042000, 162.07477, -84.49097, 2.9754975
836534941000, 162.47552, -84.380424, 3.2465258
836539909000, 162.85109, -84.249535, 3.5207372
836544998000, 163.22446, -84.18434, 3.7446465
836550099000, 163.55966, -84.1011, 3.974322
836555831000, 163.82732, -84.0809, 4.1870966
836559939000, 164.08427, -84.04746, 4.400563
836564956000, 164.25227, -84.05245, 4.5934815
836569968000, 164.43788, -84.03462, 4.7913513
836575086000, 164.62386, -84.03784, 4.9583488
836580133000, 164.8477, -84.02157, 5.1280513
836585118000, 165.16068, -84.02709, 5.2547483
836590095000, 165.51164, -84.023285, 5.3781486
836594977000, 165.92975, -84.031105, 5.462868
836600000000, 166.37257, -84.034256, 5.5434985
836604961000, 166.8634, -84.05371, 5.597028
836609984000, 167.36163, -84.0751, 5.63994
836614963000, 167.92635, -84.10281, 5.658353
836619981000, 168.4883, -84.13071, 5.6732078
836625250000, 169.11928, -84.185326, 5.6518397
836629999000, 169.73573, -84.236595, 5.6301174
836635417000, 170.36604, -84.3292, 5.5653963
836639986000, 170.98224, -84.399734, 5.517264
836646229000, 171.51729, -84.47827, 5.4520226
836649970000, 172.04515, -84.53006, 5.3994627
836654911000, 172.41716, -84.56098, 5.36581
836659916000, 172.77057, -84.563416, 5.337409
836664911000, 173.10858, -84.56825, 5.2936435
836669923000, 173.36816, -84.474754, 5.319576
836674903000, 173.61803, -84.364716, 5.3263116
836679922000, 173.82973, -84.15759, 5.3871436
836684915000, 174.06802, -83.91892, 5.427503
836689928000, 174.31194, -83.58108, 5.523058
836695201000, 174.58052, -83.21519, 5.590144
836704868000, 175.12433, -82.2096, 5.8249645
836709876000, 175.39981, -81.60056, 5.952843
836714892000, 175.66974, -80.94788, 6.064805
836719910000, 175.9321, -80.22355, 6.177498
836724878000, 176.15456, -79.481606, 6.2728543
836729860000, 176.35182, -78.66269, 6.35988
836734883000, 176.50194, -77.82483, 6.435253
836739874000, 176.59593, -76.965225, 6.4913483
836744925000, 176.6168, -76.07213, 6.521675
836749909000, 176.56087, -75.18177, 6.5283813
836754962000, 176.4147, -74.27209, 6.506412
836759955000, 176.19933, -73.36156, 6.4658556
836764941000, 175.91887, -72.4523, 6.4055085
836769958000, 175.60666, -71.54615, 6.3469024
836774959000, 175.28792, -70.66022, 6.2873244
836779939000, 174.99257, -69.78806, 6.2256875
836784987000, 174.75441, -68.95743, 6.18396
836789959000, 174.60637, -68.177925, 6.1375637
836794999000, 174.50961, -67.44735, 6.106983
836799952000, 174.48924, -66.83995, 6.052397
836804977000, 174.48155, -66.281876, 5.999643
836810059000, 174.48465, -65.884155, 5.9153733
836814952000, 174.47543, -65.556755, 5.8171444
836819935000, 174.36177, -65.31665, 5.7141128
836824964000, 174.21156, -65.121666, 5.591496
836829909000, 174.03482, -65.02869, 5.457751
836835069000, 173.84897, -64.96352, 5.3084893
836839978000, 173.64392, -64.93305, 5.1343603
836845338000, 173.44475, -64.944534, 4.949929
836849927000, 173.21709, -64.958824, 4.7181945
836854967000, 173.00793, -64.99766, 4.470808
836859911000, 172.82089, -64.99846, 4.2023153
836864947000, 172.68254, -64.99746, 3.9334428
836869925000, 172.6208, -64.903046, 3.649997
836874963000, 172.65065, -64.78677, 3.3784811
836880078000, 172.84464, -64.53073, 3.0613449
836885089000, 173.1198, -64.24333, 2.7704496
836890079000, 173.54254, -63.780094, 2.444901
836895067000, 174.0382, -63.26622, 2.1343467
836900111000, 174.58759, -62.66871, 1.8235039
836904968000, 175.17242, -62.04556, 1.547904
836909948000, 175.79047, -61.40734, 1.3533703
836915630000, 176.43486, -60.76859, 1.188689
836919941000, 177.07841, -60.16072, 1.0405554
836924960000, 177.79474, -59.57124, 0.93597394
836929943000, 178.44916, -58.98414, 0.8018116
836934985000, 179.1196, -58.415474, 0.6794442
836940243000, 179.79597, -57.84394, 0.5823866
836944987000, 180.39658, -57.34243, 0.45196134
836950000000, 180.97961, -56.86184, 0.37000138
836954967000, 181.54349, -56.38936, 0.2963884
836960159000, 182.07877, -55.93791, 0.23371729
836964950000, 182.58952, -55.423004, 0.22705369
836969946000, 183.13792, -54.858902, 0.31532386
836974961000, 183.66199, -54.31118, 0.42375332
836979934000, 184.15808, -53.786964, 0.5486261
836985400000, 184.70493, -53.18666, 0.72595066
836989897000, 185.23392, -52.611137, 0.9262465
836994996000, 185.81421, -51.95226, 1.1545938
836999954000, 186.40968, -51.323376, 1.3864309
837004970000, 186.99239, -50.762768, 1.6334689
837009899000, 187.585, -50.242794, 1.8636036
837014953000, 188.1811, -49.747997, 2.0999615
837019971000, 188.76767, -49.27345, 2.315883
837024960000, 189.38554, -48.86425, 2.562896
837029953000, 190.00447, -48.47332, 2.8281868
837035069000, 190.6298, -48.145744, 3.0727067
837039917000, 191.18718, -47.85814, 3.3193932
837045061000, 191.8199, -47.542088, 3.5988493
837050101000, 192.41951, -47.25164, 3.8720803
837054963000, 193.00017, -46.98377, 4.1568446
837059960000, 193.57378, -46.763004, 4.4461536
837064957000, 194.20406, -46.47559, 4.7467704
837069974000, 194.76363, -46.226204, 5.0408235
837074956000, 195.38701, -45.85599, 5.2545247
837079960000, 195.96678, -45.530804, 5.4802117
837084975000, 196.54637, -45.228973, 5.7347093
837089966000, 197.0897, -44.9872, 5.97517
837095045000, 197.66216, -44.67997, 6.2421675
837099984000, 198.1847, -44.43262, 6.478519
837104959000, 198.66681, -44.19038, 6.654797
837109957000, 199.09973, -44.019714, 6.83207
837114943000, 199.49895, -43.826057, 6.965243
837119971000, 199.82455, -43.66198, 7.111441
837124964000, 199.99269, -43.658333, 7.255066
837129972000, 200.06255, -43.67065, 7.3306537
837135195000, 199.9908, -43.65347, 7.3922453
837139991000, 199.87112, -43.632072, 7.4046736
837145064000, 199.80031, -43.561985, 7.3280106
837150082000, 199.71988, -43.464996, 7.2429185
837154995000, 199.71844, -43.280033, 7.0509696
837159998000, 199.73573, -43.177887, 6.8869367
837164972000, 199.76524, -43.432064, 6.8335586
837170636000, 199.83942, -43.75176, 6.8780837
837174991000, 199.97464, -44.79996, 7.1207952
837179990000, 200.11876, -45.88101, 7.376068
837185131000, 200.41112, -46.96267, 7.901518
837189998000, 200.68427, -47.971256, 8.426873
837194987000, 200.93304, -48.95706, 8.952909
837199973000, 201.15698, -49.814007, 9.441603
837204923000, 201.34862, -50.770462, 9.873286
837210005000, 201.49203, -51.648666, 10.274454
837214904000, 201.59111, -52.41725, 10.678352
837219997000, 201.65195, -53.143753, 11.053699
837224882000, 201.65753, -53.754192, 11.412751
837229981000, 201.60634, -54.356644, 11.73992
837234946000, 201.48952, -54.898724, 12.052703
837240433000, 201.29872, -55.440044, 12.343691
837244905000, 201.07333, -55.969776, 12.634935
837250096000, 200.79948, -56.49409, 12.915953
837254929000, 200.50235, -56.954308, 13.208502
837260001000, 200.1889, -57.39477, 13.509876
837264946000, 199.85551, -57.82662, 13.8219595
837269997000, 199.5309, -58.220238, 14.158948
837274991000, 199.14221, -58.686832, 14.484138
837279987000, 198.7714, -59.10683, 14.837274
837284998000, 198.39822, -59.61719, 15.15506
837290005000, 198.05234, -60.07999, 15.49677
837295039000, 197.69963, -60.63856, 15.768262
837299968000, 197.38977, -61.150543, 16.042181
837304957000, 197.09154, -61.718685, 16.221228
837310409000, 196.90793, -62.24548, 16.419085
837315045000, 196.70273, -62.72967, 16.590721
837320004000, 196.61526, -63.21953, 16.755306
837324953000, 196.47649, -63.74671, 16.754726
837329979000, 196.40738, -64.2686, 16.745407
837335462000, 196.37054, -64.7428, 16.726282
837339977000, 196.37805, -65.19846, 16.698965
837345491000, 196.41147, -65.58605, 16.690645
837349988000, 196.49458, -65.95484, 16.687803
837354957000, 196.63503, -66.25151, 16.728823
837359954000, 196.83873, -66.52697, 16.790802
837364976000, 197.11859, -66.78309, 16.864115
837369926000, 197.44221, -66.98862, 16.982838
837374972000, 197.83826, -67.180435, 17.110708
837380151000, 198.28284, -67.33137, 17.263077
837385000000, 198.78624, -67.47242, 17.41981
837389970000, 199.32588, -67.567795, 17.606453
837394897000, 199.94183, -67.641594, 17.799282
837399954000, 200.61476, -67.70509, 17.982294
837404949000, 201.31523, -67.765274, 18.141588
837409961000, 202.0529, -67.82019, 18.288864
837414942000, 202.76828, -67.904854, 18.370165
837419978000, 203.45271, -68.05243, 18.429625
837424953000, 204.05415, -68.22488, 18.438326
837429937000, 204.66626, -68.46444, 18.461908
837435089000, 205.15343, -68.72168, 18.448034
837439964000, 205.57367, -68.96407, 18.460283
837444953000, 205.91895, -69.2181, 18.45415
837449999000, 206.14746, -69.39004, 18.48881
837454968000, 206.32375, -69.56393, 18.512835
837459954000, 206.40105, -69.62568, 18.59673
837464952000, 206.45107, -69.6944, 18.666555
837469969000, 206.3459, -69.65908, 18.781971
837474965000, 206.238, -69.63717, 18.872679
837479939000, 206.0357, -69.58939, 18.950377
837484991000, 205.79303, -69.56813, 18.98964
837489957000, 205.49573, -69.65412, 18.930086
837494949000, 205.12016, -69.77656, 18.826614
837499961000, 204.8466, -70.06028, 18.630621
837504968000, 204.44289, -70.35937, 18.408875
837509958000, 204.10933, -70.72057, 18.155691
837514941000, 203.7538, -71.07867, 17.908323
837519965000, 203.31839, -71.346985, 17.701736
837524993000, 202.90694, -71.59089, 17.519932
837529994000, 202.44994, -71.70671, 17.420942
837535053000, 202.0298, -71.78704, 17.355412
837539993000, 201.64127, -71.79656, 17.365017
837544960000, 201.28549, -71.76654, 17.41243
837550084000, 200.98492, -71.69318, 17.526676
837555004000, 200.72493, -71.57891, 17.678097
837559990000, 200.54309, -71.42169, 17.886951
837565416000, 200.4026, -71.23458, 18.118975
837569996000, 200.22742, -70.97718, 18.401636
837574989000, 200.07172, -70.7061, 18.690922
837579973000, 199.88426, -70.44673, 18.95887
837585055000, 199.67952, -70.18452, 19.22255
837589973000, 199.48251, -70.009705, 19.422375
837594981000, 199.2724, -69.84, 19.611431
837599998000, 199.07568, -69.75231, 19.728653
837605002000, 198.8921, -69.6627, 19.846315
837609892000, 198.7049, -69.65435, 19.882797
837614997000, 198.5596, -69.660934, 19.90545
837619890000, 198.41147, -69.750595, 19.836397
837624996000, 198.3188, -69.861176, 19.750433
837629910000, 198.22006, -70.08158, 19.54527
837635692000, 198.17545, -70.31937, 19.325895
837639903000, 198.08138, -70.64059, 19.013493
837644959000, 198.02126, -70.960396, 18.703217
837649966000, 197.865, -71.30395, 18.355064
837654971000, 197.69263, -71.62137, 18.027225
837659941000, 197.3988, -71.88577, 17.726196
837664985000, 197.07181, -72.1165, 17.444206
837669932000, 196.75253, -72.194084, 17.29937
837674959000, 196.38329, -72.24387, 17.155441
837679959000, 196.01126, -72.20415, 17.073545
837684970000, 195.6374, -72.150986, 16.97206
837689944000, 195.29303, -72.01497, 16.92582
837694994000, 194.95837, -71.86578, 16.855732
837699937000, 194.66954, -71.69499, 16.780043
837704884000, 194.4002, -71.53926, 16.663036
837709891000, 194.18208, -71.263504, 16.631348
837714917000, 193.98128, -70.99476, 16.569387
837719906000, 193.79741, -70.69745, 16.511545
837724894000, 193.60619, -70.3814, 16.427702
837729874000, 193.412, -70.04606, 16.335032
837734901000, 193.19989, -69.68271, 16.214365
837739884000, 192.95479, -69.29589, 16.069477
837744871000, 192.66035, -68.87728, 15.900369
837749886000, 192.29732, -68.41746, 15.713806
837754900000, 191.88426, -67.92781, 15.504645
837759890000, 191.40837, -67.383705, 15.29133
837764940000, 190.88173, -66.81482, 15.066685
837770286000, 190.33423, -66.221054, 14.838078
837774994000, 189.79123, -65.620636, 14.609883
837780328000, 189.28484, -64.97987, 14.413767
837785237000, 188.82753, -64.350044, 14.229867
837789899000, 188.39456, -63.818916, 14.0570965
837794988000, 188.06209, -63.31972, 13.917908
837799942000, 187.76433, -62.84128, 13.791915
837805000000, 187.55475, -62.436172, 13.698828
837809891000, 187.38136, -62.06784, 13.614582
837814994000, 187.27696, -61.72787, 13.539105
837819903000, 187.18393, -61.454964, 13.452121
837824994000, 187.09715, -61.25137, 13.327338
837829911000, 187.00679, -61.111572, 13.181903
837835128000, 186.88713, -61.04996, 12.970267
837839897000, 186.73802, -61.024506, 12.729929
837844961000, 186.55428, -61.017826, 12.44768
837849988000, 186.35725, -61.03849, 12.145851
837854999000, 186.15361, -61.03454, 11.828003
837859950000, 185.98563, -61.03799, 11.506645
837864990000, 185.84969, -60.962383, 11.199356
837869972000, 185.80415, -60.888348, 10.906149
837874989000, 185.83261, -60.671257, 10.612683
837879993000, 185.94649, -60.441452, 10.347596
837885105000, 186.10745, -60.062477, 10.093073
837890721000, 186.34521, -59.65139, 9.869968
837894983000, 186.60014, -59.187313, 9.693447
837899997000, 186.89268, -58.725758, 9.528908
837904997000, 187.24266, -58.18944, 9.398861
837909998000, 187.60823, -57.67852, 9.267137
837914990000, 188.03706, -57.25184, 9.112836
837920002000, 188.49353, -56.836525, 8.959474
837925100000, 188.97115, -56.471928, 8.729298
837929974000, 189.50217, -56.106155, 8.513108
837935081000, 190.03578, -55.743187, 8.193218
837939996000, 190.5651, -55.373215, 7.897028
837944953000, 191.10318, -54.996185, 7.6010914
837950002000, 191.62106, -54.62599, 7.315658
837954996000, 192.08049, -54.312958, 6.945511
837959894000, 192.51056, -54.00144, 6.576476
837964986000, 192.92311, -53.615788, 6.264244
837970000000, 193.31535, -53.232525, 5.9741163
837974989000, 193.75009, -52.761665, 5.8265405
837979977000, 194.15828, -52.286987, 5.7082477
837985134000, 194.61147, -51.726704, 5.737377
837989992000, 195.07095, -51.180393, 5.7729506
837994989000, 195.56976, -50.59101, 5.9331965
837999956000, 196.0797, -50.02702, 6.0996146
838004993000, 196.61911, -49.441784, 6.295128
838009995000, 197.19753, -48.88664, 6.50159
838014966000, 197.76526, -48.35611, 6.7070975
838019970000, 198.35313, -47.883236, 6.9051695
838024989000, 198.91774, -47.349674, 7.047391
838030257000, 199.4559, -46.861496, 7.176494
838034961000, 200.04277, -46.478046, 7.328703
838039998000, 200.57182, -46.137276, 7.4897594
838044944000, 201.13647, -45.795868, 7.6807194
838050005000, 201.66519, -45.493805, 7.868593
838054933000, 202.18616, -45.146626, 8.115449
838059993000, 202.68794, -44.853436, 8.379046
838064918000, 203.20486, -44.508106, 8.642056
838070001000, 203.63945, -44.19868, 8.893453
838074890000, 204.13373, -44.032322, 9.129918
838079982000, 204.5856, -43.890392, 9.347895
838084939000, 204.99992, -43.671932, 9.524002
838089992000, 205.38557, -43.505966, 9.692376
838094887000, 205.7131, -43.222008, 9.899202
838099972000, 205.99379, -43.02754, 10.094731
838104936000, 206.3511, -42.561295, 10.502797
838109992000, 206.61865, -42.172153, 10.885171
838114959000, 206.72267, -42.123142, 11.150713
838120003000, 206.72166, -42.10755, 11.3526
838124968000, 206.6412, -42.082886, 11.502009
838129980000, 206.51695, -42.077732, 11.596119
838135045000, 206.50168, -41.673042, 11.660647
838139999000, 206.49371, -41.29597, 11.704919
838144954000, 206.40147, -41.201538, 11.512553
838150117000, 206.36926, -41.243317, 11.369115
838154981000, 206.46693, -42.079533, 11.280468
838159994000, 206.56908, -42.968918, 11.235655
838164977000, 206.82501, -44.16015, 11.483491
838170056000, 207.08865, -45.340553, 11.757686
838174998000, 207.42876, -46.491505, 12.286827
838180062000, 207.68497, -47.525146, 12.786953
838185456000, 207.97429, -48.60831, 13.303876
838189995000, 208.21754, -49.554295, 13.802045
838195193000, 208.32048, -50.42273, 14.227422
838199959000, 208.41946, -51.21792, 14.627545
838205374000, 208.45987, -51.87978, 15.0131855
838209993000, 208.45361, -52.513546, 15.344162
838215553000, 208.43428, -52.959476, 15.72614
838219998000, 208.38823, -53.40739, 16.067423
838224896000, 208.29108, -53.849968, 16.366774
838229977000, 208.20972, -54.21407, 16.710436
838234962000, 208.08266, -54.55015, 17.029528
838239996000, 207.94736, -54.86316, 17.357157
838244894000, 207.78114, -55.14083, 17.681164
838250062000, 207.53737, -55.410545, 18.00367
838254906000, 207.2866, -55.637203, 18.347954
838259993000, 206.96935, -55.906326, 18.671095
838264932000, 206.66101, -56.130527, 19.03248
838270003000, 206.32207, -56.44363, 19.361774
838274946000, 205.99763, -56.70859, 19.712233
838279978000, 205.66383, -57.0504, 20.008812
838285634000, 205.37318, -57.355843, 20.31646
838289994000, 205.01604, -57.709118, 20.521343
838294944000, 204.72765, -58.044422, 20.734303
838299960000, 204.42719, -58.40021, 20.874218
838304995000, 204.1732, -58.744564, 21.013998
838309999000, 203.9387, -59.097298, 21.115187
838314990000, 203.77351, -59.436653, 21.223864
838320045000, 203.6394, -59.7656, 21.313084
838324995000, 203.58313, -60.076622, 21.417154
838329971000, 203.5567, -60.364594, 21.510468
838335076000, 203.6051, -60.63412, 21.61608
838339994000, 203.69376, -60.886005, 21.708996
838344958000, 203.84308, -61.122692, 21.802593
838349989000, 204.03548, -61.351715, 21.883276
838355355000, 204.2913, -61.576847, 21.961082
838359989000, 204.5758, -61.794315, 22.032803
838364983000, 204.92435, -62.00671, 22.100533
838370002000, 205.32503, -62.191055, 22.187935
838374998000, 205.83505, -62.374123, 22.287678
838379982000, 206.35191, -62.530216, 22.390327
838385091000, 207.06676, -62.685665, 22.52893
838389993000, 207.7023, -62.846424, 22.589815
838394985000, 208.41795, -63.014965, 22.651653
838399959000, 209.0899, -63.22242, 22.639883
838405003000, 209.69778, -63.45493, 22.580425
838409986000, 210.28842, -63.74478, 22.480833
838415001000, 210.78162, -64.04891, 22.33695
838420000000, 211.2511, -64.36963, 22.222195
838425000000, 211.62054, -64.70244, 22.072592
838429972000, 211.9796, -64.941765, 22.074308
838435060000, 212.25526, -65.18548, 22.057755
838439974000, 212.42477, -65.2954, 22.151289
838444962000, 212.54709, -65.40263, 22.239523
838449986000, 212.40541, -65.327736, 22.394035
838455038000, 212.25865, -65.25892, 22.539747
838459976000, 211.943, -65.0854, 22.706984
838464986000, 211.6248, -64.93109, 22.846584
838469944000, 211.29297, -64.85822, 22.919193
838474998000, 210.9537, -64.81215, 22.958126
838479935000, 210.66406, -64.94569, 22.873125
838485053000, 210.31133, -65.1175, 22.731777
838489890000, 210.01933, -65.46481, 22.498642
838494993000, 209.64343, -65.83496, 22.225113
838499939000, 209.20065, -66.25131, 21.906006
838505149000, 208.71825, -66.670654, 21.579988
838509929000, 208.11649, -66.96376, 21.318499
838514947000, 207.554, -67.2272, 21.085674
838519941000, 206.89429, -67.274376, 21.00204
838524962000, 206.31584, -67.27087, 20.96908
838529920000, 205.77747, -67.16014, 21.044928
838535076000, 205.30054, -66.99477, 21.176163
838540561000, 204.87582, -66.7748, 21.359108
838544960000, 204.59349, -66.55765, 21.597506
838549993000, 204.34161, -66.30104, 21.872576
838554966000, 204.15814, -66.05377, 22.158672
838559927000, 203.9836, -65.793, 22.453571
838564948000, 203.77025, -65.537865, 22.72322
838569948000, 203.5382, -65.29788, 22.975538
838575105000, 203.2913, -65.15543, 23.12666
838579959000, 202.96642, -65.03179, 23.248455
838584995000, 202.59856, -65.034805, 23.246977
838589959000, 202.2078, -65.04924, 23.235298
838594961000, 201.78581, -65.17471, 23.115662
838600079000, 201.37979, -65.304474, 22.995672
838604966000, 200.96486, -65.53083, 22.774487
838610393000, 200.60022, -65.758156, 22.562323
838614940000, 200.22667, -66.06197, 22.258615
838619972000, 199.91907, -66.37315, 21.957607
838624960000, 199.5908, -66.740654, 21.584051
838629981000, 199.31773, -67.108635, 21.212545
838635098000, 199.02686, -67.49111, 20.81363
838640003000, 198.77054, -67.85815, 20.426624
838644961000, 198.49365, -68.191795, 20.051455
838650087000, 198.22699, -68.49435, 19.696222
838654969000, 197.89471, -68.69151, 19.408598
838659973000, 197.57611, -68.85128, 19.135244
838664974000, 197.21881, -68.88106, 18.957489
838669968000, 196.87596, -68.88717, 18.772133
838674955000, 196.54636, -68.79698, 18.66458
838680420000, 196.24803, -68.743164, 18.500488
838684961000, 195.97563, -68.56423, 18.41031
838689979000, 195.73041, -68.44795, 18.26423
838694917000, 195.485, -68.21663, 18.184574
838699949000, 195.25233, -67.99591, 18.077747
838704841000, 195.0145, -67.700806, 17.993036
838709889000, 194.77638, -67.391136, 17.883888
838714858000, 194.5058, -67.05203, 17.77618
838719880000, 194.22108, -66.68671, 17.645077
838724822000, 193.92578, -66.309044, 17.491985
838729854000, 193.61765, -65.90755, 17.303843
838734859000, 193.26149, -65.5067, 17.057953
838739878000, 192.86877, -65.08178, 16.768232
838744846000, 192.42667, -64.66479, 16.406094
838749919000, 191.91074, -64.22888, 16.001045
838754942000, 191.3468, -63.795826, 15.552889
838759961000, 190.71692, -63.355286, 15.068167
838764953000, 190.06131, -62.921562, 14.557339
838769971000, 189.38412, -62.487793, 14.045039
838774969000, 188.73613, -62.04162, 13.538966
838779943000, 188.1225, -61.63321, 13.052502
838785462000, 187.62631, -61.20538, 12.652349
838789994000, 187.12776, -60.829998, 12.24603
838794960000, 186.7871, -60.421146, 11.972864
838800228000, 186.48051, -60.078808, 11.722562
838804948000, 186.23985, -59.759956, 11.504893
838809996000, 186.09708, -59.47432, 11.405301
838814919000, 186.00768, -59.21883, 11.331167
838820004000, 185.99669, -59.00159, 11.330407
838824896000, 186.02518, -58.812866, 11.354723
838830155000, 186.1029, -58.60248, 11.425102
838834949000, 186.20364, -58.41796, 11.5003395
838839996000, 186.32257, -58.213795, 11.582723
838844894000, 186.4853, -58.037018, 11.694298
838850106000, 186.67995, -57.808628, 11.790507
838854906000, 186.94899, -57.603497, 11.899444
838859993000, 187.2505, -57.351707, 11.933818
838865673000, 187.6264, -57.112644, 11.96109
838870005000, 188.00044, -56.837215, 11.870132
838874954000, 188.38731, -56.58393, 11.711508
838879994000, 188.7233, -56.21049, 11.427612
838885103000, 189.03252, -55.82117, 11.124009
838889996000, 189.32713, -55.383514, 10.810813
838894963000, 189.61714, -54.90296, 10.523741
838900281000, 189.93553, -54.389698, 10.301166
838905047000, 190.28502, -53.870327, 10.112167
838909993000, 190.7051, -53.315998, 9.897559
838915047000, 191.11057, -52.79411, 9.649918
838920002000, 191.58307, -52.434498, 9.39744
838925001000, 192.18753, -52.067863, 9.2107935
838929992000, 192.67712, -51.85791, 8.915272
838935530000, 193.23822, -51.72736, 8.69248
838939997000, 193.73517, -51.29723, 8.443172
838944985000, 194.18118, -50.855328, 8.20514
838950085000, 194.62514, -50.40645, 8.0466175
838954999000, 195.01678, -49.98084, 7.8869014
838959995000, 195.431, -49.548298, 7.876376
838964990000, 195.83061, -49.140823, 7.865116
838970060000, 196.2559, -48.636593, 7.9940925
838974999000, 196.69366, -48.14849, 8.150063
838979990000, 197.13695, -47.56387, 8.412744
838985085000, 197.61249, -47.003365, 8.702542
838989944000, 198.07988, -46.368862, 9.036511
838994988000, 198.57117, -45.77293, 9.38969
838999958000, 199.05806, -45.22769, 9.706778
839005584000, 199.54143, -44.735973, 10.021658
839009913000, 200.01172, -44.239933, 10.296644
839015068000, 200.4851, -43.78901, 10.570172
839019908000, 200.95699, -43.37153, 10.808115
839024987000, 201.43034, -43.00639, 11.049096
839029981000, 201.93022, -42.691032, 11.299572
839035057000, 202.41727, -42.406857, 11.571434
839040243000, 202.89354, -42.13097, 11.806857
839044956000, 203.38666, -41.895157, 12.059599
839050199000, 203.74095, -41.131313, 12.342217
839055053000, 204.11699, -40.45122, 12.639678
839059971000, 204.49138, -39.997295, 12.932326
839065051000, 204.83426, -39.597927, 13.2264185
839070103000, 205.14417, -39.233112, 13.520368
839075161000, 205.49834, -38.865524, 13.819459
839080046000, 205.80872, -38.540817, 14.099956
839085069000, 206.1078, -38.07707, 14.450108
839090001000, 206.333, -37.69926, 14.7476425
839094994000, 206.50522, -37.297134, 15.011439
839099961000, 206.59209, -36.97944, 15.218304
839104964000, 206.59828, -36.746235, 15.367422
839109961000, 206.51553, -36.576687, 15.442057
839114944000, 206.40645, -36.39873, 15.485817
839119970000, 206.22891, -36.25472, 15.456283
839124960000, 206.05643, -36.115025, 15.375151
839129956000, 205.85641, -35.998955, 15.273119
839134973000, 205.68494, -35.936802, 15.154198
839139963000, 205.58893, -35.93289, 15.121542
839144950000, 205.4918, -35.992195, 15.062889
839149970000, 205.43422, -36.10734, 15.062927
839154987000, 205.49474, -36.47182, 15.222731
839159965000, 205.55768, -36.905766, 15.404639
839164939000, 205.69647, -37.98494, 15.543732
839169979000, 205.7645, -39.033447, 15.644682
839174957000, 205.93004, -40.35667, 15.772356
839179959000, 206.00186, -41.608013, 15.83679
839184961000, 206.14705, -42.975086, 15.943745
839190719000, 206.22743, -44.21302, 16.006718
839194955000, 206.33597, -45.311527, 16.179464
839199982000, 206.41948, -46.327538, 16.326397
839204959000, 206.45314, -47.205463, 16.445864
839209962000, 206.48157, -48.045216, 16.521067
839214907000, 206.45277, -48.770836, 16.588737
839219970000, 206.43372, -49.50775, 16.64178
839224931000, 206.33836, -50.17837, 16.678444
839229963000, 206.243, -50.841633, 16.726507
839235192000, 206.12053, -51.399002, 16.804152
839239969000, 205.99126, -51.9344, 16.91191
839245231000, 205.84114, -52.395798, 17.085335
839250150000, 205.66437, -52.821392, 17.28723
839254903000, 205.49431, -53.257145, 17.56558
839260427000, 205.29022, -53.66063, 17.84678
839264925000, 205.03296, -54.002434, 18.176163
839269970000, 204.76678, -54.421597, 18.493193
839274896000, 204.48146, -54.791332, 18.823162
839279964000, 204.18387, -55.219173, 19.136189
839284959000, 203.90889, -55.603497, 19.463156
839289962000, 203.64626, -56.006893, 19.7567
839294983000, 203.43225, -56.382126, 20.057825
839299988000, 203.2538, -56.760544, 20.32056
839304925000, 203.13458, -57.114212, 20.589842
839309958000, 203.04558, -57.466957, 20.81629
839314997000, 203.03104, -57.803288, 21.04847
839319971000, 203.04005, -58.14421, 21.23649
839324967000, 203.1042, -58.4688, 21.4188
839330155000, 203.17943, -58.795666, 21.550028
839335065000, 203.30313, -59.106075, 21.675142
839339962000, 203.44264, -59.428413, 21.75869
839344979000, 203.61732, -59.737392, 21.836449
839350085000, 203.79324, -60.034267, 21.87665
839354976000, 203.99089, -60.329193, 21.906878
839359958000, 204.25092, -60.570057, 21.96359
839364954000, 204.56038, -60.81824, 22.016174
839370001000, 204.90536, -60.996616, 22.102549
839374994000, 205.36111, -61.1679, 22.214676
839379985000, 205.79956, -61.260796, 22.358107
839385062000, 206.33612, -61.337635, 22.521414
839389999000, 206.8715, -61.389065, 22.676275
839394989000, 207.44257, -61.446198, 22.810802
839400226000, 208.03574, -61.55648, 22.922068
839404971000, 208.58008, -61.69684, 22.983559
839409956000, 209.12328, -61.90291, 23.028616
839414944000, 209.58041, -62.13964, 23.024864
839419969000, 210.02365, -62.418552, 23.029432
839424963000, 210.37943, -62.71864, 22.995094
839429970000, 210.61124, -63.0095, 22.931095
839434982000, 210.8113, -63.311092, 22.844435
839439959000, 210.91553, -63.549885, 22.785389
839444949000, 210.99933, -63.791878, 22.711731
839449960000, 210.89655, -63.90966, 22.669573
839454967000, 210.78665, -64.024704, 22.621315
839459958000, 210.57863, -64.07906, 22.58082
839464951000, 210.32616, -64.14254, 22.517097
839469968000, 210.00082, -64.25354, 22.402588
839474962000, 209.59279, -64.40851, 22.23234
839479948000, 209.2822, -64.740524, 21.96335
839484975000, 208.89128, -65.110344, 21.647963
839489970000, 208.56639, -65.61483, 21.267908
839494962000, 208.18962, -66.1267, 20.878504
839499984000, 207.71725, -66.56907, 20.516651
839504969000, 207.25546, -66.98257, 20.183405
839509891000, 206.70999, -67.218124, 19.964691
839514947000, 206.19936, -67.40658, 19.790419
839519922000, 205.67134, -67.47767, 19.705349
839524964000, 205.18204, -67.50195, 19.663916
839529963000, 204.76505, -67.46378, 19.697105
839534976000, 204.38791, -67.37466, 19.776537
839539917000, 204.06635, -67.221634, 19.939075
839544955000, 203.76685, -67.02971, 20.135641
839550124000, 203.45648, -66.76756, 20.384392
839554974000, 203.13779, -66.500336, 20.632736
839559946000, 202.82925, -66.293655, 20.837969
839564949000, 202.4986, -66.097694, 21.027973
839569923000, 202.18877, -66.02327, 21.138609
839575079000, 201.85413, -65.95018, 21.243868
839579987000, 201.53462, -65.97251, 21.282227
839585996000, 201.24245, -65.99277, 21.326605
839589953000, 200.92906, -66.01612, 21.364485
839594965000, 200.64728, -66.15214, 21.283508
839600265000, 200.4032, -66.30142, 21.195139
839604970000, 200.15913, -66.53073, 21.020283
839609977000, 199.9724, -66.76998, 20.844042
839614947000, 199.80727, -67.080666, 20.598484
839620145000, 199.68286, -67.37591, 20.371614
839624970000, 199.54266, -67.677765, 20.121895
839629963000, 199.43607, -67.96139, 19.892374
839635086000, 199.30544, -68.18713, 19.698984
839640091000, 199.19228, -68.396706, 19.522388
839644959000, 199.08415, -68.557076, 19.381548
839649949000, 198.98058, -68.70403, 19.250086
839655605000, 198.82024, -68.81704, 19.15416
839659923000, 198.68803, -68.905365, 19.065445
839664924000, 198.5176, -68.974236, 18.997398
839669942000, 198.32605, -69.01817, 18.920372
839674919000, 198.05826, -69.03957, 18.84568
839679932000, 197.7749, -69.05399, 18.754423
839684903000, 197.52148, -69.04991, 18.673557
839689920000, 197.26405, -69.05077, 18.562572
839694896000, 196.94197, -69.01036, 18.449804
839699967000, 196.65775, -68.9682, 18.31297
839704831000, 196.33707, -68.861084, 18.192081
839709878000, 196.07132, -68.75391, 18.048769
839714845000, 195.79654, -68.56922, 17.918287
839719882000, 195.56184, -68.377525, 17.76778
839724936000, 195.31723, -68.12229, 17.615768
839729864000, 195.08717, -67.84359, 17.447845
839734875000, 194.85579, -67.52392, 17.258959
839739877000, 194.63141, -67.165794, 17.058325
839744842000, 194.3592, -66.776344, 16.817339
839749912000, 194.08371, -66.3737, 16.548632
839754939000, 193.7408, -65.91653, 16.24155
839759957000, 193.35071, -65.44161, 15.90492
839764954000, 192.90625, -64.945366, 15.528876
839769971000, 192.39063, -64.41287, 15.122056
839774978000, 191.81123, -63.852413, 14.682682
839779984000, 191.17068, -63.268005, 14.224692
839785078000, 190.48714, -62.69519, 13.741112
839790002000, 189.782, -62.11663, 13.254004
839794988000, 189.1095, -61.50808, 12.756832
839799991000, 188.46606, -60.909157, 12.274261
839804990000, 187.90205, -60.293606, 11.81713
839809986000, 187.40712, -59.710785, 11.385881
839814966000, 187.01811, -59.142868, 11.020582
839819995000, 186.67198, -58.644176, 10.650421
839824984000, 186.41748, -58.19638, 10.382684
839829998000, 186.17462, -57.82705, 10.114299
839835160000, 185.9883, -57.514313, 9.944527
839839995000, 185.79149, -57.257595, 9.763304
839844945000, 185.62651, -57.030415, 9.667541
839850113000, 185.44496, -56.834976, 9.56715
839855093000, 185.30482, -56.625336, 9.553908
839859990000, 185.21686, -56.424923, 9.579728
839866996000, 185.33209, -56.173748, 9.750003
839870000000, 185.37666, -55.93454, 9.8796835
839874970000, 185.66884, -55.68707, 9.994082
839879982000, 186.01984, -55.439262, 10.11708
839885002000, 186.4793, -55.192738, 10.279206
839889995000, 187.01962, -54.917065, 10.452403
839894974000, 187.55763, -54.592617, 10.602809
839900078000, 187.99503, -54.226418, 10.420602
839905045000, 188.41371, -53.83183, 10.232998
839909986000, 188.75414, -53.314606, 9.917627
839915052000, 189.11137, -52.782715, 9.626851
839919995000, 189.47516, -52.166973, 9.342973
839924992000, 189.87762, -51.57633, 9.1091175
839929993000, 190.34883, -51.01213, 8.88228
839935070000, 190.81656, -50.46816, 8.663869
839939993000, 191.32668, -49.96879, 8.437129
839944946000, 191.80592, -49.478703, 8.181076
839950116000, 192.2958, -49.02626, 7.9959474
839955062000, 192.74658, -48.593193, 7.805887
839959990000, 193.18997, -48.12604, 7.7042437
839964989000, 193.59218, -47.68368, 7.609296
839969992000, 193.99072, -47.151287, 7.6396155
839974993000, 194.37202, -46.65083, 7.689269
839979979000, 194.76495, -46.070988, 7.872761
839985076000, 195.16422, -45.526012, 8.075492
839989992000, 195.56108, -44.90777, 8.3752775
839994995000, 195.97052, -44.33014, 8.693582
839999993000, 196.38924, -43.774628, 9.072574
840004998000, 196.81339, -43.25997, 9.459851
840009987000, 197.27615, -42.69457, 9.864551
840014990000, 197.76213, -42.16619, 10.291084
840020001000, 198.22961, -41.60766, 10.6985655
840024994000, 198.72693, -41.099113, 11.138137
840030000000, 199.23672, -40.654606, 11.535338
840035091000, 199.73514, -40.2518, 11.936469
840039983000, 200.23384, -39.871265, 12.282412
840044962000, 200.68707, -39.508797, 12.632622
840050083000, 201.10844, -38.991337, 12.930841
840055002000, 201.51196, -38.509087, 13.238984
840059966000, 201.90863, -38.1192, 13.487225
840064994000, 202.29721, -37.76799, 13.758345
840069933000, 202.69633, -37.17807, 14.096435
840074995000, 203.09732, -36.648487, 14.471031
840079944000, 203.45886, -36.064827, 14.784924
840085083000, 203.81992, -35.563755, 15.116339
840089892000, 204.18024, -35.067585, 15.440853
840094996000, 204.47093, -34.63965, 15.745643
840099931000, 204.68462, -34.201447, 15.940331
840105001000, 204.81859, -33.845016, 16.078144
840109893000, 204.81754, -33.71406, 16.05663
840114985000, 204.73145, -33.65274, 15.926095
840119920000, 204.53487, -33.671803, 15.699532
840124993000, 204.2689, -33.75439, 15.377506
840129951000, 203.95956, -33.83688, 14.982705
840135076000, 203.59743, -33.939842, 14.551343
840139954000, 203.34326, -33.725483, 14.1938095
840144954000, 203.10127, -33.528385, 13.92096
840149967000, 203.03752, -33.375484, 13.920166
840154969000, 203.02182, -33.300144, 13.985119
840159976000, 203.12325, -33.264187, 14.2383375
840164947000, 203.26413, -33.278133, 14.537054
840169935000, 203.42284, -34.013874, 14.738418
840174962000, 203.51819, -34.73671, 14.872673
840179949000, 203.69994, -35.868557, 15.061334
840184975000, 203.78078, -36.937675, 15.183796
840189961000, 203.8907, -38.247456, 15.291324
840194954000, 203.94818, -39.450493, 15.377205
840199967000, 204.00673, -40.62417, 15.464388
840204969000, 204.05775, -41.71674, 15.568332
840209937000, 204.11911, -42.764385, 15.645049
840214950000, 204.19456, -43.760975, 15.713499
840220093000, 204.20474, -44.651886, 15.728834
840224958000, 204.22603, -45.52135, 15.747146
840229948000, 204.20277, -46.272114, 15.786216
840234973000, 204.15782, -47.006752, 15.813496
840239942000, 204.0957, -47.72153, 15.863748
840244955000, 203.96898, -48.2428, 15.969013
840249966000, 203.82115, -48.741516, 16.086115
840254966000, 203.66838, -49.158363, 16.277386
840259925000, 203.4849, -49.552246, 16.479012
840264946000, 203.30275, -49.940075, 16.750744
840269906000, 203.08252, -50.30565, 17.034538
840274958000, 202.88116, -50.7107, 17.371973
840279941000, 202.64728, -51.089935, 17.723217
840285119000, 202.39151, -51.542877, 18.096786
840289979000, 202.12892, -51.95215, 18.49081
840294962000, 201.83818, -52.327515, 18.896233
840299965000, 201.56857, -52.645126, 19.324226
840304967000, 201.32658, -53.054157, 19.704235
840309894000, 201.13855, -53.40931, 20.107431
840314949000, 200.9888, -53.74607, 20.48109
840319907000, 200.91586, -54.042465, 20.872639
840324961000, 200.88525, -54.313923, 21.22212
840329968000, 200.92027, -54.560493, 21.571163
840334970000, 200.99754, -54.829704, 21.889841
840339919000, 201.12535, -55.090687, 22.186047
840344954000, 201.25932, -55.396595, 22.404268
840350004000, 201.45723, -55.701286, 22.609825
840354965000, 201.64005, -56.071693, 22.693985
840359957000, 201.86963, -56.451427, 22.758009
840364944000, 202.11142, -56.882854, 22.738396
840369973000, 202.41602, -57.329178, 22.702726
840374962000, 202.7446, -57.756744, 22.651508
840379950000, 203.15279, -58.18234, 22.607115
840384966000, 203.5972, -58.542862, 22.58339
840389964000, 204.13156, -58.897034, 22.56548
840394956000, 204.68327, -59.19356, 22.561647
840399994000, 205.27667, -59.475945, 22.547104
840404962000, 205.86813, -59.737724, 22.550217
840409959000, 206.41675, -59.992565, 22.524588
840414949000, 206.91869, -60.241745, 22.507946
840419974000, 207.35991, -60.514263, 22.452251
840424955000, 207.87338, -60.797943, 22.48705
840429947000, 208.22966, -61.100502, 22.464317
840434959000, 208.6169, -61.40527, 22.502897
840439965000, 208.93813, -61.734222, 22.516802
840444954000, 209.18155, -61.98774, 22.574919
840450002000, 209.38564, -62.25347, 22.609495
840454977000, 209.41241, -62.383816, 22.666441
840459960000, 209.44759, -62.521618, 22.70942
840464934000, 209.35081, -62.593597, 22.738817
840469973000, 209.25562, -62.683216, 22.737799
840474947000, 209.13788, -62.807835, 22.68932
840479944000, 208.9718, -62.966705, 22.594458
840484987000, 208.75626, -63.230743, 22.419374
840490003000, 208.4267, -63.541954, 22.181587
840494901000, 208.1535, -64.012146, 21.873018
840499995000, 207.78036, -64.510315, 21.52121
840504891000, 207.46341, -65.10328, 21.155846
840509961000, 207.12628, -65.68637, 20.798386
840514910000, 206.68355, -66.1426, 20.492733
840519974000, 206.29445, -66.5433, 20.245626
840524899000, 205.76802, -66.77206, 20.073786
840529953000, 205.31244, -66.915405, 20.001564
840534958000, 204.84924, -66.94656, 20.014761
840539953000, 204.44133, -66.92125, 20.088392
840544932000, 204.1565, -66.84639, 20.264175
840549959000, 203.915, -66.721306, 20.485441
840554938000, 203.71938, -66.556946, 20.750217
840559960000, 203.54869, -66.36842, 21.029171
840564933000, 203.40607, -66.1739, 21.315084
840569974000, 203.24942, -65.970436, 21.595343
840574970000, 203.06264, -65.82904, 21.819351
840579950000, 202.83008, -65.68202, 22.035711
840585001000, 202.54732, -65.59563, 22.188272
840589963000, 202.21825, -65.510796, 22.33098
840594953000, 201.8361, -65.485405, 22.406954
840599983000, 201.42151, -65.458496, 22.478426
840604948000, 200.98442, -65.50889, 22.472212
840609959000, 200.55516, -65.562386, 22.465
840614950000, 200.1311, -65.70327, 22.370573
840619971000, 199.72203, -65.857925, 22.266783
840624936000, 199.30879, -66.15242, 21.999971
840629943000, 198.94753, -66.465294, 21.72372
840634994000, 198.59225, -66.82579, 21.39119
840639966000, 198.31688, -67.17669, 21.07668
840645942000, 198.09578, -67.516785, 20.775396
840650169000, 197.85393, -67.84727, 20.463959
840654910000, 197.60344, -68.11586, 20.199677
840659917000, 197.36102, -68.364174, 19.948044
840664914000, 197.09886, -68.58852, 19.708633
840669916000, 196.80208, -68.73531, 19.535503
840674892000, 196.49155, -68.86427, 19.364166
840679925000, 196.15756, -68.936646, 19.235033
840684900000, 195.80835, -68.993965, 19.094244
840689955000, 195.4155, -69.024895, 18.948689
840694903000, 195.01096, -69.043465, 18.781485
840699937000, 194.64511, -69.08302, 18.588915
840704858000, 194.26857, -69.12044, 18.360151
840709894000, 193.9089, -69.13935, 18.128372
840714876000, 193.56361, -69.160324, 17.862593
840719857000, 193.22916, -69.08894, 17.654182
840724841000, 192.95001, -69.02787, 17.422268
840729894000, 192.66617, -68.821495, 17.274935
840734881000, 192.46764, -68.61246, 17.125795
840739877000, 192.2493, -68.278946, 17.047674
840744848000, 192.11748, -67.91769, 16.98357
840749910000, 192.0022, -67.46979, 16.952547
840754888000, 191.92851, -66.9928, 16.923697
840759898000, 191.87698, -66.465385, 16.880169
840764916000, 191.77463, -65.914246, 16.800138
840769904000, 191.54822, -65.34831, 16.657084
840774905000, 191.19106, -64.76276, 16.448957
840779891000, 190.70679, -64.2031, 16.136938
840784936000, 190.09094, -63.61735, 15.769149
840789904000, 189.44205, -63.045437, 15.299576
840794905000, 188.71349, -62.45658, 14.793187
840799942000, 187.95097, -61.888763, 14.207716
840804967000, 187.19997, -61.317776, 13.635696
840809958000, 186.52223, -60.746468, 13.070651
840814946000, 185.8761, -60.199562, 12.516604
840819967000, 185.40372, -59.65778, 12.067759
840824962000, 185.0051, -59.145187, 11.631808
840829963000, 184.74686, -58.672222, 11.296614
840835081000, 184.59639, -58.225636, 11.009387
840839993000, 184.57674, -57.814564, 10.831308
840844963000, 184.60365, -57.446182, 10.687473
840849954000, 184.7005, -57.10819, 10.637988
840854979000, 184.80907, -56.80845, 10.600072
840859962000, 184.955, -56.542698, 10.619026
840864944000, 185.0772, -56.32135, 10.619131
840869969000, 185.19588, -56.13394, 10.606083
840874962000, 185.2973, -55.986385, 10.571562
840880050000, 185.36746, -55.876, 10.462385
840885075000, 185.43051, -55.797565, 10.336869
840889962000, 185.47734, -55.68809, 10.162941
840894987000, 185.54816, -55.5925, 9.972336
840899936000, 185.6607, -55.380432, 9.769018
840904975000, 185.84398, -55.15142, 9.585572
840909969000, 186.06442, -54.76118, 9.357054
840914951000, 186.34105, -54.340164, 9.1455
840919896000, 186.68205, -53.79434, 8.936391
840924963000, 187.02539, -53.188225, 8.721681
840929946000, 187.41943, -52.55648, 8.537899
840935130000, 187.80042, -51.912426, 8.3477545
840940004000, 188.21326, -51.309143, 8.123632
840944957000, 188.6572, -50.697826, 7.939393
840949990000, 189.11224, -50.1545, 7.649901
840954970000, 189.5942, -49.6183, 7.3964596
840959932000, 190.13779, -49.06829, 7.1845746
840964948000, 190.71405, -48.524055, 7.0160193
840969921000, 191.31502, -48.00766, 6.8510914
840974953000, 191.916, -47.5008, 6.682536
840979947000, 192.48906, -46.986797, 6.5116343
840985119000, 193.05026, -46.48853, 6.349294
840989993000, 193.60522, -45.95216, 6.2489853
840994953000, 194.10753, -45.418713, 6.1456122
840999961000, 194.62923, -44.788525, 6.1898885
841004971000, 195.13773, -44.1644, 6.2507052
841009897000, 195.66016, -43.41421, 6.4669695
841014947000, 196.21074, -42.67717, 6.7253957
841020330000, 196.75311, -41.953007, 7.0133724
841024961000, 197.3317, -41.192875, 7.4068294
841029939000, 197.90538, -40.341324, 7.8303323
841035138000, 198.48592, -39.554657, 8.265259
841040089000, 199.07076, -38.800903, 8.714714
841045167000, 199.60799, -38.077244, 9.148865
841049975000, 200.19264, -37.403915, 9.62803
841055316000, 200.80197, -36.75429, 10.144625
841059961000, 201.41602, -36.15072, 10.663959
841064928000, 202.01967, -35.5539, 11.151185
841069950000, 202.5982, -35.001354, 11.648314
841074908000, 203.19176, -34.51307, 12.152269
841079936000, 203.7516, -34.050117, 12.579878
841084928000, 204.29686, -33.631104, 13.013309
841089992000, 204.85352, -33.228264, 13.485519
841094897000, 205.35416, -32.879704, 13.936123
841099986000, 205.89554, -32.477036, 14.432155
841104917000, 206.37683, -32.12436, 14.894822
841109960000, 206.93839, -31.69338, 15.522199
841114921000, 207.45465, -31.306177, 16.109158
841119962000, 208.0327, -30.715538, 16.808493
841124925000, 208.56598, -30.194885, 17.4486
841129945000, 209.10225, -29.67215, 18.07527
841135112000, 209.60457, -29.244717, 18.64087
841139980000, 210.03937, -28.889854, 19.105396
841144925000, 210.44327, -28.604475, 19.526417
841149961000, 210.78894, -28.37454, 19.818592
841154964000, 211.1036, -28.18994, 20.084791
841159955000, 211.32806, -28.124039, 20.189735
841164966000, 211.532, -28.07995, 20.288256
841169972000, 211.65723, -28.073534, 20.226213
841174986000, 211.77124, -28.067501, 20.182398
841179946000, 211.83815, -28.096903, 19.999104
841184993000, 211.90042, -28.117685, 19.827919
841190044000, 211.92506, -28.138647, 19.552414
841194956000, 211.95265, -28.15378, 19.285147
841199999000, 211.94682, -28.1734, 18.921005
841204972000, 211.95189, -28.202423, 18.568241
841209955000, 211.94038, -28.275084, 18.136686
841214952000, 211.94289, -28.352213, 17.72596
841219969000, 211.9425, -28.513584, 17.246168
841224963000, 211.9565, -28.672836, 16.795523
841229942000, 211.96327, -28.894266, 16.285595
841234978000, 211.98714, -29.11239, 15.804079
841240045000, 212.00552, -29.369043, 15.283121
841244964000, 212.0291, -29.586748, 14.781129
841249999000, 212.05708, -29.82119, 14.237243
841254974000, 212.0761, -29.987179, 13.694103
841259958000, 212.116, -30.16625, 13.15113
841264947000, 212.15045, -30.262794, 12.609271
841269972000, 212.29503, -30.468185, 12.194216
841274963000, 212.37177, -30.574612, 11.787574
841279940000, 212.53043, -30.641787, 11.56496
841284985000, 212.65698, -30.675705, 11.389159
841290047000, 212.93497, -30.712198, 11.584438
841294963000, 213.2592, -30.844978, 11.881775
841300100000, 213.6023, -30.87463, 12.402455
841305620000, 213.96689, -31.036432, 12.950504
841309944000, 214.44481, -30.766546, 13.839432
841314971000, 214.83788, -30.615582, 14.629479
841319925000, 214.98308, -30.610807, 15.203319
841324964000, 215.05411, -30.607706, 15.695751
841329960000, 215.07092, -30.602203, 16.10424
841334978000, 215.1005, -30.70875, 16.214527
841339975000, 215.11958, -30.850718, 16.274908
841344958000, 215.0944, -31.442984, 16.054262
841349963000, 215.08302, -32.054745, 15.857483
841354965000, 215.22728, -32.988144, 15.659776
841359963000, 215.36519, -33.891888, 15.461309
841364951000, 215.60893, -34.863365, 15.377733
841369974000, 215.86478, -35.78897, 15.342967
841374956000, 216.1591, -36.633884, 15.452045
841379942000, 216.45044, -37.43331, 15.593545
841384990000, 216.76193, -38.21396, 15.796854
841389982000, 217.06914, -38.96668, 16.017927
841394960000, 217.33694, -39.604, 16.270731
841399956000, 217.60132, -40.228577, 16.52562
841404962000, 217.80057, -40.709595, 16.811232
841409955000, 217.97731, -41.1778, 17.081291
841414941000, 218.13399, -41.62222, 17.346704
841419968000, 218.26247, -42.061718, 17.57747
841424955000, 218.3513, -42.49034, 17.7921
841429937000, 218.40529, -42.925632, 17.975458
841434985000, 218.41898, -43.373158, 18.121794
841440096000, 218.38905, -43.819195, 18.240482
841444954000, 218.29182, -44.32153, 18.30179
841449993000, 218.14609, -44.816288, 18.343483
841454960000, 217.96098, -45.37021, 18.340307
841459993000, 217.73692, -45.917027, 18.323492
841464956000, 217.4827, -46.5365, 18.270388
841469998000, 217.20059, -47.142155, 18.218115
841474946000, 216.90596, -47.823864, 18.132357
841479991000, 216.59584, -48.486835, 18.055676
841485072000, 216.28793, -49.217747, 17.955078
841490052000, 215.98341, -49.925297, 17.869444
841494893000, 215.67166, -50.66988, 17.754562
841500091000, 215.38992, -51.39292, 17.664398
841504897000, 215.09047, -52.132217, 17.538626
841509994000, 214.8281, -52.847733, 17.433233
841514943000, 214.55295, -53.568607, 17.284443
841520003000, 214.30891, -54.26977, 17.155306
841524939000, 214.06883, -54.961597, 17.011862
841529995000, 213.87035, -55.63142, 16.88713
841535136000, 213.69107, -56.287746, 16.77699
841540068000, 213.55891, -56.911522, 16.696424
841545062000, 213.45663, -57.50055, 16.651834
841550091000, 213.41496, -58.052307, 16.639532
841554953000, 213.41594, -58.55952, 16.6656
841559996000, 213.47897, -59.02109, 16.717665
841564965000, 213.5671, -59.417805, 16.798227
841569995000, 213.72128, -59.77052, 16.89348
841575112000, 213.89789, -60.083885, 16.99625
841579966000, 214.11838, -60.356594, 17.100023
841585511000, 214.38153, -60.60769, 17.190828
841589983000, 214.66919, -60.825806, 17.27804
841594956000, 214.9422, -61.03302, 17.354256
841600110000, 215.2533, -61.21439, 17.433548
841604969000, 215.58096, -61.388485, 17.505241
841609945000, 215.93806, -61.535103, 17.588346
841614961000, 216.32433, -61.68044, 17.677383
841619952000, 216.68721, -61.783455, 17.815554
841624959000, 217.07228, -61.891006, 17.951447
841629935000, 217.45987, -61.94001, 18.151642
841635089000, 217.8566, -61.99127, 18.346367
841640093000, 218.21803, -62.014328, 18.592518
841644965000, 218.57892, -62.04408, 18.830364
841650098000, 218.93034, -62.072372, 19.094826
841654936000, 219.27066, -62.10826, 19.347006
841659916000, 219.61136, -62.150818, 19.609262
841664946000, 219.92918, -62.194275, 19.858679
841669954000, 220.21196, -62.256504, 20.106682
841674972000, 220.47234, -62.317547, 20.339134
841679969000, 220.73277, -62.39055, 20.572924
841684982000, 220.97263, -62.45992, 20.791035
841689965000, 221.17972, -62.544537, 20.997671
841694990000, 221.37398, -62.62017, 21.194632
841699987000, 221.55122, -62.712177, 21.371462
841704922000, 221.71498, -62.797195, 21.5372
841709879000, 221.85588, -62.893696, 21.680536
841714872000, 221.98276, -62.983284, 21.814526
841719879000, 222.09811, -63.087685, 21.925425
841724877000, 222.20244, -63.179794, 22.034502
841729853000, 222.33179, -63.303413, 22.127375
841734917000, 222.45863, -63.412846, 22.221704
841739876000, 222.6235, -63.545624, 22.306648
841744876000, 222.79314, -63.669205, 22.391878
841749902000, 222.96083, -63.796124, 22.466467
841754935000, 223.14221, -63.916737, 22.540447
841759931000, 223.32262, -64.032974, 22.611172
841764916000, 223.51172, -64.14788, 22.676836
841769934000, 223.6838, -64.23243, 22.761427
841774935000, 223.85469, -64.31466, 22.84183
841779899000, 223.99446, -64.373375, 22.928999
841784949000, 224.11905, -64.42059, 23.015627
841789869000, 224.23431, -64.455505, 23.10384
841794962000, 224.30699, -64.48551, 23.18115
841799897000, 224.37105, -64.498474, 23.26948
841804988000, 224.40907, -64.50763, 23.350395
841809892000, 224.43323, -64.51954, 23.426554
841814981000, 224.43318, -64.52695, 23.494904
841819905000, 224.42863, -64.54796, 23.553057
841824992000, 224.40572, -64.56682, 23.604456
841829928000, 224.37198, -64.590965, 23.651308
841835127000, 224.32933, -64.61359, 23.696287
841839984000, 224.30754, -64.64583, 23.738514
841844962000, 224.28285, -64.67557, 23.782497
841849955000, 224.26714, -64.7055, 23.830982
841854995000, 224.26488, -64.73407, 23.882027
841859970000, 224.28113, -64.75317, 23.943588
841864986000, 224.31613, -64.773476, 24.005287
841869975000, 224.36421, -64.78555, 24.077349
841874991000, 224.42667, -64.79826, 24.149899
841879973000, 224.50253, -64.79905, 24.231659
841885122000, 224.5983, -64.80103, 24.312788
841889990000, 224.69455, -64.79282, 24.404375
841894984000, 224.81741, -64.7832, 24.495455
841899933000, 224.91684, -64.77771, 24.580544
841904997000, 225.02573, -64.77488, 24.661728
841909984000, 225.09778, -64.75632, 24.749523
841914995000, 225.14803, -64.74085, 24.832138
841919952000, 225.11292, -64.68512, 24.943464
841924982000, 225.02414, -64.61465, 25.062561
841929990000, 224.84279, -64.501816, 25.210806
841935084000, 224.61212, -64.36742, 25.370558
841940047000, 224.34468, -64.21397, 25.539898
841944959000, 224.06674, -64.038124, 25.721554
841950122000, 223.72128, -63.83384, 25.909515
841954997000, 223.41493, -63.618412, 26.100485
841959955000, 223.10583, -63.412373, 26.270088
841964988000, 222.86143, -63.19804, 26.442717
841969904000, 222.6808, -62.9877, 26.607096
841974991000, 222.59781, -62.818462, 26.735275
841979920000, 222.56636, -62.666885, 26.847546
841985082000, 222.6258, -62.569263, 26.921598
841989896000, 222.70999, -62.485027, 26.986542
841994987000, 222.90489, -62.470192, 26.999023
841999915000, 223.10332, -62.46833, 27.005478
842004991000, 223.35493, -62.511555, 26.981531
842009895000, 223.6118, -62.57587, 26.940687
842014989000, 223.89685, -62.666264, 26.884653
842019902000, 224.14531, -62.77658, 26.809174
842024992000, 224.35922, -62.897114, 26.724062
842029915000, 224.50894, -63.03015, 26.623568
842035080000, 224.59845, -63.152527, 26.532614
842039913000, 224.60332, -63.276146, 26.433134
842044955000, 224.53539, -63.3741, 26.355461
842049977000, 224.40485, -63.45962, 26.282904
842054998000, 224.21298, -63.510246, 26.237494
842059966000, 223.99976, -63.54935, 26.199112
842064994000, 223.74872, -63.55386, 26.18595
842069980000, 223.51515, -63.548325, 26.180195
842074994000, 223.26514, -63.5269, 26.182116
842080000000, 223.04951, -63.499485, 26.189775
842085065000, 222.82494, -63.463223, 26.201977
842090056000, 222.65137, -63.428402, 26.21739
842094984000, 222.52075, -63.38607, 26.244282
842099948000, 222.4251, -63.354206, 26.268494
842104994000, 222.39722, -63.32029, 26.306568
842109994000, 222.39433, -63.291904, 26.344778
842114990000, 222.4391, -63.247307, 26.407806
842119994000, 222.50012, -63.207546, 26.469896
842124989000, 222.55629, -63.17528, 26.525248
842129993000, 222.61467, -63.144, 26.579248
842134988000, 222.64969, -63.122295, 26.622719
842140074000, 222.66449, -63.103825, 26.660198
842144956000, 222.65039, -63.079403, 26.699669
842150000000, 222.60942, -63.05589, 26.735596
842154995000, 222.53383, -63.032066, 26.766394
842159996000, 222.44418, -63.009766, 26.793898
842164982000, 222.328, -62.980114, 26.823923
842169999000, 222.21442, -62.94804, 26.855532
842174989000, 222.08662, -62.90324, 26.896196
842179995000, 221.97209, -62.857506, 26.937796
842185078000, 221.85277, -62.812893, 26.977732
842189997000, 221.7494, -62.766804, 27.019753
842194988000, 221.66556, -62.727875, 27.056345
842199939000, 221.59155, -62.683277, 27.099043
842204997000, 221.53563, -62.65166, 27.13191
842209994000, 221.48485, -62.614758, 27.169361
842215003000, 221.45853, -62.584305, 27.203503
842220001000, 221.4383, -62.552204, 27.238684
842224952000, 221.4379, -62.53036, 27.266273
842229995000, 221.44771, -62.503235, 27.29927
842235069000, 221.46129, -62.491592, 27.319155
842240070000, 221.48111, -62.477905, 27.341038
842244886000, 221.49242, -62.476387, 27.351051
842249986000, 221.49893, -62.481045, 27.35505
842254891000, 221.47609, -62.49512, 27.347849
842259995000, 221.44225, -62.510757, 27.338654
842264905000, 221.3839, -62.523552, 27.329762
842269994000, 221.31564, -62.534607, 27.321566
842274920000, 221.2125, -62.541267, 27.313072
842279991000, 221.1049, -62.543236, 27.307695
842285086000, 220.9729, -62.534603, 27.30928
842290077000, 220.84703, -62.526917, 27.307722
842294978000, 220.7111, -62.50177, 27.321342
842299969000, 220.58717, -62.484783, 27.326485
842304972000, 220.47986, -62.46461, 27.334993
842309960000, 220.38632, -62.451084, 27.337015
842314933000, 220.29202, -62.43564, 27.340734
842319974000, 220.20912, -62.423466, 27.341349
842324947000, 220.15732, -62.432686, 27.326418
842329957000, 220.10501, -62.441093, 27.311384
842334964000, 220.05583, -62.465748, 27.282413
842339976000, 219.99687, -62.49122, 27.251513
842345107000, 219.94847, -62.52158, 27.217916
842349957000, 219.88766, -62.556145, 27.179045
842355320000, 219.82574, -62.58667, 27.145622
842359984000, 219.76024, -62.62536, 27.103796
842365288000, 219.6997, -62.651104, 27.0765
842369971000, 219.62834, -62.685265, 27.041555
842375311000, 219.56042, -62.699005, 27.027367
842379971000, 219.48868, -62.715515, 27.011757
842385105000, 219.41887, -62.731594, 26.996702
842389974000, 219.34827, -62.747948, 26.98307
842394927000, 219.28502, -62.76425, 26.96947
842399970000, 219.22694, -62.743176, 26.993101
842404905000, 219.17279, -62.722576, 27.01631
842409955000, 219.11812, -62.680405, 27.05918
842414917000, 219.06299, -62.63672, 27.103735
842419969000, 219.00395, -62.57392, 27.164055
842424930000, 218.94585, -62.506287, 27.228807
842429945000, 218.89189, -62.437443, 27.294025
842435127000, 218.84012, -62.361435, 27.365942
842440048000, 218.79619, -62.274014, 27.44818
842444949000, 218.75365, -62.18287, 27.534216
842449970000, 218.7173, -62.097805, 27.614748
842454958000, 218.68181, -62.01286, 27.695475
842459956000, 218.66586, -61.940563, 27.765844
842464966000, 218.652, -61.871777, 27.833553
842469971000, 218.63649, -61.80002, 27.903837
842474965000, 218.62401, -61.733494, 27.97042
842479973000, 218.62637, -61.709938, 27.99835
842485175000, 218.62999, -61.68884, 28.02479
842490041000, 218.63387, -61.681057, 28.037437
842494963000, 218.63927, -61.67909, 28.045462
842499964000, 218.63795, -61.691246, 28.038134
842504990000, 218.63547, -61.701363, 28.033875
842509941000, 218.61775, -61.729397, 28.00988
842514966000, 218.60143, -61.759384, 27.984632
842520056000, 218.5638, -61.79375, 27.952372
842524933000, 218.52423, -61.828632, 27.919718
842529949000, 218.4805, -61.86769, 27.881483
842534996000, 218.4288, -61.903603, 27.84577
842539962000, 218.37416, -61.939728, 27.809578
842544962000, 218.31413, -61.974483, 27.773016
842549936000, 218.25421, -62.00332, 27.741928
842554970000, 218.18898, -62.027588, 27.715187
842559957000, 218.12154, -62.044975, 27.693533
842564947000, 218.05182, -62.059994, 27.674273
842569964000, 217.98569, -62.060688, 27.668173
842574962000, 217.91579, -62.0626, 27.660456
842579940000, 217.85287, -62.053947, 27.663706
842584977000, 217.79045, -62.045494, 27.666056
842589960000, 217.74301, -62.033375, 27.674135
842594963000, 217.69482, -62.021446, 27.681017
842599930000, 217.65536, -62.014378, 27.685303
842604974000, 217.61745, -62.009216, 27.687426
842609955000, 217.5868, -62.003353, 27.691801
842614956000, 217.55495, -62.0023, 27.691996
842619895000, 217.52092, -62.000572, 27.692894
842624962000, 217.48326, -61.99786, 27.69489
842629930000, 217.43524, -61.999973, 27.690376
842635136000, 217.38478, -62.00386, 27.684471
842639974000, 217.32632, -62.01264, 27.672188
842644962000, 217.2623, -62.019444, 27.6619
842649917000, 217.18298, -62.027702, 27.649042
842654936000, 217.09879, -62.03929, 27.632862
842659894000, 217.01205, -62.051037, 27.615753
842664948000, 216.91724, -62.065018, 27.595675
842669902000, 216.83696, -62.079464, 27.577112
842674922000, 216.75903, -62.094677, 27.55723
842679952000, 216.70064, -62.108894, 27.539862
842684934000, 216.64209, -62.125755, 27.520765
842689922000, 216.59178, -62.147987, 27.495773
842694950000, 216.54736, -62.171284, 27.471382
842704894000, 216.45709, -62.23172, 27.408445
842709876000, 216.42622, -62.274094, 27.367899
842714862000, 216.40387, -62.30995, 27.334915
842719878000, 216.37856, -62.358025, 27.290684
842724877000, 216.35944, -62.399532, 27.253063
842729860000, 216.33705, -62.43925, 27.217484
842734909000, 216.31763, -62.477676, 27.182178
842739877000, 216.29492, -62.513737, 27.150032
842744873000, 216.2674, -62.54634, 27.119024
842749889000, 216.22836, -62.571022, 27.094181
842754963000, 216.18575, -62.58614, 27.0771
842759955000, 216.12965, -62.601997, 27.058228
842764940000, 216.07959, -62.61176, 27.04537
842770190000, 216.01038, -62.6224, 27.029985
842774960000, 215.94618, -62.63024, 27.017809
842779937000, 215.88295, -62.630737, 27.013742
842785111000, 215.82086, -62.632645, 27.008245
842789963000, 215.75984, -62.632557, 27.005377
842794986000, 215.7049, -62.62992, 27.005411
842799977000, 215.64865, -62.627968, 27.005886
842804971000, 215.60031, -62.62746, 27.00536
842810079000, 215.55296, -62.62197, 27.009369
842814949000, 215.51581, -62.622375, 27.009047
842819923000, 215.46631, -62.626358, 27.002987
842824961000, 215.41728, -62.632557, 26.995422
842829940000, 215.36487, -62.641376, 26.984488
842835121000, 215.30014, -62.66493, 26.958733
842839945000, 215.22986, -62.684586, 26.935802
842844956000, 215.15921, -62.71143, 26.906242
842849963000, 215.07928, -62.737392, 26.877958
842854966000, 214.99065, -62.79008, 26.820583
842859894000, 214.89984, -62.845764, 26.760323
842864945000, 214.80324, -62.9017, 26.7003
842869904000, 214.71361, -62.958897, 26.639315
842879913000, 214.62135, -63.023308, 26.569193
842884959000, 214.52785, -63.08509, 26.501934
842889904000, 214.4415, -63.15048, 26.431145
842894957000, 214.3609, -63.20926, 26.365982
842904968000, 214.293, -63.26605, 26.302326
842909911000, 214.20775, -63.32024, 26.240969
842914938000, 214.13457, -63.37105, 26.181192
842919940000, 214.06325, -63.419075, 26.12378
842924994000, 213.99821, -63.467422, 26.067142
842929991000, 213.93712, -63.516056, 26.008781
842935080000, 213.86732, -63.560066, 25.956762
842940108000, 213.8016, -63.60439, 25.902939
842944955000, 213.75612, -63.6369, 25.864351
842949997000, 213.7121, -63.672195, 25.822794
842955001000, 213.67984, -63.69871, 25.790499
842959992000, 213.64613, -63.723038, 25.760714
842964987000, 213.62439, -63.744007, 25.734758
842970001000, 213.60928, -63.761345, 25.713251
842974992000, 213.58354, -63.774776, 25.693075
842980042000, 213.56462, -63.785065, 25.67636
842985140000, 213.5446, -63.79576, 25.659678
842990071000, 213.53003, -63.804356, 25.644865
842994990000, 213.51123, -63.811543, 25.630733
842999952000, 213.49464, -63.822224, 25.613731
843004992000, 213.48724, -63.83606, 25.59619
843009993000, 213.48178, -63.851376, 25.576506
843014987000, 213.47462, -63.864456, 25.55997
843020003000, 213.47011, -63.881653, 25.538563
843024993000, 213.48392, -63.891907, 25.530539
843030059000, 213.50067, -63.906002, 25.519575
843035093000, 213.52823, -63.91509, 25.515503
843040065000, 213.55392, -63.926746, 25.509686
843044958000, 213.59067, -63.92856, 25.513577
843050000000, 213.62187, -63.927357, 25.519848
843054992000, 213.65762, -63.926716, 25.525389
843059994000, 213.69215, -63.9205, 25.53714
843064983000, 213.72733, -63.914787, 25.546015
843069999000, 213.76125, -63.906162, 25.559153
843074991000, 213.79323, -63.90623, 25.562674
843080058000, 213.82042, -63.90474, 25.568031
843085137000, 213.84827, -63.9011, 25.574833
843090058000, 213.87361, -63.901653, 25.577967
843094976000, 213.91505, -63.901615, 25.583052
843099949000, 213.95337, -63.902267, 25.58696
843104935000, 214.00693, -63.905922, 25.591215
843109995000, 214.05933, -63.907, 25.598751
843114921000, 214.11801, -63.912663, 25.601988
843120002000, 214.17065, -63.918003, 25.60468
843124890000, 214.22743, -63.92183, 25.60974
843130078000, 214.28313, -63.924427, 25.615244
843135000000, 214.32405, -63.930294, 25.617085
843140000000, 214.36684, -63.932697, 25.622208
843144884000, 214.4062, -63.936924, 25.624384
843149988000, 214.44025, -63.940582, 25.627167
843154933000, 214.48705, -63.940903, 25.632946
843159995000, 214.5326, -63.943974, 25.636227
843164956000, 214.57434, -63.941708, 25.644514
843170000000, 214.62306, -63.93906, 25.653072
843174959000, 214.66824, -63.94401, 25.65538
843180047000, 214.72182, -63.943325, 25.662659
843185105000, 214.77078, -63.94768, 25.665102
843190043000, 214.81525, -63.948277, 25.67087
843194989000, 214.86923, -63.940403, 25.684141
843199945000, 214.91287, -63.929844, 25.700432
843204992000, 214.96167, -63.9188, 25.715643
843209993000, 215.0049, -63.907772, 25.731434
843214968000, 215.04543, -63.897686, 25.745434
843219991000, 215.08432, -63.883778, 25.762499
843225040000, 215.12102, -63.86699, 25.784502
843230103000, 215.1576, -63.84958, 25.806528
843239977000, 215.19568, -63.822147, 25.838797
843245163000, 215.23146, -63.794666, 25.871075
843249964000, 215.26564, -63.761757, 25.90836
843255296000, 215.296, -63.72961, 25.944788
843259966000, 215.32793, -63.694828, 25.98434
843265286000, 215.35568, -63.661114, 26.021643
843269939000, 215.3856, -63.624924, 26.06161
843274895000, 215.40599, -63.589066, 26.100315
843279982000, 215.42683, -63.5562, 26.13601
843285066000, 215.44719, -63.520874, 26.173935
843289988000, 215.46251, -63.48949, 26.208395
843294892000, 215.47804, -63.45401, 26.24651
843299959000, 215.4879, -63.427208, 26.275496
843304904000, 215.49808, -63.39405, 26.310844
843309993000, 215.50514, -63.36802, 26.338657
843314904000, 215.51384, -63.33952, 26.368427
843319991000, 215.50932, -63.320522, 26.38928
843324928000, 215.50572, -63.301487, 26.410341
843330067000, 215.50421, -63.283524, 26.431812
843335059000, 215.50641, -63.26847, 26.450596
843339993000, 215.51091, -63.25068, 26.472569
843344936000, 215.51561, -63.233448, 26.494524
843349949000, 215.52736, -63.215385, 26.517792
843354943000, 215.5392, -63.1967, 26.541441
843359958000, 215.5526, -63.178337, 26.565132
843364942000, 215.56381, -63.1612, 26.587585
843369961000, 215.56534, -63.13864, 26.614033
843374955000, 215.56294, -63.11795, 26.638283
843379958000, 215.5588, -63.093464, 26.664951
843385153000, 215.5477, -63.074444, 26.686768
843390051000, 215.54385, -63.052246, 26.710379
843394991000, 215.54005, -63.032894, 26.731281
843399954000, 215.52321, -63.015022, 26.749216
843405004000, 215.50688, -62.994484, 26.770006
843409987000, 215.48991, -62.97685, 26.787876
843414976000, 215.47041, -62.958138, 26.806772
843419999000, 215.45265, -62.942745, 26.823532
843424997000, 215.43407, -62.93143, 26.836782
843430060000, 215.42633, -62.91553, 26.85483
843435138000, 215.42624, -62.905926, 26.867838
843440041000, 215.41685, -62.899162, 26.877745
843444964000, 215.40791, -62.8927, 26.887066
843449992000, 215.39778, -62.896683, 26.886705
843455066000, 215.38092, -62.89958, 26.88588
843459992000, 215.35905, -62.91492, 26.873146
843464982000, 215.33708, -62.929295, 26.86117
843470068000, 215.29735, -62.953396, 26.839205
843475000000, 215.26413, -62.97872, 26.815971
843479977000, 215.22206, -63.0009, 26.79557
843485081000, 215.18158, -63.02626, 26.771288
843490068000, 215.13818, -63.05143, 26.747213
843494960000, 215.09097, -63.07552, 26.724089
843499935000, 215.01947, -63.1181, 26.680376
843504970000, 214.95544, -63.162838, 26.634857
843509957000, 214.87503, -63.20769, 26.58761
843514943000, 214.80428, -63.252132, 26.540369
843519948000, 214.7247, -63.299606, 26.488235
843524964000, 214.64749, -63.343338, 26.439667
843529946000, 214.56401, -63.39594, 26.380833
843535072000, 214.48291, -63.4421, 26.328358
843539997000, 214.40276, -63.489998, 26.273016
843544967000, 214.32155, -63.537098, 26.217543
843554971000, 214.25023, -63.58289, 26.163792
843559888000, 214.17, -63.624763, 26.112854
843564945000, 214.09888, -63.672585, 26.056349
843569994000, 214.03246, -63.71765, 26.002762
843574961000, 213.96231, -63.762897, 25.94898
843579953000, 213.90868, -63.81039, 25.894464
843585131000, 213.85748, -63.858322, 25.839497
843589994000, 213.80739, -63.90936, 25.78243
843594962000, 213.7607, -63.96019, 25.72542
843599950000, 213.73282, -64.011566, 25.67174
843604974000, 213.70407, -64.065636, 25.615498
843610320000, 213.68867, -64.10511, 25.575407
843614949000, 213.67758, -64.14987, 25.530994
843619904000, 213.67783, -64.18698, 25.49474
843624961000, 213.68167, -64.22123, 25.461744
843629959000, 213.68317, -64.257935, 25.427063
843635115000, 213.68774, -64.2826, 25.403212
843639940000, 213.69006, -64.30326, 25.384214
843644956000, 213.69818, -64.31344, 25.375624
843649927000, 213.7149, -64.31925, 25.371706
843654971000, 213.75041, -64.31046, 25.382395
843659895000, 213.8085, -64.2929, 25.40214
843664941000, 213.88861, -64.26921, 25.4248
843669932000, 214.01248, -64.22733, 25.465158
843674958000, 214.15884, -64.19147, 25.492981
843679931000, 214.35745, -64.13884, 25.535952
843685067000, 214.56082, -64.135704, 25.523293
843689899000, 214.7562, -64.15463, 25.48816
843694954000, 214.90297, -64.20232, 25.42389
843699972000, 214.99348, -64.26966, 25.341536
843704968000, 215.14986, -64.3012, 25.322693
843709937000, 215.20946, -64.351135, 25.284975
843714939000, 215.27933, -64.34747, 25.312946
843719999000, 215.29272, -64.342285, 25.340733
843724957000, 215.27184, -64.286674, 25.413166
843729950000, 215.23196, -64.22817, 25.484648
843735109000, 215.19783, -64.11074, 25.610546
843740051000, 215.16882, -63.987938, 25.741577
843744954000, 215.13303, -63.827843, 25.90346
843749982000, 215.11273, -63.657486, 26.077583
843754966000, 215.09894, -63.484413, 26.255589
843759959000, 215.08383, -63.312305, 26.432714
843764938000, 215.05162, -63.172325, 26.575779
843769969000, 215.00829, -63.0298, 26.72095
843774961000, 214.9459, -62.932816, 26.820715
843779953000, 214.8774, -62.830368, 26.924774
843785087000, 214.78416, -62.786514, 26.969166
843790046000, 214.69061, -62.735065, 27.0191
843794955000, 214.57684, -62.737335, 27.013079
843799962000, 214.46602, -62.738636, 27.005913
843804967000, 214.35536, -62.783558, 26.955767
843809956000, 214.25003, -62.827965, 26.906097
843814942000, 214.15971, -62.907337, 26.824043
843819978000, 214.07964, -62.99091, 26.739986
843824957000, 214.01941, -63.099716, 26.635048
843829962000, 213.9742, -63.214565, 26.526592
843835096000, 213.93057, -63.351635, 26.397013
843840049000, 213.89674, -63.491432, 26.265944
843844958000, 213.87126, -63.64231, 26.12404
843849963000, 213.85687, -63.79926, 25.976866
843854961000, 213.841, -63.955658, 25.828281
843859962000, 213.83812, -64.11249, 25.679436
843864933000, 213.84708, -64.26411, 25.53522
843869988000, 213.86124, -64.41056, 25.394531
843874958000, 213.88943, -64.558365, 25.252611
843879967000, 213.92224, -64.703995, 25.112198
843885084000, 213.92621, -64.82612, 24.988527
843889993000, 213.93108, -64.94712, 24.864672
843894911000, 213.9286, -65.05497, 24.75167
843899963000, 213.92342, -65.15988, 24.640305
843904893000, 213.91272, -65.25063, 24.541662
843909959000, 213.90147, -65.34049, 24.443945
843914904000, 213.89864, -65.410965, 24.366226
843920055000, 213.89377, -65.4765, 24.293095
843924890000, 213.91159, -65.52429, 24.240107
843929946000, 213.92693, -65.56602, 24.192665
843935000000, 213.9412, -65.59861, 24.155499
843939988000, 213.96382, -65.62895, 24.121061
843944923000, 213.99472, -65.64597, 24.101233
843949964000, 214.02814, -65.66482, 24.080011
843954927000, 214.08803, -65.6707, 24.074774
843959960000, 214.14764, -65.67252, 24.074242
843965085000, 214.22029, -65.6711, 24.078562
843969960000, 214.29178, -65.668274, 24.084513
843974969000, 214.37392, -65.65714, 24.10059
843979963000, 214.45337, -65.64714, 24.115147
843985081000, 214.53865, -65.63664, 24.130955
843990044000, 214.61963, -65.62751, 24.14526
843994955000, 214.70952, -65.59517, 24.18332
843999963000, 214.79242, -65.56834, 24.216429
844004947000, 214.8755, -65.524, 24.265152
844009991000, 214.95657, -65.48069, 24.313808
844015247000, 215.02501, -65.42939, 24.368832
844020154000, 215.08955, -65.37648, 24.425634
844024953000, 215.1523, -65.318954, 24.48728
844030050000, 215.21193, -65.26052, 24.550055
844035432000, 215.2661, -65.202835, 24.611784
844040058000, 215.31995, -65.146935, 24.671793
844044982000, 215.37135, -65.08081, 24.741646
844050100000, 215.42278, -65.01148, 24.815489
844054879000, 215.47093, -64.946175, 24.885233
844059873000, 215.52898, -64.87952, 24.956633
844064909000, 215.58388, -64.814316, 25.026953
844069933000, 215.62253, -64.74745, 25.097977
844074868000, 215.6553, -64.6811, 25.168274
844079916000, 215.68922, -64.61659, 25.236273
844084962000, 215.71, -64.553825, 25.302128
844089866000, 215.72449, -64.49611, 25.363491
844094882000, 215.72786, -64.43847, 25.424013
844099913000, 215.72694, -64.39135, 25.47401
844104877000, 215.72475, -64.344986, 25.523035
844109849000, 215.72466, -64.299355, 25.57103
844114877000, 215.72046, -64.25543, 25.617098
844119863000, 215.7133, -64.21756, 25.65666
844124856000, 215.70428, -64.1763, 25.69964
844129872000, 215.69038, -64.14537, 25.731434
844134898000, 215.67598, -64.11143, 25.766167
844139841000, 215.65608, -64.086044, 25.79217
844144860000, 215.63934, -64.0593, 25.81924
844149878000, 215.60742, -64.0432, 25.835352
844154847000, 215.58139, -64.02579, 25.852663
844159862000, 215.54485, -64.01655, 25.86073
844164859000, 215.50337, -64.004974, 25.870426
844169861000, 215.45021, -64.00897, 25.8642
844174862000, 215.38899, -64.0147, 25.855755
844179841000, 215.32529, -64.02603, 25.840769
844184902000, 215.25839, -64.04328, 25.81982
844189858000, 215.19142, -64.06781, 25.791637
844194858000, 215.12532, -64.09449, 25.760405
844199871000, 215.06442, -64.12374, 25.727419
844204887000, 215.00745, -64.153015, 25.694143
844209880000, 214.95988, -64.19102, 25.653149
844214870000, 214.91864, -64.2296, 25.611996
844219882000, 214.88673, -64.27056, 25.569233
844224885000, 214.85832, -64.30912, 25.529839
844229869000, 214.84242, -64.34848, 25.490398
844234918000, 214.83127, -64.38431, 25.454811
844239883000, 214.82167, -64.42658, 25.413683
844244877000, 214.8134, -64.46054, 25.380968
844249879000, 214.80327, -64.50166, 25.34029
844254963000, 214.79132, -64.53803, 25.304934
844259953000, 214.77109, -64.57002, 25.272161
844264938000, 214.74628, -64.60348, 25.238012
844269969000, 214.7124, -64.63036, 25.208597
844274963000, 214.67268, -64.65132, 25.184814
844279916000, 214.63074, -64.67596, 25.15632
844285088000, 214.58763, -64.689224, 25.139198
844289910000, 214.5557, -64.70649, 25.118387
844294961000, 214.52325, -64.71807, 25.10336
844299906000, 214.49994, -64.731636, 25.08599
844304975000, 214.48016, -64.7417, 25.073063
844309891000, 214.47409, -64.750946, 25.06055
844314938000, 214.4767, -64.7646, 25.043997
844319982000, 214.4911, -64.777794, 25.030758
844324953000, 214.51, -64.796974, 25.011595
844330078000, 214.5428, -64.829735, 24.98068
844335090000, 214.57129, -64.86344, 24.948845
844340118000, 214.60844, -64.90085, 24.914505
844345607000, 214.64207, -64.93588, 24.881893
844349981000, 214.67563, -64.96348, 24.857635
844354936000, 214.70471, -64.9907, 24.83378
844360418000, 214.73245, -65.01608, 24.811163
844364947000, 214.76459, -65.03165, 24.797995
844370001000, 214.79927, -65.03997, 24.791588
844379939000, 214.82947, -65.04497, 24.788065
844385090000, 214.85788, -65.050674, 24.784273
844389932000, 214.88817, -65.04611, 24.789627
844394959000, 214.91235, -65.03876, 24.796785
844399953000, 214.93205, -65.03054, 24.805073
844404965000, 214.95412, -65.02999, 24.805883
844409964000, 214.97406, -65.02534, 24.811163
844414963000, 215.00484, -65.022484, 24.814827
844419963000, 215.03516, -65.01767, 24.820658
844424961000, 215.06934, -65.01138, 24.828236
844429977000, 215.1, -65.00663, 24.833996
844434999000, 215.14293, -65.003044, 24.840778
844439971000, 215.18687, -64.99718, 24.849512
844444959000, 215.22708, -64.98744, 24.861559
844449955000, 215.26389, -64.97585, 24.875406
844454967000, 215.30554, -64.96217, 24.891768
844459965000, 215.34596, -64.95117, 24.90568
844464936000, 215.37785, -64.938385, 24.919687
844470055000, 215.40395, -64.92787, 24.9316
844474959000, 215.42786, -64.91787, 24.941858
844479955000, 215.4476, -64.90709, 24.952696
844484978000, 215.46422, -64.9005, 24.959116
844489957000, 215.47505, -64.89046, 24.968868
844494959000, 215.47595, -64.88707, 24.970844
844499960000, 215.47472, -64.888176, 24.968128
844504965000, 215.4595, -64.89216, 24.9613
844509963000, 215.44608, -64.89544, 24.955217
844514945000, 215.43454, -64.90343, 24.944025
844520102000, 215.42259, -64.907936, 24.936615
844524929000, 215.40616, -64.91254, 24.928623
844530001000, 215.39066, -64.91819, 24.920094
844534944000, 215.37222, -64.92145, 24.913689
844539968000, 215.35252, -64.92763, 24.904795
844544888000, 215.3375, -64.93762, 24.892735
844549952000, 215.31712, -64.95038, 24.877764
844559961000, 215.31389, -64.9683, 24.8587
844564905000, 215.30582, -64.98111, 24.844158
844569971000, 215.29605, -64.99701, 24.826077
844574911000, 215.28554, -65.01652, 24.804409
844580053000, 215.27887, -65.03117, 24.78792
844584960000, 215.26656, -65.05721, 24.759571
844589975000, 215.25652, -65.08467, 24.730345
844594974000, 215.24907, -65.109695, 24.704185
844599952000, 215.24583, -65.13648, 24.675676
844605000000, 215.24474, -65.15495, 24.655876
844609964000, 215.24773, -65.174644, 24.634907
844615426000, 215.24464, -65.18403, 24.623476
