#Rate of rotation around the x y z axes (Angular velocity).
#timestamp(ns),x,y,z(rad/s)
#Datetime: 18/12/2015 10:34:33
##########################################
#Activity: 7 - SCH - Sit chair - 6s
#Subject ID: 65
#First Name: sub65
#Last Name: sub65
#Age: 40
#Height(cm): 170
#Weight(kg): 100
#Gender: Male
##########################################

@DATA
1059220755000, -0.027488936, 0.0061086523, 0.016187929
1059225764000, -0.029932396, 0.0015271631, 0.016187929
1059230780000, -0.025961773, -3.0543262E-4, 0.011301007
1059235727000, -0.03634648, 0.0012217305, 0.013133603
1059240753000, -0.02443461, 0.0067195175, 0.01160644
1059245770000, -0.029932396, 0.016187929, 0.0070249503
1059250773000, -0.024740042, 0.01038471, 0.008857546
1059255762000, -0.03023783, 0.015577064, 0.0125227375
1059260762000, -0.03573562, 0.018020526, 0.008857546
1059265765000, -0.029321533, 0.017104227, 0.007330383
1059270765000, -0.035124753, 0.01282817, 0.0067195175
1059275722000, -0.03573562, 0.01038471, 0.011911872
1059280748000, -0.03573562, 0.016798794, 0.011301007
1059285734000, -0.03023783, 0.01160644, 0.0067195175
1059290767000, -0.027183503, 0.010079277, 0.012217305
1059295694000, -0.022296581, 0.007330383, 0.007330383
1059300768000, -0.027183503, 0.0030543262, 0.014660766
1059305661000, -0.022907447, 0.004581489, 0.011911872
1059310753000, -0.014049901, 0.011301007, 0.01282817
1059315675000, -0.010079277, 0.007330383, 0.007941248
1059320767000, -0.026572637, 0.010995574, 0.01038471
1059325733000, -0.0290161, 9.162979E-4, 0.008857546
1059331717000, -0.01985312, 0.0030543262, 0.015271631
1059336723000, -0.026572637, 0.006414085, 0.008857546
1059340735000, -0.016187929, 0.009162978, 0.0125227375
1059346111000, -0.025961773, 0.0106901415, 0.014966198
1059350774000, -0.040927973, 0.01160644, 0.013133603
1059355663000, -0.023823744, 0.015577064, 0.012217305
1059360765000, -0.024740042, 0.0125227375, 0.0106901415
1059365666000, -0.03573562, 0.01038471, 0.0070249503
1059370769000, -0.028099801, 0.013439035, 0.015577064
1059375698000, -0.025045475, 0.016493361, 0.01038471
1059380865000, -0.025350908, 0.016187929, 0.009773844
1059385729000, -0.022296581, 0.009773844, 0.014049901
1059390761000, -0.03268129, 0.009773844, 0.009773844
1059395748000, -0.032986723, 0.014049901, 0.0033597588
1059400820000, -0.017715093, 0.009468411, 0.004276057
1059405737000, -0.01160644, 0.008246681, -0.0018325958
1059410765000, -0.01863139, 0.014966198, 0.008552114
1059415750000, -0.030543262, 0.008246681, 0.0030543262
1059420766000, -0.01282817, 0.01282817, 0.008246681
1059425772000, -0.030848695, 0.012217305, 0.00580322
1059430824000, -0.02443461, 0.018020526, 0.0106901415
1059435816000, -0.014966198, 0.0076358155, 0.008857546
1059440742000, -0.022296581, 0.007330383, 0.011301007
1059445785000, -0.02443461, 0.0067195175, 0.009468411
1059450772000, -0.025961773, 0.014660766, 0.017104227
1059455766000, -0.030848695, 0.011301007, 0.010995574
1059460756000, -0.038789943, 0.014966198, 0.01038471
1059465771000, -0.03726278, 0.021991149, 0.0143553335
1059470876000, -0.024740042, 0.021685716, 0.010079277
1059475765000, -0.03359759, 0.018325957, 0.009773844
1059480843000, -0.032986723, 0.021685716, 0.009468411
1059485796000, -0.029321533, 0.022907447, 0.008246681
1059490761000, -0.029626964, 0.02107485, 0.011911872
1059495793000, -0.0290161, 0.020463986, 0.016187929
1059500762000, -0.035430185, 0.017104227, 0.0143553335
1059505764000, -0.03848451, 0.013744468, 0.018020526
1059510788000, -0.024129177, 0.015271631, 0.018325957
1059515774000, -0.027183503, 0.0143553335, 0.010995574
1059520765000, -0.020158553, 0.013439035, 0.016798794
1059525769000, -0.032070424, 0.0027488936, 0.0125227375
1059530822000, -0.01863139, 0.004886922, 0.007330383
1059536490000, -0.021685716, 0.011301007, 0.0067195175
1059540730000, -0.017104227, 0.0106901415, 0.008857546
1059545776000, -0.016798794, 0.018020526, 0.008857546
1059550763000, -0.022602014, 0.007941248, 0.008857546
1059555769000, -0.027488936, 0.01160644, 0.007941248
1059560752000, -0.016187929, 0.01160644, 0.010079277
1059565759000, -0.02107485, 0.015577064, 0.0106901415
1059570730000, -0.026572637, 0.0106901415, 0.01038471
1059575761000, -0.01985312, 0.01160644, 0.008857546
1059580771000, -0.019242255, 0.014966198, 0.013133603
1059585803000, -0.026572637, 0.013133603, 0.018936822
1059590657000, -0.03268129, 0.008246681, 0.018936822
1059595782000, -0.019547688, 0.0018325958, 0.004886922
1059600663000, -0.019242255, 0.008552114, 0.005192355
1059605763000, -0.017715093, 0.004581489, 0.005192355
1059610682000, -0.015882496, -6.1086525E-4, 0.00580322
1059615773000, -0.0143553335, 0.004581489, 0.0021380284
1059620663000, -0.011301007, 0.0061086523, -0.0012217305
1059625764000, -0.010995574, 0.007330383, -0.0012217305
1059630749000, -0.018020526, 0.009773844, -3.0543262E-4
1059635808000, -0.010079277, 0.01282817, -0.006414085
1059640731000, -0.016187929, 0.0106901415, -0.007941248
1059645766000, -0.012217305, 0.005497787, -0.016187929
1059650777000, -9.162979E-4, 0.0106901415, -0.029932396
1059656369000, -0.004276057, 0.017104227, -0.032986723
1059660735000, -0.015271631, 0.022296581, -0.037873644
1059665765000, -0.006414085, 0.042760566, -0.050701816
1059670739000, 0.006414085, 0.044898596, -0.062308256
1059675761000, 0.021380283, 0.04734206, -0.074830994
1059680781000, 0.03848451, 0.050701816, -0.08827003
1059685839000, 0.043676864, 0.05009095, -0.10720685
1059690729000, 0.0711658, 0.04184427, -0.1160644
1059695811000, 0.098043874, 0.034208454, -0.12858713
1059700668000, 0.10445796, 0.021991149, -0.16462818
1059705775000, 0.12003502, 0.005497787, -0.16890424
1059710685000, 0.13041973, -0.022602014, -0.18936823
1059715775000, 0.1441642, -0.034208454, -0.20189096
1059720708000, 0.14782938, -0.03573562, -0.21502456
1059726320000, 0.1600467, -0.03634648, -0.22815818
1059730836000, 0.15760323, -0.03756821, -0.24190263
1059736485000, 0.17104226, -0.026267206, -0.25442538
1059740712000, 0.17898351, -0.011911872, -0.26847526
1059745753000, 0.19639318, 0.0076358155, -0.2773328
1059750764000, 0.22327125, 0.028099801, -0.29749137
1059755761000, 0.2302962, 0.022602014, -0.30818152
1059760765000, 0.24373524, 0.024740042, -0.31245756
1059765772000, 0.26847526, 0.0143553335, -0.32345316
1059770766000, 0.2855795, -0.002443461, -0.3313944
1059775753000, 0.30573806, -0.01863139, -0.33292156
1059780791000, 0.3286455, -0.03604105, -0.34300083
1059785769000, 0.34483343, -0.056505036, -0.34025195
1059790769000, 0.3481932, -0.09865474, -0.34116822
1059796058000, 0.35613444, -0.13041973, -0.3481932
1059800775000, 0.36926803, -0.14996742, -0.3549127
1059805763000, 0.37751472, -0.16065755, -0.35430184
1059810757000, 0.3885103, -0.1685988, -0.35888332
1059815768000, 0.38423425, -0.17745635, -0.36560285
1059820777000, 0.39736784, -0.15607607, -0.376293
1059825774000, 0.40683624, -0.1282817, -0.38637227
1059830833000, 0.40317106, -0.10751228, -0.3894266
1059835831000, 0.4184427, -0.07819075, -0.39522982
1059840736000, 0.4251622, -0.04734206, -0.4034765
1059845756000, 0.43249258, -0.021685716, -0.41141775
1059850767000, 0.45356745, -0.0125227375, -0.4071417
1059855760000, 0.47800204, 0.008246681, -0.4092797
1059860784000, 0.4886922, 0.026267206, -0.4129449
1059865738000, 0.48930305, 0.03145956, -0.4089743
1059870767000, 0.5018258, 0.040317107, -0.41263947
1059875729000, 0.5503896, 0.042760566, -0.4166101
1059880802000, 0.5684101, 0.036651913, -0.43066
1059885748000, 0.5702427, 0.01038471, -0.42760566
1059890774000, 0.59681535, -0.01282817, -0.42149702
1059895762000, 0.6224717, -0.04428773, -0.42332962
1059900780000, 0.6630942, -0.080634214, -0.42852196
1059905770000, 0.6948592, -0.10903945, -0.42271876
1059910700000, 0.7119634, -0.12980886, -0.41508293
1059915707000, 0.7357872, -0.1423316, -0.4196644
1059920716000, 0.7690793, -0.13133603, -0.419359
1059925713000, 0.77854776, -0.09865474, -0.42088616
1059930766000, 0.8008443, -0.062308256, -0.4288274
1059935728000, 0.8173377, -0.04795292, -0.43371433
1059940720000, 0.8170323, -0.048258353, -0.441961
1059945714000, 0.8368854, -0.05681047, -0.45570546
1059950691000, 0.8530733, -0.05467244, -0.46028697
1059955666000, 0.86254174, -0.05375614, -0.45998153
1059960695000, 0.8940013, -0.03604105, -0.46639562
1059965696000, 0.91599244, -0.02107485, -0.47952923
1059970686000, 0.9642508, 0.006414085, -0.49266282
1059975682000, 0.9776898, 0.040011674, -0.50671273
1059981457000, 0.98807454, 0.09101892, -0.50915617
1059985717000, 1.0057896, 0.1441642, -0.51893
1059990695000, 1.0051788, 0.21410827, -0.5152648
1059995734000, 0.99112886, 0.27977628, -0.51343226
1060000750000, 0.9746355, 0.33200526, -0.5140431
1060005794000, 0.94134337, 0.38728857, -0.505491
1060010641000, 0.92485, 0.4447099, -0.48624873
1060015640000, 0.91507614, 0.50579643, -0.46273044
1060020652000, 0.89888823, 0.5742133, -0.4373795
1060025650000, 0.89369583, 0.6649268, -0.3915646
1060030683000, 0.8915578, 0.7583892, -0.3381139
1060035650000, 0.88697636, 0.8772025, -0.28344148
1060040649000, 0.86498517, 0.95172805, -0.21288654
1060045689000, 0.81031275, 0.98654735, -0.1282817
1060051507000, 0.74281216, 0.9783007, -0.063224554
1060055729000, 0.6774496, 0.95172805, -0.032986723
1060060720000, 0.66156703, 0.8472701, 0.009773844
1060065727000, 0.6398814, 0.68019843, 0.01863139
1060070729000, 0.6423248, 0.44684792, -0.0018325958
1060075716000, 0.6722572, 0.19211712, -0.058948494
1060080788000, 0.6872234, -0.029321533, -0.14110987
1060085822000, 0.6658431, -0.18997909, -0.2773328
1060090728000, 0.58093286, -0.398895, -0.4709771
1060095706000, 0.48838675, -0.66920286, -0.6918049
1060100729000, 0.42180246, -0.9370673, -0.9062186
1060105726000, 0.34055737, -1.2363913, -1.1016954
1060110708000, 0.22907446, -1.3732251, -1.2702943
1060115737000, 0.13041973, -1.3182472, -1.3869696
1060120964000, 0.10415252, -1.1716396, -1.4724907
1060125713000, 0.11789699, -0.98624194, -1.4978416
1060130726000, 0.16157386, -0.75869465, -1.4871514
1060136498000, 0.23396139, -0.5326745, -1.4477507
1060140729000, 0.31123585, -0.3136793, -1.3906348
1060145708000, 0.40011674, -0.20952678, -1.3054191
1060150697000, 0.5152648, -0.04184427, -1.2678508
1060155728000, 0.57604593, 0.047647487, -1.1917981
1060160697000, 0.7122689, 0.10598512, -1.1456778
1060165735000, 0.8573494, 0.15057829, -1.1224649
1060170682000, 0.9804387, 0.18020524, -1.0980303
1060175721000, 1.0910053, 0.21991149, -1.0812315
1060180792000, 1.201572, 0.2507602, -1.0659598
1060185736000, 1.2825116, 0.2770274, -1.0345002
1060190892000, 1.3387111, 0.2959642, -0.9859365
1060195826000, 1.3652838, 0.3463606, -0.9071349
1060201144000, 1.3536774, 0.3921755, -0.83108217
1060205698000, 1.328021, 0.43279803, -0.75625116
1060210907000, 1.284955, 0.4465425, -0.6921103
1060215711000, 1.2082914, 0.45662177, -0.65240407
1060220700000, 1.1511755, 0.46670106, -0.6197228
1060225728000, 1.1151345, 0.44348818, -0.60994893
1060231019000, 1.0833695, 0.3839288, -0.6395759
1060235732000, 1.0253373, 0.31795537, -0.6924158
1060240725000, 0.9737192, 0.23671028, -0.7452556
1060245714000, 0.94959, 0.20097467, -0.8008443
1060250670000, 0.9282097, 0.12675454, -0.82344633
1060255726000, 0.91415983, 0.04886922, -0.8604037
1060260735000, 0.88514376, -0.0106901415, -0.90408057
1060265741000, 0.8671232, -0.04550946, -0.9306532
1060270715000, 0.8237518, -0.034208454, -0.94897914
1060275713000, 0.82619524, 0.0870483, -0.94959
1060280730000, 0.86498517, 0.28160888, -0.9309586
1060285730000, 0.94806284, 0.5390886, -0.9083566
1060290657000, 1.0528263, 0.782213, -0.8903361
1060295709000, 1.1575897, 0.99112886, -0.86559606
1060300672000, 1.25319, 1.1209377, -0.82436264
1060306533000, 1.3497068, 1.1743884, -0.7974846
1060310697000, 1.4330899, 1.1707232, -0.78038037
1060315713000, 1.5311338, 1.1047498, -0.77304995
1060320700000, 1.6581937, 1.0180069, -0.7663304
1060325711000, 1.7629571, 0.9193522, -0.75747293
1060330843000, 1.8854356, 0.84604836, -0.75594574
1060335695000, 1.9840903, 0.7812967, -0.73914695
1060340713000, 2.0803015, 0.7507534, -0.7257079
1060345706000, 2.1523838, 0.73639804, -0.70829827
1060350730000, 2.187203, 0.73548174, -0.6979135
1060355734000, 2.2489004, 0.7458665, -0.6808093
1060360712000, 2.281887, 0.74220127, -0.6722572
1060365700000, 2.3081543, 0.72326446, -0.6722572
1060370731000, 2.3115141, 0.698219, -0.66767573
1060376528000, 2.3011293, 0.6921103, -0.6563747
1060380859000, 2.3081543, 0.7086037, -0.6462954
1060385742000, 2.3020456, 0.72692966, -0.6169739
1060390731000, 2.293799, 0.8023715, -0.5870415
1060395706000, 2.2992969, 0.8399397, -0.57787853
1060400741000, 2.300824, 0.84971356, -0.5647449
1060405726000, 2.3133466, 0.850019, -0.548557
1060410715000, 2.3286183, 0.8179486, -0.5467244
1060415734000, 2.331978, 0.7797695, -0.54428095
1060420725000, 2.3240368, 0.76144356, -0.5338962
1060425709000, 2.2992969, 0.7266242, -0.5299256
1060430823000, 2.2901337, 0.6612616, -0.5323691
1060435768000, 2.2770002, 0.57696223, -0.5558874
1060440723000, 2.270586, 0.4877759, -0.56077427
1060446174000, 2.2592852, 0.4092797, -0.593761
1060450735000, 2.2534819, 0.3631594, -0.61300325
1060455727000, 2.2467623, 0.2602286, -0.6606508
1060460702000, 2.238821, 0.20372356, -0.70280045
1060465720000, 2.2427917, 0.19700404, -0.745561
1060470738000, 2.2421808, 0.15393804, -0.79412484
1060475720000, 2.221717, 0.20677789, -0.8472701
1060480820000, 2.200642, 0.17501289, -0.91354895
1060485782000, 2.1875083, 0.13591751, -0.9737192
1060490770000, 2.1746802, 0.10720685, -1.0158689
1060495712000, 2.1407773, 0.081855945, -1.0711522
1060500766000, 2.0912971, 0.0711658, -1.1117748
1060505658000, 2.0549507, 0.04550946, -1.1456778
1060510718000, 2.0393736, 0.007941248, -1.1523973
1060515710000, 2.0045543, -0.047036625, -1.1600331
1060520732000, 1.9691241, -0.13530666, -1.171945
1060525725000, 1.9065105, -0.17806722, -1.1749994
1060530813000, 1.8277088, -0.19120082, -1.1716396
1060535712000, 1.772731, -0.21991149, -1.1780536
1060540738000, 1.6853772, -0.22327125, -1.1933253
1060545736000, 1.6163495, -0.21502456, -1.2040154
1060550737000, 1.5848899, -0.2049453, -1.2183707
1060555723000, 1.5268577, -0.17012598, -1.251052
1060560705000, 1.4764613, -0.1518, -1.2400564
1060565855000, 1.4285084, -0.12705997, -1.2266175
1060570728000, 1.4016303, -0.06658431, -1.2287555
1060575713000, 1.3927728, -0.022602014, -1.1991285
1060580830000, 1.4181237, 0.03268129, -1.1759156
1060585791000, 1.4446963, 0.05467244, -1.1676689
1060590727000, 1.4651603, 0.06261369, -1.1591167
1060595771000, 1.4752395, 0.058337633, -1.1597277
1060600734000, 1.4764613, 0.070554934, -1.1838568
1060605946000, 1.459357, 0.02687807, -1.221425
1060610712000, 1.4300356, 0.008246681, -1.2113458
1060615668000, 1.4175128, 0.008552114, -1.2373075
1060620728000, 1.3603969, -0.02321288, -1.3026701
1060625718000, 1.2864822, -0.036957346, -1.3698653
1060630842000, 1.1948525, -0.03756821, -1.4483615
1060635720000, 1.106277, -0.028405234, -1.5180001
1060640727000, 1.0534371, -0.01740966, -1.4694363
1060645685000, 1.0720685, 0.0067195175, -1.4547756
1060650734000, 1.0888673, -0.0021380284, -1.3814718
1060655659000, 1.1346822, -0.07360926, -1.2803736
1060660709000, 1.2131784, -0.13805555, -1.1456778
1060665667000, 1.2855659, -0.20525073, -1.0180069
1060670726000, 1.3035865, -0.26633725, -0.906524
1060675714000, 1.2651019, -0.28313604, -0.82802784
1060680797000, 1.1838568, -0.26267207, -0.74036866
1060685828000, 1.0955868, -0.23243423, -0.636827
1060690726000, 1.035722, -0.18112154, -0.52015173
1060695725000, 1.0140363, -0.1142318, -0.39278635
1060701328000, 1.0375546, -0.01282817, -0.2706133
1060705727000, 1.0916162, 0.12034045, -0.16584991
1060710706000, 1.1679744, 0.26389378, -0.064751714
1060715734000, 1.244027, 0.35369098, -0.00580322
1060720727000, 1.3197744, 0.43371433, 0.03940081
1060725723000, 1.3671165, 0.54458636, 0.08857546
1060730790000, 1.3750577, 0.6020077, 0.1160644
1060736501000, 1.3310753, 0.62796944, 0.14905111
1060740725000, 1.2724323, 0.6243043, 0.17989981
1060745711000, 1.2373075, 0.61269784, 0.20463985
1060750727000, 1.16492, 0.5766568, 0.22876903
1060755725000, 1.0641272, 0.5155703, 0.24923302
1060760705000, 0.96669424, 0.44593164, 0.25381452
1060765737000, 0.88178396, 0.36682457, 0.25045475
1060770947000, 0.79259765, 0.3210097, 0.2706133
1060775734000, 0.7318166, 0.2874121, 0.2706133
1060780778000, 0.6731735, 0.2415972, 0.2556471
1060785758000, 0.6301075, 0.19639318, 0.22113322
1060790722000, 0.5858198, 0.16126843, 0.19914207
1060795731000, 0.5488624, 0.16157386, 0.19730948
1060800687000, 0.5155703, 0.15882497, 0.17440203
1060805728000, 0.4978552, 0.14263703, 0.14477506
1060810707000, 0.50488013, 0.1301143, 0.07788532
1060815735000, 0.50946164, 0.13500121, 0.06505715
1060820658000, 0.5174029, 0.17287487, 0.04550946
1060825724000, 0.5152648, 0.19517145, 0.0106901415
1060830704000, 0.5002986, 0.20433442, -0.022296581
1060835711000, 0.46761733, 0.21960606, -0.06078109
1060840667000, 0.4184427, 0.22021692, -0.08552113
1060845709000, 0.39461896, 0.22876903, -0.15149458
1060850660000, 0.35002577, 0.23396139, -0.172264
1060855730000, 0.32742378, 0.22602014, -0.19394971
1060860689000, 0.28893927, 0.20799962, -0.21960606
1060865736000, 0.25686884, 0.14630222, -0.24373524
1060870689000, 0.22937989, 0.06658431, -0.28496864
1060875706000, 0.18387043, -0.0290161, -0.32834008
1060880782000, 0.13897185, -0.1133155, -0.34391713
1060885829000, 0.105068825, -0.1881465, -0.34788775
1060890739000, 0.059864793, -0.25961772, -0.36957347
1060895768000, 0.022296581, -0.32375857, -0.40866885
1060900745000, -0.020158553, -0.36835176, -0.40622538
1060905764000, -0.067500606, -0.4007276, -0.40653083
1060910732000, -0.09773844, -0.4129449, -0.39920044
1060915765000, -0.12492194, -0.42546764, -0.38973203
1060920743000, -0.14813483, -0.44776422, -0.3726278
1060925763000, -0.15149458, -0.46670106, -0.35918877
1060930826000, -0.14996742, -0.4783075, -0.35185838
1060936171000, -0.15271631, -0.4914411, -0.34116822
1060940688000, -0.13500121, -0.4981606, -0.3381139
1060945758000, -0.12736541, -0.50732356, -0.3182608
1060950730000, -0.12339478, -0.51251596, -0.32742378
1060955737000, -0.1282817, -0.51251596, -0.30909783
1060960723000, -0.13347405, -0.50671273, -0.30024028
1060965734000, -0.13622294, -0.4841107, -0.29565877
1060970728000, -0.14263703, -0.44593164, -0.29260445
1060975772000, -0.14752395, -0.41172317, -0.28710666
1060980707000, -0.12797627, -0.38331795, -0.27030787
1060985751000, -0.122478485, -0.3323107, -0.25473082
1060990677000, -0.10629055, -0.27458394, -0.24740042
1060995727000, -0.09407325, -0.2415972, -0.23060162
1061000745000, -0.07788532, -0.22266038, -0.21380283
1061005675000, -0.070249505, -0.21166481, -0.19822577
1061010670000, -0.05222898, -0.2144137, -0.17837265
1061015671000, -0.040317107, -0.22021692, -0.15760323
1061020685000, -0.027488936, -0.22479841, -0.13591751
1061026003000, -0.02443461, -0.21288654, -0.10873401
1061030703000, -0.034513887, -0.22540927, -0.08124508
1061035671000, -0.027183503, -0.21838433, -0.052534413
1061040660000, -0.028710667, -0.20280726, -0.040317107
1061045698000, -0.048258353, -0.17684549, -0.01985312
1061050674000, -0.061086524, -0.16126843, 9.162979E-4
1061055670000, -0.08093964, -0.13622294, 0.024129177
1061060843000, -0.0983493, -0.10995574, 0.04642576
1061065670000, -0.12492194, -0.09743301, 0.06719518
1061070671000, -0.14508049, -0.09010262, 0.08032878
1061075655000, -0.16462818, -0.09254608, 0.09987647
1061080691000, -0.1908954, -0.06352998, 0.09743301
1061085672000, -0.21685717, -0.08460484, 0.124311075
1061090671000, -0.21960606, -0.12797627, 0.15088372
1061095773000, -0.22602014, -0.15027285, 0.1685988
1061100673000, -0.23701571, -0.15393804, 0.17928895
1061105660000, -0.26511553, -0.15882497, 0.18875736
1061110669000, -0.28252518, -0.16462818, 0.20922135
1061115672000, -0.31703907, -0.16615535, 0.21991149
1061120673000, -0.35002577, -0.15393804, 0.22876903
1061125652000, -0.3622431, -0.13225232, 0.24007004
1061130953000, -0.37812558, -0.08368854, 0.2312125
1061136092000, -0.42088616, -0.029932396, 0.21899518
1061140737000, -0.4288274, -0.03145956, 0.21838433
1061145680000, -0.42760566, -0.02321288, 0.2284636
1061150737000, -0.42058071, -0.017715093, 0.24404067
1061155675000, -0.41386122, -0.015271631, 0.24556783
1061160702000, -0.41905355, 9.162979E-4, 0.23976462
1061165695000, -0.4392121, 0.032375857, 0.2312125
1061170731000, -0.45875978, 0.06352998, 0.22785273
1061175721000, -0.4810564, 0.086437434, 0.22204952
1061180862000, -0.5204572, 0.115453534, 0.20219639
1061185728000, -0.5693264, 0.13683382, 0.17073683
1061190726000, -0.59131753, 0.12889257, 0.16584991
1061195701000, -0.5870415, 0.096516706, 0.1740966
1061201052000, -0.5900958, 0.0693332, 0.160963
1061205748000, -0.59315014, 0.0421497, 0.15454891
1061210756000, -0.58368176, 0.025961773, 0.15607607
1061215946000, -0.57696223, -0.004276057, 0.14813483
1061220752000, -0.5571091, -0.030848695, 0.14538592
1061225882000, -0.52778757, -0.043982297, 0.1337795
1061230810000, -0.5186246, -0.0580322, 0.12736541
1061236174000, -0.4908302, -0.0693332, 0.10476339
1061240724000, -0.45173484, -0.05955936, 0.09040806
1061247040000, -0.45204028, -0.07849618, 0.07238753
1061250735000, -0.36835176, -0.087964594, 0.06383542
1061255659000, -0.34238997, -0.12889257, 0.04428773
1061260720000, -0.2773328, -0.13958271, 0.03481932
1061265681000, -0.24007004, -0.14874569, 0.016187929
1061270744000, -0.18570304, -0.16035213, 0.005497787
1061275735000, -0.13622294, -0.1423316, -0.007330383
1061280810000, -0.10903945, -0.16462818, -0.017715093
1061285693000, -0.06536258, -0.19394971, -0.018936822
1061290726000, -0.01985312, -0.21044308, -0.003970624
1061295689000, 0.019242255, -0.2171626, 0.0018325958
1061300733000, 0.035430185, -0.21930063, -0.004886922
1061305673000, 0.057421334, -0.21135938, -0.0106901415
1061310712000, 0.055588737, -0.21471913, -0.009773844
1061315699000, 0.04153884, -0.22327125, -0.017104227
1061320726000, 0.031154128, -0.2275473, -0.018020526
1061325762000, 0.0106901415, -0.25350907, -0.022296581
1061330801000, 0.0030543262, -0.2724459, -0.022602014
1061336470000, -0.020463986, -0.2941316, -0.01740966
1061340730000, -0.024129177, -0.29993483, -0.014660766
1061345731000, -0.035124753, -0.2996294, -0.013439035
1061350762000, -0.046120327, -0.2883284, -0.014660766
1061355727000, -0.045814894, -0.25381452, -0.022296581
1061360707000, -0.03848451, -0.24281894, -0.015882496
1061365805000, -0.031154128, -0.1881465, 0.0036651916
1061370728000, -0.025961773, -0.113926366, 0.009773844
1061375715000, -0.019547688, -0.08155051, 0.013744468
1061380853000, 0.0033597588, -0.042455133, 0.009468411
1061386518000, 0.007941248, -0.003970624, 0.009162978
1061390727000, 0.015271631, 0.01740966, 0.0061086523
1061395732000, 0.025961773, 0.044593163, 0.0027488936
1061400730000, 0.029932396, 0.06505715, -0.004581489
1061405728000, 0.043676864, 0.08002335, -0.007330383
1061410713000, 0.05100725, 0.11026118, -3.0543262E-4
1061415752000, 0.047036625, 0.119729586, 0.0015271631
1061420750000, 0.06963864, 0.160963, -0.003970624
1061425705000, 0.074830994, 0.22388211, -0.0018325958
1061430792000, 0.07238753, 0.2434298, -0.0070249503
1061435757000, 0.081855945, 0.28038713, -0.0033597588
1061440727000, 0.089491755, 0.32620203, 0.005497787
1061445732000, 0.09132435, 0.36285394, 0.011301007
1061450728000, 0.10262536, 0.38759398, 0.024129177
1061456355000, 0.115453534, 0.38606682, 0.041233405
1061460704000, 0.12797627, 0.37720928, 0.049785517
1061465741000, 0.13408493, 0.35796702, 0.06566802
1061470729000, 0.14660765, 0.33017266, 0.07086037
1061475702000, 0.15088372, 0.29626966, 0.08674286
1061480776000, 0.13347405, 0.24709499, 0.096516706
1061485799000, 0.14049901, 0.19394971, 0.113926366
1061490689000, 0.12736541, 0.14752395, 0.12064589
1061495742000, 0.11911872, 0.09193522, 0.12950343
1061500663000, 0.10598512, 0.048258353, 0.14019357
1061505728000, 0.09162979, 0.0125227375, 0.1414153
1061510675000, 0.08155051, -0.01863139, 0.14355333
1061515737000, 0.07849618, -0.04886922, 0.14935656
1061520660000, 0.07574729, -0.064446285, 0.14752395
1061525783000, 0.06169739, -0.0720821, 0.15668693
1061530753000, 0.042760566, -0.0729984, 0.15027285
1061535710000, 0.027488936, -0.08674286, 0.15149458
1061540669000, 0.021685716, -0.110872045, 0.15851954
1061545712000, 0.008552114, -0.11789699, 0.15974127
1061550689000, 0.004581489, -0.14049901, 0.15943582
1061555727000, -0.003970624, -0.16432275, 0.16371189
1061560706000, -0.018936822, -0.18081611, 0.16432275
1061565720000, -0.028099801, -0.18142697, 0.1695151
1061570713000, -0.028710667, -0.19792034, 0.16371189
1061575741000, -0.02687807, -0.20830505, 0.15577064
1061580744000, -0.014049901, -0.20647246, 0.15027285
1061585735000, -0.011911872, -0.20189096, 0.14263703
1061590739000, -0.0061086523, -0.20219639, 0.14049901
1061595777000, 0.004886922, -0.1777618, 0.13897185
1061600726000, 0.02321288, -0.14477506, 0.12492194
1061605727000, 0.044593163, -0.098043874, 0.11759156
1061610690000, 0.070249505, -0.051923547, 0.11636983
1061615730000, 0.089491755, 0.005192355, 0.12217305
1061620708000, 0.08979719, 0.050396383, 0.12186762
1061625729000, 0.1151481, 0.094989546, 0.12034045
1061630855000, 0.10415252, 0.15027285, 0.12339478
1061635804000, 0.100792766, 0.16218472, 0.124311075
1061640709000, 0.098043874, 0.19364429, 0.12370021
1061645730000, 0.094989546, 0.19975294, 0.13561209
1061651004000, 0.099571034, 0.18112154, 0.14263703
1061655729000, 0.093767814, 0.15118915, 0.14721853
1061661082000, 0.0888809, 0.113926366, 0.14569137
1061665744000, 0.090713486, 0.070249505, 0.14508049
1061670708000, 0.09468412, 0.03481932, 0.1469131
1061675824000, 0.0983493, 0.016493361, 0.1386664
1061680723000, 0.10995574, 0.021685716, 0.13164146
1061685779000, 0.13255776, 0.04428773, 0.12034045
1061690656000, 0.14294247, 0.086132, 0.10781772
1061695719000, 0.16157386, 0.129198, 0.08827003
1061700665000, 0.1740966, 0.1563815, 0.073303826
1061705729000, 0.1853976, 0.19333886, 0.06169739
1061711311000, 0.18570304, 0.21594086, 0.048563786
1061715733000, 0.1872302, 0.23518312, 0.04184427
1061720679000, 0.17134771, 0.22632557, 0.032986723
1061725707000, 0.15760323, 0.21624629, 0.025961773
1061730739000, 0.13988814, 0.19425514, 0.029932396
1061736808000, 0.13500121, 0.13530666, 0.021380283
1061740687000, 0.098043874, 0.12095132, 0.02565634
1061745824000, 0.07391469, 0.06688975, 0.028099801
1061750693000, 0.058643065, 0.023518313, 0.02321288
1061755727000, 0.03604105, -0.006414085, 0.031154128
1061760703000, 0.0106901415, -0.021380283, 0.022296581
1061765724000, -0.01282817, -0.0290161, 0.024129177
1061770712000, -0.027794369, -0.02076942, 0.032986723
1061775723000, -0.040317107, -0.008857546, 0.030543262
1061781440000, -0.042760566, 0.019242255, 0.026572637
1061785731000, -0.051923547, 0.05222898, 0.034208454
1061790727000, -0.059253927, 0.09132435, 0.021685716
1061795719000, -0.051618114, 0.13988814, 0.022602014
1061800732000, -0.06383542, 0.17531833, 0.015271631
1061805722000, -0.06719518, 0.20861048, 0.013439035
1061810696000, -0.061086524, 0.24648413, 0.008857546
1061815727000, -0.06383542, 0.2706133, 0.011911872
1061820727000, -0.07727446, 0.2919936, 0.015882496
1061825728000, -0.07971791, 0.30268374, 0.007941248
1061830823000, -0.07574729, 0.31245756, 0.013133603
1061835806000, -0.08124508, 0.30879238, 0.012217305
1061840725000, -0.07941248, 0.30787608, 0.009773844
1061845706000, -0.06963864, 0.30268374, 0.014049901
1061850687000, -0.0693332, 0.29168814, 0.018020526
1061855728000, -0.065973446, 0.27855456, 0.015882496
1061860703000, -0.04734206, 0.2519819, 0.017104227
1061865739000, -0.03726278, 0.22632557, 0.013744468
1061870732000, -0.023823744, 0.20830505, 0.0036651916
1061875737000, -0.013439035, 0.18936823, -6.1086525E-4
1061880823000, 0.004276057, 0.16157386, -6.1086525E-4
1061885739000, 0.025961773, 0.13041973, 0.0036651916
1061890727000, 0.01740966, 0.103847094, -0.01038471
1061895708000, 0.030848695, 0.09132435, -0.009468411
1061900734000, 0.025961773, 0.076052725, -0.00580322
1061905727000, 0.029321533, 0.049785517, -0.0036651916
1061910706000, 0.020463986, 0.034208454, -0.004276057
1061915725000, 0.008552114, 0.028099801, 0.0061086523
1061920788000, 0.0076358155, 0.03023783, 0.01863139
1061925742000, -0.004581489, 0.029321533, 0.02565634
1061930819000, 0.0030543262, 0.037873644, 0.029932396
1061936370000, 0.0021380284, 0.043066, 0.047036625
1061940696000, -3.0543262E-4, 0.053145275, 0.049480084
1061945683000, 0.005192355, 0.06536258, 0.07238753
1061950692000, 0.009773844, 0.077579886, 0.08002335
1061955689000, 0.009162978, 0.087964594, 0.086437434
1061960701000, -0.002443461, 0.09865474, 0.09132435
1061965696000, -0.0106901415, 0.11911872, 0.098043874
1061970692000, -0.002443461, 0.12522738, 0.09896017
1061976030000, -0.004581489, 0.13072516, 0.105068825
1061980884000, -0.018936822, 0.12370021, 0.10995574
1061985900000, -0.01160644, 0.124005646, 0.10781772
1061990713000, -0.015577064, 0.12583824, 0.10170906
1061996032000, -0.004581489, 0.12705997, 0.09896017
1062000919000, -0.008246681, 0.11209377, 0.0983493
1062005940000, -0.002443461, 0.109650314, 0.08979719
1062010660000, -0.009773844, 0.10048734, 0.08368854
1062015952000, -0.008246681, 0.09315695, 0.081855945
1062020643000, 3.0543262E-4, 0.076358154, 0.06963864
1062025922000, -0.011911872, 0.064751714, 0.069027774
1062030737000, -0.013439035, 0.058643065, 0.06963864
1062035638000, -0.014049901, 0.048258353, 0.057421334
1062040648000, -0.015882496, 0.03176499, 0.058643065
1062045649000, -0.027488936, 0.018936822, 0.05681047
1062050724000, -0.025045475, 0.016187929, 0.054367006
1062055681000, -0.026572637, 9.162979E-4, 0.05009095
1062060664000, -0.028099801, 0.003970624, 0.05009095
1062065690000, -0.04337143, 0.0036651916, 0.047647487
1062070680000, -0.05222898, -0.008552114, 0.042760566
1062075728000, -0.05467244, -0.009773844, 0.040317107
1062080714000, -0.056199603, 6.1086525E-4, 0.04153884
1062085689000, -0.055283304, 9.162979E-4, 0.038789943
1062090686000, -0.06688975, 0.0027488936, 0.035124753
1062095668000, -0.07513642, -0.0036651916, 0.034513887
1062100710000, -0.07360926, -0.002443461, 0.03176499
1062106351000, -0.056199603, -0.005497787, 0.03390302
1062110692000, -0.0693332, -6.1086525E-4, 0.03145956
1062115794000, -0.07452556, 0.004886922, 0.032375857
1062120681000, -0.086437434, 0.005192355, 0.034208454
1062125792000, -0.0842994, 0.005192355, 0.027794369
1062130735000, -0.08002335, 0.015271631, 0.022907447
1062135695000, -0.082161374, 0.01282817, 0.026267206
1062140673000, -0.0870483, 0.010995574, 0.029321533
1062145719000, -0.07391469, 0.017104227, 0.026267206
1062150686000, -0.06383542, 0.0143553335, 0.02443461
1062155727000, -0.064446285, 0.009773844, 0.025961773
1062160726000, -0.061391957, 0.008552114, 0.019242255
1062165741000, -0.054367006, 0.006414085, 0.015577064
1062170707000, -0.047647487, -3.0543262E-4, 0.008246681
1062176262000, -0.045814894, -0.0061086523, 0.005192355
1062180793000, -0.039095376, -0.014660766, -0.0021380284
1062185733000, -0.04734206, -0.020158553, -0.0033597588
1062190748000, -0.04550946, -0.022907447, -0.0021380284
1062195709000, -0.05467244, -0.027488936, -9.162979E-4
1062200707000, -0.056505036, -0.036957346, -0.0076358155
1062205728000, -0.058948494, -0.038179077, -0.013133603
1062210703000, -0.07147124, -0.03940081, -0.005497787
1062215704000, -0.06841691, -0.032070424, -0.004886922
1062220712000, -0.0580322, -0.0290161, -0.004276057
1062225734000, -0.06383542, -0.027488936, -6.1086525E-4
1062230896000, -0.061086524, -0.025961773, -0.005192355
1062235740000, -0.04795292, -0.01863139, -0.004276057
1062240714000, -0.03970624, -0.01038471, 0.00580322
1062245959000, -0.03573562, -0.01038471, -3.0543262E-4
1062250699000, -0.025961773, -0.0067195175, 6.1086525E-4
1062255725000, -0.019242255, -0.010995574, 0.006414085
1062260719000, -0.0030543262, -6.1086525E-4, 0.004581489
1062265719000, -0.005192355, 0.0030543262, 0.004276057
1062270960000, -0.002443461, 0.009773844, 0.018020526
1062275705000, 0.004581489, -0.0030543262, 0.019547688
1062281081000, 0.014660766, 0.004276057, 0.016493361
1062285736000, 0.011911872, 0.011911872, 0.02076942
1062291045000, 0.0036651916, 0.005192355, 0.021685716
1062295706000, 0.012217305, 0.007330383, 0.023823744
1062300666000, 0.0027488936, 0.0012217305, 0.02076942
1062305769000, -0.0021380284, 0.011301007, 0.02321288
1062310728000, 0.0036651916, 0.0067195175, 0.025045475
1062315756000, 0.0036651916, 0.0012217305, 0.018020526
1062320659000, -0.004581489, -0.0021380284, 0.02443461
1062325740000, -3.0543262E-4, 0.009162978, 0.024129177
1062330707000, -0.008552114, 0.004886922, 0.02443461
1062336411000, 0.0021380284, 0.0012217305, 0.019547688
1062340662000, -0.008857546, 0.0012217305, 0.025350908
1062345739000, -0.0070249503, -0.0018325958, 0.02687807
1062350680000, -0.002443461, -0.0033597588, 0.026267206
1062355766000, 3.0543262E-4, -0.0021380284, 0.01985312
1062360680000, -0.007941248, -0.02076942, 0.01863139
1062365769000, -0.01282817, -0.010079277, 0.02321288
1062370692000, -0.010079277, -0.0036651916, 0.01985312
1062375782000, -0.0125227375, -0.0061086523, 0.02565634
1062380762000, -0.01985312, -0.0018325958, 0.025045475
1062385766000, -0.021991149, -0.005192355, 0.026267206
1062390737000, -0.028099801, -0.0033597588, 0.025350908
1062395766000, -0.036651913, -0.012217305, 0.022602014
1062400765000, -0.040011674, 0.0027488936, 0.023823744
1062405751000, -0.04428773, 0.004276057, 0.02565634
1062410752000, -0.043676864, -0.013439035, 0.016798794
1062415735000, -0.059864793, -0.025350908, 0.013439035
1062420802000, -0.055588737, -0.014049901, 0.01985312
1062425774000, -0.055588737, -0.013133603, 0.013744468
1062431514000, -0.060170226, -0.009468411, 0.02107485
1062435765000, -0.05100725, -0.009773844, 0.014049901
1062440743000, -0.057726767, -0.003970624, 0.010079277
1062445747000, -0.050396383, -0.0033597588, 0.011911872
1062450761000, -0.05131268, -6.1086525E-4, 0.0125227375
1062455761000, -0.050396383, -0.0070249503, 0.016798794
1062460749000, -0.043676864, 0.0033597588, 0.02076942
1062465823000, -0.044898596, 0.01740966, 0.017715093
1062470790000, -0.039095376, 0.025350908, 0.01740966
1062475762000, -0.053450707, 0.02687807, 0.018020526
1062480793000, -0.04337143, 0.011301007, 0.016187929
1062485766000, -0.03726278, 0.025045475, 0.023518313
1062490769000, -0.03756821, 0.032986723, 0.018936822
1062495747000, -0.042760566, 0.03634648, 0.022602014
1062501330000, -0.040927973, 0.028099801, 0.02321288
1062505759000, -0.043982297, 0.027488936, 0.013744468
1062510761000, -0.03023783, 0.035124753, 0.017104227
1062515758000, -0.03848451, 0.040317107, 0.016187929
1062520751000, -0.03726278, 0.03604105, 0.01160644
1062525764000, -0.03634648, 0.040317107, 0.021380283
1062530767000, -0.042455133, 0.041233405, 0.018020526
1062536564000, -0.040927973, 0.03145956, 0.018936822
1062540749000, -0.03023783, 0.02687807, 0.017104227
1062545670000, -0.03604105, 0.024740042, 0.01985312
1062550777000, -0.04550946, 0.03023783, 0.017104227
1062555764000, -0.03726278, 0.02687807, 0.02076942
1062560758000, -0.028099801, 0.029626964, 0.014966198
1062565735000, -0.037873644, 0.028405234, 0.020158553
1062571115000, -0.043066, 0.02565634, 0.018936822
1062575776000, -0.042455133, 0.024129177, 0.016798794
1062580788000, -0.04428773, 0.029932396, 0.02443461
1062585777000, -0.044898596, 0.022907447, 0.011911872
1062590748000, -0.03359759, 0.01985312, 0.01282817
1062595754000, -0.03726278, 0.018020526, 0.014660766
1062600773000, -0.03390302, 0.015882496, 0.01740966
1062605766000, -0.04337143, 0.010995574, 0.0143553335
1062610740000, -0.03848451, 0.0067195175, 0.014966198
1062615752000, -0.032070424, 0.012217305, 0.016493361
1062620764000, -0.042760566, 0.011301007, 0.010079277
1062625785000, -0.031154128, 0.0070249503, 0.008857546
1062630778000, -0.027794369, 0.0070249503, 0.016187929
1062635761000, -0.040317107, 0.004581489, 0.016798794
1062640698000, -0.034208454, 0.0027488936, 0.0143553335
1062645707000, -0.03023783, -3.0543262E-4, 0.018020526
1062650729000, -0.029626964, -0.0015271631, 0.016187929
1062655729000, -0.02443461, 0.0021380284, 0.026267206
1062660735000, -0.039095376, -0.011301007, 0.023518313
1062665743000, -0.03145956, -0.01282817, 0.020158553
1062670706000, -0.037873644, -0.0067195175, 0.024129177
1062675750000, -0.03145956, -0.013744468, 0.023823744
1062680720000, -0.040011674, -0.019547688, 0.020158553
1062685740000, -0.03940081, -0.01863139, 0.022602014
1062690665000, -0.036957346, -0.022602014, 0.022602014
1062695716000, -0.03848451, -0.027183503, 0.020158553
1062700692000, -0.03970624, -0.02443461, 0.022602014
1062705731000, -0.0421497, -0.018325957, 0.021685716
1062711057000, -0.038789943, -0.021685716, 0.014660766
1062715727000, -0.0421497, -0.008246681, 0.019547688
1062721035000, -0.042455133, -9.162979E-4, 0.015577064
1062725753000, -0.04184427, -0.008857546, 0.015577064
1062730795000, -0.03940081, -0.0061086523, 0.013744468
1062735662000, -0.03023783, 0.0021380284, 0.02076942
1062740737000, -0.026267206, 0.0015271631, 0.016187929
1062745703000, -0.036651913, 0.005497787, 0.0143553335
1062750759000, -0.03359759, -0.0015271631, 0.016493361
1062756210000, -0.03359759, 0.0106901415, 0.0070249503
1062760701000, -0.029321533, 0.013439035, 0.018936822
1062765725000, -0.01985312, 0.022907447, 0.01985312
1062770729000, -0.025045475, 0.023518313, 0.0106901415
1062775767000, -0.030848695, 0.013133603, 0.013744468
1062780861000, -0.021380283, 0.023518313, 0.015271631
1062785766000, -0.013133603, 0.026267206, 0.009162978
1062790790000, -0.017104227, 0.027794369, 0.016493361
1062795760000, -0.02565634, 0.026267206, 0.0067195175
1062800758000, -0.023823744, 0.015882496, 0.008246681
1062805763000, -0.023518313, 0.0290161, 0.017104227
1062810744000, -0.022296581, 0.02443461, 0.010995574
1062815780000, -0.024129177, 0.013439035, 0.009773844
1062820764000, -0.01863139, 0.016493361, 0.014049901
1062826438000, -0.025961773, 0.015271631, 0.0070249503
1062830847000, -0.028099801, 0.021685716, 0.0067195175
1062835768000, -0.023823744, 0.022602014, 0.0106901415
1062840745000, -0.031154128, 0.019242255, 0.011301007
1062845730000, -0.027183503, 0.018325957, 0.013744468
1062850779000, -0.029932396, 0.02107485, 0.016187929
1062855759000, -0.030543262, 0.02107485, 0.01282817
1062860744000, -0.03726278, 0.02076942, 0.010995574
1062865729000, -0.031154128, 0.017104227, 0.015577064
1062870753000, -0.03573562, 0.020158553, 0.021380283
1062875821000, -0.03848451, 0.021380283, 0.01282817
1062880848000, -0.03359759, 0.021380283, 0.015882496
1062885858000, -0.041233405, 0.027794369, 0.021685716
1062890757000, -0.04337143, 0.022907447, 0.022602014
1062896064000, -0.04520403, 0.019242255, 0.01740966
1062900772000, -0.03390302, 0.020463986, 0.015577064
1062905686000, -0.04550946, 0.028405234, 0.020158553
1062910753000, -0.051618114, 0.022296581, 0.022907447
1062915712000, -0.046120327, 0.022907447, 0.027794369
1062920768000, -0.0421497, 0.016187929, 0.024740042
1062925704000, -0.042455133, 0.010995574, 0.025961773
1062930794000, -0.04428773, 0.015271631, 0.022296581
1062936504000, -0.03940081, 0.00580322, 0.021991149
1062940735000, -0.048563786, 0.0076358155, 0.01863139
1062945716000, -0.04642576, 0.008552114, 0.018936822
1062950735000, -0.03481932, 0.0033597588, 0.018325957
1062955743000, -0.03481932, 0.0070249503, 0.018325957
1062960727000, -0.03756821, 0.008552114, 0.019547688
1062965749000, -0.03023783, 0.013133603, 0.023518313
1062970735000, -0.038789943, 0.009773844, 0.016187929
1062976118000, -0.03756821, 0.01038471, 0.023823744
1062980761000, -0.044593163, 0.0070249503, 0.02321288
1062986060000, -0.046120327, 0.016798794, 0.025961773
1062990752000, -0.045814894, 0.018020526, 0.025350908
1062995716000, -0.03634648, 0.015271631, 0.022602014
1063000745000, -0.038789943, 0.010079277, 0.028710667
1063005723000, -0.048258353, 0.023518313, 0.029626964
1063010647000, -0.04153884, 0.016187929, 0.02565634
1063015655000, -0.047036625, 0.010079277, 0.025350908
1063020670000, -0.047036625, 0.011911872, 0.02443461
1063025604000, -0.03359759, 0.00580322, 0.01985312
1063030696000, -0.03268129, 0.0030543262, 0.02076942
1063035598000, -0.03573562, 0.01160644, 0.018325957
1063040659000, -0.036957346, 0.0076358155, 0.020463986
1063045791000, -0.04337143, 0.005192355, 0.015271631
1063050784000, -0.042760566, 0.00580322, 0.019242255
1063055665000, -0.03756821, 0.005497787, 0.014966198
1063060753000, -0.038789943, 0.009162978, 0.019242255
1063065791000, -0.04062254, 0.007941248, 0.017715093
1063070766000, -0.04184427, 0.008246681, 0.010995574
1063075849000, -0.038789943, 0.0106901415, 0.016493361
1063081421000, -0.03970624, 0.014049901, 0.01985312
1063085776000, -0.040011674, 0.01863139, 0.01740966
1063090761000, -0.040317107, 0.0015271631, 0.011301007
1063095766000, -0.039095376, -3.0543262E-4, 0.02076942
1063100756000, -0.03756821, 0.0030543262, 0.014966198
1063105762000, -0.034208454, 0.007330383, 0.0143553335
1063110738000, -0.031154128, 0.0021380284, 0.013439035
1063115847000, -0.038179077, 0.007941248, 0.018325957
1063120766000, -0.03940081, 0.007941248, 0.020463986
1063125800000, -0.034208454, 0.006414085, 0.014660766
1063130766000, -0.037873644, 0.0018325958, 0.011911872
1063136518000, -0.036651913, -0.0070249503, 0.010995574
1063140745000, -0.035124753, -3.0543262E-4, 0.012217305
1063145749000, -0.03604105, -0.0033597588, 0.019242255
1063151338000, -0.03573562, -0.0015271631, 0.014049901
1063155766000, -0.03634648, -0.0021380284, 0.02076942
1063160751000, -0.03481932, 0.006414085, 0.01282817
1063165773000, -0.039095376, 0.007330383, 0.0106901415
1063170750000, -0.036957346, 0.010995574, 0.016798794
1063175829000, -0.03481932, 0.015882496, 0.019547688
1063180775000, -0.03756821, 0.007941248, 0.0106901415
1063185876000, -0.038179077, 0.004276057, 0.015271631
1063190764000, -0.029932396, 0.008246681, 0.01038471
1063195750000, -0.03390302, 0.015577064, 0.014966198
1063200734000, -0.030543262, 0.0070249503, 0.011301007
1063205775000, -0.03726278, 0.010079277, 0.014660766
1063210699000, -0.03481932, 0.008246681, 0.016187929
1063215806000, -0.032986723, 0.01160644, 0.013744468
1063221082000, -0.03481932, 0.009773844, 0.015577064
1063225856000, -0.032986723, 0.0036651916, 0.019242255
1063230702000, -0.033292156, 0.003970624, 0.016493361
1063235770000, -0.027183503, 0.008246681, 0.013133603
1063240659000, -0.029626964, 0.013439035, 0.0143553335
1063245751000, -0.030848695, 0.0070249503, 0.01160644
1063250664000, -0.028710667, 0.007330383, 0.01985312
1063255768000, -0.032070424, 0.008857546, 0.019242255
1063260701000, -0.038789943, 0.008246681, 0.016798794
1063265756000, -0.032375857, 0.013744468, 0.0106901415
1063270709000, -0.03573562, 0.004581489, 0.016798794
1063275793000, -0.0290161, -0.0030543262, 0.016493361
1063280786000, -0.029932396, -9.162979E-4, 0.009468411
1063285760000, -0.027794369, 0.014049901, 0.014660766
1063290753000, -0.03573562, 6.1086525E-4, 0.018325957
1063295767000, -0.03604105, -0.005497787, 0.01282817
1063300665000, -0.034208454, 0.004276057, 0.021991149
1063305759000, -0.041233405, 0.0106901415, 0.01740966
1063310666000, -0.035430185, 0.00580322, 0.016798794
1063315809000, -0.04153884, 0.0021380284, 0.01038471
1063320661000, -0.026572637, 0.0036651916, 0.016493361
1063325753000, -0.025961773, 0.002443461, 0.014966198
1063330724000, -0.037873644, 0.005192355, 0.0125227375
1063335715000, -0.038789943, 0.008246681, 0.016798794
1063340666000, -0.03756821, 0.0036651916, 0.01038471
1063345745000, -0.028710667, 0.0070249503, 0.012217305
1063350715000, -0.030848695, 0.003970624, 0.012217305
1063355750000, -0.029932396, 0.0036651916, 0.0125227375
1063360732000, -0.030543262, 0.0012217305, 0.014049901
1063365823000, -0.03145956, 0.0030543262, 0.013133603
1063370756000, -0.047036625, 0.007330383, 0.014049901
1063375770000, -0.03848451, 0.008246681, 0.011301007
1063380794000, -0.03573562, 0.0027488936, 0.011911872
1063385748000, -0.03481932, 0.0067195175, 0.009162978
1063390789000, -0.03634648, 0.01160644, 0.017715093
1063395751000, -0.044898596, 0.010079277, 0.014660766
1063400752000, -0.04520403, 0.010079277, 0.020463986
1063406694000, -0.042760566, 0.008246681, 0.014660766
1063410730000, -0.04153884, 0.0076358155, 0.014049901
1063415811000, -0.03940081, 0.008552114, 0.01038471
1063420772000, -0.03573562, 0.0106901415, 0.015577064
1063425736000, -0.03604105, 0.0125227375, 0.018325957
1063430816000, -0.040011674, 0.0030543262, 0.014660766
1063435744000, -0.047036625, 0.015271631, 0.023823744
1063440867000, -0.043066, -3.0543262E-4, 0.017104227
1063445744000, -0.032986723, 0.0027488936, 0.014660766
1063450739000, -0.036957346, 0.006414085, 0.021685716
1063455762000, -0.044593163, 0.0015271631, 0.019242255
1063460812000, -0.039095376, 0.0033597588, 0.01863139
1063466257000, -0.03604105, -0.0036651916, 0.01863139
1063470757000, -0.032986723, 0.004581489, 0.01863139
1063476369000, -0.04795292, 0.004886922, 0.022602014
1063480749000, -0.038179077, 9.162979E-4, 0.013439035
1063485757000, -0.032375857, 0.0030543262, 0.016493361
1063490731000, -0.031154128, 0.008552114, 0.022602014
1063495692000, -0.03756821, 0.010079277, 0.020158553
1063500771000, -0.040317107, 0.005192355, 0.020158553
1063505727000, -0.0421497, 0.003970624, 0.015882496
1063510760000, -0.032986723, 0.009468411, 0.0143553335
1063515743000, -0.029626964, 0.011911872, 0.016493361
1063520749000, -0.040927973, 0.0033597588, 0.015882496
1063525763000, -0.029932396, 0.0143553335, 0.020463986
1063530743000, -0.03145956, 0.014660766, 0.022602014
1063536130000, -0.03390302, 0.0061086523, 0.014660766
1063540727000, -0.0421497, 0.015577064, 0.021685716
1063546293000, -0.042760566, 0.006414085, 0.025045475
1063550733000, -0.036957346, 0.011911872, 0.025045475
1063555717000, -0.035430185, 0.008246681, 0.022296581
1063560703000, -0.033292156, 0.008857546, 0.022907447
1063565698000, -0.036957346, 0.016798794, 0.023823744
1063570770000, -0.041233405, 0.005192355, 0.019547688
1063575697000, -0.030848695, 0.004276057, 0.021685716
1063580802000, -0.03176499, 0.01038471, 0.020463986
1063585662000, -0.026267206, 0.007330383, 0.025045475
1063590752000, -0.03970624, 0.01038471, 0.021685716
1063595673000, -0.033292156, 6.1086525E-4, 0.020463986
1063600769000, -0.02443461, 0.014049901, 0.015271631
1063605660000, -0.030848695, 0.013439035, 0.013133603
1063610725000, -0.030848695, 0.013439035, 0.014049901
1063616135000, -0.03573562, 0.016187929, 0.01038471
1063620768000, -0.034513887, 0.018020526, 0.01038471
1063625682000, -0.03023783, 0.022907447, 0.0106901415
1063630794000, -0.03390302, 0.021685716, 0.016798794
1063635700000, -0.032070424, 0.0143553335, 0.013744468
1063640748000, -0.030543262, 0.01740966, 0.008552114
1063645769000, -0.03268129, 0.021685716, 0.010995574
1063650771000, -0.041233405, 0.02076942, 0.012217305
1063655789000, -0.03940081, 0.0106901415, 0.008552114
1063660733000, -0.041233405, 0.009468411, 0.015271631
1063665841000, -0.026572637, 0.009468411, 0.014660766
1063670771000, -0.04153884, 0.009162978, 0.0076358155
1063675779000, -0.03848451, 0.011301007, 0.01160644
1063680771000, -0.03359759, 0.002443461, 0.009468411
1063685774000, -0.025350908, 0.01160644, 0.013744468
1063690766000, -0.036957346, 0.0018325958, 0.012217305
1063695761000, -0.03145956, 0.006414085, 0.01740966
1063700746000, -0.03268129, 0.0018325958, 0.009162978
1063705749000, -0.03359759, 0.005497787, 0.008552114
1063710748000, -0.030543262, 0.0143553335, 0.012217305
1063715839000, -0.032375857, 0.0061086523, 0.0143553335
1063720765000, -0.031154128, 0.01038471, 0.0106901415
1063725756000, -0.043676864, 0.0036651916, 0.017715093
1063730762000, -0.03176499, 0.0067195175, 0.01160644
1063735661000, -0.01863139, 0.010079277, 0.014966198
1063740741000, -0.040927973, 0.018936822, 0.01863139
1063745753000, -0.03176499, 0.008857546, 0.013133603
1063750754000, -0.038789943, 0.010079277, 0.013133603
1063755770000, -0.032375857, 0.005192355, 0.01740966
1063760752000, -0.03176499, 0.015882496, 0.014660766
1063765985000, -0.032375857, 0.0033597588, 0.013133603
1063770737000, -0.03145956, 0.012217305, 0.0125227375
1063775757000, -0.030543262, 9.162979E-4, 0.015882496
1063780757000, -0.028099801, -9.162979E-4, 0.016187929
1063785856000, -0.030848695, 0.007330383, 0.02107485
1063790756000, -0.03634648, 0.015577064, 0.015882496
1063795756000, -0.03359759, 0.0106901415, 0.016187929
1063801157000, -0.03390302, 0.014049901, 0.022602014
1063805766000, -0.032986723, 0.016798794, 0.019242255
1063810707000, -0.035430185, 0.007330383, 0.01160644
1063815829000, -0.030543262, 0.007941248, 0.017715093
1063820661000, -0.02443461, 0.0125227375, 0.013133603
1063825777000, -0.028710667, 0.021380283, 0.010995574
1063830704000, -0.034208454, 0.016493361, 0.011911872
1063835764000, -0.03726278, 0.009468411, 0.0106901415
1063840664000, -0.026267206, 0.004276057, 0.010079277
1063845726000, -0.035430185, 0.006414085, 0.02107485
1063850690000, -0.028710667, 0.014966198, 0.013439035
1063855766000, -0.029932396, 0.006414085, 0.013439035
1063860706000, -0.027794369, 0.006414085, 0.014660766
1063865787000, -0.03023783, 0.00580322, 0.010079277
1063870699000, -0.03634648, 0.01160644, 0.01282817
1063875789000, -0.029626964, 0.020463986, 0.01160644
1063880788000, -0.029932396, 0.016493361, 0.01282817
1063885771000, -0.03726278, 0.01038471, 0.016798794
1063890855000, -0.03604105, 0.004886922, 0.018936822
1063895753000, -0.0290161, 0.0018325958, 0.009162978
1063900730000, -0.022907447, 0.0076358155, 0.01282817
1063905765000, -0.029321533, 0.0061086523, 0.014049901
1063910726000, -0.035124753, 0.0106901415, 0.013744468
1063915773000, -0.043066, 0.010079277, 0.012217305
1063920833000, -0.03481932, 0.004276057, 0.01160644
1063925763000, -0.03970624, 0.011301007, 0.008552114
1063930919000, -0.03573562, 0.002443461, 0.014049901
1063935693000, -0.032375857, 0.016493361, 0.009162978
1063940929000, -0.03573562, 0.015271631, 0.0076358155
1063945754000, -0.033292156, 0.009162978, 0.013439035
1063950676000, -0.029626964, 0.014966198, 0.015577064
1063955749000, -0.03176499, 0.009773844, 0.015577064
1063960699000, -0.036651913, 0.011301007, 0.013133603
1063965862000, -0.033292156, 0.009468411, 0.013744468
1063970687000, -0.035430185, 0.01038471, 0.016493361
1063975798000, -0.035124753, 0.015577064, 0.016493361
1063981224000, -0.04642576, 0.013744468, 0.017715093
1063985780000, -0.027794369, 0.01038471, 0.011911872
1063990788000, -0.030848695, 0.0125227375, 0.024129177
1063995768000, -0.027794369, 0.014049901, 0.019242255
1064000716000, -0.032375857, 0.010079277, 0.019547688
1064005740000, -0.027183503, 0.00580322, 0.01282817
1064010737000, -0.029932396, 0.006414085, 0.013133603
1064015791000, -0.03145956, 0.0061086523, 0.0143553335
1064020785000, -0.030848695, 0.01740966, 0.020463986
1064025786000, -0.04428773, 0.013744468, 0.01985312
1064030789000, -0.033292156, 0.004886922, 0.012217305
1064035740000, -0.025350908, 0.015577064, 0.0106901415
1064040728000, -0.041233405, 0.009162978, 0.018936822
1064045700000, -0.035124753, 0.0030543262, 0.0106901415
1064050734000, -0.025045475, 0.008552114, 0.015882496
1064055726000, -0.03359759, 0.013744468, 0.013133603
1064060721000, -0.029932396, 0.012217305, 0.013744468
1064065740000, -0.038789943, 0.002443461, 0.013744468
1064070725000, -0.029932396, 0.00580322, 0.0106901415
1064075730000, -0.029321533, 0.0027488936, 0.02107485
1064080797000, -0.032070424, 0.004581489, 0.013133603
1064085766000, -0.03145956, 0.011301007, 0.015577064
1064090769000, -0.035124753, 0.009468411, 0.018020526
1064095751000, -0.048563786, 0.007941248, 0.0106901415
1064100772000, -0.03726278, 0.01282817, 0.018936822
1064105766000, -0.03390302, 0.0070249503, 0.007330383
1064110741000, -0.040011674, 0.0033597588, 0.015882496
1064115828000, -0.03726278, 0.003970624, 0.011301007
1064120768000, -0.020158553, 0.009162978, 0.01863139
1064125770000, -0.026267206, 0.009468411, 0.014049901
1064130832000, -0.03726278, 0.0143553335, 0.016493361
1064136309000, -0.03481932, 0.009162978, 0.013744468
1064140744000, -0.03176499, 0.01282817, 0.0125227375
1064145671000, -0.034513887, 0.0061086523, 0.018936822
1064150775000, -0.03390302, 0.015577064, 0.015271631
1064155698000, -0.040927973, 0.005497787, 0.016187929
1064160746000, -0.03023783, 0.011301007, 0.01740966
1064165788000, -0.034208454, 0.005192355, 0.015271631
1064170764000, -0.03023783, 0.0076358155, 0.015882496
1064175781000, -0.029932396, 0.013744468, 0.01863139
1064180930000, -0.03390302, 0.004276057, 0.015577064
1064185745000, -0.028710667, 0.0030543262, 0.014660766
1064190763000, -0.041233405, 0.004886922, 0.015577064
1064195714000, -0.032986723, 0.0030543262, 0.019242255
1064200769000, -0.028710667, 0.003970624, 0.019547688
1064205749000, -0.03390302, 0.0036651916, 0.010079277
1064210744000, -0.025961773, 0.012217305, 0.015271631
1064215717000, -0.028710667, 0.0076358155, 0.02107485
1064220764000, -0.03481932, 0.003970624, 0.01740966
1064225760000, -0.027488936, 0.0076358155, 0.01863139
1064230805000, -0.0421497, 0.003970624, 0.013439035
1064235724000, -0.029932396, 0.0033597588, 0.0070249503
1064240747000, -0.026267206, 0.009468411, 0.01282817
1064245746000, -0.034513887, 0.002443461, 0.0076358155
1064250775000, -0.029932396, 0.0027488936, 0.013133603
1064255863000, -0.03481932, 0.009468411, 0.015577064
1064260754000, -0.03145956, 0.005497787, 0.015271631
1064265715000, -0.02687807, 0.01282817, 0.010079277
1064270766000, -0.034513887, 0.0030543262, 0.01282817
1064275751000, -0.028710667, 0.0067195175, 0.018020526
1064280784000, -0.035124753, 0.008246681, 0.0067195175
1064285710000, -0.032375857, 0.010995574, 0.009162978
1064290764000, -0.026267206, 0.0125227375, 0.016187929
1064295669000, -0.036957346, 0.0061086523, 0.014049901
1064300771000, -0.026572637, 0.01740966, 0.01038471
1064305660000, -0.038789943, 0.0067195175, 0.016493361
1064310749000, -0.037873644, 0.00580322, 0.0143553335
1064315709000, -0.030848695, -0.0012217305, 0.011301007
1064320766000, -0.020158553, 0.008857546, 0.008857546
1064325688000, -0.03970624, 0.0076358155, 0.008552114
1064330771000, -0.03481932, 0.008552114, 0.014966198
1064335667000, -0.034208454, 0.0076358155, 0.01038471
1064340748000, -0.036651913, 0.008857546, 0.014660766
1064345773000, -0.03390302, 0.008246681, 0.015577064
1064350761000, -0.025045475, 0.008552114, 0.010995574
1064355735000, -0.036651913, 0.013439035, 0.018325957
1064360752000, -0.035430185, 0.004886922, 0.015577064
1064365816000, -0.024740042, 6.1086525E-4, 0.012217305
1064370764000, -0.022907447, -9.162979E-4, 0.019242255
1064375774000, -0.0290161, 0.0033597588, 0.014660766
1064380787000, -0.036651913, 0.0015271631, 0.017104227
1064385768000, -0.034208454, 0.0015271631, 0.009162978
1064390762000, -0.032986723, -0.007941248, 0.013133603
1064395782000, -0.030543262, 0.002443461, 0.013744468
1064400767000, -0.02565634, 0.002443461, 0.014966198
1064405762000, -0.028405234, 0.0033597588, 0.010995574
1064410753000, -0.03634648, 0.0076358155, 0.01740966
1064415810000, -0.031154128, 0.008857546, 0.014660766
1064420764000, -0.032070424, 0.01160644, 0.0106901415
1064425762000, -0.03940081, 0.01038471, 0.013439035
1064430780000, -0.03634648, -0.0027488936, 0.014966198
1064435770000, -0.03634648, 0.014966198, 0.009468411
1064440746000, -0.02687807, 0.017104227, 0.02107485
1064445746000, -0.034208454, 0.019242255, 0.0143553335
1064450768000, -0.029321533, 0.009468411, 0.0061086523
1064455764000, -0.036651913, 0.003970624, 0.004886922
1064460750000, -0.025961773, 0.010079277, 0.010995574
1064465802000, -0.028405234, 0.01740966, 0.016187929
1064470763000, -0.028099801, 0.0125227375, 0.013744468
1064475775000, -0.03176499, 0.005497787, 0.013133603
1064480792000, -0.0290161, 0.008246681, 0.01160644
1064485770000, -0.035430185, 0.009773844, 0.014049901
1064490759000, -0.04337143, 0.004581489, 0.011911872
1064495746000, -0.029626964, 0.004276057, 0.015577064
1064500754000, -0.03604105, 0.015577064, 0.015577064
1064505766000, -0.043676864, 0.0106901415, 0.014660766
1064510730000, -0.032986723, 0.010995574, 0.0106901415
1064515811000, -0.028710667, 0.014049901, 0.0106901415
1064520705000, -0.03756821, 0.010995574, 0.010995574
1064525783000, -0.02687807, 0.0076358155, 0.01160644
1064530697000, -0.03390302, 0.007330383, 0.013744468
1064535665000, -0.026267206, 0.011301007, 0.018936822
1064540661000, -0.03970624, 0.014966198, 0.01985312
1064545737000, -0.03634648, 0.00580322, 0.014660766
1064550662000, -0.032070424, 0.013439035, 0.02107485
1064555763000, -0.03268129, 0.01985312, 0.021380283
1064560700000, -0.03481932, 0.018020526, 0.018020526
1064565807000, -0.034208454, 0.0036651916, 0.015577064
1064570708000, -0.030848695, 0.0027488936, 0.0125227375
1064575777000, -0.025961773, 0.004886922, 0.014049901
1064580829000, -0.032986723, 0.0061086523, 0.01160644
1064585765000, -0.03268129, 0.0067195175, 0.014049901
1064590741000, -0.026572637, 0.008246681, 0.015882496
1064595744000, -0.026572637, 0.014049901, 0.016798794
1064600771000, -0.030848695, 0.009773844, 0.014049901
1064605763000, -0.031154128, 0.0070249503, 0.0143553335
1064610721000, -0.03359759, 0.007941248, 0.014660766
1064615819000, -0.036651913, 0.005497787, 0.01160644
1064620742000, -0.030543262, 0.0106901415, 0.01863139
1064625785000, -0.02565634, 0.005192355, 0.0125227375
1064630752000, -0.03726278, 0.0061086523, 0.016798794
1064635733000, -0.03604105, 0.002443461, 0.007941248
1064640730000, -0.024740042, 0.007330383, 0.0106901415
1064645700000, -0.0290161, 0.017104227, 0.016798794
1064650691000, -0.038789943, 0.008246681, 0.015271631
1064655727000, -0.03023783, 0.008552114, 0.014966198
1064660857000, -0.032070424, 0.003970624, 0.016493361
1064665730000, -0.03023783, 0.004581489, 0.018936822
1064670990000, -0.03390302, 0.008552114, 0.012217305
1064675775000, -0.027488936, 0.008857546, 0.013439035
1064680733000, -0.04550946, 0.009468411, 0.015271631
1064685732000, -0.04062254, 0.0070249503, 0.015882496
1064691024000, -0.032375857, 0.0070249503, 0.014966198
1064695702000, -0.029626964, 0.005192355, 0.01282817
1064700717000, -0.040011674, 0.010079277, 0.0143553335
1064705723000, -0.031154128, 0.0070249503, 0.01863139
1064710681000, -0.031154128, 3.0543262E-4, 0.015882496
1064715746000, -0.03848451, 0.0021380284, 0.010079277
1064720690000, -0.024740042, 0.0021380284, 0.01038471
1064725780000, -0.03573562, 0.006414085, 0.011301007
1064730717000, -0.03573562, 0.0012217305, 0.011911872
1064736455000, -0.028405234, 0.016187929, 0.018020526
1064740662000, -0.039095376, 0.016798794, 0.018020526
1064745696000, -0.03848451, 0.01863139, 0.019242255
1064750763000, -0.041233405, 0.009773844, 0.022602014
1064755730000, -0.03940081, 0.014966198, 0.015577064
1064760679000, -0.03604105, 0.013744468, 0.017104227
1064765743000, -0.042455133, 0.017715093, 0.018936822
1064770662000, -0.03756821, 0.013744468, 0.008857546
1064775776000, -0.040927973, 0.0067195175, 0.01740966
1064780723000, -0.03145956, 0.008552114, 0.013744468
1064785735000, -0.036957346, 0.0027488936, 0.018936822
1064790699000, -0.036651913, 0.007330383, 0.021991149
1064795707000, -0.038789943, 0.01038471, 0.02076942
1064800737000, -0.032375857, 0.009162978, 0.013744468
1064805729000, -0.03970624, 0.01282817, 0.01282817
1064810705000, -0.04184427, -0.002443461, 0.016187929
1064815745000, -0.029321533, 0.0125227375, 0.015577064
1064820731000, -0.03756821, 0.005192355, 0.009773844
1064825751000, -0.027488936, 0.005192355, 0.014660766
1064830735000, -0.03573562, 0.0076358155, 0.019242255
1064835733000, -0.03604105, 6.1086525E-4, 0.013439035
1064840726000, -0.03481932, 6.1086525E-4, 0.015271631
1064845702000, -0.03145956, 0.01038471, 0.020158553
1064850732000, -0.04153884, 0.018020526, 0.015271631
1064855727000, -0.034208454, 0.0033597588, 0.01282817
1064860697000, -0.031154128, 0.004276057, 0.015882496
1064865769000, -0.035430185, 0.0018325958, 0.014049901
1064870727000, -0.033292156, 0.0018325958, 0.0125227375
1064875748000, -0.028099801, 0.012217305, 0.016187929
1064880733000, -0.030848695, 0.014049901, 0.018020526
1064885727000, -0.03756821, 0.0125227375, 0.016187929
1064890726000, -0.037873644, 0.0125227375, 0.018325957
1064895698000, -0.03268129, 0.009773844, 0.01282817
1064900734000, -0.034513887, 0.0061086523, 0.013744468
1064905728000, -0.03940081, 0.009773844, 0.013744468
1064910695000, -0.045814894, 0.007330383, 0.016187929
1064915758000, -0.031154128, 0.009162978, 0.019547688
1064920725000, -0.03970624, 0.014660766, 0.013439035
