#Rate of rotation around the x y z axes (Angular velocity).
#timestamp(ns),x,y,z(rad/s)
#Datetime: 17/12/2015 12:53:05
##########################################
#Activity: 7 - SCH - Sit chair - 6s
#Subject ID: 63
#First Name: sub63
#Last Name: sub63
#Age: 24
#Height(cm): 187
#Weight(kg): 85
#Gender: Male
##########################################

@DATA
1331409252000, -0.045814894, -0.010995574, 3.0543262E-4
1331414210000, -0.029932396, -0.0076358155, 0.003970624
1331419485000, -0.03359759, -0.008857546, 0.0036651916
1331424247000, -0.021380283, -0.014049901, 0.00580322
1331429402000, -0.0290161, -0.010995574, -3.0543262E-4
1331434263000, -0.03145956, 9.162979E-4, 0.002443461
1331439268000, -0.034208454, -0.007941248, 0.0027488936
1331444296000, -0.021991149, -0.0027488936, 0.009162978
1331449211000, -0.032375857, -6.1086525E-4, 0.0067195175
1331454239000, -0.03268129, 0.002443461, 0.007941248
1331459220000, -0.035124753, 0.002443461, 0.004276057
1331464233000, -0.027488936, -0.004886922, 0.003970624
1331469216000, -0.028710667, -0.00580322, 0.0067195175
1331474263000, -0.04184427, -0.009773844, 0.008246681
1331479535000, -0.041233405, 3.0543262E-4, 0.01038471
1331484268000, -0.035430185, -0.0027488936, 0.007941248
1331489236000, -0.04153884, 0.0012217305, 0.014049901
1331494869000, -0.050701816, 0.0033597588, 0.004276057
1331500204000, -0.03756821, 9.162979E-4, 0.0067195175
1331504185000, -0.040317107, 0.0018325958, 0.0061086523
1331509605000, -0.0421497, 0.01282817, 0.0018325958
1331514240000, -0.03726278, 0.007941248, 0.0067195175
1331519296000, -0.03268129, 0.0033597588, 0.0033597588
1331524192000, -0.028710667, 0.0018325958, 0.005497787
1331529329000, -0.028099801, 0.007330383, 0.011911872
1331534824000, -0.03023783, -9.162979E-4, 9.162979E-4
1331539917000, -0.022296581, -0.0030543262, 0.006414085
1331544278000, -0.021685716, -0.0061086523, 0.002443461
1331549267000, -0.018325957, -0.0033597588, 0.002443461
1331554287000, -0.025350908, -0.004276057, -0.0030543262
1331559229000, -0.028099801, 3.0543262E-4, 0.0036651916
1331564397000, -0.02687807, -0.0067195175, 0.0033597588
1331569213000, -0.027488936, -0.0021380284, 0.005192355
1331574238000, -0.026572637, 0.0036651916, 0.01038471
1331579619000, -0.03023783, 0.0015271631, 0.0061086523
1331584220000, -0.027488936, -0.004276057, 0.007941248
1331589453000, -0.040011674, -0.007941248, 0.009773844
1331594318000, -0.03359759, -0.006414085, 0.011301007
1331601273000, -0.030848695, -0.0015271631, 0.007330383
1331605208000, -0.026267206, -0.009162978, 0.0076358155
1331609727000, -0.032070424, -0.01160644, 0.0143553335
1331614276000, -0.03176499, -0.0125227375, 0.01160644
1331619405000, -0.03756821, -0.0021380284, 0.014049901
1331624564000, -0.03970624, -0.005192355, 0.009773844
1331629802000, -0.028710667, -0.0027488936, 0.0070249503
1331635231000, -0.032986723, 0.0027488936, 0.010995574
1331639250000, -0.036957346, 0.0076358155, 0.008246681
1331644269000, -0.043676864, 0.00580322, 0.004581489
1331649268000, -0.03604105, 0.007941248, 0.01160644
1331654331000, -0.036957346, 0.01038471, 0.014660766
1331659212000, -0.038179077, 0.0125227375, 0.008857546
1331664250000, -0.03390302, 0.010079277, 0.0021380284
1331669347000, -0.03481932, 0.0061086523, 0.01160644
1331674229000, -0.030543262, 0.004886922, 0.008246681
1331679288000, -0.036957346, -0.004886922, 0.010079277
1331684232000, -0.03481932, -0.0030543262, 0.0076358155
1331689271000, -0.028099801, -0.0036651916, 0.008857546
1331694290000, -0.021380283, 9.162979E-4, 0.010995574
1331699280000, -0.023518313, -0.0018325958, 0.010995574
1331704586000, -0.026267206, -0.004581489, 0.012217305
1331709687000, -0.030543262, -0.00580322, 0.0061086523
1331714184000, -0.029932396, -0.01282817, 6.1086525E-4
1331719400000, -0.033292156, -0.016493361, 0.003970624
1331724367000, -0.028710667, -0.015271631, 0.01038471
1331729516000, -0.03726278, -0.013439035, -0.0012217305
1331734280000, -0.04153884, -0.012217305, 9.162979E-4
1331739303000, -0.03756821, -0.017715093, 0.004886922
1331744280000, -0.03970624, -0.0076358155, 0.0012217305
1331749206000, -0.044898596, -0.0027488936, 0.005192355
1331754217000, -0.05131268, 0.0070249503, 0.009162978
1331759603000, -0.045814894, 0.014966198, 0.011911872
1331764226000, -0.050396383, 0.0070249503, 0.011301007
1331769199000, -0.050701816, 0.014660766, 0.008246681
1331774285000, -0.03573562, 0.0143553335, 0.01160644
1331781109000, -0.04337143, 0.016187929, 0.009773844
1331784403000, -0.04062254, 0.019242255, 0.0106901415
1331789387000, -0.042760566, 0.020463986, 0.019547688
1331794425000, -0.04917465, 0.008857546, 0.0143553335
1331799210000, -0.04062254, 0.014660766, 0.01282817
1331804294000, -0.047036625, 0.004581489, 0.010079277
1331809242000, -0.04184427, 0.0012217305, 0.0076358155
1331814254000, -0.044593163, 0.004276057, 0.0125227375
1331819208000, -0.0571159, 0.004276057, 0.009468411
1331824349000, -0.05375614, -0.0030543262, 0.0106901415
1331829287000, -0.06291912, -0.004276057, 0.013133603
1331834281000, -0.06291912, -6.1086525E-4, 0.013439035
1331839213000, -0.061086524, 0.00580322, 0.014966198
1331844414000, -0.07086037, 0.00580322, 0.016493361
1331849210000, -0.05467244, 0.0106901415, 0.016493361
1331854197000, -0.0580322, 0.013133603, 0.01038471
1331859580000, -0.05375614, 0.010995574, 0.011911872
1331864221000, -0.052839845, 0.016187929, 0.011301007
1331869248000, -0.056505036, 0.021991149, 0.011301007
1331874360000, -0.049480084, 0.02321288, 0.004276057
1331879349000, -0.06078109, 0.025350908, 0.003970624
1331884470000, -0.051618114, 0.026572637, 0.005192355
1331889241000, -0.06169739, 0.031154128, 0.015577064
1331894234000, -0.059864793, 0.028099801, 0.008857546
1331899276000, -0.056199603, 0.021380283, 0.0021380284
1331904244000, -0.061391957, 0.016798794, 0.005497787
1331909636000, -0.06261369, 0.007330383, 0.009468411
1331915266000, -0.06078109, 0.0018325958, 0.0125227375
1331919285000, -0.05467244, -0.0018325958, 0.014966198
1331924277000, -0.06383542, 0.0030543262, 0.010079277
1331929433000, -0.076052725, 0.007330383, 0.014049901
1331934224000, -0.06047566, 0.005497787, 0.014660766
1331939235000, -0.056199603, 0.016493361, 0.01985312
1331944316000, -0.062308256, 0.025045475, 0.023518313
1331949249000, -0.080634214, 0.021685716, 0.026267206
1331954456000, -0.07788532, 0.02107485, 0.029321533
1331959320000, -0.07147124, 0.023823744, 0.026572637
1331964451000, -0.08124508, 0.028099801, 0.022602014
1331969646000, -0.083383106, 0.02687807, 0.0290161
1331975071000, -0.090713486, 0.03390302, 0.030848695
1331979253000, -0.08124508, 0.033292156, 0.032375857
1331984503000, -0.07971791, 0.03481932, 0.04550946
1331989216000, -0.06505715, 0.042455133, 0.044898596
1331994281000, -0.08155051, 0.03848451, 0.05497787
1331999152000, -0.08552113, 0.02687807, 0.0580322
1332004503000, -0.09101892, 0.008857546, 0.05497787
1332009830000, -0.10598512, -0.016493361, 0.05375614
1332014361000, -0.111177474, -0.03940081, 0.051923547
1332020104000, -0.122783914, -0.073303826, 0.050396383
1332024192000, -0.12858713, -0.1142318, 0.05131268
1332030364000, -0.14202617, -0.20341812, 0.05131268
1332034247000, -0.16829337, -0.22999077, 0.055283304
1332039278000, -0.18203785, -0.28221974, 0.060170226
1332044349000, -0.19792034, -0.32589662, 0.07696902
1332049571000, -0.2171626, -0.35430184, 0.08552113
1332054798000, -0.23518312, -0.38637227, 0.10354166
1332059485000, -0.2611449, -0.41599923, 0.11209377
1332064311000, -0.2660318, -0.42149702, 0.12767084
1332069176000, -0.2751948, -0.41813725, 0.13744467
1332074481000, -0.2828306, -0.40561453, 0.14508049
1332079977000, -0.28863382, -0.37323865, 0.1563815
1332084188000, -0.2929099, -0.35246924, 0.1563815
1332089546000, -0.30634892, -0.3200934, 0.15485434
1332094204000, -0.31642818, -0.29229903, 0.15943582
1332099644000, -0.32528573, -0.26847526, 0.16523905
1332104262000, -0.3277292, -0.26939157, 0.17195857
1332109258000, -0.33964106, -0.2669481, 0.1731803
1332114359000, -0.3368922, -0.2669481, 0.17959438
1332119167000, -0.33964106, -0.28588495, 0.17989981
1332124185000, -0.35918877, -0.31306845, 0.18112154
1332129672000, -0.36010507, -0.32436943, 0.1826487
1332134292000, -0.35979962, -0.3436117, 0.16829337
1332139307000, -0.36651915, -0.34147367, 0.16371189
1332144445000, -0.376293, -0.34116822, 0.14721853
1332149207000, -0.38423425, -0.3463606, 0.13530666
1332154274000, -0.39370266, -0.32895094, 0.122783914
1332159255000, -0.39645153, -0.3203988, 0.12767084
1332164245000, -0.4025602, -0.31703907, 0.11759156
1332169445000, -0.42119157, -0.31520647, 0.11942416
1332174197000, -0.43066, -0.32895094, 0.122478485
1332179273000, -0.44043383, -0.35033122, 0.12705997
1332184299000, -0.4465425, -0.3848451, 0.13469578
1332189664000, -0.4654793, -0.4111123, 0.14538592
1332194442000, -0.47861293, -0.4538729, 0.14752395
1332199524000, -0.5131268, -0.48747048, 0.14813483
1332204887000, -0.52503866, -0.51923543, 0.15241088
1332209226000, -0.54825157, -0.5326745, 0.15210545
1332214214000, -0.56291234, -0.5479461, 0.1572978
1332219274000, -0.5867361, -0.5681047, 0.16554448
1332224555000, -0.61391956, -0.57940567, 0.16982053
1332229375000, -0.62858033, -0.5882632, 0.16371189
1332234348000, -0.6533204, -0.59895337, 0.17256944
1332239143000, -0.6621779, -0.5882632, 0.18997909
1332244630000, -0.6942484, -0.57360244, 0.20189096
1332249281000, -0.6960809, -0.56107974, 0.22296582
1332254183000, -0.7086037, -0.5534439, 0.23426682
1332259269000, -0.7360926, -0.55771995, 0.2489276
1332264182000, -0.7620544, -0.5555819, 0.27091873
1332269187000, -0.7828238, -0.54825157, 0.2929099
1332274212000, -0.8081747, -0.548557, 0.30940324
1332279248000, -0.82650065, -0.54519725, 0.3118467
1332284179000, -0.84513205, -0.5317582, 0.32070425
1332289210000, -0.8698721, -0.50579643, 0.32650748
1332294212000, -0.8894198, -0.47983465, 0.32834008
1332299179000, -0.90377516, -0.46211955, 0.32162055
1332304152000, -0.9095783, -0.4437936, 0.3182608
1332309201000, -0.9392053, -0.41691554, 0.31764993
1332314400000, -0.95814216, -0.39858958, 0.3203988
1332319443000, -0.97341377, -0.37323865, 0.31490102
1332324197000, -0.9999864, -0.36713, 0.30604348
1332330561000, -1.0461067, -0.3491095, 0.29871312
1332334212000, -1.087951, -0.35124752, 0.29993483
1332339243000, -1.1154399, -0.34972036, 0.29871312
1332344302000, -1.1630874, -0.36957347, 0.29443705
1332349319000, -1.2113458, -0.37751472, 0.29229903
1332354235000, -1.2757921, -0.39492437, 0.29840767
1332359229000, -1.3289373, -0.41172317, 0.29443705
1332364184000, -1.3683381, -0.42363504, 0.30451632
1332369369000, -1.4037683, -0.4343252, 0.30298916
1332374204000, -1.434617, -0.4260785, 0.30268374
1332379396000, -1.462106, -0.45448375, 0.2932153
1332384414000, -1.4880677, -0.47128254, 0.28680122
1332389208000, -1.5222762, -0.47800204, 0.2782491
1332394388000, -1.536937, -0.47586402, 0.2666427
1332399801000, -1.534799, -0.44868052, 0.26816985
1332404484000, -1.5387696, -0.40408736, 0.26847526
1332409266000, -1.5381587, -0.37415496, 0.26908615
1332414352000, -1.5241088, -0.30634892, 0.27183503
1332419204000, -1.500285, -0.22907446, 0.27275133
1332424192000, -1.4770721, -0.16126843, 0.27550024
1332429209000, -1.4498887, -0.1001819, 0.27458394
1332434168000, -1.4428637, -0.05681047, 0.28527406
1332439195000, -1.462106, -0.044593163, 0.29749137
1332444206000, -1.5097535, -0.053450707, 0.301462
1332449178000, -1.561677, -0.06841691, 0.31306845
1332454201000, -1.6362026, -0.1151481, 0.32375857
1332459216000, -1.7180585, -0.15851954, 0.32345316
1332464220000, -1.808772, -0.21288654, 0.3323107
1332469209000, -1.9126191, -0.28191432, 0.33169982
1332474213000, -1.9932534, -0.32620203, 0.32559118
1332479240000, -2.0494528, -0.35796702, 0.30787608
1332484224000, -2.0842721, -0.3817908, 0.28985557
1332489163000, -2.090381, -0.38240165, 0.27580565
1332494458000, -2.07572, -0.3827071, 0.25381452
1332499179000, -2.0564778, -0.38545597, 0.2406809
1332504205000, -2.0289888, -0.4166101, 0.21533
1332509353000, -1.9856175, -0.44623706, 0.204029
1332514211000, -1.9388863, -0.4541783, 0.19792034
1332519403000, -1.892155, -0.44532076, 0.19303341
1332524726000, -1.8240436, -0.42363504, 0.18081611
1332529417000, -1.7464638, -0.40011674, 0.18387043
1332534847000, -1.6685784, -0.3811799, 0.20005837
1332539203000, -1.6062702, -0.3753767, 0.21197024
1332544295000, -1.5598444, -0.37201694, 0.22602014
1332549309000, -1.5372424, -0.37384954, 0.22602014
1332554270000, -1.5384641, -0.38423425, 0.22266038
1332559283000, -1.5570955, -0.40622538, 0.21471913
1332564242000, -1.6001616, -0.39736784, 0.21166481
1332569263000, -1.6349808, -0.36377025, 0.20555615
1332574905000, -1.6847663, -0.32589662, 0.2144137
1332579507000, -1.733941, -0.30695978, 0.24556783
1332585066000, -1.7916678, -0.2742785, 0.321926
1332589268000, -1.844813, -0.21410827, 0.38698313
1332595002000, -1.8790215, -0.124311075, 0.45051312
1332599195000, -1.8753563, -0.07971791, 0.4813618
1332604724000, -1.865277, 0.007941248, 0.55771995
1332609254000, -1.785559, -6.1086525E-4, 0.5830709
1332614681000, -1.7602082, -0.03481932, 0.6768387
1332619423000, -1.7333301, -0.071776666, 0.71929383
1332624181000, -1.7324139, -0.100792766, 0.8005389
1332629428000, -1.7553213, -0.10476339, 0.8588765
1332634208000, -1.7837266, -0.10567969, 0.9056077
1332639275000, -1.8267925, -0.1282817, 0.95081174
1332644301000, -1.8799378, -0.18784106, 0.9966267
1332649186000, -1.9306396, -0.25442538, 1.0424415
1332654625000, -1.9764545, -0.29779682, 1.0809261
1332659188000, -2.0143282, -0.32406402, 1.0790935
1332664256000, -2.0436497, -0.27152961, 1.047023
1332669186000, -2.0677788, -0.12034045, 0.977079
1332674287000, -2.062892, 0.09193522, 0.8698721
1332679289000, -2.0271564, 0.3173445, 0.73975784
1332684260000, -1.9550742, 0.5170974, 0.60139686
1332689234000, -1.8600847, 0.65026605, 0.4718934
1332694324000, -1.7446312, 0.6817256, 0.3408628
1332699185000, -1.6258179, 0.6826419, 0.29016098
1332704201000, -1.5738943, 0.5897904, 0.25809056
1332709201000, -1.5137241, 0.42852196, 0.2666427
1332714604000, -1.50731, 0.23060162, 0.3109304
1332719422000, -1.5613716, 0.0290161, 0.40317106
1332724202000, -1.6710218, -0.21471913, 0.5360342
1332729556000, -1.8020525, -0.36163223, 0.6533204
1332734299000, -1.9080375, -0.37201694, 0.7583892
1332739225000, -1.9633209, -0.32986724, 0.8341365
1332744431000, -1.9639318, -0.27305678, 0.86742866
1332749259000, -1.9437732, -0.21502456, 0.8888089
1332754200000, -1.9113973, -0.12736541, 0.8866709
1332759222000, -1.897042, -0.06841691, 0.87964594
1332764224000, -1.8799378, -0.016493361, 0.8555168
1332769409000, -1.8930714, 0.05222898, 0.8384125
1332774213000, -1.9028453, 0.16126843, 0.79076505
1332779790000, -1.8958203, 0.2678644, 0.79045963
1332784774000, -1.8869628, 0.310625, 0.8374963
1332789404000, -1.8832976, 0.3032946, 0.86070913
1332794646000, -1.8784106, 0.2959642, 0.8561276
1332799640000, -1.8765781, 0.30390546, 0.8228355
1332804226000, -1.8558086, 0.30695978, 0.79443026
1332809473000, -1.8493946, 0.30818152, 0.74464476
1332814302000, -1.8188512, 0.3155119, 0.7171558
1332819264000, -1.7928895, 0.312763, 0.7021896
1332825723000, -1.7767016, 0.32650748, 0.6786713
1332829354000, -1.7660115, 0.34269542, 0.6585127
1332834288000, -1.7693712, 0.34972036, 0.59498274
1332839281000, -1.7864754, 0.3594942, 0.5320636
1332844350000, -1.8032742, 0.38087448, 0.48288897
1332849370000, -1.8371773, 0.39736784, 0.44623706
1332854179000, -1.8774943, 0.4111123, 0.41874814
1332859225000, -1.917506, 0.40378192, 0.39003745
1332864630000, -1.9370537, 0.3885103, 0.364992
1332869467000, -1.9590448, 0.36987892, 0.3747658
1332874167000, -1.9544634, 0.36193767, 0.40530908
1332879902000, -1.9413297, 0.35369098, 0.4361578
1332884205000, -1.9361374, 0.34422258, 0.47739118
1332889248000, -1.9141463, 0.3359759, 0.5021312
1332894496000, -1.8710803, 0.32436943, 0.55771995
1332899676000, -1.8353447, 0.28313604, 0.59712076
1332904209000, -1.7947221, 0.27275133, 0.623388
1332909232000, -1.7846428, 0.2779437, 0.66981375
1332914198000, -1.7815884, 0.27091873, 0.6988298
1332919226000, -1.7715092, 0.269697, 0.73456544
1332924197000, -1.754405, 0.2843578, 0.7644979
1332929648000, -1.7489072, 0.31581733, 0.75411314
1332934215000, -1.7211128, 0.35063666, 0.754724
1332939233000, -1.7162259, 0.34300083, 0.73823065
1332944248000, -1.7061466, 0.35216382, 0.72082096
1332949200000, -1.7146988, 0.37904188, 0.68203104
1332954685000, -1.7076738, 0.40622538, 0.64965516
1332959224000, -1.713477, 0.42119157, 0.61483586
1332964177000, -1.706452, 0.4166101, 0.5717699
1332969253000, -1.6988163, 0.4175264, 0.5384777
1332974198000, -1.7015651, 0.40225476, 0.5152648
1332979768000, -1.6765196, 0.39522982, 0.49235737
1332984210000, -1.670411, 0.40103304, 0.49021935
1332989357000, -1.6487253, 0.39706242, 0.4831944
1332994364000, -1.6432275, 0.4175264, 0.48441613
1332999185000, -1.6221527, 0.44440445, 0.48991394
1333004218000, -1.5986344, 0.44806966, 0.50854534
1333009669000, -1.5815301, 0.441961, 0.52198434
1333014222000, -1.5711454, 0.4437936, 0.5525276
1333019191000, -1.5561792, 0.46761733, 0.5674938
1333024443000, -1.5494597, 0.49693888, 0.569021
1333029256000, -1.5406022, 0.5222898, 0.5696318
1333034184000, -1.5063937, 0.52870387, 0.56382865
1333039165000, -1.4920384, 0.5216789, 0.5439755
1333044217000, -1.4752395, 0.5345071, 0.5299256
1333049617000, -1.4391985, 0.5458081, 0.5137377
1333054153000, -1.4208726, 0.5360342, 0.49235737
1333059187000, -1.4043792, 0.5384777, 0.48258355
1333064184000, -1.3900238, 0.5540548, 0.46975538
1333069153000, -1.3726143, 0.5412266, 0.45723262
1333074180000, -1.3759739, 0.5448918, 0.46181414
1333079197000, -1.3720033, 0.5164866, 0.45265114
1333084155000, -1.3655893, 0.5174029, 0.44532076
1333089160000, -1.351234, 0.5314528, 0.45020768
1333094281000, -1.3368785, 0.54733527, 0.44776422
1333099158000, -1.3200798, 0.5439755, 0.44104472
1333104185000, -1.2980887, 0.537256, 0.4373795
1333109177000, -1.2779301, 0.5348125, 0.42332962
1333114158000, -1.2400564, 0.5519168, 0.42149702
1333119164000, -1.2092078, 0.5882632, 0.4129449
1333124183000, -1.1743884, 0.6087272, 0.41050145
1333129204000, -1.1191051, 0.6291912, 0.41599923
1333134156000, -1.0684034, 0.6606508, 0.43157628
1333139147000, -1.0439687, 0.6792821, 0.42852196
1333144216000, -0.98563105, 0.70157874, 0.42180246
1333149168000, -0.9275989, 0.7086037, 0.40225476
1333154171000, -0.883922, 0.7049385, 0.3839288
1333159175000, -0.8176431, 0.6908886, 0.34391713
1333164197000, -0.7703011, 0.67103547, 0.3182608
1333169198000, -0.7351763, 0.66981375, 0.2941316
1333174176000, -0.7067711, 0.65576386, 0.26633725
1333179172000, -0.6560693, 0.65087694, 0.25381452
1333184161000, -0.6264423, 0.6429357, 0.24953845
1333189138000, -0.600786, 0.6087272, 0.25717425
1333194183000, -0.56077427, 0.5815437, 0.2648101
1333199134000, -0.50946164, 0.56046885, 0.27000242
1333204151000, -0.45631635, 0.5540548, 0.27091873
1333209191000, -0.40408736, 0.54305923, 0.2507602
1333214460000, -0.3857614, 0.50426924, 0.24373524
1333219167000, -0.34513888, 0.41080686, 0.25289822
1333224178000, -0.2950479, 0.3051272, 0.258396
1333229180000, -0.2519819, 0.20769419, 0.27030787
1333234148000, -0.20647246, 0.14477506, 0.2648101
1333239160000, -0.14538592, 0.118507855, 0.24801129
1333244184000, -0.079107046, 0.12858713, 0.226631
1333249161000, -0.014660766, 0.122783914, 0.21655174
1333254159000, 0.049785517, 0.09621128, 0.21013765
1333259235000, 0.09040806, 0.040317107, 0.2144137
1333264239000, 0.1518, 0.008552114, 0.21044308
1333269162000, 0.1881465, 0.023823744, 0.21288654
1333274178000, 0.21288654, 0.033292156, 0.21655174
1333279265000, 0.22235495, 0.036957346, 0.22235495
1333284149000, 0.22968534, 0.021685716, 0.22082779
1333289162000, 0.23579398, 0.02076942, 0.22907446
1333294185000, 0.25595254, 0.045814894, 0.23396139
1333299202000, 0.27366763, 0.065973446, 0.22021692
1333304151000, 0.2761111, 0.07727446, 0.22266038
1333309180000, 0.28069258, 0.08124508, 0.21533
1333314205000, 0.3023783, 0.09468412, 0.21044308
1333319153000, 0.3005457, 0.11789699, 0.20189096
1333324204000, 0.30726522, 0.13530666, 0.20189096
1333329195000, 0.31245756, 0.14172074, 0.19822577
1333334170000, 0.32284227, 0.1423316, 0.20555615
1333339157000, 0.32070425, 0.15088372, 0.20341812
1333344202000, 0.3323107, 0.14721853, 0.21471913
1333349160000, 0.3286455, 0.15821409, 0.22510384
1333354164000, 0.32284227, 0.17104226, 0.23915374
1333359194000, 0.33322698, 0.17928895, 0.2406809
1333364186000, 0.3390302, 0.19456059, 0.24587326
1333369162000, 0.3368922, 0.21838433, 0.25473082
1333374211000, 0.34513888, 0.22785273, 0.2574797
1333379321000, 0.35124752, 0.2510656, 0.25045475
1333384167000, 0.36560285, 0.2761111, 0.2519819
1333389288000, 0.36651915, 0.29932398, 0.25442538
1333394193000, 0.3817908, 0.3100141, 0.2452624
1333399406000, 0.38240165, 0.32375857, 0.23701571
1333404146000, 0.38881573, 0.3381139, 0.23090707
1333409466000, 0.3747658, 0.3491095, 0.226631
1333414182000, 0.35735616, 0.3567453, 0.22540927
1333419171000, 0.35185838, 0.3576616, 0.21685717
1333424198000, 0.3268129, 0.36071593, 0.20280726
1333429221000, 0.31673363, 0.3726278, 0.19608775
1333434197000, 0.32375857, 0.37751472, 0.18570304
1333439141000, 0.3145956, 0.37140608, 0.17806722
1333444341000, 0.3042109, 0.37873647, 0.16493362
1333449144000, 0.30298916, 0.37018433, 0.16523905
1333454179000, 0.2874121, 0.3643811, 0.15760323
1333459192000, 0.26939157, 0.35796702, 0.15577064
1333464230000, 0.26419923, 0.3408628, 0.14752395
1333469160000, 0.25595254, 0.34116822, 0.14721853
1333474185000, 0.23090707, 0.3494149, 0.15118915
1333479302000, 0.2302962, 0.3417791, 0.14905111
1333484169000, 0.21533, 0.33964106, 0.14844026
1333489179000, 0.204029, 0.32375857, 0.1459968
1333494221000, 0.19761491, 0.31948254, 0.14477506
1333499174000, 0.17104226, 0.30909783, 0.13805555
1333504169000, 0.16249016, 0.2910773, 0.12522738
1333509214000, 0.15485434, 0.26633725, 0.1160644
1333514200000, 0.13622294, 0.26328292, 0.10751228
1333519189000, 0.11942416, 0.25961772, 0.08979719
1333524186000, 0.10934488, 0.26328292, 0.081855945
1333529219000, 0.101098195, 0.25992316, 0.06872234
1333534166000, 0.098043874, 0.26939157, 0.062308256
1333539170000, 0.09132435, 0.2779437, 0.064751714
1333544195000, 0.092240654, 0.29077184, 0.062002823
1333549169000, 0.08857546, 0.2968805, 0.045814894
1333554178000, 0.08857546, 0.30115658, 0.043066
1333559234000, 0.07574729, 0.29657507, 0.040011674
1333564212000, 0.07574729, 0.29565877, 0.031154128
1333569225000, 0.065973446, 0.31123585, 0.028710667
1333574197000, 0.074830994, 0.32253686, 0.015577064
1333579273000, 0.06841691, 0.3295618, 0.01282817
1333584154000, 0.0720821, 0.34300083, 0.009773844
1333589202000, 0.06719518, 0.3631594, 0.011301007
1333594314000, 0.06963864, 0.37507126, 0.0070249503
1333599218000, 0.08399397, 0.3866777, 0.013439035
1333604187000, 0.08307768, 0.3662137, 0.013133603
1333609265000, 0.093767814, 0.36896262, 0.011911872
1333614576000, 0.087659165, 0.37904188, 0.003970624
1333619182000, 0.08552113, 0.38881573, 0.0021380284
1333624225000, 0.092240654, 0.38362336, -0.009162978
1333629264000, 0.0729984, 0.3857614, -0.013439035
1333634178000, 0.06811147, 0.398895, -0.008552114
1333639173000, 0.064751714, 0.39736784, -0.013744468
1333644259000, 0.05955936, 0.39522982, -0.0033597588
1333649223000, 0.04153884, 0.3839288, 0.007330383
1333654217000, 0.02443461, 0.37720928, 0.005192355
1333659208000, 0.015271631, 0.37751472, 6.1086525E-4
1333664202000, -0.002443461, 0.37018433, 0.0061086523
1333669178000, 6.1086525E-4, 0.37140608, 0.0067195175
1333674202000, -0.0076358155, 0.3643811, -3.0543262E-4
1333679357000, -0.0076358155, 0.3484986, -0.012217305
1333684177000, 3.0543262E-4, 0.33414328, -0.0067195175
1333689227000, 0.005497787, 0.33964106, -0.009162978
1333694385000, 0.017715093, 0.32406402, -0.02076942
1333699241000, 0.013744468, 0.3191771, -0.032070424
1333704759000, 0.0125227375, 0.30573806, -0.033292156
1333709236000, 0.01282817, 0.2846632, -0.035430185
1333716988000, -0.0021380284, 0.25320363, -0.032375857
1333719216000, -0.013744468, 0.24953845, -0.031154128
1333724260000, -0.021991149, 0.23426682, -0.03145956
1333729235000, -0.019547688, 0.23396139, -0.03145956
1333734630000, -0.03145956, 0.21105394, -0.023518313
1333739164000, -0.028405234, 0.183565, -0.022602014
1333744384000, -0.041233405, 0.16920967, -0.03145956
1333749228000, -0.032986723, 0.16584991, -0.035124753
1333754183000, -0.032070424, 0.15760323, -0.0421497
1333759344000, -0.01740966, 0.14538592, -0.041233405
1333764184000, -0.008552114, 0.13805555, -0.04550946
1333769207000, 0.008246681, 0.13591751, -0.043066
1333774185000, 0.022602014, 0.13439035, -0.043676864
1333779182000, 0.023823744, 0.12186762, -0.04184427
1333784152000, 0.03145956, 0.11301007, -0.043066
1333789146000, 0.05100725, 0.1133155, -0.043676864
1333794187000, 0.05375614, 0.11209377, -0.03940081
1333799160000, 0.0693332, 0.10934488, -0.047036625
1333804298000, 0.076052725, 0.10445796, -0.04550946
1333809206000, 0.0870483, 0.10903945, -0.043982297
1333814484000, 0.09560041, 0.11484267, -0.044898596
1333819151000, 0.09590584, 0.1020145, -0.049480084
1333824186000, 0.102319926, 0.09193522, -0.046731193
1333829202000, 0.124311075, 0.077579886, -0.04734206
1333834149000, 0.12950343, 0.06994407, -0.039095376
1333839141000, 0.12797627, 0.055283304, -0.04734206
1333844188000, 0.13622294, 0.048563786, -0.059253927
1333849151000, 0.14446963, 0.024129177, -0.061391957
1333854162000, 0.15118915, 0.003970624, -0.0571159
1333859194000, 0.16462818, -0.008857546, -0.05467244
1333864159000, 0.17073683, -0.01160644, -0.0571159
1333869134000, 0.16493362, -0.0070249503, -0.05497787
1333874210000, 0.16768251, 0.0021380284, -0.055588737
1333879303000, 0.16737708, 0.0067195175, -0.054367006
1333884190000, 0.1695151, 0.002443461, -0.042760566
1333889193000, 0.17623462, 0.008857546, -0.057421334
1333894238000, 0.18173242, 0.021991149, -0.06047566
1333899225000, 0.17348573, 0.021991149, -0.052839845
1333904162000, 0.18570304, 0.02443461, -0.06261369
1333909214000, 0.18051068, 0.03145956, -0.061391957
1333914154000, 0.1740966, 0.05131268, -0.070554934
1333919154000, 0.17745635, 0.06841691, -0.07849618
1333924176000, 0.1685988, 0.059253927, -0.082161374
1333929197000, 0.1740966, 0.06719518, -0.07544186
1333934154000, 0.17165314, 0.06811147, -0.065973446
1333939149000, 0.1740966, 0.070249505, -0.06719518
1333944181000, 0.16829337, 0.087659165, -0.074830994
1333949151000, 0.16982053, 0.08979719, -0.0711658
1333954155000, 0.17837265, 0.08368854, -0.06688975
1333959203000, 0.17562376, 0.10934488, -0.06780604
1333964175000, 0.1704314, 0.11881329, -0.06261369
1333969148000, 0.16920967, 0.12095132, -0.061086524
1333974177000, 0.17165314, 0.14049901, -0.06169739
1333979177000, 0.1695151, 0.1469131, -0.057726767
1333984152000, 0.16523905, 0.16126843, -0.06872234
1333989147000, 0.15577064, 0.1731803, -0.062002823
1333994204000, 0.1591304, 0.16157386, -0.062002823
1333999211000, 0.14935656, 0.15363261, -0.06536258
1334004191000, 0.14019357, 0.16340645, -0.064751714
1334009379000, 0.14019357, 0.17379116, -0.06169739
1334014287000, 0.1414153, 0.16493362, -0.06169739
1334019523000, 0.14782938, 0.16371189, -0.058643065
1334024227000, 0.1414153, 0.15302174, -0.06169739
1334029185000, 0.13652839, 0.16035213, -0.065973446
1334034226000, 0.11728613, 0.15393804, -0.06505715
1334039146000, 0.11575896, 0.15821409, -0.06841691
1334044272000, 0.10751228, 0.14721853, -0.0720821
1334049159000, 0.10445796, 0.14355333, -0.077579886
1334054214000, 0.10873401, 0.13958271, -0.08399397
1334059481000, 0.101098195, 0.12980886, -0.08032878
1334064159000, 0.09437868, 0.13255776, -0.07513642
1334069170000, 0.086437434, 0.12675454, -0.07666359
1334074249000, 0.08246681, 0.12492194, -0.06536258
1334079248000, 0.073303826, 0.11178834, -0.0693332
1334084179000, 0.070554934, 0.113926366, -0.06383542
1334089152000, 0.06078109, 0.11178834, -0.06291912
1334094314000, 0.0571159, 0.1133155, -0.06780604
1334099152000, 0.050396383, 0.12370021, -0.071776666
1334104205000, 0.05467244, 0.122478485, -0.063224554
1334109188000, 0.057726767, 0.13255776, -0.053145275
1334114254000, 0.05131268, 0.13164146, -0.05467244
1334119214000, 0.05009095, 0.12522738, -0.04734206
1334124276000, 0.043676864, 0.13133603, -0.0421497
1334129548000, 0.040927973, 0.121256754, -0.034513887
1334134180000, 0.038789943, 0.119729586, -0.030543262
1334139184000, 0.03390302, 0.12217305, -0.02443461
1334144233000, 0.02076942, 0.113926366, -0.022296581
1334149182000, 0.022296581, 0.108123146, -0.008857546
1334154206000, 0.019547688, 0.105374254, -0.007941248
1334159206000, 0.011911872, 0.10293079, 0.004276057
1334164257000, 0.01160644, 0.10903945, -0.0018325958
1334169191000, 0.009162978, 0.10170906, 0.0012217305
1334174203000, 0.01038471, 0.098043874, 0.020463986
1334179250000, 0.01863139, 0.111177474, 0.018325957
1334184192000, 0.01038471, 0.10629055, 0.01160644
1334189163000, 0.015882496, 0.1020145, 0.022602014
1334194286000, 0.016493361, 0.08277224, 0.024129177
1334199178000, 0.02076942, 0.081855945, 0.032986723
1334204156000, 0.014049901, 0.07574729, 0.034208454
1334209245000, 0.016798794, 0.07391469, 0.03604105
1334214185000, 0.018325957, 0.063224554, 0.042455133
1334219180000, 0.019547688, 0.061391957, 0.042455133
1334224258000, 0.011301007, 0.05375614, 0.04337143
1334229256000, 0.007941248, 0.058948494, 0.046120327
1334234151000, 0.014660766, 0.05100725, 0.051923547
1334239155000, 0.008857546, 0.05100725, 0.04917465
1334244351000, 0.008246681, 0.044898596, 0.04795292
1334249153000, 0.01160644, 0.046731193, 0.053450707
1334254181000, 0.013133603, 0.04886922, 0.058337633
1334259193000, 0.021380283, 0.048258353, 0.05467244
1334264206000, 0.02687807, 0.049785517, 0.057726767
1334269204000, 0.023518313, 0.040011674, 0.060170226
1334274186000, 0.025350908, 0.04550946, 0.058643065
1334279274000, 0.027488936, 0.04184427, 0.05467244
1334284157000, 0.026572637, 0.04550946, 0.053450707
1334289195000, 0.021685716, 0.03176499, 0.051923547
1334294240000, 0.02687807, 0.03573562, 0.05222898
1334299185000, 0.02107485, 0.03970624, 0.04428773
1334304172000, 0.017104227, 0.028710667, 0.052534413
1334309187000, 0.023518313, 0.032375857, 0.047036625
1334314202000, 0.014660766, 0.019242255, 0.04153884
1334319187000, 0.022296581, 0.028710667, 0.03268129
1334324237000, 0.019242255, 0.035430185, 0.035124753
1334329203000, 0.016493361, 0.03023783, 0.03176499
1334334195000, 0.010995574, 0.028405234, 0.028710667
1334339444000, 0.017104227, 0.034513887, 0.02321288
1334344246000, 0.013133603, 0.030543262, 0.0290161
1334349449000, 0.0143553335, 0.026572637, 0.027794369
1334354223000, 0.020463986, 0.033292156, 0.025350908
1334359226000, 0.010995574, 0.03848451, 0.019242255
1334364192000, 0.007941248, 0.03604105, 0.015882496
1334369214000, 0.017715093, 0.029626964, 0.015577064
1334374239000, 0.018936822, 0.031154128, 0.020463986
1334379318000, 0.017715093, 0.034208454, 0.016187929
1334384559000, 0.006414085, 0.03359759, 0.01038471
1334389254000, 0.019547688, 0.039095376, 0.00580322
1334394356000, 0.0106901415, 0.03604105, 0.0027488936
1334399269000, 0.0033597588, 0.035124753, 0.008246681
1334404280000, 0.0067195175, 0.02321288, 0.00580322
1334409282000, 0.015882496, 0.03848451, 0.009773844
1334414998000, 0.009773844, 0.030543262, 0.007330383
1334419332000, 0.005192355, 0.020158553, 0.0021380284
1334424260000, 0.008552114, 0.02107485, 0.0027488936
1334429363000, -0.002443461, 0.022296581, 0.003970624
1334434276000, -0.0027488936, 0.02443461, 0.003970624
1334439186000, -0.009773844, 0.015577064, -0.0033597588
1334444501000, -0.005497787, 0.01985312, 9.162979E-4
1334450291000, -0.011301007, 0.019242255, 0.005497787
1334454615000, -0.008246681, 0.015882496, 0.002443461
1334459233000, -0.01282817, 0.016187929, 0.0036651916
1334464279000, -0.009162978, 0.008246681, -0.0021380284
1334469195000, -0.008246681, 0.02107485, 6.1086525E-4
1334474636000, -0.020158553, 0.017715093, 0.002443461
1334479273000, -0.013744468, 0.028099801, -0.002443461
1334484186000, -0.014049901, 0.020463986, 0.0036651916
1334489208000, -0.016493361, 0.02321288, 0.0036651916
1334494239000, -0.02076942, 0.02107485, 0.008246681
1334499223000, -0.020158553, 0.015577064, 0.0036651916
1334504216000, -0.014966198, 0.016798794, 0.005497787
1334509236000, -0.016798794, 0.009773844, 0.002443461
1334514274000, -0.020463986, 0.014966198, 0.008246681
1334519281000, -0.022907447, 0.010995574, 0.01160644
1334524404000, -0.025961773, 0.014049901, 0.01282817
1334529494000, -0.029321533, 0.015271631, 0.008552114
1334534189000, -0.029626964, 0.012217305, 0.015271631
1334539248000, -0.029932396, 0.0070249503, 0.0106901415
1334544557000, -0.02107485, 0.008857546, 0.013744468
1334549265000, -0.021380283, 9.162979E-4, 0.016493361
1334554389000, -0.021685716, 0.011911872, 0.013133603
1334559251000, -0.02107485, 0.0027488936, 0.015882496
1334564244000, -0.009162978, 0.005497787, 0.0143553335
1334569331000, -0.01160644, 0.0076358155, 0.017104227
1334574248000, -0.017715093, 0.0106901415, 0.009773844
1334579294000, -0.018936822, 0.0070249503, 0.013744468
1334584290000, -0.03023783, 9.162979E-4, 0.013133603
1334589219000, -0.024740042, 0.01038471, 0.018020526
1334594255000, -0.022602014, 0.008246681, 0.019547688
1334599289000, -0.032070424, 0.011911872, 0.020463986
1334604221000, -0.032986723, -9.162979E-4, 0.01740966
1334609252000, -0.03145956, 0.0018325958, 0.0125227375
1334614840000, -0.021685716, 0.010079277, 0.0143553335
1334620750000, -0.030848695, 0.01038471, 0.016493361
1334624234000, -0.024129177, 6.1086525E-4, 0.016187929
1334629297000, -0.022907447, 0.008857546, 0.019547688
1334634239000, -0.02565634, 0.007941248, 0.018020526
1334639211000, -0.030543262, 0.006414085, 0.018936822
1334644732000, -0.029626964, 0.018936822, 0.018020526
1334649214000, -0.026572637, 0.004581489, 0.01038471
1334654319000, -0.02443461, 0.0030543262, 0.013439035
1334659229000, -0.022602014, 0.013133603, 0.014660766
1334664466000, -0.0290161, 0.0125227375, 0.01282817
1334669155000, -0.03145956, 0.006414085, 0.013133603
1334674228000, -0.030848695, 0.01038471, 0.016187929
1334679194000, -0.021380283, 0.010995574, 0.0143553335
1334684225000, -0.020158553, 0.013439035, 0.013744468
1334691976000, -0.03390302, 0.009162978, 0.014966198
1334694227000, -0.025350908, 0.0018325958, 0.014049901
1334699183000, -0.018936822, 0.0015271631, 0.011911872
1334704159000, -0.025350908, -9.162979E-4, 0.013439035
1334709578000, -0.027488936, 0.009773844, 0.01282817
1334714189000, -0.03756821, 0.003970624, 0.013744468
1334719201000, -0.03359759, 0.0076358155, 0.0125227375
1334724194000, -0.03756821, 0.0030543262, 0.011911872
1334729282000, -0.03359759, -0.004886922, 0.012217305
1334734185000, -0.040011674, 0.008246681, 0.020158553
1334739176000, -0.032986723, 0.004276057, 0.008552114
1334745155000, -0.030848695, 0.009773844, 0.008857546
1334749203000, -0.03359759, 0.002443461, 0.013439035
1334756342000, -0.023823744, 0.003970624, 0.0106901415
1334759247000, -0.017104227, 0.0015271631, 0.015271631
1334764168000, -0.021380283, 0.004276057, 0.009468411
1334769167000, -0.027488936, 0.0036651916, 0.010079277
1334774400000, -0.022602014, -0.0012217305, 0.015271631
1334779507000, -0.025350908, -9.162979E-4, 0.0143553335
1334784356000, -0.031154128, -0.009773844, 0.017715093
1334800828000, -0.03145956, -0.0015271631, 0.01740966
1334817697000, -0.030848695, -0.004581489, 0.013133603
1334819665000, -0.023518313, -0.002443461, 0.019242255
1334824410000, -0.027183503, 0.0067195175, 0.019547688
1334829167000, -0.028099801, -6.1086525E-4, 0.015577064
1334834145000, -0.02565634, -6.1086525E-4, 0.016493361
1334839598000, -0.021380283, 0.0012217305, 0.015577064
1334844218000, -0.025350908, 0.004276057, 0.01863139
1334849206000, -0.029321533, 0.0033597588, 0.018020526
1334854213000, -0.037873644, 0.0067195175, 0.01740966
1334859211000, -0.033292156, 0.014049901, 0.014049901
1334864195000, -0.035124753, 0.014049901, 0.014966198
1334869145000, -0.039095376, 3.0543262E-4, 0.015882496
1334874180000, -0.045814894, -0.003970624, 0.019547688
1334879323000, -0.04153884, 0.0036651916, 0.02076942
1334884209000, -0.034208454, -0.0027488936, 0.02076942
1334889175000, -0.04337143, -0.0027488936, 0.02076942
1334894343000, -0.043676864, -0.0076358155, 0.019242255
1334899187000, -0.04153884, 6.1086525E-4, 0.02321288
1334904149000, -0.047647487, 9.162979E-4, 0.02107485
1334909230000, -0.043676864, -0.003970624, 0.025045475
1334914165000, -0.03848451, 0.0027488936, 0.021991149
1334919197000, -0.051923547, -6.1086525E-4, 0.02443461
1334924185000, -0.043982297, 0.003970624, 0.021380283
1334929313000, -0.040011674, 0.0061086523, 0.026267206
1334934196000, -0.041233405, 0.009162978, 0.024740042
1334939166000, -0.04734206, 0.013439035, 0.020463986
1334944251000, -0.043066, 3.0543262E-4, 0.017104227
1334949223000, -0.03970624, 0.007330383, 0.021685716
1334954169000, -0.037873644, 0.009162978, 0.02076942
1334959238000, -0.038179077, 0.0030543262, 0.012217305
1334969466000, -0.03023783, 0.016493361, 0.009468411
1334970129000, -0.030848695, 0.02443461, 0.014966198
1334974573000, -0.043982297, 0.030848695, 0.021685716
1334979217000, -0.04184427, 0.022296581, 0.015577064
1334984218000, -0.044593163, 0.010995574, 0.018325957
1334989182000, -0.04184427, 0.013744468, 0.020158553
1334994353000, -0.036957346, 0.007330383, 0.014660766
1334999485000, -0.029321533, 0.0033597588, 0.021685716
1335004216000, -0.03573562, 0.013744468, 0.019547688
1335009267000, -0.034513887, 0.009773844, 0.021991149
1335014753000, -0.03634648, 0.0106901415, 0.024129177
1335019286000, -0.041233405, 0.01985312, 0.028710667
1335024284000, -0.040011674, 0.008857546, 0.024129177
1335029219000, -0.038179077, 0.021380283, 0.027183503
1335034613000, -0.04917465, 0.0036651916, 0.024740042
1335039291000, -0.03970624, 0.002443461, 0.032986723
1335044229000, -0.051923547, 0.009773844, 0.02565634
1335049175000, -0.03390302, 0.015271631, 0.020158553
1335054372000, -0.038179077, 9.162979E-4, 0.029321533
1335059393000, -0.03390302, 0.0143553335, 0.025961773
1335064159000, -0.034513887, 0.01740966, 0.028405234
1335069229000, -0.034513887, 0.007941248, 0.025961773
1335074493000, -0.03176499, 0.007941248, 0.02321288
1335079284000, -0.043982297, 0.0067195175, 0.027794369
1335084175000, -0.038789943, 0.014049901, 0.025961773
1335089227000, -0.04153884, 0.010995574, 0.02107485
1335094232000, -0.03573562, 0.013744468, 0.019242255
1335099217000, -0.036957346, 0.01038471, 0.028405234
1335104554000, -0.04153884, 0.0036651916, 0.021685716
1335109375000, -0.03726278, 0.0021380284, 0.016798794
1335114189000, -0.022907447, 0.012217305, 0.017715093
1335119225000, -0.035124753, 0.02076942, 0.01863139
1335124762000, -0.03756821, 0.01863139, 0.018325957
1335129285000, -0.035124753, 0.019242255, 0.0143553335
1335134202000, -0.035430185, 0.015882496, 0.015577064
1335139272000, -0.024129177, 0.010995574, 0.010995574
1335144197000, -0.03023783, 0.022907447, 0.008246681
1335149214000, -0.029932396, 0.017104227, 0.0070249503
1335154410000, -0.03023783, 0.013744468, 0.015271631
1335159295000, -0.029932396, 0.022602014, 0.007941248
1335164352000, -0.017715093, 0.015271631, 0.0125227375
1335169200000, -0.032375857, 0.016798794, 0.0125227375
1335174507000, -0.03145956, 0.021991149, 0.012217305
1335179403000, -0.029626964, 0.0125227375, 0.008857546
1335184277000, -0.021685716, 0.016798794, 0.018020526
1335189214000, -0.027183503, 0.011301007, 0.012217305
1335194556000, -0.034208454, 0.01160644, 0.014049901
1335199353000, -0.034513887, 0.0143553335, 0.013439035
1335204371000, -0.030848695, 0.01740966, 0.014966198
1335219248000, -0.033292156, 0.014966198, 0.013744468
1335224381000, -0.03359759, 0.013133603, 0.013133603
1335229479000, -0.032070424, 0.015271631, 0.018936822
1335234224000, -0.030848695, 0.0106901415, 0.0076358155
1335239368000, -0.027488936, 0.01985312, 0.0106901415
1335244914000, -0.03145956, 0.015271631, 0.014660766
1335249358000, -0.035124753, 0.027488936, 0.008552114
1335254201000, -0.03145956, 0.016493361, 0.005192355
1335259197000, -0.034513887, 0.014660766, 0.012217305
1335264208000, -0.036651913, 0.019242255, 0.015577064
1335269178000, -0.03970624, 0.011911872, 0.008552114
1335274212000, -0.032986723, 0.013133603, 0.011301007
1335279369000, -0.03726278, 0.015271631, 0.011911872
1335284242000, -0.035430185, 0.00580322, 0.009162978
1335289240000, -0.036651913, 0.012217305, 0.014049901
1335294258000, -0.037873644, 0.014660766, 0.01282817
1335299157000, -0.035124753, 0.01282817, 0.011301007
1335304213000, -0.040317107, 0.006414085, 0.0012217305
1335309190000, -0.036957346, 0.007330383, -9.162979E-4
1335314200000, -0.040927973, 0.007941248, 0.007330383
1335319171000, -0.04184427, 0.017715093, 0.011301007
1335324244000, -0.043676864, 0.013744468, 0.005192355
1335329229000, -0.04520403, 0.014966198, 0.007330383
1335334172000, -0.038789943, 0.0143553335, 0.009162978
1335339172000, -0.03940081, 0.00580322, 0.003970624
1335344383000, -0.025961773, 0.0143553335, 0.004886922
1335349196000, -0.030543262, 0.013439035, 0.0018325958
1335354304000, -0.043676864, 0.014966198, 0.0070249503
1335359278000, -0.04062254, 0.014660766, 0.01282817
1335364205000, -0.03756821, 0.0125227375, 0.009468411
1335369251000, -0.03726278, 0.0012217305, 0.009162978
1335374208000, -0.041233405, 0.0030543262, 0.007941248
1335379200000, -0.03970624, 0.01282817, 0.009162978
1335384228000, -0.038179077, 0.013744468, 0.0061086523
1335389188000, -0.03390302, 0.009468411, 0.01282817
1335403219000, -0.037873644, 9.162979E-4, 0.008857546
1335404229000, -0.03726278, 0.005192355, 0.0070249503
1335409212000, -0.040011674, 0.016187929, 0.008857546
1335414880000, -0.03176499, 0.009162978, 0.017104227
1335419164000, -0.03604105, -3.0543262E-4, 9.162979E-4
1335424197000, -0.030543262, -3.0543262E-4, 0.003970624
1335429343000, -0.025961773, 0.007941248, 0.0076358155
1335434144000, -0.032070424, 0.008552114, 0.010995574
1335439155000, -0.0290161, 0.003970624, 0.009162978
1335444180000, -0.021380283, 0.005192355, 0.010995574
1335449160000, -0.024740042, 0.007330383, 0.013439035
1335454196000, -0.025350908, 0.006414085, 0.0036651916
1335459227000, -0.027488936, 0.0033597588, 0.0106901415
1335464222000, -0.026267206, 0.0018325958, 0.01282817
1335469157000, -0.018325957, 0.007330383, 0.011911872
1335474188000, -0.018020526, 0.007330383, 0.0070249503
1335479218000, -0.021380283, 0.0030543262, 0.009162978
1335484201000, -0.03145956, 0.008246681, 0.013133603
1335489169000, -0.03145956, -0.0012217305, 0.007330383
1335494330000, -0.02443461, 9.162979E-4, 0.0027488936
1335499215000, -0.019242255, 0.0033597588, 0.0061086523
1335504228000, -0.01740966, 0.0067195175, 0.013133603
1335509294000, -0.022296581, -0.0012217305, 0.008246681
1335514202000, -0.021685716, -6.1086525E-4, 0.018325957
1335519173000, -0.023518313, 0.005192355, 0.008246681
1335524198000, -0.020463986, 0.0061086523, 0.011301007
1335529198000, -0.03268129, -0.002443461, 0.010995574
1335534177000, -0.02443461, -0.0015271631, 0.0061086523
1335539185000, -0.018325957, 0.0021380284, 0.010079277
1335544215000, -0.018936822, 0.005192355, 0.01038471
1335549276000, -0.01985312, -0.0067195175, 0.010079277
1335554171000, -0.02443461, 0.0015271631, 0.010079277
1335559292000, -0.01740966, -0.0021380284, 0.013439035
1335564147000, -0.02321288, 0.0021380284, 0.014660766
1335569213000, -0.022296581, 0.0036651916, 0.016493361
1335574210000, -0.020158553, 0.0067195175, 0.016493361
1335579539000, -0.027794369, -9.162979E-4, 0.017104227
1335584175000, -0.025961773, 0.0033597588, 0.014966198
1335589441000, -0.017715093, 0.003970624, 0.015271631
1335594195000, -0.022602014, 0.005192355, 0.018325957
1335599157000, -0.020463986, -0.004276057, 0.0106901415
1335604166000, -0.008246681, -9.162979E-4, 0.01863139
1335609189000, -0.029932396, -0.004581489, 0.009468411
1335614470000, -0.029932396, -0.0030543262, 0.015882496
1335619153000, -0.02321288, -0.0018325958, 0.01282817
1335624212000, -0.020463986, 0.0015271631, 0.01863139
1335629166000, -0.03604105, -0.003970624, 0.01038471
1335634188000, -0.029321533, -0.003970624, 0.011301007
1335639159000, -0.019547688, 0.0021380284, 0.013133603
1335644203000, -0.024740042, -0.002443461, 0.0067195175
1335649140000, -0.025350908, -3.0543262E-4, 0.006414085
1335654150000, -0.018325957, 0.005192355, 0.008552114
1335659221000, -0.01863139, 0.008552114, 0.008246681
1335664223000, -0.025350908, 0.008552114, 0.007941248
1335669156000, -0.022296581, -3.0543262E-4, 0.007330383
1335674185000, -0.0290161, -0.0015271631, 0.0061086523
1335679214000, -0.03023783, 0.0015271631, 0.011301007
1335684151000, -0.0290161, 9.162979E-4, 0.007941248
1335689172000, -0.040317107, 0.0030543262, 0.007330383
1335694188000, -0.03390302, -3.0543262E-4, 0.0070249503
1335699153000, -0.029626964, 0.004886922, 0.009162978
1335704168000, -0.037873644, 0.003970624, 0.0106901415
1335709208000, -0.040317107, 6.1086525E-4, 0.008552114
1335714221000, -0.038789943, 9.162979E-4, 0.002443461
1335719240000, -0.03756821, 0.007941248, 0.0067195175
1335724242000, -0.035430185, 0.0021380284, 9.162979E-4
1335729243000, -0.03604105, 3.0543262E-4, 0.0076358155
1335734180000, -0.033292156, -0.0021380284, 0.00580322
1335739189000, -0.03176499, 0.008552114, 0.0067195175
1335744288000, -0.03145956, 0.0033597588, 0.00580322
1335749211000, -0.032986723, 9.162979E-4, -0.0030543262
1335754229000, -0.03573562, 0.008857546, -0.005192355
1335759210000, -0.038789943, 9.162979E-4, 0.004276057
1335764176000, -0.035430185, -3.0543262E-4, 0.002443461
1335769157000, -0.024129177, 0.0015271631, 0.007330383
1335774213000, -0.036957346, 0.0021380284, 0.008857546
1335779303000, -0.040011674, -0.0036651916, 0.012217305
1335784218000, -0.03268129, 6.1086525E-4, 0.004886922
1335789258000, -0.038789943, 0.011911872, 0.013133603
1335794263000, -0.03481932, 6.1086525E-4, 0.013744468
1335799185000, -0.03604105, -9.162979E-4, 0.010995574
1335804181000, -0.03268129, -0.0012217305, 0.01282817
1335809199000, -0.03390302, 3.0543262E-4, 0.0067195175
1335814175000, -0.03634648, 0.0125227375, 0.01863139
1335819199000, -0.031154128, 0.004581489, 0.010995574
1335824448000, -0.024129177, 0.0036651916, 0.0067195175
1335829271000, -0.03268129, 0.009162978, 0.009773844
1335834159000, -0.032375857, 0.008246681, 0.010079277
1335839175000, -0.030543262, 0.00580322, 0.014660766
1335844190000, -0.027488936, 0.0030543262, 0.014966198
1335849167000, -0.025045475, -0.004276057, 0.016187929
1335854152000, -0.029321533, -0.0015271631, 0.015882496
1335859200000, -0.027183503, 0.007941248, 0.01038471
1335864159000, -0.03359759, 0.007941248, 0.014660766
1335869173000, -0.03359759, -0.005192355, 0.009162978
1335874192000, -0.025961773, -0.0033597588, 0.008857546
1335879199000, -0.03145956, -0.0021380284, 0.015882496
1335884161000, -0.03634648, 0.0070249503, 0.013439035
1335889165000, -0.03848451, 0.00580322, 0.016187929
1335894181000, -0.038179077, 0.0018325958, 0.009773844
1335899166000, -0.03634648, -0.009468411, 0.014049901
1335904166000, -0.017104227, -0.004581489, 0.010079277
1335909231000, -0.028405234, 0.00580322, 0.007941248
1335914145000, -0.03940081, -0.0033597588, 0.014660766
1335919176000, -0.027794369, -0.0061086523, 0.014049901
1335924237000, -0.029932396, 0.003970624, 0.008246681
1335929218000, -0.03023783, 0.0033597588, 0.007330383
1335934188000, -0.021380283, 0.0012217305, 0.006414085
1335939157000, -0.0290161, -0.003970624, 0.0106901415
1335944285000, -0.030543262, -0.008857546, 0.003970624
1335949155000, -0.0290161, 0.005192355, 0.01038471
1335954326000, -0.030848695, 9.162979E-4, 0.005497787
1335959189000, -0.027183503, -0.0021380284, 0.0033597588
1335964157000, -0.029626964, -0.004276057, 0.010079277
1335969147000, -0.03176499, -0.008857546, 0.0033597588
1335974179000, -0.024740042, 0.004276057, 0.0067195175
1335979212000, -0.03176499, -0.005192355, 0.009162978
1335984148000, -0.029626964, 0.0018325958, 0.0015271631
1335989150000, -0.03634648, -0.0027488936, 0.007330383
1335994178000, -0.03481932, -0.008246681, 0.00580322
1335999149000, -0.019242255, 0.004886922, 0.0067195175
1336004135000, -0.029626964, 0.005192355, 0.003970624
1336009181000, -0.032070424, -9.162979E-4, 0.008552114
1336014460000, -0.028099801, -9.162979E-4, 0.005192355
1336019167000, -0.025045475, -0.0027488936, 0.011911872
1336024155000, -0.021991149, 0.0015271631, 0.0106901415
1336029204000, -0.029321533, 0.0027488936, 0.0106901415
1336034139000, -0.022602014, 0.002443461, 0.00580322
1336039159000, -0.022296581, 0.002443461, 0.005497787
1336044222000, -0.020158553, 0.0012217305, 0.008552114
1336049163000, -0.022907447, -3.0543262E-4, 0.011911872
1336054158000, -0.029932396, 0.002443461, 0.01160644
1336059190000, -0.032375857, 0.0033597588, 0.009162978
1336064146000, -0.03268129, 0.004276057, 0.007330383
1336069148000, -0.029321533, -3.0543262E-4, 0.0012217305
1336074175000, -0.027183503, -0.0067195175, 0.013133603
1336079493000, -0.028405234, -0.0067195175, 0.009468411
1336084162000, -0.028405234, -3.0543262E-4, 0.0076358155
1336089146000, -0.025045475, -0.008246681, 0.005497787
1336094207000, -0.032375857, -0.0033597588, 0.009468411
1336099170000, -0.029626964, -0.007330383, 0.01160644
1336104155000, -0.035124753, -0.00580322, 0.0067195175
1336109205000, -0.03756821, -0.009162978, 0.01038471
1336114278000, -0.024740042, -0.0012217305, 0.013133603
1336119155000, -0.028405234, 0.0015271631, 0.013439035
1336124207000, -0.01863139, -0.005497787, 0.011301007
1336129353000, -0.013439035, 0.009468411, 0.004276057
1336134176000, -0.027488936, 0.008246681, 0.007941248
1336139194000, -0.022602014, 0.0015271631, 0.003970624
1336144212000, -0.024129177, -0.0067195175, 0.0076358155
1336149374000, -0.01863139, 0.0027488936, 0.0143553335
1336154180000, -0.023518313, 9.162979E-4, 0.012217305
1336159191000, -0.025961773, 0.0033597588, 0.015577064
1336164166000, -0.025045475, 0.0018325958, 0.011301007
1336169156000, -0.021991149, 0.006414085, 0.01282817
1336174181000, -0.020158553, 0.009468411, 0.014049901
1336179198000, -0.02687807, 0.002443461, 0.013133603
1336184157000, -0.02687807, 0.009773844, 0.0106901415
1336189159000, -0.03145956, 0.005192355, 0.015577064
1336194189000, -0.03176499, 0.0012217305, 0.012217305
1336199153000, -0.03176499, 0.0036651916, 0.009773844
1336204162000, -0.025961773, 0.0067195175, 0.010079277
1336209197000, -0.021991149, 0.0018325958, 0.014049901
1336214161000, -0.027794369, -0.005497787, 0.0036651916
1336219422000, -0.03176499, -0.0106901415, 0.008246681
1336224203000, -0.023518313, 0.0015271631, 0.0070249503
1336229204000, -0.026572637, -0.0061086523, 0.0067195175
1336234155000, -0.03145956, 9.162979E-4, 0.014660766
1336239164000, -0.026572637, -0.0021380284, 0.008552114
1336244216000, -0.028099801, 0.008552114, 0.009773844
1336249271000, -0.034513887, 0.004581489, 0.004276057
1336254165000, -0.03634648, 9.162979E-4, 0.008246681
1336259183000, -0.029321533, -0.009162978, 0.014966198
1336264166000, -0.026267206, 0.0033597588, 0.010079277
1336269336000, -0.023518313, 0.0036651916, 0.009468411
1336274193000, -0.025350908, 6.1086525E-4, 0.0070249503
1336279344000, -0.035124753, -0.0012217305, 0.008552114
1336284156000, -0.029626964, -3.0543262E-4, 0.006414085
1336289366000, -0.023823744, -0.003970624, 0.011301007
1336294180000, -0.022907447, -0.0070249503, 0.01038471
1336299155000, -0.024740042, 0.005497787, 0.011911872
1336304165000, -0.03268129, -0.0018325958, 0.01160644
1336309218000, -0.03848451, -0.005497787, 0.013744468
1336314205000, -0.035124753, 3.0543262E-4, 0.01038471
1336319173000, -0.03634648, 0.006414085, 0.015882496
1336324202000, -0.032375857, -6.1086525E-4, 0.01038471
1336329195000, -0.032070424, -0.0027488936, 0.009162978
1336334194000, -0.040011674, 0.003970624, 0.0143553335
1336339163000, -0.027794369, -3.0543262E-4, 0.015882496
1336344209000, -0.0421497, -0.0033597588, 0.0027488936
1336349161000, -0.03359759, 0.0015271631, 0.007941248
1336354187000, -0.028710667, 6.1086525E-4, 0.0106901415
1336359207000, -0.03726278, -0.004581489, 0.009468411
1336364162000, -0.0290161, -0.0012217305, 0.0076358155
1336369173000, -0.034208454, 0.0027488936, 0.005192355
1336374198000, -0.03359759, -0.002443461, 0.0125227375
1336379214000, -0.034513887, -0.004581489, 0.0030543262
1336384154000, -0.021380283, -0.002443461, 0.009162978
1336389159000, -0.029932396, 0.002443461, 0.007941248
1336394183000, -0.032986723, -0.0012217305, 0.007330383
1336399167000, -0.03726278, 0.0021380284, 0.010079277
1336404158000, -0.030543262, -0.0018325958, 0.01282817
1336409184000, -0.032986723, 0.003970624, 0.009773844
1336414457000, -0.03023783, -0.0027488936, 0.013439035
1336419148000, -0.01985312, -0.0070249503, 0.0076358155
1336424181000, -0.018020526, 3.0543262E-4, 0.01740966
1336429187000, -0.020158553, 0.006414085, 0.014660766
1336434146000, -0.0290161, -0.006414085, 0.016187929
1336439143000, -0.043066, 3.0543262E-4, 0.005497787
1336444189000, -0.022296581, 0.004886922, 0.009468411
1336449151000, -0.02687807, 0.004581489, 0.015271631
1336454145000, -0.029321533, -0.0012217305, 0.014049901
1336459195000, -0.030848695, 9.162979E-4, 0.010079277
1336464192000, -0.026572637, -0.0012217305, 0.007330383
1336469159000, -0.03268129, -0.0012217305, 0.015577064
1336474191000, -0.032070424, -0.0021380284, 0.013439035
1336479185000, -0.022907447, -0.010995574, 0.0015271631
1336484146000, -0.024129177, -0.019242255, 0.009468411
1336489148000, -0.025045475, -0.019242255, 0.017104227
1336494165000, -0.030543262, -0.012217305, 0.009773844
1336499147000, -0.027183503, -0.009468411, 0.01038471
1336504145000, -0.023823744, -0.0070249503, 0.013439035
1336509176000, -0.022907447, -0.011301007, 0.016798794
1336514160000, -0.030848695, -0.008246681, 0.021991149
1336519145000, -0.02107485, -0.004581489, 0.016493361
1336524173000, -0.025045475, 0.0036651916, 0.01282817
1336529183000, -0.027794369, -0.007941248, 0.016187929
1336534149000, -0.019547688, -0.0027488936, 0.009773844
1336539176000, -0.02687807, 0.004581489, 0.013744468
1336544160000, -0.029626964, -0.004276057, 0.014660766
1336549146000, -0.02321288, -0.0070249503, 0.01282817
1336554141000, -0.028710667, -3.0543262E-4, 0.010079277
1336559199000, -0.02565634, 3.0543262E-4, 0.009162978
1336564151000, -0.030543262, -0.0021380284, 0.014966198
1336569144000, -0.02443461, -0.004886922, 0.018325957
1336574181000, -0.021380283, -0.005192355, 0.01160644
1336579183000, -0.023518313, -0.00580322, 0.0125227375
1336584143000, -0.025045475, -0.0061086523, 0.013133603
1336589144000, -0.023823744, -0.007330383, 0.014660766
1336594162000, -0.012217305, 0.004276057, 0.009162978
1336599147000, -0.02443461, 0.0021380284, 0.005497787
1336604143000, -0.010079277, 0.005192355, 0.0076358155
1336609184000, -0.025961773, 0.008552114, 0.011301007
1336614472000, -0.025045475, 0.006414085, 0.0030543262
1336619151000, -0.01863139, 0.006414085, 0.0030543262
1336624174000, -0.019242255, 0.0067195175, 0.0030543262
1336629197000, -0.011301007, 0.009773844, 0.007330383
1336634150000, -0.02107485, 0.004276057, 0.0012217305
1336639149000, -0.020463986, 0.0033597588, 6.1086525E-4
1336644166000, -0.021685716, 0.0033597588, 0.008246681
1336649155000, -0.03604105, 0.0036651916, 0.010079277
1336654161000, -0.025961773, 0.0076358155, 0.013439035
1336659208000, -0.022602014, 0.004886922, 0.0076358155
1336664159000, -0.027488936, -0.0030543262, 0.016798794
1336669167000, -0.033292156, -0.0030543262, 0.010079277
1336674186000, -0.029932396, 0.0027488936, 0.018020526
1336679267000, -0.03634648, 0.0015271631, 0.014966198
1336684215000, -0.022907447, -0.0015271631, 0.0143553335
1336689160000, -0.015577064, 0.008246681, 0.016798794
1336694239000, -0.034513887, 0.004276057, 0.018936822
1336699161000, -0.024740042, 0.0070249503, 0.019242255
1336704324000, -0.017104227, 0.01160644, 0.015882496
1336709166000, -0.019242255, 0.01282817, 0.01985312
1336714158000, -0.015882496, 0.009468411, 0.017104227
1336719159000, -0.021991149, 0.009468411, 0.018325957
1336724426000, -0.018020526, 0.005497787, 0.010079277
1336729221000, -0.018325957, 0.004886922, 0.009773844
1336734253000, -0.023823744, 0.0076358155, 0.009162978
1336739154000, -0.031154128, 0.0076358155, 0.0061086523
1336744191000, -0.028405234, 0.0027488936, 0.01160644
1336749147000, -0.02565634, 0.0012217305, 0.01160644
1336754151000, -0.027794369, 0.006414085, 0.0021380284
1336759192000, -0.03573562, 6.1086525E-4, 0.011301007
1336764147000, -0.036957346, 0.004581489, 0.01282817
1336769160000, -0.027488936, 0.004581489, 0.011301007
1336774245000, -0.029932396, 0.007330383, 0.007330383
1336779185000, -0.04184427, 0.0027488936, 0.009468411
1336784139000, -0.03268129, 0.0015271631, 0.01038471
1336789150000, -0.03481932, 0.005497787, 0.0125227375
1336794182000, -0.030848695, 0.010995574, 0.010995574
1336799164000, -0.029321533, 0.005192355, 0.008246681
1336804147000, -0.03481932, 0.005497787, 0.0076358155
1336809197000, -0.04062254, 0.0061086523, 0.009468411
1336814157000, -0.03634648, 0.01282817, 0.007941248
1336819167000, -0.038179077, 0.0033597588, 0.004886922
1336824180000, -0.026267206, 0.0061086523, 0.007941248
1336829225000, -0.025350908, 0.013744468, 0.006414085
1336834164000, -0.03634648, 0.0030543262, 0.008857546
1336839160000, -0.025961773, 0.005497787, -0.0027488936
1336844209000, -0.026267206, -0.0015271631, -3.0543262E-4
1336849180000, -0.03573562, 0.004276057, 0.006414085
1336854193000, -0.03604105, 3.0543262E-4, 9.162979E-4
1336859336000, -0.0290161, 0.005192355, 0.0012217305
1336864182000, -0.043676864, 0.0061086523, 0.0036651916
1336869165000, -0.03604105, 0.0030543262, 9.162979E-4
1336874189000, -0.029626964, 0.0027488936, 0.0106901415
1336879207000, -0.032375857, 0.0033597588, 0.008552114
1336884162000, -0.027488936, 0.0033597588, 0.0018325958
1336889167000, -0.029321533, -0.005497787, 0.0076358155
1336894199000, -0.030543262, -0.006414085, 0.009468411
1336899172000, -0.029321533, -0.006414085, 0.008857546
1336904170000, -0.026572637, -6.1086525E-4, 0.009468411
1336909195000, -0.025350908, -0.004886922, 0.005497787
1336914165000, -0.018325957, -0.003970624, 0.009468411
1336919167000, -0.028099801, -0.004276057, 0.008857546
1336924183000, -0.023823744, 0.0067195175, 0.008246681
1336929211000, -0.017715093, 0.0018325958, 0.005192355
1336934708000, -0.022907447, 0.0018325958, 0.006414085
1336939163000, -0.03176499, -0.0033597588, 0.005192355
1336944200000, -0.023518313, 0.00580322, 0.013439035
1336949159000, -0.029932396, -0.004886922, 0.009468411
1336954170000, -0.028099801, 0.0021380284, 0.006414085
1336959360000, -0.030848695, -0.0036651916, 0.010079277
1336964172000, -0.035124753, -0.0061086523, 0.017104227
1336969391000, -0.02687807, -0.004276057, 0.0143553335
1336974192000, -0.026267206, 0.002443461, 0.0125227375
1336979217000, -0.022296581, -0.0033597588, 0.0143553335
1336984167000, -0.02321288, -0.0021380284, 0.009773844
1336989157000, -0.026572637, -0.006414085, 0.010995574
1336994182000, -0.02107485, -0.002443461, 0.010079277
1336999160000, -0.0143553335, -0.0033597588, 0.0061086523
1337004236000, -0.013439035, -0.0015271631, 0.0076358155
1337010565000, -0.02565634, 3.0543262E-4, 0.01160644
1337014190000, -0.021685716, 0.0012217305, 0.0061086523
1337019149000, -0.021685716, 0.004276057, 0.006414085
1337024185000, -0.034513887, 0.003970624, 0.01282817
1337029193000, -0.038789943, 3.0543262E-4, 0.009773844
1337034154000, -0.038179077, 0.0061086523, 0.008552114
1337039149000, -0.03145956, 0.002443461, 0.013744468
1337045561000, -0.03390302, -0.004581489, 0.008857546
1337049176000, -0.023823744, 6.1086525E-4, 0.013439035
1337054166000, -0.03359759, 6.1086525E-4, 0.010995574
1337059190000, -0.029932396, 0.0030543262, 0.01038471
1337064162000, -0.028405234, 0.004276057, 0.008857546
1337069171000, -0.026572637, -0.0021380284, 0.0067195175
1337074190000, -0.02321288, -9.162979E-4, 0.009773844
1337079231000, -0.022907447, -0.0012217305, 0.008857546
1337084170000, -0.014966198, -0.0030543262, 0.0106901415
1337089162000, -0.02107485, 0.0061086523, 0.011911872
1337094199000, -0.02443461, -0.002443461, 0.008246681
1337099203000, -0.014049901, -0.0015271631, 0.011911872
1337104152000, -0.03573562, -6.1086525E-4, 0.012217305
1337109192000, -0.027488936, 6.1086525E-4, 0.01282817
