#Rate of rotation around the x y z axes (Angular velocity).
#timestamp(ns),x,y,z(rad/s)
#Datetime: 02/06/2014 15:57:57
##########################################
#Activity: 7 - SCH - Sit chair - 6s
#Subject ID: 22
#First Name: sub22
#Last Name: sub22
#Age: 22
#Height(cm): 187
#Weight(kg): 90
#Gender: Male
##########################################

@DATA
48198237585000, -0.0015271631, 0.015882496, 0.0021380284
48198242562000, -0.0012217305, 0.021991149, 0.003970624
48198247491000, -0.02107485, 0.01160644, 0.0030543262
48198252530000, -0.01863139, 0.010995574, 0.010079277
48198257523000, -0.013744468, 0.00580322, 0.0021380284
48198262508000, -0.00580322, 0.016798794, 0.005192355
48198267505000, -0.00580322, 0.013439035, 0.006414085
48198272515000, -0.01038471, 0.0067195175, 0.0070249503
48198277508000, -0.0125227375, 0.0027488936, 0.004276057
48198282469000, -0.004581489, 0.00580322, 0.0012217305
48198287544000, -0.0033597588, 0.013439035, 0.013744468
48198292545000, 9.162979E-4, 0.014966198, 0.015577064
48198297402000, -0.0036651916, 0.0070249503, 0.005497787
48198302504000, -0.005192355, 0.0036651916, 0.013439035
48198307433000, -0.007941248, 0.004886922, 0.009468411
48198312506000, -0.0106901415, 0.01160644, 0.015882496
48198317463000, -0.002443461, 0.004276057, 0.013744468
48198322515000, -0.004886922, 0.0021380284, 0.004276057
48198327481000, -0.004581489, 0.010079277, 0.0076358155
48198332502000, -0.004581489, 0.014049901, 0.004276057
48198337471000, -0.0106901415, 0.015577064, 0.011301007
48198342509000, -0.015882496, 0.015577064, 0.008857546
48198347399000, -0.01160644, 0.0143553335, 0.0143553335
48198352497000, -0.008552114, 0.010079277, 0.005497787
48198357414000, -0.0036651916, 0.015882496, 0.005192355
48198362503000, -0.0143553335, 0.010995574, 0.0067195175
48198367439000, -0.026267206, 0.010995574, 0.0030543262
48198372515000, -0.008552114, 0.002443461, -0.002443461
48198377453000, -0.0076358155, -0.002443461, 0.0061086523
48198382455000, -0.004886922, 0.0027488936, 6.1086525E-4
48198388153000, -0.01160644, -0.005192355, 0.0070249503
48198392546000, -0.014966198, 0.003970624, -0.0030543262
48198397511000, -0.009468411, -6.1086525E-4, -0.004276057
48198402478000, -0.01038471, 0.004581489, 9.162979E-4
48198407480000, -0.0106901415, 0.0033597588, 0.002443461
48198412434000, -0.0067195175, -0.0027488936, 0.0033597588
48198417463000, -0.014660766, 0.004276057, 0.0030543262
48198422407000, -0.015271631, -0.0015271631, 0.007330383
48198427472000, -0.014049901, 0.005497787, -6.1086525E-4
48198432458000, -0.016798794, -0.0067195175, 0.004581489
48198437537000, -0.016798794, -0.006414085, 0.00580322
48198442469000, -0.015577064, -0.006414085, 0.004886922
48198447470000, -0.013439035, -9.162979E-4, 0.0033597588
48198452432000, -0.010995574, 0.0036651916, 0.0015271631
48198457881000, -0.017104227, -0.0015271631, 0.006414085
48198462403000, -0.012217305, -0.002443461, 0.002443461
48198467469000, -0.009773844, -0.006414085, -0.0012217305
48198472419000, -0.005497787, 0.0018325958, 0.0036651916
48198477475000, -0.007941248, -0.0012217305, 0.0036651916
48198482489000, -0.008246681, -0.004886922, 0.004581489
48198487532000, -0.015577064, -0.0106901415, 0.004581489
48198492469000, -0.010079277, -0.0012217305, 0.0018325958
48198497469000, -0.018936822, -9.162979E-4, -0.002443461
48198502463000, -0.008552114, -9.162979E-4, -0.002443461
48198507483000, -0.018936822, -0.0067195175, 0.004886922
48198512407000, -0.015577064, -0.0015271631, -0.0018325958
48198517462000, -0.014049901, -0.005192355, -0.0036651916
48198522480000, -0.019242255, -0.0018325958, -0.0012217305
48198527442000, -0.0076358155, -0.0076358155, 0.005192355
48198532461000, -0.019242255, -0.0070249503, 0.0061086523
48198537555000, -0.019242255, -0.008246681, 0.0033597588
48198542866000, -0.011911872, -0.018936822, -0.0021380284
48198547462000, -0.0290161, -0.004276057, -0.0021380284
48198552504000, -0.023518313, -0.022296581, -0.013744468
48198557475000, -0.025350908, -0.024740042, -0.005497787
48198562409000, -0.031154128, -0.016187929, -0.0061086523
48198567462000, -0.03481932, -0.038179077, -0.016798794
48198572418000, -0.03634648, -0.037873644, -0.014660766
48198577474000, -0.04337143, -0.024740042, -0.004886922
48198582462000, -0.0290161, -0.024129177, -0.01740966
48198587485000, -0.03390302, -0.029932396, -0.01863139
48198592413000, -0.018936822, -0.03268129, -0.01282817
48198597453000, -0.02565634, -0.036957346, -0.015271631
48198602502000, -0.022602014, -0.03176499, -0.010079277
48198607479000, -0.019242255, -0.029321533, -0.01160644
48198612448000, -0.015271631, -0.020158553, -0.014660766
48198617459000, -0.007330383, -0.014966198, -6.1086525E-4
48198622478000, 0.008552114, -0.011911872, 0.0030543262
48198627471000, 0.0036651916, 0.0018325958, 0.0033597588
48198632479000, -0.003970624, -0.0015271631, 0.008552114
48198637473000, 0.0106901415, 0.014966198, 0.010995574
48198642473000, 0.0036651916, 0.00580322, 0.014966198
48198647469000, 0.009773844, 0.016798794, 0.0125227375
48198652471000, 0.014049901, 0.016493361, 0.0143553335
48198657472000, 0.008552114, 0.021991149, 0.012217305
48198662469000, -0.003970624, 0.016493361, 0.01160644
48198667518000, -3.0543262E-4, 0.02076942, 0.0143553335
48198672510000, -0.0076358155, 0.03176499, 0.011301007
48198677405000, -0.008857546, 0.045814894, 0.01740966
48198682455000, -0.0033597588, 0.03359759, 0.021380283
48198687472000, -0.017715093, 0.020463986, 0.010079277
48198692539000, -0.0030543262, 0.02321288, 0.011301007
48198697410000, -0.00580322, 0.017104227, 0.014049901
48198702463000, -9.162979E-4, 0.011911872, 0.008246681
48198707449000, 0.0033597588, 0.008552114, 0.0036651916
48198713072000, 0.0027488936, -9.162979E-4, 0.0012217305
48198717462000, -0.0027488936, -0.004581489, -0.005192355
48198722487000, -0.008857546, -0.024129177, 3.0543262E-4
48198727441000, -0.017104227, -0.022907447, -0.01160644
48198732450000, -0.019547688, -0.03359759, -0.0067195175
48198737503000, -0.02443461, -0.03176499, -0.009773844
48198742477000, -0.0290161, -0.01985312, -0.01038471
48198747437000, -0.034208454, -0.02443461, -0.013133603
48198752475000, -0.043066, -0.024740042, -0.014049901
48198757502000, -0.028405234, -0.0067195175, -0.011301007
48198762472000, -0.023823744, -9.162979E-4, -0.013439035
48198767463000, -0.0290161, -0.004276057, -0.02076942
48198772479000, -0.014966198, 0.0061086523, -0.018936822
48198777473000, -0.018325957, 0.004581489, -0.017104227
48198782649000, -0.0061086523, 0.012217305, -0.014660766
48198787547000, -0.0027488936, 0.0067195175, -0.016493361
48198792534000, -0.0030543262, 0.0021380284, -0.0070249503
48198797501000, 0.008246681, 0.005497787, -0.010995574
48198802492000, 0.008246681, 0.005192355, -0.008857546
48198807517000, 0.006414085, 0.014660766, -0.0067195175
48198812502000, 0.0027488936, 0.008246681, -0.009773844
48198817463000, 0.016798794, 0.014660766, 3.0543262E-4
48198822477000, 0.0106901415, 0.021380283, -9.162979E-4
48198827472000, 0.016493361, 0.023518313, 9.162979E-4
48198832453000, 0.02076942, 0.040927973, 0.008246681
48198837530000, 0.024129177, 0.040927973, 0.00580322
48198842476000, 0.03268129, 0.029932396, 0.01038471
48198847470000, 0.027488936, 0.032375857, 0.002443461
48198852649000, 0.03573562, 0.042760566, 0.012217305
48198857487000, 0.03145956, 0.036957346, 0.0076358155
48198862467000, 0.023823744, 0.03023783, 0.007330383
48198867463000, 0.02443461, 0.029321533, -0.0021380284
48198872433000, 0.020158553, 0.025961773, 0.0033597588
48198877475000, 0.018325957, 0.030543262, 0.0030543262
48198882450000, 0.019547688, 0.03176499, -6.1086525E-4
48198887528000, 0.01160644, 0.033292156, -0.004581489
48198892451000, 0.0106901415, 0.028099801, -0.0033597588
48198897470000, 0.019547688, 0.03756821, 0.0021380284
48198902421000, 0.008552114, 0.038179077, 0.0018325958
48198907477000, 0.011911872, 0.03756821, -0.0030543262
48198912399000, 0.015271631, 0.04153884, -0.009162978
48198917460000, 0.01863139, 0.04337143, -0.011301007
48198922474000, 0.02565634, 0.038789943, -0.01160644
48198927475000, 0.020158553, 0.037873644, -0.01282817
48198932482000, 0.02687807, 0.035124753, -0.015882496
48198937577000, 0.023823744, 0.03634648, -0.01282817
48198942496000, 0.029626964, 0.028710667, -0.0143553335
48198947479000, 0.032070424, 0.029932396, -0.014660766
48198952494000, 0.023823744, 0.03604105, -0.017104227
48198957449000, 0.035124753, 0.0290161, -0.014049901
48198962414000, 0.034513887, 0.03023783, -0.014966198
48198967458000, 0.041233405, 0.036957346, -0.017104227
48198972420000, 0.04642576, 0.033292156, -0.015271631
48198977433000, 0.044898596, 0.028099801, -0.02076942
48198982421000, 0.06566802, 0.021380283, -0.015882496
48198987439000, 0.0571159, 0.029626964, -0.009468411
48198992471000, 0.0720821, 0.03573562, -0.007941248
48198997448000, 0.07574729, 0.022907447, -0.0061086523
48199002362000, 0.07727446, 0.026572637, -0.006414085
48199007396000, 0.08124508, 0.027794369, -0.004581489
48199012357000, 0.090713486, 0.031154128, -0.0027488936
48199017388000, 0.09896017, 0.028099801, 0.0030543262
48199022366000, 0.09743301, 0.029626964, 0.0030543262
48199027388000, 0.10476339, 0.03145956, 0.0061086523
48199032385000, 0.102319926, 0.02565634, 0.0018325958
48199037853000, 0.1160644, 0.03176499, -9.162979E-4
48199042393000, 0.11148291, 0.02565634, -0.0067195175
48199047387000, 0.1151481, 0.025961773, -0.004886922
48199052519000, 0.11362094, 0.025045475, -0.003970624
48199057525000, 0.12217305, 0.028710667, -0.009773844
48199062479000, 0.12705997, 0.027183503, -0.00580322
48199067456000, 0.121256754, 0.028405234, -0.01863139
48199072487000, 0.13164146, 0.02107485, -0.012217305
48199077473000, 0.13316862, 0.021380283, -0.024129177
48199082485000, 0.14355333, 0.010995574, -0.021685716
48199087477000, 0.14813483, 0.01282817, -0.02565634
48199092468000, 0.14172074, 0.009468411, -0.030848695
48199097465000, 0.13927728, 0.0036651916, -0.032070424
48199102462000, 0.15027285, -0.009773844, -0.030848695
48199108233000, 0.14844026, -0.021685716, -0.030848695
48199112470000, 0.16279559, -0.035430185, -0.038179077
48199117448000, 0.16065755, -0.05009095, -0.039095376
48199122485000, 0.16554448, -0.055588737, -0.038179077
48199127470000, 0.1600467, -0.06627888, -0.047647487
48199132512000, 0.17012598, -0.06078109, -0.051618114
48199137536000, 0.1685988, -0.057726767, -0.05131268
48199142553000, 0.16768251, -0.067500606, -0.053450707
48199147450000, 0.1881465, -0.07147124, -0.06536258
48199152453000, 0.18234327, -0.09315695, -0.07574729
48199157430000, 0.19456059, -0.10262536, -0.07238753
48199162468000, 0.1853976, -0.10720685, -0.08002335
48199167454000, 0.20738874, -0.10903945, -0.067500606
48199172482000, 0.22082779, -0.1151481, -0.065973446
48199177497000, 0.25717425, -0.116675265, -0.076358154
48199182507000, 0.2837469, -0.12797627, -0.08093964
48199187587000, 0.27977628, -0.14202617, -0.08124508
48199192481000, 0.28344148, -0.1459968, -0.08155051
48199197469000, 0.28863382, -0.15302174, -0.0852157
48199202462000, 0.29352075, -0.16737708, -0.08124508
48199207475000, 0.29993483, -0.16615535, -0.07360926
48199212467000, 0.32559118, -0.16218472, -0.06383542
48199217441000, 0.3323107, -0.14721853, -0.06566802
48199222483000, 0.35827246, -0.1414153, -0.056199603
48199227470000, 0.37323865, -0.13500121, -0.049785517
48199232532000, 0.40775254, -0.12186762, -0.047036625
48199237595000, 0.41630468, -0.11759156, -0.043676864
48199242484000, 0.43463063, -0.12034045, -0.047036625
48199247470000, 0.45173484, -0.13164146, -0.036651913
48199252469000, 0.45998153, -0.1337795, -0.029321533
48199257440000, 0.4560109, -0.14508049, -0.029932396
48199262469000, 0.4801401, -0.15241088, -0.02565634
48199267480000, 0.4896085, -0.16218472, -0.022602014
48199272465000, 0.49541172, -0.16615535, -0.029932396
48199277525000, 0.50640726, -0.16462818, -0.029932396
48199282546000, 0.5119051, -0.16310102, -0.026267206
48199287950000, 0.5128214, -0.15943582, -0.03145956
48199292478000, 0.5155703, -0.15485434, -0.030848695
48199297439000, 0.5161811, -0.15393804, -0.035124753
48199302501000, 0.5183192, -0.14752395, -0.037873644
48199307414000, 0.52106804, -0.16493362, -0.03481932
48199312493000, 0.5345071, -0.1731803, -0.04184427
48199317446000, 0.5503896, -0.17898351, -0.04062254
48199322500000, 0.5696318, -0.18142697, -0.054367006
48199327427000, 0.6065892, -0.16584991, -0.051923547
48199332509000, 0.63041294, -0.18051068, -0.06291912
48199337607000, 0.65301496, -0.1872302, -0.08552113
48199342543000, 0.66431594, -0.20097467, -0.10293079
48199347502000, 0.6600399, -0.2049453, -0.09987647
48199352456000, 0.66889745, -0.16829337, -0.115453534
48199357493000, 0.66950834, -0.16187929, -0.14355333
48199363248000, 0.6478226, -0.19639318, -0.17287487
48199367461000, 0.6383542, -0.2171626, -0.1881465
48199372447000, 0.64660084, -0.2284636, -0.19730948
48199377496000, 0.6597345, -0.22327125, -0.20097467
48199382492000, 0.68416905, -0.23151793, -0.20769419
48199387581000, 0.72295904, -0.23793201, -0.20799962
48199392481000, 0.77518797, -0.21502456, -0.2134974
48199397465000, 0.7987063, -0.15363261, -0.22724187
48199402505000, 0.8579602, -0.065973446, -0.23640485
48199407500000, 0.9272934, 0.029321533, -0.24770586
48199412504000, 1.0070114, 0.13836098, -0.2593123
48199417496000, 1.0809261, 0.24648413, -0.27275133
48199422502000, 1.1621711, 0.33505958, -0.2929099
48199427504000, 1.2287555, 0.44776422, -0.34697145
48199433355000, 1.2583824, 0.55833083, -0.4016439
48199437528000, 1.2654073, 0.6627888, -0.4605924
48199442526000, 1.2412782, 0.754724, -0.51893
48199447507000, 1.2073752, 0.8188649, -0.5534439
48199452470000, 1.1814134, 0.8509353, -0.5705481
48199457507000, 1.171945, 0.8732319, -0.5815437
48199462444000, 1.1554517, 0.87964594, -0.60139686
48199467509000, 1.1432343, 0.86926126, -0.6178902
48199472449000, 1.1252137, 0.8402451, -0.6392705
48199477506000, 1.1221595, 0.79259765, -0.6597345
48199482502000, 1.1264355, 0.7128797, -0.6792821
48199487485000, 1.1609493, 0.6609562, -0.6835582
48199492455000, 1.1969905, 0.5180137, -0.68416905
48199497468000, 1.2861768, 0.35277468, -0.66553766
48199502500000, 1.3881912, 0.23945917, -0.63621616
48199507488000, 1.50731, 0.20005837, -0.6072
48199512582000, 1.6169603, 0.2565634, -0.550695
48199517473000, 1.720502, 0.4034765, -0.4978552
48199522566000, 1.7962493, 0.5992588, -0.4361578
48199527523000, 1.8280143, 0.79717916, -0.37232238
48199532526000, 1.8237382, 0.9492846, -0.30909783
48199537851000, 1.7846428, 0.9969321, -0.26725355
48199542473000, 1.7052304, 0.89461213, -0.20952678
48199547432000, 1.6154331, 0.679893, -0.16157386
48199552350000, 1.5137241, 0.3662137, -0.092240654
48199557375000, 1.4278975, 0.0143553335, -0.03756821
48199562409000, 1.3472633, -0.3005457, -0.018936822
48199567378000, 1.3017539, -0.50579643, -0.007941248
48199572403000, 1.2901474, -0.60048056, 9.162979E-4
48199577390000, 1.3206906, -0.59773165, 0.0070249503
48199582386000, 1.4086553, -0.5656612, 0.01160644
48199587418000, 1.4639386, -0.44990227, 0.023518313
48199592392000, 1.5937474, -0.3100141, 0.03970624
48199597389000, 1.7342464, -0.16584991, 0.07422013
48199602462000, 1.8613064, 0.0021380284, 0.10751228
48199607440000, 1.9504927, 0.204029, 0.086132
48199612423000, 1.9856175, 0.34055737, 0.030848695
48199617405000, 1.958434, 0.3481932, -0.010079277
48199622439000, 1.8845193, 0.3051272, -0.053450707
48199627377000, 1.7540996, 0.2602286, -0.111177474
48199632424000, 1.5995506, 0.23518312, -0.1600467
48199637388000, 1.4382823, 0.22602014, -0.2134974
48199642435000, 1.3264939, 0.226631, -0.24220806
48199647365000, 1.2544118, 0.2452624, -0.26175576
48199652488000, 1.2247849, 0.28893927, -0.26908615
48199657402000, 1.1994339, 0.2883284, -0.28160888
48199662470000, 1.210124, 0.27672195, -0.29718593
48199667435000, 1.210735, 0.2782491, -0.28710666
48199672502000, 1.2260065, 0.22418754, -0.2648101
48199677437000, 1.2663237, 0.16279559, -0.23396139
48199682470000, 1.3475688, 0.058643065, -0.2180789
48199688520000, 1.3967434, -0.047036625, -0.19058995
48199692488000, 1.4825699, -0.15241088, -0.18081611
48199697402000, 1.5491543, -0.2611449, -0.17256944
48199702460000, 1.6065756, -0.39187005, -0.16554448
48199707468000, 1.6743816, -0.49877146, -0.15851954
48199712474000, 1.7250835, -0.57451874, -0.14446963
48199717461000, 1.7730364, -0.6395759, -0.12705997
48199722525000, 1.7852536, -0.6713409, -0.12308934
48199727505000, 1.7880026, -0.6545421, -0.11636983
48199732492000, 1.774869, -0.57451874, -0.08979719
48199737539000, 1.7647897, -0.4813618, -0.0693332
48199742541000, 1.7449366, -0.3894266, -0.051618114
48199747449000, 1.6786577, -0.30298916, -0.04184427
48199752461000, 1.6136005, -0.2574797, -0.04337143
48199757783000, 1.5537357, -0.27091873, -0.04337143
48199762489000, 1.505172, -0.33933565, -0.049480084
48199767452000, 1.4633276, -0.41080686, -0.063224554
48199772495000, 1.4199562, -0.46517387, -0.09254608
48199777471000, 1.3811663, -0.4642576, -0.12370021
48199782460000, 1.3665055, -0.46914452, -0.13897185
48199787491000, 1.3487904, -0.42852196, -0.1731803
48199792466000, 1.3726143, -0.33933565, -0.20463985
48199797470000, 1.4514158, -0.20952678, -0.21105394
48199802448000, 1.5485435, -0.05497787, -0.20922135
48199807487000, 1.6536123, 0.03726278, -0.20219639
48199812439000, 1.7537941, 0.04886922, -0.20647246
48199817497000, 1.8106046, 0.009468411, -0.21838433
48199822485000, 1.8267925, -0.031154128, -0.23945917
48199827827000, 1.8228219, -0.049785517, -0.26145032
48199832466000, 1.8118263, -0.057726767, -0.2779437
48199837606000, 1.7895297, -0.04642576, -0.29932398
48199842480000, 1.7696766, -0.03726278, -0.31856623
48199847470000, 1.7525724, -0.049785517, -0.3454443
48199852452000, 1.711339, -0.099571034, -0.3753767
48199857482000, 1.6563611, -0.16676621, -0.40103304
48199862465000, 1.5763378, -0.20799962, -0.42760566
48199867451000, 1.5125023, -0.18387043, -0.45845437
48199872465000, 1.4905112, -0.09590584, -0.47739118
48199877472000, 1.509448, -0.032986723, -0.47800204
48199882441000, 1.5146403, 0.036957346, -0.46670106
48199887557000, 1.5732834, 0.090713486, -0.44593164
48199892496000, 1.643533, 0.10720685, -0.40561453
48199897453000, 1.6975945, 0.09285152, -0.35094208
48199902448000, 1.7443258, 0.06078109, -0.3136793
48199907476000, 1.754405, 0.04550946, -0.2932153
48199912402000, 1.7623463, 0.05222898, -0.2669481
48199917452000, 1.7815884, 0.07819075, -0.23182335
48199922497000, 1.8206838, 0.105374254, -0.1826487
48199927472000, 1.8723019, 0.13408493, -0.13072516
48199932466000, 1.9101756, 0.13103059, -0.07727446
48199937528000, 1.9312505, 0.13103059, -0.036651913
48199942552000, 1.9318613, 0.14355333, -0.019242255
48199947470000, 1.9269744, 0.17165314, 0.01160644
48199952458000, 1.9312505, 0.19792034, 0.02687807
48199957445000, 1.9367483, 0.22510384, 0.03573562
48199962422000, 1.9401081, 0.25442538, 0.037873644
48199967473000, 1.9672915, 0.28893927, 0.04184427
48199972484000, 2.002111, 0.29901853, 0.047036625
48199977475000, 2.028378, 0.30390546, 0.04337143
48199982469000, 2.0357084, 0.30024028, 0.050701816
48199987484000, 2.010663, 0.26389378, 0.015577064
48199992505000, 1.9556851, 0.2565634, 0.019242255
48199997485000, 1.9208658, 0.28893927, 0.038179077
48200002526000, 1.917506, 0.33536503, 0.03390302
48200007377000, 1.9147571, 0.35002577, 0.070249505
48200012402000, 1.9004018, 0.37415496, 0.08307768
48200017380000, 1.897042, 0.37720928, 0.09896017
48200022408000, 1.8613064, 0.41508293, 0.118202426
48200027385000, 1.8619173, 0.4202753, 0.1572978
48200032405000, 1.9294178, 0.4196644, 0.18051068
48200037415000, 2.005776, 0.3857614, 0.20952678
48200042392000, 2.096184, 0.36041048, 0.22571471
48200047387000, 2.1688771, 0.33261612, 0.2443461
48200052447000, 2.2314909, 0.3399465, 0.3118467
48200057467000, 2.257758, 0.3475823, 0.34972036
48200062510000, 2.2843306, 0.34697145, 0.36774087
48200067488000, 2.277611, 0.33658674, 0.3408628
48200072546000, 2.2299635, 0.3136793, 0.2855795
48200077498000, 2.160325, 0.25992316, 0.25350907
48200082545000, 2.126422, 0.20372356, 0.21991149
48200087617000, 2.0635028, 0.17989981, 0.160963
48200092515000, 1.983174, 0.160963, 0.10934488
48200097499000, 1.9294178, 0.15699236, 0.07574729
48200102518000, 1.8845193, 0.129198, 0.049785517
48200107511000, 1.8472565, 0.106595986, 0.0421497
48200112505000, 1.8298469, 0.080634214, 0.05589417
48200118212000, 1.8438967, 0.11178834, 0.064446285
48200122515000, 1.8414533, 0.160963, 0.07819075
48200127500000, 1.8347337, 0.15515977, 0.077579886
48200132529000, 1.8069394, 0.11636983, 0.076358154
48200137562000, 1.785559, 0.008552114, 0.06811147
48200142535000, 1.7391334, -0.06414085, 0.0888809
48200147459000, 1.6875153, -0.09560041, 0.0983493
48200152616000, 1.6297885, -0.14477506, 0.11209377
48200157434000, 1.5928311, -0.183565, 0.11942416
48200162498000, 1.5809193, -0.18478674, 0.12461651
48200167419000, 1.5775595, -0.204029, 0.13591751
48200172506000, 1.5632042, -0.2321288, 0.13408493
48200177404000, 1.5311338, -0.258396, 0.12889257
48200182501000, 1.5155567, -0.2565634, 0.11209377
48200187908000, 1.5012014, -0.22296582, 0.13439035
48200192553000, 1.4828753, -0.1826487, 0.13408493
48200197487000, 1.4413365, -0.172264, 0.13927728
48200202519000, 1.4086553, -0.19792034, 0.14080444
48200207489000, 1.3799446, -0.21991149, 0.14355333
48200212507000, 1.3692545, -0.25473082, 0.13744467
48200217485000, 1.3402383, -0.26511553, 0.12736541
48200222564000, 1.3066407, -0.2919936, 0.13255776
48200227479000, 1.25319, -0.3115413, 0.13347405
48200232522000, 1.2208142, -0.31612277, 0.13041973
48200237861000, 1.1820242, -0.30268374, 0.14385876
48200242574000, 1.1414018, -0.31978795, 0.15668693
48200247413000, 1.1004738, -0.3567453, 0.14844026
48200252521000, 1.0622946, -0.42088616, 0.14996742
48200257643000, 1.0711522, -0.464563, 0.15943582
48200262501000, 1.0384709, -0.464563, 0.17134771
48200267449000, 1.0354166, -0.4633413, 0.17256944
48200272547000, 1.022283, -0.47158796, 0.16676621
48200277503000, 1.0152581, -0.49480084, 0.17745635
48200282507000, 1.010982, -0.5216789, 0.2012801
48200287538000, 0.9972375, -0.5522222, 0.22876903
48200292558000, 0.98471475, -0.59650993, 0.25534168
48200297507000, 0.947452, -0.62949663, 0.25686884
48200302491000, 0.89644474, -0.6719518, 0.2443461
48200307509000, 0.8588765, -0.7131852, 0.2443461
48200312510000, 0.8164214, -0.74372846, 0.2312125
48200317519000, 0.7825184, -0.7669413, 0.23823744
48200324627000, 0.7449502, -0.8023715, 0.2770274
48200327521000, 0.6612616, -0.82986045, 0.28985557
48200332524000, 0.63316184, -0.8729264, 0.3295618
48200337443000, 0.57604593, -0.8585711, 0.35033122
48200342480000, 0.5342017, -0.8216137, 0.36193767
48200347471000, 0.5027421, -0.79045963, 0.35613444
48200352483000, 0.4529566, -0.7611381, 0.3484986
48200357475000, 0.3924809, -0.7284568, 0.33200526
48200362480000, 0.34666604, -0.70157874, 0.32070425
48200367454000, 0.21166481, -0.6774496, 0.30604348
48200372495000, 0.14721853, -0.6563747, 0.26083946
48200377469000, 0.034513887, -0.6206391, 0.1994475
48200382482000, -0.03634648, -0.58551437, 0.15149458
48200387518000, -0.061391957, -0.52473325, 0.118507855
48200392489000, -0.12003502, -0.50854534, 0.13072516
48200397457000, -0.19364429, -0.5323691, 0.17440203
48200402489000, -0.33322698, -0.5934556, 0.23487769
48200407645000, -0.5177083, -0.6612616, 0.2828306
48200412571000, -0.71868294, -0.68203104, 0.310625
48200417693000, -0.82619524, -0.6365216, 0.29810223
48200422654000, -0.7651087, -0.5357288, 0.28221974
48200427733000, -0.713796, -0.4709771, 0.23732115
48200432523000, -0.72356987, -0.45937067, 0.16554448
48200437497000, -0.689056, -0.47952923, 0.10842858
48200443087000, -0.61636305, -0.48533243, 0.06078109
48200447426000, -0.5647449, -0.43096542, 0.0076358155
48200452519000, -0.57940567, -0.4184427, -0.038179077
48200457528000, -0.52106804, -0.46517387, -0.049480084
48200462616000, -0.45173484, -0.46609017, -0.04337143
48200467498000, -0.5143485, -0.44318274, -0.045814894
48200472846000, -0.55741453, -0.43585235, -0.032986723
48200477509000, -0.5155703, -0.4279111, -0.018936822
48200482627000, -0.4841107, -0.39950588, 0.014660766
48200488059000, -0.4288274, -0.38453966, 0.02107485
48200492830000, -0.41538838, -0.37690386, 0.015577064
48200497788000, -0.44073927, -0.39706242, -0.011301007
48200502836000, -0.47952923, -0.41508293, -0.054061573
48200507511000, -0.473726, -0.39828414, -0.106595986
48200513194000, -0.47586402, -0.36987892, -0.15271631
48200517481000, -0.47616947, -0.33261612, -0.19425514
48200522597000, -0.44440445, -0.25320363, -0.21746802
48200527507000, -0.39584067, -0.15027285, -0.226631
48200532511000, -0.3576616, -0.052534413, -0.22327125
48200537619000, -0.33383787, 0.028099801, -0.2180789
48200542548000, -0.31856623, 0.09590584, -0.20799962
48200547482000, -0.28008172, 0.13652839, -0.21685717
48200552685000, -0.22296582, 0.14569137, -0.21868975
48200557552000, -0.12003502, 0.12522738, -0.22571471
48200563394000, -0.038179077, 0.12797627, -0.23060162
48200567496000, 0.023518313, 0.13988814, -0.22907446
48200572586000, 0.058948494, 0.17898351, -0.21533
48200577517000, 0.12797627, 0.22693644, -0.19303341
48200583249000, 0.14660765, 0.25411993, -0.18997909
48200587467000, 0.15821409, 0.23304509, -0.1853976
48200592477000, 0.17012598, 0.19150625, -0.20677789
48200598045000, 0.17073683, 0.15485434, -0.2180789
48200602399000, 0.16829337, 0.122478485, -0.23151793
48200607378000, 0.19120082, 0.0870483, -0.23884831
48200612390000, 0.23243423, 0.04917465, -0.24984388
48200617381000, 0.29229903, 0.009468411, -0.2275473
48200622398000, 0.3744604, -0.038789943, -0.21013765
48200627391000, 0.4813618, -0.129198, -0.19058995
48200632380000, 0.61483586, -0.27916542, -0.18081611
48200637379000, 0.7684685, -0.42119157, -0.17073683
48200642393000, 0.90316427, -0.4886922, -0.16493362
48200647384000, 1.0021244, -0.4016439, -0.17470746
48200652432000, 1.0320568, -0.19120082, -0.18142697
48200657658000, 0.9822713, 0.058948494, -0.20586158
48200662465000, 0.9251554, 0.19700404, -0.22999077
48200667423000, 0.88239485, 0.44440445, -0.2855795
48200672511000, 0.7883216, 0.5720753, -0.33536503
48200677443000, 0.70738196, 0.5821546, -0.36132678
48200682450000, 0.66767573, 0.52564955, -0.37507126
48200687601000, 0.6301075, 0.43157628, -0.39675698
48200692483000, 0.5684101, 0.32436943, -0.39920044
48200697405000, 0.47342056, 0.19975294, -0.39187005
48200702458000, 0.38881573, 0.028405234, -0.38973203
48200707414000, 0.30298916, -0.15210545, -0.40958515
48200712475000, 0.23060162, -0.33078352, -0.43218717
48200717457000, 0.14385876, -0.49357912, -0.44990227
48200722474000, 0.08032878, -0.5549711, -0.4560109
48200727473000, 0.029932396, -0.5348125, -0.4578435
48200733226000, 0.0018325958, -0.46395215, -0.44593164
48200737551000, 0.0036651916, -0.31337386, -0.42485678
48200742480000, 0.03604105, -0.13775012, -0.4016439
48200747461000, 0.07360926, 0.016798794, -0.38331795
48200752457000, 0.118202426, 0.09407325, -0.3539964
48200757483000, 0.15027285, 0.18875736, -0.3484986
48200762468000, 0.17379116, 0.18570304, -0.33536503
48200767452000, 0.20922135, 0.08124508, -0.32620203
48200772499000, 0.22479841, -0.06352998, -0.32406402
48200777475000, 0.20738874, -0.24190263, -0.32436943
48200782471000, 0.17195857, -0.39828414, -0.3359759
48200787568000, 0.12644911, -0.50701815, -0.32986724
48200792487000, 0.07238753, -0.5458081, -0.3268129
48200797467000, 0.040317107, -0.48349985, -0.28985557
48200802583000, 0.0143553335, -0.3567453, -0.28191432
48200807477000, -0.02076942, -0.21899518, -0.25320363
48200812466000, -0.037873644, -0.08552113, -0.20341812
48200817449000, -0.046120327, 0.04153884, -0.160963
48200822508000, -0.025045475, 0.1591304, -0.11362094
48200827476000, -0.004276057, 0.2415972, -0.061391957
48200832484000, 0.036651913, 0.26236662, 0.0021380284
48200837564000, 0.08277224, 0.24495697, 0.051923547
48200842486000, 0.1328632, 0.21502456, 0.08124508
48200847470000, 0.16890424, 0.1591304, 0.098043874
48200852446000, 0.1853976, 0.12767084, 0.10048734
48200857481000, 0.18875736, 0.0720821, 0.10323623
48200862468000, 0.18417588, 0.018325957, 0.099571034
48200867453000, 0.16187929, -0.034513887, 0.09315695
48200872472000, 0.14935656, -0.08735373, 0.0983493
48200877472000, 0.12705997, -0.1386664, 0.092240654
48200882462000, 0.09315695, -0.18081611, 0.09773844
48200887553000, 0.07391469, -0.22021692, 0.10842858
48200892444000, 0.0421497, -0.24984388, 0.12064589
48200897472000, 0.014966198, -0.26939157, 0.13469578
48200902415000, -0.014049901, -0.27580565, 0.15974127
48200907894000, -0.03604105, -0.27183503, 0.17959438
48200912397000, -0.04062254, -0.25992316, 0.19333886
48200917450000, -0.048258353, -0.24037547, 0.2012801
48200922467000, -0.04734206, -0.20586158, 0.21197024
48200927474000, -0.030543262, -0.17654006, 0.23365596
48200932443000, -0.028710667, -0.14019357, 0.22602014
48200937575000, -0.005192355, -0.09040806, 0.24404067
48200942561000, 0.0125227375, -0.025961773, 0.24495697
48200947469000, 0.030848695, 0.03848451, 0.24281894
48200952441000, 0.047036625, 0.0580322, 0.24465153
48200957442000, 0.061086524, 0.11789699, 0.24098633
48200962444000, 0.08460484, 0.1600467, 0.23335053
48200967444000, 0.09560041, 0.16615535, 0.22266038
48200972434000, 0.07788532, 0.15515977, 0.20769419
48200977467000, 0.06414085, 0.13041973, 0.19914207
48200982432000, 0.048258353, 0.09773844, 0.19303341
48200987436000, 0.040927973, 0.06047566, 0.17470746
48200992431000, 0.016798794, 0.015882496, 0.17684549
48200997441000, -0.01740966, -0.046120327, 0.16371189
48201002630000, -0.032986723, -0.08460484, 0.16523905
48201007396000, -0.058337633, -0.124005646, 0.1600467
48201012390000, -0.08002335, -0.14782938, 0.16065755
48201017381000, -0.09193522, -0.15760323, 0.16890424
48201022397000, -0.10629055, -0.17134771, 0.17623462
48201027390000, -0.0983493, -0.14996742, 0.18142697
48201032392000, -0.103847094, -0.13561209, 0.18845193
48201037431000, -0.09865474, -0.121256754, 0.19792034
48201042391000, -0.0983493, -0.11209377, 0.204029
48201047389000, -0.083383106, -0.10781772, 0.19486602
48201052602000, -0.07819075, -0.106901415, 0.19333886
48201057599000, -0.06047566, -0.10751228, 0.19456059
48201062462000, -0.06047566, -0.12095132, 0.18020524
48201067454000, -0.03481932, -0.119729586, 0.18020524
48201072479000, -0.0076358155, -0.112399206, 0.18448131
48201077472000, -9.162979E-4, -0.10415252, 0.17440203
48201082448000, 0.005192355, -0.10140363, 0.16676621
48201087495000, 0.0070249503, -0.096516706, 0.16432275
48201093155000, 0.0012217305, -0.09010262, 0.1695151
48201097468000, 0.0021380284, -0.08002335, 0.16187929
48201102425000, -0.002443461, -0.07574729, 0.16279559
48201107478000, 0.0030543262, -0.06383542, 0.15332718
48201112458000, -0.015271631, -0.054061573, 0.14172074
48201117469000, -0.022602014, -0.054367006, 0.13652839
48201122513000, -0.027183503, -0.048563786, 0.1301143
48201127597000, -0.05131268, -0.04153884, 0.124005646
48201132479000, -0.06047566, -0.05955936, 0.12308934
48201137567000, -0.06719518, -0.07696902, 0.116675265
48201142525000, -0.07849618, -0.08827003, 0.11209377
48201147466000, -0.093462385, -0.10262536, 0.11484267
48201152462000, -0.09865474, -0.12522738, 0.101098195
48201157479000, -0.09254608, -0.13133603, 0.10170906
48201163111000, -0.10323623, -0.13225232, 0.09560041
48201167497000, -0.10476339, -0.12675454, 0.09590584
48201172531000, -0.105374254, -0.122478485, 0.086132
48201177502000, -0.09101892, -0.101098195, 0.07788532
48201182493000, -0.08827003, -0.09132435, 0.0729984
48201187568000, -0.09010262, -0.079107046, 0.06414085
48201192603000, -0.08277224, -0.074830994, 0.06169739
48201197505000, -0.069027774, -0.07422013, 0.051923547
48201202510000, -0.077579886, -0.10140363, 0.050701816
48201207494000, -0.059253927, -0.10048734, 0.043676864
48201212514000, -0.04550946, -0.10598512, 0.043066
48201217499000, -0.038179077, -0.10354166, 0.043676864
48201222582000, -0.031154128, -0.10476339, 0.04428773
48201227500000, -0.040317107, -0.10354166, 0.048563786
48201233049000, -0.031154128, -0.096516706, 0.051923547
48201237519000, -0.035124753, -0.09254608, 0.052534413
48201242509000, -0.040927973, -0.09101892, 0.049785517
48201247487000, -0.046120327, -0.08155051, 0.052534413
48201252497000, -0.04886922, -0.08002335, 0.05375614
48201257513000, -0.043066, -0.061086524, 0.05467244
48201262482000, -0.04917465, -0.050701816, 0.054061573
48201267450000, -0.05375614, -0.03634648, 0.05131268
48201272599000, -0.044593163, -0.014660766, 0.050396383
48201277402000, -0.04153884, -0.011911872, 0.05131268
48201282478000, -0.029321533, -0.007941248, 0.042455133
48201287454000, -0.020158553, -0.002443461, 0.045814894
48201292469000, -0.023518313, -0.013439035, 0.041233405
48201297511000, -0.011301007, -0.02687807, 0.0421497
48201302615000, 0.0030543262, -0.03604105, 0.041233405
48201307513000, -0.009468411, -0.04520403, 0.05009095
48201312484000, -0.0061086523, -0.058643065, 0.04550946
48201317458000, -0.016187929, -0.06963864, 0.05681047
48201322610000, -0.023823744, -0.073303826, 0.052534413
48201327468000, -0.008857546, -0.06963864, 0.058337633
48201332554000, -0.014966198, -0.061086524, 0.06688975
48201337494000, -0.02107485, -0.053450707, 0.07360926
48201342517000, -0.02687807, -0.0421497, 0.0729984
48201347545000, -0.035430185, -0.03176499, 0.070554934
48201352512000, -0.035430185, -0.032070424, 0.074830994
48201357429000, -0.02107485, -0.028099801, 0.080634214
48201362499000, -0.01985312, -0.012217305, 0.09712757
48201367497000, -0.03268129, -0.014049901, 0.09407325
48201372559000, -0.03145956, -0.020463986, 0.09254608
48201377409000, -0.024740042, -0.02107485, 0.10170906
48201382498000, -0.036957346, -0.017715093, 0.11178834
48201387520000, -0.034208454, -0.021685716, 0.11056661
48201392554000, -0.02565634, -0.023518313, 0.10842858
48201397495000, -0.0070249503, -0.007941248, 0.10781772
48201402454000, -0.015577064, -0.004886922, 0.10476339
48201407482000, -0.0018325958, 0.0030543262, 0.10354166
48201412470000, -0.005497787, -0.004276057, 0.09621128
48201418188000, -0.0067195175, 0.004276057, 0.095294975
48201422553000, 6.1086525E-4, 0.0027488936, 0.09193522
48201427462000, 0.0033597588, -0.0036651916, 0.08124508
48201432485000, 0.005497787, -0.009468411, 0.0720821
48201437566000, -0.004886922, -0.015577064, 0.069027774
48201442525000, 0.004886922, -0.016187929, 0.06169739
48201447469000, 0.0030543262, -0.018936822, 0.057726767
48201452451000, -0.0012217305, -0.010995574, 0.059864793
48201457484000, 0.007330383, 9.162979E-4, 0.043982297
48201462424000, -0.0036651916, 0.005497787, 0.03940081
48201467489000, -0.01038471, 0.008246681, 0.043066
48201472480000, -0.021685716, 0.015882496, 0.03481932
48201477480000, -0.026267206, 0.019242255, 0.036651913
48201482435000, -0.01740966, 0.028099801, 0.035430185
48201488268000, -0.02107485, 0.03023783, 0.036957346
48201492446000, -0.022907447, 0.032070424, 0.027183503
48201497463000, -0.033292156, 0.01985312, 0.03176499
48201502435000, -0.028099801, 0.01740966, 0.03390302
48201507475000, -0.027488936, 0.021380283, 0.030848695
48201512437000, -0.0290161, 0.011301007, 0.03634648
48201517470000, -0.027794369, 0.0027488936, 0.03756821
48201522620000, -0.025961773, 0.0018325958, 0.032375857
48201527478000, -0.03573562, 0.0030543262, 0.027794369
48201532504000, -0.024740042, -0.0033597588, 0.03573562
48201537516000, -0.03756821, -0.004581489, 0.027183503
48201542544000, -0.029932396, -0.004581489, 0.021380283
48201547468000, -0.027488936, 0.0036651916, 0.018936822
48201552538000, -0.018936822, 3.0543262E-4, 0.0143553335
48201558010000, -0.01038471, -0.0033597588, 0.013744468
48201562678000, -0.013744468, -0.0076358155, 0.009468411
48201567475000, -0.01038471, -0.010995574, 0.011911872
48201572469000, -0.014966198, -0.004886922, 0.0036651916
48201577474000, -0.015577064, 3.0543262E-4, 0.002443461
48201582447000, -0.010079277, -0.0012217305, -0.0018325958
48201587553000, -0.018936822, 0.005497787, -0.0018325958
48201592424000, -0.011911872, 0.00580322, -0.0018325958
48201597463000, -0.011911872, 0.01282817, -0.007941248
48201602464000, -0.007941248, -3.0543262E-4, -0.011301007
48201607475000, -0.015271631, 0.0018325958, -0.00580322
48201612469000, -0.009773844, -0.011301007, -0.0021380284
48201617463000, -0.020463986, -0.012217305, -0.00580322
48201622538000, -0.022296581, -0.014966198, -0.0106901415
48201627712000, -0.0125227375, -0.019547688, -0.011301007
48201632496000, -0.017715093, -0.020158553, -0.018020526
48201637482000, -0.01863139, -0.02107485, -0.015577064
48201642476000, -0.02107485, -0.016187929, -0.015271631
48201647465000, -0.027794369, -0.019547688, -0.015882496
48201652499000, -0.021685716, -0.025350908, -0.013744468
48201657472000, -0.024129177, -0.02565634, -0.013133603
48201662473000, -0.02687807, -0.022907447, -0.009773844
48201667474000, -0.02076942, -0.015882496, -0.0143553335
48201672535000, -0.032070424, -0.009468411, -0.013744468
48201677402000, -0.031154128, -0.0076358155, -0.012217305
48201682505000, -0.037873644, -0.0036651916, -0.018020526
48201687557000, -0.025961773, -9.162979E-4, -0.015882496
48201692550000, -0.018020526, -0.0033597588, -0.017715093
48201697405000, -0.016798794, -6.1086525E-4, -0.01160644
48201702458000, -0.012217305, -0.010995574, -0.022602014
48201707806000, -0.01038471, -0.011301007, -0.018936822
48201712469000, 6.1086525E-4, -0.007330383, -0.021380283
48201717420000, -0.0036651916, -0.0125227375, -0.019242255
48201722498000, -0.005497787, -0.009468411, -0.0067195175
48201727412000, -0.015882496, -0.023518313, -0.008552114
48201732482000, -0.0015271631, -0.01863139, -0.008552114
48201737511000, -0.013439035, -0.02443461, -0.0033597588
48201743233000, -0.021380283, -0.019242255, -0.002443461
48201747448000, -0.016187929, -0.022602014, 0.0076358155
48201752459000, -0.014966198, -0.016493361, 0.00580322
48201757485000, -0.011911872, -0.013439035, 0.0033597588
48201762468000, -0.01038471, -0.016187929, 0.010079277
48201767455000, -0.011301007, -0.024740042, 0.013133603
48201772488000, -0.0106901415, -0.02107485, 0.013744468
48201777468000, 0.0018325958, -0.017715093, 0.025045475
48201782495000, 0.008552114, -0.008857546, 0.025350908
48201787497000, -0.0021380284, -0.0012217305, 0.022296581
48201792473000, 0.003970624, -0.0067195175, 0.027183503
48201797465000, -0.0012217305, -0.0067195175, 0.03145956
48201802448000, 0.004886922, -0.007330383, 0.0290161
48201807482000, 0.01038471, -0.0018325958, 0.017715093
48201812947000, 0.014660766, -0.005497787, 0.02565634
48201817447000, 0.008857546, 0.004581489, 0.028710667
48201822494000, 0.006414085, 0.007330383, 0.02687807
48201827477000, 0.005497787, 0.0067195175, 0.027488936
48201832493000, 0.009468411, 0.004276057, 0.026572637
48201837491000, 0.012217305, 0.006414085, 0.02565634
48201842427000, 0.005192355, 0.009162978, 0.024740042
48201847591000, 0.008552114, 0.01160644, 0.024740042
48201852418000, 0.0076358155, 0.02076942, 0.022296581
48201857480000, -0.0021380284, 0.010079277, 0.027488936
48201862400000, -3.0543262E-4, 0.011301007, 0.02565634
48201867494000, -3.0543262E-4, -0.0027488936, 0.03359759
48201872627000, -3.0543262E-4, 0.008857546, 0.028710667
48201877477000, -0.002443461, 0.014049901, 0.02443461
48201883176000, 0.0027488936, -0.0018325958, 0.032070424
48201887475000, 0.0012217305, 0.0125227375, 0.03481932
48201892483000, -0.009162978, 0.008552114, 0.030848695
48201897465000, -0.009162978, 0.003970624, 0.04062254
48201902464000, 0.01282817, 0.009773844, 0.03145956
48201907474000, -0.0106901415, 0.0076358155, 0.03359759
48201912470000, 0.005192355, -6.1086525E-4, 0.036957346
48201917445000, 0.0030543262, 0.009773844, 0.028405234
48201922498000, -0.0018325958, 0.017104227, 0.033292156
48201927404000, 0.009773844, 0.0076358155, 0.03726278
48201932514000, 0.010995574, 0.017715093, 0.021685716
48201937461000, -0.004886922, 0.012217305, 0.018325957
48201942476000, 3.0543262E-4, 0.027794369, 0.015271631
48201947458000, -0.009162978, 0.022296581, 0.01740966
48201952720000, -0.013439035, 0.034208454, 0.01740966
48201957458000, -0.0030543262, 0.03604105, 0.015882496
48201962441000, -0.009468411, 0.041233405, 0.012217305
48201967514000, -0.002443461, 0.043066, 0.005497787
48201972469000, 0.0012217305, 0.041233405, 0.004276057
48201977459000, -0.013133603, 0.03848451, 0.0021380284
48201982445000, -0.004886922, 0.03970624, 0.0106901415
48201987585000, -0.0012217305, 0.035430185, 6.1086525E-4
48201992448000, 9.162979E-4, 0.029626964, -0.0012217305
48201997552000, -0.017104227, 0.017104227, 0.0030543262
48202002376000, -0.011911872, 0.0125227375, -0.0033597588
48202007409000, -0.0021380284, 0.0125227375, 0.0030543262
48202012412000, -0.018325957, 0.014966198, -0.0018325958
48202017384000, -0.023518313, 0.010079277, -0.0012217305
48202022390000, -0.015882496, 0.004886922, -0.009773844
48202027377000, -0.01740966, 0.011911872, -3.0543262E-4
48202032386000, -0.014966198, 0.020158553, -3.0543262E-4
48202037420000, -0.014660766, 0.013744468, -0.01160644
48202042392000, -0.010995574, 0.02076942, -0.004886922
48202047383000, -0.017104227, 0.023823744, -0.0012217305
48202052433000, -0.005497787, 0.030543262, -0.009162978
48202057499000, -0.010079277, 0.024129177, -0.0036651916
48202062467000, -0.008552114, 0.0125227375, -0.004581489
48202067453000, -0.009773844, 0.01160644, -0.005497787
48202072537000, -0.005497787, 0.015271631, -3.0543262E-4
48202077483000, -0.013744468, 0.01160644, 0.003970624
48202082551000, -0.0106901415, 0.01038471, -0.008246681
48202087496000, -0.010995574, 0.0021380284, 9.162979E-4
48202092482000, 0.0036651916, 0.0021380284, 0.0030543262
48202097470000, -0.006414085, 0.005192355, 6.1086525E-4
48202102542000, -0.004276057, -9.162979E-4, 0.0061086523
48202107486000, 0.0061086523, -0.0030543262, -9.162979E-4
48202112466000, -0.010079277, -0.009773844, -0.0067195175
48202117455000, -3.0543262E-4, -0.0030543262, 0.00580322
48202122554000, -0.002443461, -0.008857546, -0.0012217305
48202127482000, -0.008246681, -0.013439035, -0.005497787
48202132493000, -0.014049901, -0.009162978, 0.004276057
48202138171000, -0.011911872, -0.008246681, 0.006414085
48202142466000, -0.014049901, -0.01038471, 0.004886922
48202147470000, -0.022907447, -0.008552114, 0.01160644
48202152448000, -0.026267206, -0.0030543262, 0.018325957
48202157480000, -0.03573562, -0.01863139, 0.016493361
48202162470000, -0.025350908, -0.012217305, 0.014049901
48202167446000, -0.029626964, -0.011911872, 0.007330383
48202172579000, -0.018936822, -0.01863139, 0.005497787
48202177485000, -0.028405234, -0.017104227, 0.008552114
48202182459000, -0.024129177, -0.01038471, 0.009773844
48202187490000, -0.024740042, -0.0067195175, 0.009162978
48202192440000, -0.0125227375, -0.0125227375, 0.0061086523
48202197473000, -0.01863139, -0.02076942, 0.01160644
48202202435000, -0.021685716, -0.018020526, 0.004581489
48202208142000, -0.02076942, -0.025350908, 0.003970624
48202212396000, -0.0076358155, -0.026267206, 6.1086525E-4
48202217444000, -0.0012217305, -0.028405234, 0.00580322
48202222447000, -0.010079277, -0.024129177, 0.006414085
48202227485000, -0.007330383, -0.01863139, 0.004886922
48202232405000, -0.0067195175, -0.01160644, 0.0076358155
48202237527000, -0.009468411, -0.0125227375, 0.013439035
48202242471000, -0.013439035, -0.013133603, 0.018020526
48202247470000, -0.014966198, -0.016493361, 0.016493361
48202252442000, -0.018936822, -0.015271631, 0.016493361
48202257476000, -0.010995574, -0.011301007, 0.01282817
48202262437000, -0.013744468, -0.016187929, 0.019242255
48202267451000, -0.018325957, -0.020463986, 0.02565634
48202272508000, -0.018020526, -0.0033597588, 0.025045475
48202277819000, -0.01282817, -6.1086525E-4, 0.025350908
48202282467000, -0.01282817, 0.0036651916, 0.025961773
48202287547000, -0.02107485, -0.0033597588, 0.015577064
48202292763000, -0.024129177, 0.0027488936, 0.017715093
48202297495000, -0.015577064, 0.0018325958, 0.01740966
48202302750000, -0.008857546, -0.00580322, 0.025350908
48202307507000, -0.015577064, -0.00580322, 0.019242255
48202312462000, -0.019547688, -0.006414085, 0.015271631
48202317506000, -0.019242255, -0.005497787, 0.014966198
48202322521000, -0.019242255, -0.0106901415, 0.010995574
48202327489000, -0.009468411, -0.0061086523, 0.018936822
48202332459000, -0.021685716, -0.010079277, 0.0125227375
48202337537000, -0.0125227375, -0.004886922, 0.021991149
48202342509000, -0.018936822, -0.0012217305, 0.013744468
48202347493000, -0.01985312, 0.004581489, 0.024740042
48202352524000, -0.01160644, 0.0033597588, 0.016493361
48202357505000, -0.0061086523, -0.0036651916, 0.014049901
48202362499000, -0.02076942, -0.0106901415, 0.012217305
48202367477000, -0.01282817, -0.009162978, 0.01740966
48202372561000, -0.01160644, -0.010995574, 0.01740966
48202377511000, -0.015577064, -0.0125227375, 0.01160644
48202382479000, -0.02321288, -0.01282817, 0.011911872
48202387485000, -0.01985312, -0.01282817, 0.016798794
48202392486000, -0.021991149, -0.0033597588, 0.006414085
48202397470000, -0.03176499, -0.008552114, 0.004886922
48202402470000, -0.021991149, -0.006414085, 0.0015271631
48202407493000, -0.023823744, -0.013133603, 0.004276057
48202412473000, -0.02565634, -0.0125227375, -3.0543262E-4
48202417462000, -0.024740042, -0.0061086523, 0.0021380284
48202422569000, -0.03634648, -0.016187929, -0.002443461
48202427560000, -0.02321288, -0.007330383, -0.0021380284
48202432482000, -0.02321288, -0.00580322, -0.0021380284
48202437476000, -0.03390302, -0.004886922, -0.0015271631
48202442485000, -0.03359759, -0.01038471, -0.008246681
48202447462000, -0.033292156, -0.014966198, -0.010079277
48202452460000, -0.039095376, -0.01985312, -0.011911872
48202457477000, -0.031154128, -0.01863139, -0.012217305
48202463056000, -0.036651913, -0.01863139, -0.018936822
48202467461000, -0.04520403, -0.026267206, -0.017715093
48202472502000, -0.047647487, -0.02687807, -0.016493361
48202477454000, -0.04642576, -0.03634648, -0.013744468
48202482475000, -0.037873644, -0.02443461, -0.015271631
48202487471000, -0.0421497, -0.02443461, -0.01863139
48202492484000, -0.036957346, -0.020463986, -0.011301007
48202497553000, -0.037873644, -0.017104227, -0.01160644
48202502463000, -0.04184427, -0.01160644, -0.009773844
48202507407000, -0.03573562, -0.0143553335, -0.01282817
48202512473000, -0.024129177, -0.009773844, -0.0143553335
48202517449000, -0.03940081, -0.004581489, -0.01038471
48202522468000, -0.02443461, 0.0015271631, -0.004276057
48202527452000, -0.021380283, -0.0015271631, -0.010079277
48202533185000, -0.02107485, 0.00580322, -0.0012217305
48202537480000, -0.02565634, 0.003970624, -0.0015271631
48202542489000, -0.021685716, 0.0030543262, -0.0033597588
48202547442000, -0.033292156, 0.012217305, 0.0036651916
48202552465000, -0.02443461, 0.008246681, 0.002443461
48202557617000, -0.018325957, 0.003970624, 0.003970624
48202562467000, -0.015882496, 0.0030543262, -0.0018325958
48202567450000, -0.014966198, 0.0015271631, 0.005192355
48202572497000, -0.003970624, 0.002443461, -0.002443461
48202577478000, -0.002443461, -0.0036651916, 0.0106901415
48202582488000, -0.008857546, 0.0033597588, 0.0018325958
48202587455000, -0.0125227375, -0.0012217305, 0.013133603
48202592475000, -0.019547688, 0.0018325958, 0.0061086523
48202597466000, -0.007941248, 0.01038471, 0.011301007
48202602928000, -0.004276057, 0.0143553335, 0.012217305
48202607454000, -0.0015271631, 0.01038471, 0.01160644
48202612508000, 0.002443461, 0.013744468, 0.017104227
48202617604000, 0.0033597588, 0.013439035, 0.018020526
48202622540000, -0.01038471, 0.018936822, 0.018936822
48202627549000, 6.1086525E-4, 0.016493361, 0.027794369
48202632532000, -0.012217305, 0.01863139, 0.02565634
48202637824000, -0.007330383, 0.020158553, 0.015882496
48202642508000, -0.007941248, 0.024129177, 0.022602014
48202647823000, -0.009162978, 0.021991149, 0.021991149
48202652502000, -0.007941248, 0.022296581, 0.023518313
48202657417000, -0.013133603, 0.022296581, 0.029932396
48202662501000, -0.014660766, 0.029321533, 0.019547688
48202667476000, 3.0543262E-4, 0.014660766, 0.015882496
48202672678000, -0.018020526, 0.015271631, 0.017104227
48202677411000, -0.01282817, 0.016493361, 0.017715093
48202682488000, -0.0076358155, 0.009468411, 0.017104227
48202687610000, -0.003970624, -9.162979E-4, 0.010079277
48202692490000, 9.162979E-4, 0.009468411, 0.004886922
48202697474000, -0.0067195175, 0.00580322, -3.0543262E-4
48202702506000, -0.007941248, 0.009468411, 0.0015271631
48202707492000, -0.011301007, 0.014049901, 0.0076358155
48202712505000, 9.162979E-4, 0.013439035, 0.0030543262
48202717465000, -6.1086525E-4, 0.0012217305, -0.0036651916
48202722512000, -0.007330383, -3.0543262E-4, -0.004581489
48202727474000, 6.1086525E-4, 0.0012217305, -0.002443461
48202732476000, 0.01038471, -0.002443461, -0.00580322
48202737484000, -0.002443461, 0.0012217305, -0.00580322
48202742478000, 9.162979E-4, 3.0543262E-4, -0.007941248
48202747475000, -0.008246681, 0.0012217305, 0.0036651916
48202752449000, -0.01160644, -6.1086525E-4, -3.0543262E-4
48202757477000, -0.028099801, 0.0012217305, -0.002443461
48202762487000, -0.02107485, 3.0543262E-4, -9.162979E-4
48202767508000, -0.025045475, -0.01160644, -0.0143553335
48202772529000, -0.019547688, -0.012217305, -0.01038471
48202777510000, -0.018325957, -0.011301007, -0.00580322
48202782461000, -0.020463986, -0.011911872, -0.011911872
48202788336000, -0.0061086523, -0.0061086523, -0.021685716
48202792509000, -0.007941248, -0.005497787, -0.01985312
48202797513000, -0.009773844, -0.0015271631, -0.0143553335
48202802489000, -0.007941248, 0.004276057, -0.01038471
48202807514000, 0.0033597588, 0.0018325958, -0.013744468
48202812500000, 0.0106901415, -0.0012217305, -0.011301007
48202817492000, 0.0027488936, 0.004581489, -0.007941248
48202822517000, 0.0021380284, 0.00580322, -0.009773844
48202827508000, 0.013133603, 0.003970624, -0.006414085
48202832440000, 0.009773844, 0.0015271631, -0.006414085
48202837553000, 0.0106901415, -0.0012217305, -0.004581489
48202842408000, 0.008246681, -0.006414085, -0.0061086523
48202847506000, 0.018325957, -6.1086525E-4, 6.1086525E-4
48202852412000, 0.019242255, -0.0061086523, -0.0030543262
48202858171000, 0.009773844, -0.0143553335, -0.008552114
48202862407000, 0.02107485, -0.014660766, -0.007941248
48202867504000, 0.012217305, -0.012217305, -0.007941248
48202872511000, 0.012217305, -0.010079277, -0.0033597588
48202877507000, 0.021991149, -0.005192355, 0.005497787
48202882752000, 0.015882496, -0.0021380284, -0.004581489
48202887539000, 0.019547688, -0.005192355, 0.006414085
48202892897000, 0.018325957, -0.008246681, 0.003970624
48202897509000, 0.020463986, 0.004886922, 0.005497787
48202902750000, -9.162979E-4, 0.0021380284, -3.0543262E-4
48202907512000, -0.004886922, 0.008857546, 0.004581489
48202912470000, 0.0018325958, 0.0036651916, 0.006414085
48202917496000, 0.0021380284, 0.0018325958, 0.0106901415
48202922461000, -0.010079277, 0.0018325958, 0.003970624
48202927992000, -0.005497787, -0.007941248, 0.0061086523
48202932407000, -0.0067195175, -0.012217305, 0.01038471
48202937583000, -0.007941248, -0.012217305, 0.009773844
48202942540000, -0.0106901415, -0.013439035, 0.0070249503
48202947523000, -0.016798794, -0.019242255, 0.0106901415
48202952499000, -0.0143553335, -0.017715093, 0.0125227375
48202957473000, -0.02321288, -0.016187929, 0.007941248
48202962501000, -0.015271631, -0.010995574, 0.006414085
48202967484000, -0.019242255, -0.009162978, 0.010995574
48202972486000, -0.011301007, -0.0018325958, -3.0543262E-4
48202977470000, -0.009468411, 0.004276057, 0.013133603
48202982461000, -0.013744468, 0.016187929, 0.009468411
48202987499000, -0.0027488936, 0.02443461, 0.014660766
48202992479000, 0.0015271631, 0.022602014, 0.0106901415
48202997635000, -9.162979E-4, 0.022602014, 0.014049901
48203002461000, 0.0027488936, 0.025961773, 0.014049901
48203007472000, 0.0018325958, 0.026572637, 0.013439035
48203012468000, 0.011911872, 0.021380283, 0.01740966
48203017423000, 0.00580322, 0.019547688, 0.013744468
48203022517000, 0.0076358155, 0.013439035, 0.021685716
48203027468000, 0.011301007, 0.008246681, 0.02443461
48203032471000, 0.005497787, 0.01282817, 0.014049901
48203037467000, 0.006414085, 0.0033597588, 0.022907447
48203042455000, 0.016187929, 0.013439035, 0.022296581
48203047470000, 0.0070249503, 0.008552114, 0.022296581
48203052460000, 0.015577064, 0.00580322, 0.019547688
48203057475000, 0.012217305, 0.004581489, 0.017104227
48203062462000, 0.00580322, 0.007330383, 0.023823744
48203067474000, 0.011911872, 0.004886922, 0.01985312
48203072516000, 0.005192355, 0.010079277, 0.017715093
48203077426000, 0.0143553335, 0.003970624, 0.016493361
48203082466000, 0.0030543262, 6.1086525E-4, 0.014966198
48203087460000, 0.0036651916, 0.01282817, 0.020463986
48203092466000, 0.004886922, 0.008246681, 0.0067195175
48203097471000, 0.0061086523, 0.011911872, 0.008246681
48203102450000, -0.0027488936, 0.01740966, 0.008857546
48203107481000, -0.0027488936, 0.01985312, 0.013744468
48203112468000, -0.004276057, 0.027183503, 0.010079277
48203117453000, -0.0021380284, 0.04153884, 0.018020526
48203122533000, -0.0015271631, 0.02321288, 0.013133603
48203127471000, -0.0015271631, 0.017715093, 0.01038471
48203132463000, 3.0543262E-4, 0.015271631, 0.015882496
48203137487000, -9.162979E-4, 0.02076942, 0.018936822
48203142486000, -0.01038471, 0.015271631, 0.01740966
48203147476000, -6.1086525E-4, 0.008246681, 0.010995574
48203152445000, -0.0076358155, 0.0030543262, 0.018325957
48203157481000, -0.02687807, 0.004581489, 0.02565634
48203162467000, -0.023518313, -0.0036651916, 0.022907447
48203167455000, -0.01863139, -0.0027488936, 0.021991149
48203172489000, -0.029932396, 0.0036651916, 0.019242255
48203177473000, -0.03756821, 0.009468411, 0.016187929
48203183025000, -0.04062254, 0.014966198, 0.021991149
48203187488000, -0.044593163, 0.021991149, 0.010995574
48203192460000, -0.05131268, 0.011911872, 0.011301007
48203197471000, -0.050701816, 0.0030543262, 0.005497787
48203202415000, -0.065973446, -0.0012217305, -0.002443461
48203207488000, -0.062002823, 0.0021380284, -0.0070249503
48203212399000, -0.06078109, -6.1086525E-4, -0.009773844
48203217565000, -0.061391957, -0.0067195175, -0.015271631
48203222614000, -0.054061573, -0.0076358155, -0.015271631
48203227490000, -0.056199603, -0.02687807, -0.022602014
48203232427000, -0.04153884, -0.03359759, -0.024129177
48203237487000, -0.040927973, -0.03573562, -0.029626964
48203242462000, -0.03268129, -0.03481932, -0.029626964
48203247463000, -0.01740966, -0.027488936, -0.036957346
48203253109000, -0.020463986, -0.019547688, -0.03940081
48203257485000, 0.0012217305, -0.004886922, -0.03756821
48203262461000, 0.004886922, 0.006414085, -0.032375857
48203267473000, 0.004886922, 0.009162978, -0.028405234
48203272495000, 0.008552114, 0.002443461, -0.032986723
48203277455000, 0.014660766, -0.0021380284, -0.028405234
48203282447000, 0.011911872, 0.007330383, -0.0290161
48203287566000, 0.0070249503, 0.0036651916, -0.026267206
48203292611000, 0.016493361, -0.0033597588, -0.02321288
48203297474000, 0.010995574, 0.0027488936, -0.021380283
48203302559000, 0.015882496, 0.0027488936, -0.021380283
48203307476000, 0.01160644, -0.010079277, -0.013744468
48203312578000, 0.0143553335, -0.016187929, -0.01740966
48203317499000, 0.02443461, -0.02076942, -0.019547688
48203322779000, 0.023823744, -0.01740966, -0.0106901415
48203327473000, 0.023518313, -0.02107485, -0.0012217305
48203332425000, 0.029321533, -0.024740042, -0.0027488936
48203337468000, 0.03176499, -0.024129177, 0.0061086523
48203342437000, 0.029626964, -0.024129177, 0.00580322
48203347512000, 0.034208454, -0.021685716, 0.00580322
48203352432000, 0.030848695, -0.02321288, 0.014966198
48203357518000, 0.022602014, -0.028099801, 0.016493361
48203362410000, 0.021380283, -0.017715093, 0.020158553
48203367476000, 0.017104227, -0.021380283, 0.029321533
48203372476000, 0.015882496, -0.014660766, 0.027794369
48203377505000, 0.01160644, -0.009773844, 0.029626964
48203382419000, 0.0070249503, -0.0070249503, 0.03176499
48203387537000, 0.0061086523, -0.0015271631, 0.03268129
48203392479000, -0.0067195175, -0.007330383, 0.03481932
48203397468000, 0.0033597588, -0.007941248, 0.038179077
48203402477000, 0.0018325958, -0.008857546, 0.03268129
48203407479000, -0.004276057, -0.004886922, 0.045814894
48203412464000, -0.005192355, -0.004886922, 0.047647487
48203417528000, -0.013744468, -0.004886922, 0.049480084
48203422496000, -0.0143553335, -0.011301007, 0.05467244
48203427474000, -6.1086525E-4, -0.015577064, 0.047647487
48203432461000, -0.004276057, -0.004276057, 0.05467244
48203437471000, -0.004276057, -0.007330383, 0.052534413
48203442463000, -0.009773844, -0.011301007, 0.058948494
48203447438000, -0.004581489, -0.015882496, 0.05375614
48203452466000, -0.0018325958, -0.007941248, 0.054367006
48203457446000, -0.0021380284, -0.004276057, 0.05589417
48203462473000, 0.00580322, 6.1086525E-4, 0.047036625
48203467418000, -0.0036651916, -0.003970624, 0.046120327
48203472594000, -0.005497787, -0.008552114, 0.039095376
48203477507000, -0.007330383, -0.0012217305, 0.032986723
48203482466000, -0.0076358155, -0.005497787, 0.032070424
48203487474000, -0.011301007, -0.011911872, 0.022296581
48203492493000, -0.004581489, -0.016493361, 0.014966198
48203497415000, -0.003970624, -0.02443461, 0.01038471
48203502443000, -0.0125227375, -0.022296581, 0.015577064
48203507979000, -0.011301007, -0.03145956, 0.0061086523
48203512473000, -0.0027488936, -0.038179077, 3.0543262E-4
48203517504000, -0.0036651916, -0.027794369, -0.0018325958
48203522594000, -0.0012217305, -0.022296581, -0.0143553335
48203527459000, 0.0015271631, -0.026572637, -0.02076942
48203532507000, -0.007941248, -0.007941248, -0.032070424
48203537524000, -0.010079277, -0.01863139, -0.029626964
48203542619000, -0.004581489, -0.004581489, -0.03145956
48203547618000, -0.005192355, -0.0027488936, -0.0421497
48203552457000, -0.005497787, -0.0012217305, -0.034208454
48203557678000, -0.0030543262, 6.1086525E-4, -0.040927973
48203562467000, -0.017104227, -0.004276057, -0.028405234
48203567717000, -0.021685716, -0.013744468, -0.036957346
48203572550000, -0.022296581, -0.01160644, -0.040317107
48203578093000, -0.015882496, -0.01282817, -0.041233405
48203582496000, -0.027488936, -0.019547688, -0.038179077
48203587465000, -0.025350908, -0.02321288, -0.03573562
48203592501000, -0.031154128, -0.02687807, -0.03756821
48203597539000, -0.03481932, -0.026572637, -0.041233405
48203602495000, -0.032070424, -0.033292156, -0.038789943
48203607517000, -0.034208454, -0.03023783, -0.030543262
48203612508000, -0.0290161, -0.03390302, -0.029626964
48203617506000, -0.025045475, -0.025961773, -0.031154128
48203622520000, -0.02321288, -0.020463986, -0.018020526
48203627514000, -0.03481932, -0.014049901, -0.013133603
48203632500000, -0.03573562, -0.020463986, -0.0076358155
48203637475000, -0.02321288, -0.018020526, -6.1086525E-4
48203642487000, -0.02565634, -0.01160644, 0.0030543262
48203647784000, -0.02107485, -9.162979E-4, 0.0143553335
48203652451000, -0.028710667, -0.004581489, 0.007330383
48203657516000, -0.01282817, 0.007941248, 0.020158553
48203662510000, -0.01740966, 0.01740966, 0.022602014
48203667487000, -0.007941248, 0.016798794, 0.025045475
48203672531000, -0.0070249503, 0.005192355, 0.03359759
48203677510000, -0.004276057, 0.01282817, 0.035124753
48203682470000, -0.01038471, 0.0076358155, 0.035124753
48203687524000, -0.0015271631, 0.0143553335, 0.04428773
48203692471000, -0.0067195175, 0.021380283, 0.04520403
48203697529000, -0.009162978, 0.020463986, 0.04184427
48203702487000, -0.0067195175, 0.020158553, 0.03970624
48203707523000, -0.007941248, 0.022907447, 0.043066
48203712502000, -0.004276057, 0.013439035, 0.03970624
48203717551000, -0.011911872, 0.02107485, 0.040011674
48203722492000, -0.017715093, 0.017104227, 0.030848695
48203727517000, -0.0067195175, 0.025350908, 0.03390302
48203732421000, -0.016798794, 0.03145956, 0.037873644
48203737522000, -0.016798794, 0.027183503, 0.039095376
48203742420000, -0.021380283, 0.029626964, 0.040317107
48203747486000, -0.027488936, 0.03268129, 0.03848451
48203752424000, -0.015577064, 0.04062254, 0.044593163
48203757480000, -0.020158553, 0.043066, 0.035124753
48203762402000, -0.0106901415, 0.029321533, 0.038179077
48203767506000, -0.016798794, 0.034208454, 0.033292156
48203772486000, -0.01038471, 0.019547688, 0.03634648
48203777508000, -0.0012217305, 0.018936822, 0.03176499
48203782440000, -0.004886922, 0.019242255, 0.027794369
48203787512000, -0.004886922, 0.017715093, 0.034513887
48203792461000, -0.008246681, 0.013744468, 0.025045475
48203797586000, -0.0018325958, 0.008552114, 0.018020526
48203802454000, -0.0021380284, 0.009468411, 0.01160644
48203807466000, -0.00580322, 0.0012217305, 0.01038471
48203812538000, -0.0012217305, 0.009162978, 0.0030543262
48203817471000, -0.007330383, 0.0012217305, -0.0021380284
48203822550000, -0.003970624, 0.01282817, -0.007330383
48203827554000, -0.016798794, 0.0027488936, -0.008246681
48203832656000, -0.01985312, 0.0018325958, -0.004886922
48203837498000, -0.025350908, -0.0015271631, -0.0143553335
48203842416000, -0.019242255, 0.008857546, -0.008246681
48203847482000, -0.024129177, 0.0012217305, -0.01740966
48203852434000, -0.0290161, 0.004276057, -0.022296581
48203857480000, -0.028099801, -0.0018325958, -0.018936822
48203862408000, -0.014966198, -0.007330383, -0.016493361
48203867498000, -0.026572637, 6.1086525E-4, -0.015882496
48203872473000, -0.024740042, -3.0543262E-4, -0.021380283
48203877505000, -0.017715093, -0.004886922, -0.01985312
48203882408000, -0.01740966, -0.004581489, -0.024740042
48203887512000, -0.0106901415, -0.0021380284, -0.023823744
48203892419000, -0.010079277, -0.009468411, -0.021380283
48203897501000, -0.008246681, -0.0036651916, -0.025350908
48203902481000, -0.009773844, -6.1086525E-4, -0.022602014
48203907516000, -0.007330383, 0.006414085, -0.021991149
48203912471000, -0.009773844, 0.0125227375, -0.013744468
48203917502000, -0.02321288, 0.013133603, -0.016798794
48203922558000, -0.015882496, 0.002443461, -0.009773844
48203927510000, -0.017715093, 0.005192355, -0.007941248
48203932481000, -0.014966198, 0.00580322, -0.0018325958
48203937552000, -0.020158553, 0.01038471, 0.0027488936
