#Acceleration force along the x y z axes (including gravity).
#timestamp(ns),x,y,z(m/s^2)
#Datetime: 03/04/2015 15:36:43
##########################################
#Activity: 10 - FOL - Forward-lying - 10s
#Subject ID: 44
#First Name: sub44
#Last Name: sub44
#Age: 25
#Height(cm): 176
#Weight(kg): 80
#Gender: Male
##########################################

@DATA
17748947930000, 0.22026655, 9.682152, -1.982399
17749148165000, 0.29688102, 9.768343, -2.0590134
17749348455000, 0.2777274, 9.557653, -2.1547816
17749548513000, 0.4213795, 9.088389, -1.8674773
17749748660000, 0.2681506, 8.590396, -1.8866309
17749948910000, 0.34476504, 9.969456, -2.135628
17750149008000, 0.31603462, 9.586384, -1.8100165
17750350499000, -0.038307227, 9.605537, -1.2737153
17750360315000, 0.0, 9.442732, -1.0151415
17750370304000, 0.05746084, 9.375694, -0.8619126
17750390655000, 0.019153614, 9.414001, -0.8810662
17750400789000, -0.047884032, 9.423578, -0.9959879
17750420438000, -0.23942018, 9.165004, -1.13964
17750431346000, -0.16280572, 8.983045, -1.283292
17750441499000, -0.06703765, 8.820239, -1.3503298
17750451519000, 0.019153614, 8.599973, -1.4460979
17750472177000, 0.22984336, 8.418014, -1.4652514
17750483340000, 0.2873042, 8.513782, -1.4269443
17750492599000, 0.21068975, 8.724471, -1.4652514
17750503704000, 0.02873042, 8.916007, -1.4748282
17750514485000, -0.29688102, 8.954314, -1.436521
17750524238000, -0.5650316, 8.848969, -1.484405
17750536495000, -0.6895301, 8.7532015, -1.2066777
17750546259000, -0.6991069, 8.647857, -1.13964
17750556135000, -0.5554548, 8.580819, -1.0055647
17750567191000, -0.37349546, 8.485051, -0.89064306
17750586717000, -0.36391866, 8.379706, -0.8714894
17750597217000, -0.33518824, 7.8146744, -1.0247183
17750607801000, -0.18195933, 7.565677, -1.3790601
17750617166000, -0.095768064, 7.3549876, -1.532289
17750627176000, -0.076614454, 7.1634517, -1.5897499
17750637466000, -0.047884032, 7.029376, -1.685518
17750647827000, -0.095768064, 6.8761473, -1.7908629
17750658517000, -0.076614454, 6.7708025, -1.6759412
17750672987000, -0.08619126, 6.5505357, -1.7525556
17750682290000, -0.06703765, 6.445191, -1.733402
17750692191000, -0.12449849, 6.588843, -1.5035586
17750703291000, -0.2681506, 6.981492, -1.13964
17750714137000, -0.49799395, 7.833828, -0.89064306
17750725432000, -0.90021986, 9.548077, -0.45010993
17750735470000, -1.3599066, 10.1226845, -0.23942018
17750745681000, -2.0015526, 10.400413, -0.30645782
17750755704000, -2.767697, 10.362105, -0.5554548
17750767508000, -3.5434184, 10.0269165, -0.9576807
17750776621000, -3.916914, 9.739613, -1.5131354
17750786750000, -3.8019924, 9.519346, -1.934515
17750797022000, -3.3614593, 9.299079, -2.3463178
17750807017000, -2.8634653, 9.279925, -2.8443117
17750817275000, -2.3750482, 9.605537, -3.1411927
17750828165000, -2.2026656, 10.304645, -3.1316159
17750838957000, -1.934515, 11.300632, -2.815581
17750849030000, -1.5610195, 12.306197, -2.5091233
17750859982000, -1.5035586, 12.832921, -2.3080103
17750869863000, -1.6472107, 12.555194, -2.5091233
17750880692000, -1.7429788, 11.779472, -3.2082303
17750890550000, -1.484405, 10.726024, -4.146757
17750900905000, -0.8810662, 9.710882, -4.9895163
17750910770000, -0.1340753, 8.896853, -5.6790466
17750920977000, 0.80445176, 8.504205, -6.196194
17750931206000, 1.8004397, 8.264784, -6.588843
17750940939000, 2.9783869, 7.97748, -6.7229185
17750950955000, 4.098873, 7.728483, -6.291962
17750971261000, 4.4436383, 4.156334, -2.815581
17750981214000, 4.0892963, 2.8538885, -0.009576807
17750992332000, 3.2752678, 1.7908629, 3.6966474
17751001711000, 1.7429788, 0.6703765, 7.1155677
17751012035000, -0.08619126, -0.7182605, 9.892841
17751021855000, -0.92895025, -4.0222588, 11.903971
17751033438000, -2.0590134, -7.5944076, 12.737153
17751043780000, -3.265691, -10.0269165, 13.024457
17751053057000, -4.8458643, -9.80665, 12.785037
17751063444000, -7.1826053, -7.967903, 12.555194
17751073349000, -10.007763, -5.6790466, 12.11466
17751083506000, -12.98615, -4.098873, 11.032481
17751093539000, -15.71554, -2.719813, 9.557653
17751105333000, -16.692375, -1.6663644, 8.389283
17751115276000, -16.318878, -0.29688102, 7.5944076
17751125774000, -13.9151, 1.3311762, 6.1387334
17751135841000, -13.761871, 0.6991069, 8.963891
17751145324000, -13.953407, 2.9400797, 14.250289
17751155318000, -13.9151, 8.810662, 16.893488
17751166401000, -16.721106, 14.173674, 18.215086
17751176134000, -18.128895, 16.85518, 16.74026
17751185817000, -18.828003, 18.195932, 18.138472
17751196769000, -19.182344, 18.86631, 16.203957
17751206136000, -19.354727, 15.322891, 12.229582
17751216647000, -19.440918, 4.9799395, 12.794614
17751226438000, -17.03714, -7.2783732, 13.388376
17751236642000, -10.658986, -16.472107, 7.28795
17751247107000, -9.270349, -13.733141, 7.680599
17751257604000, -4.271256, -7.489063, 6.933608
17751266914000, -0.45010993, -3.2944214, 6.1100025
17751277024000, 2.566584, -1.283292, 4.7500963
17751287153000, 4.3861775, -1.1875241, 3.6104562
17751297650000, 5.410896, -1.9728222, 2.8634653
17751307529000, 5.3342814, -2.4229321, 3.7062242
17751317826000, 3.9552212, -2.3750482, 3.9743748
17751327862000, 2.3654714, -1.2545617, 3.8498764
17751338159000, 0.58418524, 0.49799395, 4.0318356
17751347844000, -1.3215994, 1.9153614, 3.8786068
17751358978000, -3.2369606, 1.6184803, 2.719813
17751368907000, -4.9895163, 1.2737153, 0.8523358
17751379543000, -7.4124484, 2.4995465, 0.9672575
17751389484000, -10.036493, 1.1492168, 6.847417
17751399191000, -10.113108, -1.4269443, 11.147403
17751409485000, -8.848969, -4.4340615, 11.9135475
17751419999000, -8.935161, -4.8362875, 12.248735
17751429640000, -8.178593, -4.1946416, 11.271901
17751439568000, -7.4986396, -3.6966474, 10.141838
17751449584000, -7.6135616, -3.1028855, 9.097966
17751459837000, -7.824251, -2.3942018, 8.283937
17751469895000, -8.360553, -0.9959879, 8.0924015
17751480794000, -9.021352, 0.79487497, 8.647857
17751490572000, -9.3661175, 2.9113493, 9.14585
17751500246000, -9.136273, 4.55856, 9.097966
17751510200000, -8.1402855, 4.9895163, 7.9966335
17751521297000, -6.742072, 4.4915223, 6.6654577
17751530999000, -5.5162406, 3.4572272, 5.544971
17751540836000, -4.5872903, 2.27928, 5.1523223
17751550940000, -4.098873, 1.388637, 5.5258174
17751561003000, -4.3766007, 0.6512229, 6.205771
17751571137000, -5.1235914, 0.2777274, 6.9240313
17751581918000, -7.6135616, 0.8331822, 8.437167
17751591338000, -8.6095495, 1.2258313, 8.724471
17751601688000, -9.595961, 1.1109096, 8.226477
17751611545000, -9.77792, 0.842759, 7.824251
17751621557000, -9.232041, 0.63206923, 7.0485296
17751631660000, -8.485051, 0.46926352, 6.4739213
17751641756000, -7.776367, 0.7565677, 6.2632318
17751652561000, -7.3071036, 1.292869, 6.435614
17751662279000, -6.885724, 2.1260512, 6.751649
17751672140000, -6.4068837, 3.0262709, 6.9048777
17751684177000, -5.899313, 3.916914, 6.6846113
17751693300000, -5.554548, 4.596867, 6.1004257
17751703320000, -5.449203, 5.00867, 5.650316
17751713865000, -5.659893, 5.2002063, 5.8226986
17751724407000, -6.033388, 5.1810527, 6.167464
17751734046000, -6.244078, 4.951209, 6.531382
17751744970000, -6.129156, 4.6255975, 6.7133417
17751754455000, -5.9567738, 4.309563, 6.799533
17751766340000, -5.813122, 4.060566, 6.789956
17751775813000, -5.6982, 3.8881836, 6.6271505
17751785543000, -5.6120086, 3.7541082, 6.339846
17751796411000, -5.5641246, 3.6583402, 6.081272
17751805968000, -5.5258174, 3.5338416, 5.947197
17751816322000, -5.5162406, 3.466804, 6.14831
17751826497000, -5.592855, 3.323152, 6.5122285
17751849699000, -5.755661, 3.2561142, 7.479486
17751866240000, -5.8226986, 3.064578, 7.4028716
17751876713000, -5.717354, 2.930503, 7.086837
17751896376000, -5.583278, 3.1507695, 6.8665705
17751907054000, -5.554548, 3.3806129, 6.789956
17751916414000, -5.544971, 3.7253778, 6.799533
17751926655000, -5.497087, 4.050989, 6.7803793
17751936594000, -5.4683566, 4.367024, 6.742072
17751946693000, -5.391742, 4.596867, 6.694188
17751956816000, -5.363012, 4.7022123, 6.579266
17751979107000, -5.4204726, 4.5681367, 6.483498
17751988479000, -5.4683566, 4.357447, 6.493075
17751998047000, -5.497087, 4.060566, 6.579266
17752008175000, -5.5162406, 3.7924154, 6.5984197
17752018718000, -5.5641246, 3.5913026, 6.6654577
17752028407000, -5.592855, 3.4476504, 6.646304
17752038467000, -5.5162406, 3.3039982, 6.6079965
17752058632000, -5.5737014, 3.2273839, 6.694188
17752070133000, -5.717354, 3.2465374, 6.7612257
17752079260000, -5.8801594, 3.1316159, 6.9048777
17752089414000, -5.995081, 3.1028855, 6.8665705
17752099479000, -6.14831, 3.083732, 6.8091097
17752119902000, -6.4739213, 3.0550013, 6.7803793
17752130157000, -6.6079965, 3.0358477, 6.7229185
17752140689000, -6.5984197, 3.0550013, 6.694188
17752160144000, -6.579266, 3.217807, 7.1155677
17752170212000, -6.38773, 3.2752678, 6.895301
17752180790000, -6.253655, 3.3997664, 6.943185
17752191075000, -6.0716953, 3.514688, 6.9144545
17752200573000, -5.889736, 3.6391866, 6.847417
17752210776000, -5.813122, 3.7732618, 6.7612257
17752221134000, -5.7365074, 3.8594532, 6.5505357
17752232513000, -5.841852, 3.86903, 6.483498
17752252267000, -6.129156, 3.8115692, 6.3685765
17752261725000, -6.301539, 3.7828386, 6.3589997
17752271754000, -6.4739213, 3.7541082, 6.4164605
17752282591000, -6.6271505, 3.6487634, 6.445191
17752291906000, -6.7803793, 3.5338416, 6.5218053
17752302946000, -6.895301, 3.371036, 6.6271505
17752312782000, -6.991069, 3.2561142, 6.655881
17752322627000, -7.0102224, 3.0933087, 6.646304
17752333257000, -7.0006456, 2.9496565, 6.655881
17752343005000, -6.9623384, 2.8634653, 6.703765
17752353253000, -6.895301, 2.777274, 6.7229185
17752364016000, -6.8186865, 2.767697, 6.742072
17752375168000, -6.7229185, 2.7964275, 6.789956
17752384781000, -6.579266, 2.8538885, 6.8091097
17752395670000, -6.3781533, 2.96881, 6.8569937
17752415488000, -6.0716953, 3.1986535, 6.8665705
17752424866000, -5.9280434, 3.3327289, 6.885724
17752435761000, -5.7843914, 3.4476504, 6.83784
17752446141000, -5.7269306, 3.466804, 6.8091097
17752456089000, -5.6790466, 3.4955344, 6.751649
17752466392000, -5.6407394, 3.5434184, 6.7708025
17752476025000, -5.6120086, 3.5529952, 6.799533
17752485761000, -5.6215854, 3.5338416, 6.751649
17752496577000, -5.592855, 3.4572272, 6.7612257
17752516509000, -5.6215854, 3.2752678, 6.9527617
17752526656000, -5.592855, 3.2082303, 7.019799
17752547021000, -5.6215854, 3.0550013, 7.2304893
17752567747000, -5.755661, 3.0262709, 7.5082164
17752577360000, -5.861006, 2.9592333, 7.5944076
17752597898000, -5.9663506, 2.7389667, 7.489063
17752608702000, -5.8801594, 2.6719291, 7.326257
17752618271000, -5.765238, 2.6240451, 7.1347213
17752628485000, -5.6120086, 2.6431987, 6.9144545
17752638408000, -5.4300494, 2.7102363, 6.6175733
17752648358000, -5.209783, 2.8634653, 6.3111157
17752659504000, -5.046977, 3.0550013, 6.129156
17752669026000, -4.9320555, 3.2465374, 6.0716953
17752679764000, -4.903325, 3.466804, 6.1770406
17752689576000, -4.9895163, 3.6870706, 6.445191
17752700188000, -5.133168, 3.8594532, 6.742072
17752709627000, -5.363012, 3.9264908, 7.0485296
17752730463000, -5.9280434, 3.821146, 7.383718
17752739864000, -6.1387334, 3.6391866, 7.335834
17752750201000, -6.2345014, 3.4476504, 7.2113357
17752760351000, -6.167464, 3.2369606, 7.067683
17752770225000, -6.0525417, 3.0358477, 6.8665705
17752780860000, -5.851429, 2.920926, 6.751649
17752791641000, -5.650316, 2.9113493, 6.799533
17752800978000, -5.631162, 2.882619, 6.9623384
17752831677000, -5.9663506, 2.8921957, 7.431602
17752842296000, -5.985504, 2.834735, 7.249643
17752851833000, -5.9663506, 2.8060043, 6.9623384
17752862440000, -5.803545, 2.7868507, 6.703765
17752872428000, -5.6407394, 2.930503, 6.4547677
17752882841000, -5.48751, 3.1603463, 6.301539
17752892307000, -5.439626, 3.4284968, 6.291962
17752902497000, -5.5258174, 3.715801, 6.38773
17752912633000, -5.707777, 3.9935284, 6.540959
17752922600000, -5.90889, 4.1276035, 6.6367273
17752932650000, -6.1195793, 4.146757, 6.7708025
17752942829000, -6.253655, 4.0222588, 6.895301
17752952960000, -6.291962, 3.8115692, 6.943185
17752963267000, -6.3206925, 3.5817258, 6.981492
17752973058000, -6.244078, 3.3518825, 6.9048777
17752983260000, -6.081272, 3.1411927, 6.83784
17752993347000, -5.90889, 2.9783869, 6.8665705
17753003630000, -5.7269306, 2.825158, 6.9240313
17753014168000, -5.6215854, 2.7485435, 6.991069
17753026652000, -5.5641246, 2.7964275, 7.1155677
17753035521000, -5.5737014, 2.8538885, 7.1730285
17753056139000, -5.8226986, 2.834735, 7.431602
17753066216000, -5.947197, 2.777274, 7.393295
17753076416000, -5.9184666, 2.7485435, 7.28795
17753086800000, -5.9280434, 2.767697, 7.0964136
17753096865000, -5.90889, 2.815581, 6.847417
17753106688000, -5.851429, 2.9496565, 6.6654577
17753116817000, -5.803545, 3.1124623, 6.4739213
17753126898000, -5.755661, 3.5242648, 6.4547677
17753137666000, -5.813122, 3.6966474, 6.5984197
17753147169000, -5.851429, 3.8019924, 6.742072
17753158398000, -5.889736, 3.8307228, 6.847417
17753167568000, -5.9759274, 3.7924154, 6.981492
17753177615000, -6.0142345, 3.7062242, 7.0102224
17753188028000, -6.0621185, 3.5338416, 7.0006456
17753208754000, -6.0142345, 3.2369606, 7.0102224
17753218010000, -5.9663506, 3.0454245, 7.019799
17753228082000, -5.9280434, 2.8921957, 7.0102224
17753239910000, -5.9184666, 2.815581, 7.0006456
17753260186000, -5.889736, 2.681506, 6.991069
17753281022000, -5.765238, 2.7389667, 7.029376
17753290910000, -5.755661, 2.777274, 7.019799
17753301474000, -5.7365074, 2.873042, 7.0485296
17753310761000, -5.717354, 2.920926, 7.019799
17753320862000, -5.7365074, 3.0262709, 6.991069
17753331079000, -5.7269306, 3.0933087, 6.943185
17753341174000, -5.7748146, 3.1890767, 6.9527617
17753351192000, -5.7843914, 3.2561142, 6.9144545
17753361358000, -5.8322754, 3.3135753, 6.8761473
17753381757000, -5.861006, 3.3997664, 6.847417
17753412060000, -5.889736, 3.3806129, 6.8569937
17753422165000, -5.90889, 3.2369606, 6.981492
17753432497000, -5.9184666, 3.1316159, 6.9719152
17753442507000, -5.93762, 3.0454245, 6.981492
17753452651000, -5.947197, 2.9400797, 6.9527617
17753465193000, -5.889736, 2.8443117, 6.933608
17753486061000, -5.8705826, 2.7868507, 6.943185
17753495991000, -5.861006, 2.8060043, 6.9240313
17753505522000, -5.851429, 2.8634653, 6.943185
17753515918000, -5.861006, 2.920926, 6.933608
17753525918000, -5.813122, 3.0071173, 6.9527617
17753536121000, -5.793968, 3.074155, 6.943185
17753556874000, -5.793968, 3.1603463, 6.933608
17753576637000, -5.7843914, 3.2082303, 6.895301
17753586537000, -5.8322754, 3.2369606, 6.9048777
17753597073000, -5.889736, 3.217807, 6.8761473
17753616854000, -5.899313, 3.1794999, 6.885724
17753626935000, -5.90889, 3.1411927, 6.9144545
17753647280000, -5.90889, 3.1124623, 6.9240313
17753667616000, -5.9184666, 3.0933087, 6.895301
17753678171000, -5.93762, 3.083732, 6.933608
17753709740000, -5.9567738, 3.122039, 6.9144545
17753721194000, -5.947197, 3.0550013, 6.933608
17753731619000, -5.93762, 3.083732, 6.9240313
17753743421000, -5.947197, 3.0454245, 6.8665705
17753753503000, -5.93762, 3.064578, 6.8569937
17753776065000, -5.9663506, 3.1316159, 6.895301
17753785276000, -5.93762, 3.1507695, 6.8761473
17753795671000, -5.9567738, 3.1603463, 6.9048777
17753805249000, -5.93762, 3.1411927, 6.885724
17753825939000, -5.947197, 3.064578, 6.943185
17753845850000, -5.9663506, 3.0071173, 6.9527617
17753866302000, -5.9663506, 2.9592333, 6.9719152
17753876272000, -5.947197, 2.96881, 6.9623384
17753896675000, -5.889736, 2.9496565, 6.9527617
17753906804000, -5.8322754, 2.9400797, 6.9240313
17753927267000, -5.793968, 2.920926, 6.895301
17753936951000, -5.746084, 2.9592333, 6.933608
17753947093000, -5.6982, 2.9496565, 6.943185
17753958376000, -5.659893, 2.920926, 6.9527617
17753967413000, -5.6120086, 2.9113493, 6.943185
17753987688000, -5.631162, 2.9879637, 6.9623384
17754007706000, -5.602432, 3.169923, 6.943185
17754017838000, -5.66947, 3.2944214, 6.895301
17754028285000, -5.7365074, 3.4380736, 6.8665705
17754038125000, -5.793968, 3.5434184, 6.8186865
17754048222000, -5.8322754, 3.5913026, 6.8569937
17754060150000, -5.93762, 3.620033, 6.8761473
17754071141000, -6.0142345, 3.5529952, 6.9048777
17754090819000, -6.0238113, 3.3039982, 6.847417
17754100923000, -6.042965, 3.217807, 6.885724
17754110872000, -6.0238113, 3.064578, 6.9048777
17754120895000, -5.9759274, 2.9783869, 6.933608
17754131109000, -5.889736, 2.825158, 6.9623384
17754151540000, -5.899313, 2.8634653, 7.019799
17754161374000, -5.9280434, 2.930503, 7.0102224
17754171701000, -5.9567738, 2.9975405, 6.9719152
17754181711000, -5.985504, 3.074155, 6.9240313
17754191798000, -6.033388, 3.1507695, 6.9144545
17754201714000, -6.0238113, 3.1794999, 6.847417
17754211814000, -6.0525417, 3.2273839, 6.8761473
17754221934000, -6.1195793, 3.2465374, 6.8665705
17754232219000, -6.1100025, 3.2273839, 6.83784
17754242120000, -6.1004257, 3.2369606, 6.8091097
17754252599000, -6.0621185, 3.2273839, 6.8186865
17754262823000, -6.0142345, 3.217807, 6.8091097
17754283557000, -5.9663506, 3.0933087, 6.847417
17754293371000, -5.899313, 3.0454245, 6.9144545
17754314150000, -5.851429, 3.0262709, 6.933608
17754334018000, -5.8226986, 3.016694, 6.991069
17754354892000, -5.803545, 3.074155, 7.0006456
17754367056000, -5.793968, 3.122039, 6.981492
17754386287000, -5.813122, 3.074155, 6.9527617
17754397717000, -5.707777, 3.0262709, 6.8761473
17754406842000, -5.66947, 3.0358477, 6.8569937
17754416976000, -5.6790466, 3.064578, 6.885724
17754427346000, -5.707777, 3.1124623, 6.9240313
17754437195000, -5.7365074, 3.1603463, 6.9719152
17754447732000, -5.765238, 3.1411927, 6.943185
17754457548000, -5.813122, 3.0933087, 6.9527617
17754467638000, -5.861006, 3.083732, 6.9719152
17754478191000, -5.93762, 3.016694, 6.981492
17754488343000, -6.0142345, 3.0262709, 6.933608
17754498301000, -5.985504, 2.9879637, 6.9240313
17754508477000, -6.0238113, 3.0550013, 6.9144545
17754518781000, -6.042965, 3.083732, 6.8761473
17754529204000, -6.1004257, 3.122039, 6.847417
17754549922000, -6.1195793, 3.169923, 6.8282633
17754559998000, -6.1387334, 3.1603463, 6.8091097
17754580196000, -6.081272, 3.169923, 6.8282633
17754610221000, -5.9184666, 3.1411927, 6.895301
17754620169000, -5.899313, 3.0933087, 6.9048777
17754650403000, -5.803545, 3.1028855, 6.9719152
17754670661000, -5.803545, 3.1124623, 7.029376
17754690852000, -5.7843914, 3.064578, 7.0006456
17754701022000, -5.7748146, 3.016694, 6.943185
17754711514000, -5.717354, 3.064578, 6.9240313
17754723370000, -5.650316, 3.1316159, 6.9719152
17754733305000, -5.6407394, 3.2465374, 6.9623384
17754743155000, -5.6886234, 3.3039982, 6.9048777
17754753254000, -5.659893, 3.1890767, 6.943185
17754763844000, -5.631162, 3.0550013, 6.933608
17754774179000, -5.659893, 3.0262709, 6.943185
17754783269000, -5.717354, 2.9879637, 6.933608
17754793528000, -5.793968, 3.0550013, 6.9719152
17754803403000, -5.8226986, 3.016694, 6.981492
17754814032000, -5.93762, 3.074155, 7.038953
17754823701000, -5.9759274, 3.1028855, 6.9623384
17754843991000, -5.9567738, 2.8538885, 6.933608
17754854086000, -5.9280434, 2.873042, 6.9623384
17754865095000, -5.8801594, 2.7964275, 6.943185
17754874609000, -5.861006, 2.7868507, 6.9527617
17754894885000, -5.899313, 2.7964275, 6.9048777
17754915115000, -5.9567738, 3.0358477, 6.981492
17754925240000, -5.985504, 3.169923, 6.9719152
17754935132000, -5.9759274, 3.265691, 6.933608
17754945206000, -5.985504, 3.323152, 6.895301
17754968094000, -5.861006, 3.3614593, 6.7708025
17754986833000, -5.813122, 3.3327289, 6.7612257
17755007158000, -5.851429, 3.2944214, 6.885724
17755019834000, -5.8226986, 3.1316159, 6.9144545
17755029324000, -5.7748146, 3.0933087, 6.943185
17755049270000, -5.746084, 3.083732, 6.9623384
17755070160000, -5.6407394, 2.9783869, 7.029376
17755079775000, -5.631162, 2.9113493, 7.067683
17755089993000, -5.583278, 2.815581, 7.086837
17755100216000, -5.6215854, 2.6910827, 7.1155677
17755110306000, -5.6120086, 2.6623523, 7.1059904
17755120706000, -5.6407394, 2.5953147, 7.144298
17755141011000, -5.746084, 2.7006595, 7.0102224
17755150960000, -5.8322754, 2.7485435, 6.991069
17755160578000, -5.947197, 2.8634653, 6.981492
17755170738000, -6.0525417, 2.9783869, 6.885724
17755181268000, -6.215348, 3.064578, 6.847417
17755191022000, -6.349423, 3.1124623, 6.7803793
17755201068000, -6.4164605, 3.2369606, 6.742072
17755211150000, -6.5218053, 3.2944214, 6.703765
17755221221000, -6.588843, 3.2752678, 6.6654577
17755231666000, -6.6079965, 3.265691, 6.6367273
17755241677000, -6.5984197, 3.2561142, 6.6175733
17755261626000, -6.531382, 3.2465374, 6.6367273
17755271801000, -6.483498, 3.217807, 6.5984197
17755282088000, -6.435614, 3.2561142, 6.588843
17755292777000, -6.3111157, 3.3039982, 6.6079965
17755302348000, -6.157887, 3.2944214, 6.579266
17755312334000, -6.205771, 3.2561142, 6.6175733
17755322637000, -6.14831, 3.2465374, 6.6654577
17755332649000, -6.1195793, 3.2273839, 6.7803793
17755342679000, -6.0525417, 3.1794999, 6.8091097
17755353249000, -5.9759274, 3.169923, 6.847417
17755363499000, -5.93762, 3.1028855, 6.9048777
17755373704000, -5.8801594, 3.064578, 6.9240313
17755388928000, -5.7843914, 3.0454245, 7.038953
17755400516000, -5.707777, 2.9879637, 7.0485296
17755410154000, -5.650316, 2.9592333, 7.0581064
17755420273000, -5.5641246, 2.9400797, 7.0964136
17755431260000, -5.45878, 2.920926, 7.1251445
17755440867000, -5.4204726, 2.9496565, 7.07726
17755450666000, -5.401319, 2.9113493, 7.067683
17755470921000, -5.3821654, 2.9017725, 7.086837
17755491066000, -5.45878, 2.9400797, 7.067683
17755511280000, -5.5258174, 2.9592333, 7.0485296
17755521342000, -5.544971, 2.9975405, 6.991069
17755531622000, -5.592855, 2.9879637, 6.9623384
17755541648000, -5.66947, 2.9496565, 6.9719152
17755561752000, -5.7365074, 2.9592333, 7.0102224
17755582030000, -5.7748146, 2.9592333, 7.0102224
17755592049000, -5.841852, 2.9975405, 6.991069
17755602422000, -5.861006, 3.016694, 6.981492
17755612392000, -5.889736, 2.9879637, 7.0102224
17755622615000, -5.899313, 3.016694, 6.991069
17755632650000, -5.9567738, 3.074155, 6.9623384
17755653306000, -5.995081, 3.1028855, 6.943185
17755673663000, -6.0046577, 3.1603463, 6.895301
17755684301000, -6.033388, 3.2082303, 6.8569937
17755705926000, -6.1195793, 3.2465374, 6.847417
17755716071000, -6.1100025, 3.1794999, 6.8282633
17755725954000, -6.1004257, 3.1124623, 6.8186865
17755736062000, -6.1100025, 3.074155, 6.8569937
17755746331000, -6.1195793, 3.0550013, 6.895301
17755756389000, -6.0716953, 3.0071173, 6.885724
17755767858000, -6.1004257, 2.96881, 6.8761473
17755777549000, -6.0621185, 2.9496565, 6.8665705
17755797795000, -5.93762, 2.920926, 6.981492
17755828731000, -5.899313, 2.96881, 6.9527617
17755850409000, -5.8705826, 3.064578, 6.9719152
17755860312000, -5.851429, 3.074155, 7.0006456
17755880276000, -5.8801594, 3.1028855, 6.991069
17755890155000, -5.899313, 3.1316159, 6.9623384
17755900275000, -5.889736, 3.1603463, 6.943185
17755910124000, -5.8801594, 3.1507695, 6.9144545
17755920272000, -5.889736, 3.1411927, 6.9527617
17755930548000, -5.8801594, 3.1124623, 6.9240313
17755940632000, -5.889736, 3.122039, 6.8761473
17755950865000, -5.8226986, 3.0933087, 6.933608
17755960746000, -5.851429, 3.083732, 6.943185
17755970889000, -5.8801594, 3.0454245, 6.9527617
17755981177000, -5.841852, 3.0262709, 6.943185
17756001320000, -5.8322754, 3.0358477, 6.933608
17756011356000, -5.8226986, 3.0262709, 6.943185
17756021417000, -5.8322754, 3.0071173, 6.9623384
17756031808000, -5.841852, 3.016694, 6.9527617
17756071907000, -5.861006, 3.1411927, 6.9527617
17756092815000, -5.8801594, 3.1316159, 6.9240313
17756102296000, -5.899313, 3.0933087, 6.943185
17756112667000, -5.851429, 3.083732, 6.9527617
17756122624000, -5.861006, 3.074155, 6.943185
17756132635000, -5.851429, 3.083732, 6.885724
17756143084000, -5.841852, 2.9975405, 6.9048777
17756163070000, -5.861006, 2.9975405, 6.8569937
17756184517000, -5.861006, 2.9879637, 6.9048777
17756194682000, -5.8801594, 3.0071173, 6.933608
17756215156000, -5.899313, 3.0358477, 6.9719152
17756234971000, -5.90889, 3.122039, 6.9240313
17756245239000, -5.899313, 3.1794999, 6.9144545
17756265624000, -5.8801594, 3.1507695, 6.8761473
17756285324000, -5.8801594, 3.1603463, 6.847417
17756295426000, -5.889736, 3.1411927, 6.8665705
17756305572000, -5.899313, 3.122039, 6.8761473
17756315715000, -5.9184666, 3.1124623, 6.847417
17756336067000, -5.9280434, 3.1316159, 6.885724
17756356419000, -5.93762, 3.1316159, 6.943185
17756376443000, -5.9759274, 3.1124623, 6.9527617
17756386298000, -5.9567738, 3.122039, 6.943185
17756396670000, -5.9759274, 3.083732, 6.9240313
17756406682000, -5.93762, 3.074155, 6.9048777
17756457279000, -5.899313, 3.1890767, 6.895301
17756467553000, -5.9184666, 3.1986535, 6.9048777
17756487943000, -5.947197, 3.169923, 6.9144545
17756498296000, -5.90889, 3.1603463, 6.885724
17756509498000, -5.889736, 3.1124623, 6.9144545
17756518747000, -5.8705826, 3.083732, 6.933608
17756560140000, -5.803545, 3.0262709, 6.9527617
17756599634000, -5.793968, 3.074155, 6.9048777
17756609773000, -5.7843914, 3.122039, 6.8665705
17756629987000, -5.793968, 3.1316159, 6.83784
17756639993000, -5.8322754, 3.1794999, 6.8665705
17756660211000, -5.841852, 3.1890767, 6.9048777
17756670789000, -5.861006, 3.1986535, 6.9144545
17756701010000, -5.8322754, 3.1794999, 6.8091097
17756732153000, -5.813122, 3.1411927, 6.8761473
17756752438000, -5.8705826, 3.1507695, 6.885724
17756763542000, -5.861006, 3.1411927, 6.895301
17756774695000, -5.8801594, 3.1316159, 6.885724
17756784784000, -5.889736, 3.1411927, 6.9144545
17756794835000, -5.9184666, 3.1028855, 6.9240313
17756804923000, -5.90889, 3.122039, 6.8761473
17756835290000, -5.899313, 3.1890767, 6.991069
17756845291000, -5.947197, 3.2273839, 6.9623384
17756855636000, -5.9567738, 3.2369606, 6.991069
17756875728000, -5.9759274, 3.1890767, 6.9240313
17756885574000, -5.9663506, 3.1507695, 6.9144545
17756895759000, -5.9280434, 3.0550013, 6.8761473
17756905853000, -5.947197, 3.0358477, 6.9048777
17756915835000, -5.9184666, 3.0933087, 6.9240313
17756925929000, -5.861006, 3.0550013, 6.9144545
17756936052000, -5.889736, 3.064578, 6.8761473
17756946146000, -5.861006, 3.083732, 6.9240313
17756956019000, -5.851429, 3.064578, 6.933608
17756966048000, -5.841852, 3.074155, 6.943185
17756976142000, -5.8322754, 3.0933087, 6.9719152
17756996482000, -5.861006, 3.1507695, 6.9144545
17757016591000, -5.861006, 3.1890767, 6.9240313
17757026673000, -5.9280434, 3.169923, 6.933608
17757036843000, -5.90889, 3.1890767, 6.895301
17757058251000, -5.899313, 3.1794999, 6.9144545
17757077993000, -5.9280434, 3.169923, 6.8665705
17757088040000, -5.8801594, 3.1507695, 6.9048777
17757108647000, -5.8705826, 3.122039, 6.8761473
17757118559000, -5.889736, 3.083732, 6.885724
17757138793000, -5.8705826, 3.074155, 6.9719152
17757148890000, -5.90889, 3.1124623, 6.943185
17757159687000, -5.889736, 3.1028855, 6.9623384
17757168972000, -5.8801594, 3.122039, 6.933608
17757179530000, -5.899313, 3.1124623, 6.9240313
17757200178000, -5.889736, 3.122039, 6.895301
17757230445000, -5.899313, 3.1411927, 6.9144545
17757250952000, -5.9280434, 3.169923, 6.943185
17757260591000, -5.93762, 3.1603463, 6.9048777
17757270514000, -5.985504, 3.1124623, 6.895301
17757280757000, -5.9759274, 3.0933087, 6.9527617
17757290576000, -5.947197, 3.083732, 6.885724
17757301092000, -5.899313, 3.0454245, 6.895301
17757311001000, -5.889736, 3.016694, 6.8665705
17757342385000, -5.899313, 3.0262709, 6.933608
17757361440000, -5.93762, 3.0550013, 6.885724
17757371568000, -5.9280434, 3.1124623, 6.8282633
17757391952000, -5.851429, 3.1507695, 6.9240313
17757402093000, -5.841852, 3.1603463, 6.9048777
17757422197000, -5.8226986, 3.1890767, 6.943185
17757432357000, -5.813122, 3.122039, 6.9527617
17757452746000, -5.8226986, 3.1028855, 6.933608
17757473474000, -5.90889, 3.083732, 6.885724
17757483537000, -5.889736, 3.1124623, 6.8569937
17757504932000, -5.9184666, 3.1028855, 6.8282633
17757525775000, -5.995081, 3.0933087, 6.885724
17757545560000, -6.0142345, 3.1028855, 6.8761473
17757555717000, -6.0525417, 3.083732, 6.83784
17757587523000, -5.9663506, 3.0550013, 6.8282633
17757598559000, -5.93762, 3.0454245, 6.83784
17757628117000, -5.947197, 3.0933087, 6.8569937
17757638019000, -5.93762, 3.122039, 6.9240313
17757648097000, -5.947197, 3.0933087, 6.8665705
17757668784000, -5.985504, 3.0933087, 6.895301
17757680134000, -5.9759274, 3.0550013, 6.885724
17757690079000, -6.0142345, 3.0454245, 6.895301
17757700177000, -6.0046577, 3.0358477, 6.9240313
17757710270000, -5.985504, 3.064578, 6.9144545
17757720220000, -5.9280434, 3.0262709, 6.9240313
17757731235000, -5.9184666, 2.9975405, 6.943185
17757750557000, -5.90889, 2.9879637, 6.9719152
17757760779000, -5.9184666, 3.0071173, 6.885724
17757770749000, -5.93762, 2.9975405, 6.9240313
17757790879000, -5.9663506, 2.9975405, 6.8761473
17757811234000, -5.9567738, 2.9975405, 6.8282633
17757821290000, -5.995081, 3.0071173, 6.83784
17757831714000, -5.985504, 3.0262709, 6.847417
17757851532000, -6.0142345, 3.074155, 6.9144545
17757861610000, -6.042965, 3.083732, 6.9527617
17757882201000, -6.0525417, 3.0933087, 6.943185
17757892789000, -6.042965, 3.122039, 6.895301
17757902106000, -6.0046577, 3.0933087, 6.9048777
17757922358000, -5.947197, 3.122039, 6.895301
17757953215000, -5.9184666, 3.083732, 6.885724
17757963855000, -5.8705826, 3.074155, 6.9240313
17757974503000, -5.8801594, 3.0454245, 6.895301
17757984543000, -5.90889, 3.0262709, 6.8761473
17757994763000, -5.889736, 3.016694, 6.9144545
17758004694000, -5.851429, 3.0358477, 6.9240313
17758015572000, -5.841852, 3.0454245, 6.933608
17758025948000, -5.8322754, 3.1028855, 6.9623384
17758035096000, -5.8226986, 3.1411927, 6.943185
17758045450000, -5.813122, 3.1028855, 6.9719152
17758065560000, -5.841852, 3.0358477, 7.0006456
17758075454000, -5.8226986, 3.0262709, 7.019799
17758085449000, -5.813122, 2.9783869, 6.991069
17758095841000, -5.8322754, 2.9975405, 6.933608
17758105821000, -5.803545, 2.9879637, 6.895301
17758115950000, -5.8322754, 2.9975405, 6.9144545
17758126065000, -5.803545, 2.96881, 6.943185
17758146378000, -5.8322754, 3.016694, 6.9719152
17758167274000, -5.803545, 3.0262709, 6.9527617
17758186828000, -5.841852, 3.0071173, 6.943185
17758196904000, -5.8705826, 3.0262709, 6.9240313
17758216958000, -5.841852, 3.074155, 6.885724
17758227309000, -5.8801594, 3.0550013, 6.933608
17758237159000, -5.90889, 3.074155, 6.9240313
17758247712000, -5.9280434, 3.0358477, 6.9527617
17758278193000, -5.899313, 3.0454245, 6.9240313
17758298553000, -5.9280434, 3.0358477, 6.9144545
17758318828000, -5.9663506, 3.0262709, 6.895301
17758328982000, -5.9759274, 3.016694, 6.885724
17758349085000, -5.985504, 3.0071173, 6.9048777
17758359979000, -6.0046577, 2.9975405, 6.9240313
17758370194000, -5.9567738, 3.0550013, 6.943185
17758380468000, -5.995081, 3.083732, 6.9240313
17758390514000, -6.0142345, 3.0933087, 6.885724
17758410697000, -5.9663506, 3.1124623, 6.847417
17758420648000, -5.995081, 3.1316159, 6.8665705
17758440860000, -5.985504, 3.1411927, 6.885724
17758460691000, -5.995081, 3.074155, 6.9527617
17758481596000, -5.985504, 2.9975405, 6.991069
17758490993000, -6.0046577, 3.0071173, 6.981492
17758501189000, -5.9759274, 2.9496565, 6.991069
17758511266000, -5.93762, 2.9017725, 6.981492
17758531489000, -5.889736, 2.873042, 6.9623384
17758541460000, -5.8322754, 2.882619, 6.9527617
17758551682000, -5.8226986, 2.920926, 6.933608
17758561672000, -5.813122, 2.96881, 6.9048777
17758582154000, -5.803545, 3.0358477, 6.933608
17758592058000, -5.813122, 3.074155, 6.9623384
17758602281000, -5.841852, 3.1124623, 7.0006456
17758622537000, -5.8226986, 3.1124623, 6.991069
17758632640000, -5.861006, 3.1507695, 6.9623384
17758643195000, -5.8322754, 3.1794999, 6.9240313
17758663744000, -5.813122, 3.122039, 6.9048777
17758683866000, -5.841852, 3.1124623, 6.933608
17758704867000, -5.90889, 3.0933087, 6.9048777
17758725094000, -5.8705826, 3.0262709, 6.9048777
17758735261000, -5.8801594, 3.0550013, 6.9144545
17758745626000, -5.90889, 3.0454245, 6.9240313
17758755790000, -5.9184666, 3.0071173, 6.9048777
17758785487000, -5.947197, 3.0358477, 6.943185
17758795630000, -5.9663506, 3.083732, 6.933608
17758805756000, -5.93762, 3.0550013, 6.8665705
17758826012000, -5.9567738, 3.1028855, 6.895301
17758856288000, -5.9759274, 3.1507695, 6.8761473
17758866274000, -6.0142345, 3.1028855, 6.8186865
17758876343000, -5.9759274, 3.074155, 6.8665705
17758886669000, -5.9184666, 3.0550013, 6.9144545
