#Acceleration force along the x y z axes (including gravity).
#timestamp(ns),x,y,z(m/s^2)
#Datetime: 04/06/2014 15:49:03
##########################################
#Activity: 10 - FOL - Forward-lying - 10s
#Subject ID: 26
#First Name: sub26
#Last Name: sub26
#Age: 25
#Height(cm): 163
#Weight(kg): 60
#Gender: Female
##########################################

@DATA
56056306228000, -0.21068975, 9.883265, -1.4173675
56056326314000, -0.24899697, 9.854534, -1.4173675
56056336606000, -0.2777274, 9.873688, -1.4269443
56056356304000, -0.33518824, 9.883265, -1.4173675
56056376506000, -0.31603462, 9.864111, -1.4077905
56056387852000, -0.2873042, 9.844957, -1.4173675
56056397075000, -0.31603462, 9.835381, -1.4460979
56056419650000, -0.34476504, 9.749189, -1.4269443
56056439992000, -0.33518824, 9.768343, -1.436521
56056460614000, -0.37349546, 9.787497, -1.4652514
56056480817000, -0.36391866, 9.77792, -1.4269443
56056490597000, -0.34476504, 9.758766, -1.3599066
56056500748000, -0.31603462, 9.749189, -1.388637
56056520984000, -0.29688102, 9.80665, -1.388637
56056541750000, -0.25857377, 9.797073, -1.4269443
56056551297000, -0.39264908, 9.883265, -0.842759
56056572959000, -0.24899697, 9.816227, -1.541866
56056582181000, -0.31603462, 9.854534, -0.9864111
56056592326000, -0.22026655, 9.844957, -1.6472107
56056602831000, -0.21068975, 9.80665, -1.5897499
56056612414000, -0.2681506, 9.768343, -1.6950948
56056622494000, -0.30645782, 9.80665, -1.7046716
56056632600000, -0.2873042, 9.797073, -1.8195933
56056643772000, -0.22984336, 9.816227, -1.7717092
56056664755000, -0.15322891, 9.825804, -1.685518
56056676167000, -0.11492168, 9.873688, -1.6376339
56056706102000, -0.1340753, 9.892841, -1.292869
56056716078000, -0.15322891, 9.80665, -1.2354081
56056737152000, -0.19153613, 9.653421, -0.89064306
56056757845000, -0.24899697, 9.634268, -0.9576807
56056768132000, -0.2873042, 9.682152, -1.0151415
56056779535000, -0.31603462, 9.730036, -1.043872
56056790253000, -0.32561144, 9.758766, -1.13964
56056809988000, -0.30645782, 9.730036, -1.3311762
56056820710000, -0.36391866, 9.691729, -1.4556746
56056830901000, -0.4213795, 9.672575, -1.541866
56056841433000, -0.45968673, 9.682152, -1.6663644
56056851580000, -0.49799395, 9.77792, -1.7717092
56056871424000, -0.48841715, 9.883265, -1.8195933
56056881146000, -0.4405331, 9.940725, -1.6663644
56056891482000, -0.41180268, 10.0269165, -1.5801731
56056901326000, -0.29688102, 10.0748005, -1.436521
56056911717000, -0.20111294, 10.065224, -1.340753
56056922187000, -0.12449849, 10.04607, -1.292869
56056931928000, -0.047884032, 10.0269165, -1.1971009
56056942303000, -0.038307227, 9.931149, -1.1300632
56056953378000, -0.05746084, 9.883265, -1.1109096
56056973485000, -0.16280572, 9.80665, -0.91937345
56056993928000, -0.23942018, 9.80665, -0.9768343
56057015563000, -0.21068975, 9.768343, -1.0534488
56057026178000, -0.25857377, 9.720459, -1.1492168
56057046096000, -0.25857377, 9.787497, -1.2641385
56057056293000, -0.22026655, 9.911995, -1.3694834
56057087165000, -0.24899697, 10.189722, -1.541866
56057096772000, -0.2777274, 10.247183, -1.5801731
56057107370000, -0.30645782, 10.199299, -1.6184803
56057116748000, -0.34476504, 10.160992, -1.6950948
56057127091000, -0.40222588, 10.0748005, -1.7142484
56057137955000, -0.4213795, 9.950302, -1.6759412
56057147068000, -0.4309563, 9.854534, -1.532289
56057158179000, -0.41180268, 9.768343, -1.4173675
56057168243000, -0.36391866, 9.682152, -1.3120226
56057178721000, -0.32561144, 9.595961, -1.1492168
56057188405000, -0.2681506, 9.605537, -0.9864111
56057200308000, -0.21068975, 9.595961, -0.9672575
56057209847000, -0.1436521, 9.634268, -0.94810385
56057220192000, -0.16280572, 9.710882, -0.9672575
56057229731000, -0.1340753, 9.816227, -1.043872
56057240122000, -0.12449849, 9.911995, -1.0821792
56057260571000, -0.08619126, 10.0269165, -1.1013328
56057271274000, -0.019153614, 10.055647, -1.0630256
56057280591000, -0.009576807, 10.04607, -1.0055647
56057301573000, 0.08619126, 9.921572, -0.94810385
56057311812000, 0.1340753, 9.825804, -0.93852705
56057321929000, 0.16280572, 9.77792, -0.90021986
56057353019000, 0.21068975, 9.586384, -0.8331822
56057362677000, 0.24899697, 9.576807, -0.78529817
56057372572000, 0.2777274, 9.557653, -0.7278373
56057383488000, 0.31603462, 9.509769, -0.6703765
56057393582000, 0.36391866, 9.548077, -0.61291564
56057404934000, 0.37349546, 9.605537, -0.5363012
56057414919000, 0.45010993, 9.653421, -0.4213795
56057425682000, 0.5267244, 9.691729, -0.2873042
56057435614000, 0.59376204, 9.749189, -0.17238252
56057445769000, 0.62249243, 10.04607, 0.02873042
56057456425000, 0.7278373, 10.141838, 0.11492168
56057465763000, 0.7757214, 10.180145, 0.1436521
56057477383000, 0.7565677, 10.036493, 0.11492168
56057487501000, 0.7086837, 9.768343, 0.076614454
56057497153000, 0.58418524, 9.442732, -0.038307227
56057507361000, 0.49799395, 9.069236, -0.18195933
56057517503000, 0.34476504, 8.676587, -0.48841715
56057527587000, 0.2681506, 8.408437, -0.79487497
56057537528000, 0.21068975, 8.283937, -1.13964
56057557763000, 0.25857377, 8.532935, -1.5035586
56057567723000, 0.38307226, 8.992621, -1.6280571
56057580743000, 0.59376204, 9.615114, -1.8483237
56057591456000, 0.82360536, 10.43872, -1.8866309
56057600740000, 1.1109096, 11.310209, -1.8962077
56057611611000, 1.4077905, 12.124237, -1.934515
56057621334000, 1.6089035, 12.938266, -2.0398598
56057630911000, 1.6472107, 13.666103, -2.3175871
56057642431000, 1.4173675, 14.039598, -2.3942018
56057651765000, 0.50757074, 13.417107, -2.1260512
56057661881000, -0.9864111, 11.520899, -2.0590134
56057672074000, -2.767697, 8.149862, -2.7102363
56057682256000, -4.8745947, 1.6280571, -3.1028855
56057692836000, -5.00867, -0.641646, -3.4955344
56057703390000, -5.497087, -1.1683705, -3.821146
56057712778000, -6.253655, -0.51714754, -4.7309427
56057723235000, -6.196194, 0.5363012, -4.271256
56057733701000, -5.056554, 1.2737153, -3.2082303
56057743492000, -3.7924154, 1.5514427, -2.4899697
56057754120000, -2.882619, 1.6567876, -2.4995465
56057765238000, -2.2888567, 1.8004397, -2.7964275
56057774828000, -1.436521, 2.1739352, -3.7732618
56057784575000, -0.48841715, 2.9017725, -4.596867
56057794884000, 0.038307227, 3.9743748, -5.104438
56057804926000, -0.16280572, 5.1523223, -4.654328
56057814988000, -0.94810385, 6.205771, -3.8498764
56057826662000, -2.0015526, 6.7803793, -3.4859576
56057836514000, -3.0550013, 7.7189064, -3.4955344
56057845867000, -4.1276035, 9.078813, -3.7062242
56057856548000, -5.305551, 10.180145, -3.9073372
56057866441000, -5.93762, 11.022904, -4.271256
56057876637000, -6.090849, 10.965444, -5.171476
56057886732000, -6.0238113, 10.601525, -6.3781533
56057896752000, -5.3821654, 10.783484, -6.895301
56057906760000, -4.2904096, 11.281479, -6.8282633
56057916615000, -3.5434184, 11.81778, -6.540959
56057926809000, -3.7732618, 12.11466, -7.249643
56057936944000, -3.7445314, 12.516887, -7.4124484
56057947078000, -4.10845, 13.378799, -7.8050976
56057957968000, -4.55856, 14.001291, -8.149862
56057968266000, -5.363012, 15.006856, -9.011775
56057979774000, -5.592855, 15.284584, -9.346964
56057988976000, -5.717354, 15.275007, -9.615114
56057999803000, -5.841852, 15.198392, -9.797073
56058010129000, -5.995081, 14.978126, -9.940725
56058021662000, -6.1195793, 14.863204, -10.04607
56058041227000, -5.851429, 14.346057, -10.055647
56058051218000, -5.7365074, 13.9917145, -10.065224
56058061966000, -5.6886234, 13.666103, -9.940725
56058072068000, -5.803545, 13.292608, -9.730036
56058092655000, -5.717354, 12.239159, -9.155427
56058103210000, -5.5258174, 11.520899, -8.810662
56058113285000, -5.267244, 10.620679, -8.274361
56058123868000, -5.0278234, 9.615114, -7.7093296
56058133478000, -4.7500963, 8.590396, -7.192182
56058143704000, -4.606444, 7.603985, -6.694188
56058153906000, -4.4340615, 6.6079965, -6.445191
56058164182000, -4.1659107, 5.45878, -6.2249246
56058194657000, -2.9400797, 0.6512229, -5.209783
56058204348000, -2.633622, -0.15322891, -4.807557
56058214246000, -2.432509, -0.7182605, -4.453215
56058224405000, -2.3942018, -1.0821792, -4.367024
56058234367000, -2.4612393, -1.340753, -4.453215
56058244684000, -2.6527755, -1.4269443, -4.3957543
56058258964000, -2.777274, -1.4939818, -4.2904096
56058267947000, -2.4899697, -1.7908629, -3.3997664
56058279473000, -1.7908629, -2.1260512, -1.8579005
56058288814000, -0.641646, -2.4229321, 0.79487497
56058298866000, 0.8714894, -2.5091233, 3.41892
56058309292000, 1.8195933, -2.6527755, 5.0182467
56058319521000, 2.681506, -1.7621324, 5.21936
56058328994000, 2.72939, -0.12449849, 5.66947
56058339374000, 4.8267107, 1.0726024, 6.579266
56058349250000, 8.781932, 0.4309563, 7.0964136
56058359611000, 13.599066, -0.60333884, 7.1730285
56058370257000, 16.567875, -1.5610195, 7.8529816
56058379926000, 18.05228, -2.825158, 8.015787
56058390537000, 17.78413, -3.964798, 8.66701
56058399965000, 17.314867, -4.6160207, 9.452309
56058410315000, 17.06587, -4.4723687, 9.921572
56058421079000, 15.792154, -2.1452048, 10.620679
56058431066000, 15.255854, -0.47884035, 11.21444
56058441696000, 14.5567465, 0.7661445, 12.0571995
56058451171000, 13.273455, 1.7717092, 12.516887
56058461285000, 11.60709, 2.8538885, 12.210428
56058471454000, 10.084377, 3.8594532, 11.789049
56058481166000, 8.724471, 4.5777135, 11.568783
56058491510000, 7.2592196, 4.951209, 11.281479
56058501310000, 5.995081, 4.9416323, 10.840945
56058512104000, 4.865018, 4.462792, 10.237606
56058521904000, 3.8594532, 3.7828386, 9.864111
56058531609000, 3.323152, 3.3327289, 9.825804
56058542503000, 3.41892, 2.8921957, 10.266336
56058551781000, 4.0892963, 2.4420857, 10.400413
56058562257000, 4.8362875, 1.8387469, 10.371682
56058572563000, 5.535394, 1.0151415, 10.28549
56058582568000, 6.14831, 0.16280572, 10.266336
56058592820000, 6.6750345, -0.5554548, 10.25676
56058605512000, 6.742072, -1.0247183, 9.950302
56058615363000, 6.253655, -1.0534488, 9.691729
56058627043000, 5.6407394, -0.51714754, 9.3661175
56058637247000, 5.00867, 0.22984336, 8.619126
56058656799000, 4.912902, 0.545878, 8.37013
56058677047000, 4.7979803, 1.8100165, 7.536947
56058687838000, 4.6255975, 2.2218192, 7.029376
56058697735000, 4.367024, 2.5761611, 6.5696893
56058707496000, 4.223372, 2.5187001, 6.445191
56058717275000, 4.3478703, 2.2409728, 6.7612257
56058727464000, 4.4244847, 1.9632454, 7.297527
56058737873000, 4.55856, 2.1452048, 8.331821
56058747557000, 5.104438, 2.8634653, 9.481039
56058758308000, 5.401319, 3.8786068, 12.11466
56058768310000, 6.6750345, 5.2959743, 15.179238
56058778484000, 7.469909, 6.742072, 17.362751
56058791126000, 9.337387, 7.5944076, 18.454506
56058800792000, 11.884817, 6.4547677, 18.981232
56058810825000, 11.530476, 3.1794999, 17.669209
56058820902000, 9.911995, 0.8331822, 15.313314
56058831077000, 7.872135, 0.49799395, 13.64695
56058841295000, 5.851429, 1.1971009, 11.999739
56058850746000, 4.1946416, 1.7908629, 9.864111
56058861214000, 2.9400797, 1.7717092, 7.28795
56058871832000, 1.8962077, 1.2737153, 5.0374002
56058880939000, 1.3790601, 0.7278373, 3.41892
56058891515000, 1.2737153, 0.24899697, 2.1068976
56058901330000, 1.6472107, -0.009576807, 1.3311762
56058912308000, 2.2888567, -0.18195933, 1.1109096
56058921752000, 2.873042, -0.30645782, 1.733402
56058932795000, 3.5338416, 1.0055647, 4.8841715
56058943075000, 3.667917, 2.2888567, 6.9623384
56058953305000, 3.6966474, 3.620033, 9.787497
56058962887000, 4.1371803, 4.6830587, 11.932701
56058973903000, 5.3821654, 5.2385135, 13.541605
56058985245000, 6.4164605, 5.1523223, 14.18325
56058994448000, 6.6175733, 4.6255975, 13.723564
56059004270000, 6.1387334, 4.0701427, 12.50731
56059014413000, 5.4683566, 3.7253778, 10.994174
56059024326000, 4.855441, 3.6391866, 9.414001
56059034456000, 4.357447, 3.715801, 8.082825
56059045422000, 3.9360676, 3.8786068, 6.933608
56059055483000, 3.7541082, 3.9360676, 6.157887
56059065475000, 3.6870706, 3.7253778, 5.592855
56059075538000, 3.7828386, 3.3901896, 5.2480903
56059085531000, 3.9935284, 2.9879637, 5.1906295
56059095468000, 4.4244847, 2.6719291, 5.410896
56059106331000, 4.9320555, 2.2888567, 5.8705826
56059115946000, 5.544971, 1.9249382, 6.4739213
56059126370000, 6.167464, 1.6089035, 7.240066
56059136540000, 6.7324953, 1.3503298, 7.929596
56059146434000, 7.1251445, 1.0055647, 8.523358
56059156531000, 7.3549876, 0.62249243, 8.8777
56059166917000, 7.345411, 0.37349546, 9.002198
56059176744000, 7.1347213, 0.30645782, 8.7532015
56059187185000, 6.885724, 0.4309563, 8.331821
56059197382000, 6.5122285, 0.7278373, 7.929596
56059208868000, 6.167464, 1.1204864, 7.5561004
56059217901000, 5.8322754, 1.5897499, 7.297527
56059229477000, 5.449203, 2.4612393, 6.8569937
56059240778000, 5.363012, 2.8060043, 6.789956
56059250329000, 5.353435, 3.0550013, 6.7803793
56059260661000, 5.439626, 3.169923, 6.8282633
56059275680000, 5.506664, 3.217807, 6.9048777
56059285118000, 5.6407394, 3.1028855, 7.019799
56059295136000, 5.746084, 2.825158, 7.2113357
56059305102000, 5.8705826, 2.5953147, 7.374141
56059315342000, 6.042965, 2.3463178, 7.575254
56059325355000, 6.196194, 2.2409728, 7.699753
56059335485000, 6.349423, 2.1930888, 7.7093296
56059355753000, 6.4643445, 2.1930888, 7.6135616
56059365742000, 6.5218053, 2.1643584, 7.5082164
56059375890000, 6.435614, 2.0494366, 7.2687964
56059386134000, 6.3781533, 1.9440918, 7.1826053
56059396098000, 6.2728086, 1.7908629, 7.1347213
56059406140000, 6.196194, 1.685518, 7.1155677
56059417152000, 6.0621185, 1.6663644, 7.029376
56059426832000, 5.90889, 1.6184803, 7.086837
56059446495000, 5.659893, 1.6472107, 7.2304893
56059456706000, 5.650316, 1.7046716, 7.374141
56059466912000, 5.592855, 1.7525556, 7.441179
56059497181000, 5.650316, 2.030283, 7.7093296
56059517298000, 5.602432, 2.1547816, 7.776367
56059527423000, 5.583278, 2.2218192, 7.7667904
56059538105000, 5.535394, 2.27928, 7.728483
56059547645000, 5.4204726, 2.3175871, 7.6710224
56059558259000, 5.2863975, 2.3080103, 7.699753
56059568264000, 5.1906295, 2.2505496, 7.728483
56059580646000, 5.104438, 2.2218192, 7.747637
56059590377000, 5.0374002, 2.1643584, 7.7572136
56059600234000, 4.9799395, 2.1260512, 7.776367
56059610787000, 4.960786, 2.0973208, 7.833828
56059631314000, 5.046977, 2.1068976, 7.8625584
56059651381000, 5.133168, 2.1452048, 7.843405
56059672236000, 5.133168, 2.183512, 7.7189064
56059681635000, 5.1140146, 2.1452048, 7.728483
56059691766000, 5.1523223, 2.1260512, 7.680599
56059711721000, 5.305551, 2.087744, 7.776367
56059721732000, 5.3821654, 2.0207062, 7.795521
56059741921000, 5.4204726, 2.0494366, 7.833828
56059752379000, 5.391742, 2.078167, 7.824251
56059773365000, 5.315128, 2.0494366, 7.690176
56059783389000, 5.267244, 2.0685902, 7.6710224
56059793556000, 5.2959743, 2.1068976, 7.642292
56059804287000, 5.305551, 2.078167, 7.6614456
56059813954000, 5.3342814, 2.1068976, 7.642292
56059835403000, 5.353435, 2.1739352, 7.603985
56059845526000, 5.3725886, 2.1547816, 7.6135616
56059855110000, 5.353435, 2.0973208, 7.651869
56059865932000, 5.3247046, 2.1260512, 7.575254
56059885574000, 5.21936, 2.135628, 7.5561004
56059895522000, 5.171476, 2.1643584, 7.517793
56059915896000, 5.161899, 2.2601264, 7.517793
56059927075000, 5.21936, 2.3175871, 7.603985
56059937181000, 5.2385135, 2.327164, 7.690176
56059946491000, 5.267244, 2.3558946, 7.747637
56059956368000, 5.3247046, 2.3750482, 7.7667904
56059966468000, 5.4204726, 2.3463178, 7.7572136
56059976651000, 5.410896, 2.327164, 7.747637
56059987653000, 5.4204726, 2.2601264, 7.7572136
56059997689000, 5.4683566, 2.1930888, 7.747637
56060007079000, 5.45878, 2.1068976, 7.7189064
56060017150000, 5.4779334, 2.0590134, 7.728483
56060027324000, 5.5258174, 2.030283, 7.680599
56060037870000, 5.583278, 1.9536686, 7.642292
56060047612000, 5.592855, 1.9057846, 7.6135616
56060057863000, 5.6120086, 1.9153614, 7.5848308
56060067588000, 5.602432, 1.8674773, 7.5944076
56060080113000, 5.6407394, 1.8195933, 7.603985
56060100871000, 5.66947, 1.7812861, 7.642292
56060110652000, 5.6407394, 1.7525556, 7.651869
56060130788000, 5.650316, 1.7717092, 7.632715
56060150992000, 5.6120086, 1.8100165, 7.6135616
56060161055000, 5.631162, 1.8291701, 7.603985
56060171314000, 5.66947, 1.8866309, 7.642292
56060191563000, 5.650316, 1.9536686, 7.6135616
56060212574000, 5.6886234, 2.030283, 7.632715
56060223139000, 5.659893, 2.0111294, 7.651869
56060243648000, 5.583278, 1.9919758, 7.642292
56060254988000, 5.6215854, 1.9728222, 7.6614456
56060264992000, 5.6120086, 1.982399, 7.651869
56060274922000, 5.583278, 2.0015526, 7.6231384
56060295637000, 5.5641246, 2.0494366, 7.632715
56060305511000, 5.554548, 2.030283, 7.6710224
56060315841000, 5.497087, 2.0207062, 7.642292
56060337146000, 5.45878, 1.9919758, 7.651869
56060357345000, 5.449203, 1.9632454, 7.6135616
56060367374000, 5.439626, 1.9536686, 7.632715
56060377629000, 5.45878, 1.9919758, 7.680599
56060397456000, 5.4300494, 2.0207062, 7.6710224
56060408791000, 5.439626, 2.030283, 7.7093296
56060428859000, 5.4779334, 2.0494366, 7.680599
56060439880000, 5.45878, 2.0590134, 7.6614456
56060461139000, 5.4779334, 2.0015526, 7.642292
56060491595000, 5.439626, 1.9536686, 7.6231384
56060501654000, 5.4683566, 1.9632454, 7.632715
56060512891000, 5.45878, 1.9536686, 7.651869
56060524959000, 5.449203, 1.9249382, 7.699753
56060534150000, 5.45878, 1.934515, 7.690176
56060554903000, 5.45878, 1.9728222, 7.7093296
56060575457000, 5.449203, 2.0111294, 7.6614456
56060585335000, 5.4779334, 2.0207062, 7.5944076
56060595590000, 5.5258174, 2.030283, 7.603985
56060605502000, 5.506664, 2.0111294, 7.651869
56060625836000, 5.5258174, 1.9919758, 7.5848308
56060635738000, 5.5162406, 2.0207062, 7.6135616
56060645978000, 5.45878, 2.0111294, 7.642292
56060656082000, 5.5162406, 1.9919758, 7.651869
56060676536000, 5.497087, 1.9728222, 7.632715
56060686976000, 5.5162406, 1.9536686, 7.651869
56060696548000, 5.5258174, 2.0015526, 7.6710224
56060706507000, 5.544971, 1.9919758, 7.651869
56060717608000, 5.506664, 2.0015526, 7.6710224
56060726986000, 5.5258174, 1.982399, 7.651869
56060757136000, 5.497087, 2.030283, 7.632715
56060777499000, 5.5258174, 2.0590134, 7.575254
56060797960000, 5.5162406, 2.0398598, 7.632715
56060808183000, 5.497087, 2.030283, 7.642292
56060818319000, 5.5162406, 2.0398598, 7.6231384
56060827887000, 5.4779334, 2.0494366, 7.642292
56060837976000, 5.497087, 1.9919758, 7.6231384
56060848049000, 5.5162406, 2.0015526, 7.603985
56060868315000, 5.5258174, 1.982399, 7.651869
56060879182000, 5.506664, 1.9728222, 7.6710224
56060888609000, 5.4779334, 2.0111294, 7.6614456
56060899392000, 5.45878, 2.0207062, 7.651869
56060910764000, 5.449203, 2.0015526, 7.642292
56060920278000, 5.45878, 1.9919758, 7.6710224
56060930122000, 5.4779334, 2.0111294, 7.6614456
56060940149000, 5.45878, 2.0207062, 7.6710224
56060950474000, 5.449203, 2.0015526, 7.699753
56060975108000, 5.45878, 1.9919758, 7.7093296
56060985523000, 5.497087, 1.9728222, 7.73806
56060996017000, 5.5258174, 1.9440918, 7.7189064
56061015439000, 5.5162406, 1.9440918, 7.6710224
56061025457000, 5.497087, 1.9919758, 7.6614456
56061035439000, 5.4779334, 1.934515, 7.6710224
56061047800000, 5.497087, 1.9440918, 7.632715
56061066498000, 5.4779334, 1.9536686, 7.603985
56061086777000, 5.5162406, 1.982399, 7.632715
56061096701000, 5.544971, 2.0207062, 7.642292
56061107030000, 5.535394, 2.030283, 7.632715
56061117464000, 5.554548, 2.0015526, 7.651869
56061127418000, 5.535394, 2.0207062, 7.632715
56061147637000, 5.5641246, 2.0015526, 7.699753
56061158271000, 5.5162406, 2.0111294, 7.651869
56061168134000, 5.5258174, 2.0398598, 7.6710224
56061178747000, 5.5162406, 2.0494366, 7.680599
56061188365000, 5.535394, 2.030283, 7.6614456
56061209456000, 5.506664, 1.982399, 7.651869
56061219401000, 5.497087, 2.0207062, 7.6710224
56061240234000, 5.48751, 2.0207062, 7.651869
56061249813000, 5.4683566, 2.0111294, 7.6710224
56061260141000, 5.497087, 1.9919758, 7.642292
56061270127000, 5.5162406, 1.9728222, 7.651869
56061280181000, 5.535394, 1.9440918, 7.642292
56061304167000, 5.4683566, 1.934515, 7.6135616
56061313161000, 5.506664, 1.9153614, 7.632715
56061323256000, 5.5162406, 1.934515, 7.6135616
56061333341000, 5.544971, 1.9632454, 7.632715
56061343725000, 5.5162406, 1.9919758, 7.5944076
56061353842000, 5.506664, 1.982399, 7.6231384
56061384782000, 5.5162406, 1.9919758, 7.651869
56061394955000, 5.5258174, 2.0015526, 7.6710224
56061414995000, 5.5258174, 1.9919758, 7.651869
56061434994000, 5.544971, 2.030283, 7.680599
56061455162000, 5.554548, 2.0015526, 7.642292
56061465238000, 5.544971, 2.0111294, 7.680599
56061485231000, 5.5641246, 1.9919758, 7.6231384
56061505540000, 5.583278, 2.0015526, 7.6614456
56061515553000, 5.5737014, 1.9919758, 7.632715
56061525778000, 5.5258174, 1.9632454, 7.6614456
56061535739000, 5.506664, 1.9440918, 7.5848308
56061556207000, 5.4779334, 1.982399, 7.5848308
56061566520000, 5.4300494, 1.9440918, 7.603985
56061576789000, 5.439626, 1.8866309, 7.6135616
56061596450000, 5.4204726, 1.8387469, 7.651869
56061616628000, 5.439626, 1.6759412, 7.7093296
56061637014000, 5.4300494, 1.6663644, 7.728483
56061647170000, 5.4204726, 1.685518, 7.7189064
56061657106000, 5.449203, 1.733402, 7.728483
56061667271000, 5.4204726, 1.7717092, 7.747637
56061677661000, 5.401319, 1.8579005, 7.7093296
56061687556000, 5.439626, 1.9440918, 7.699753
56061697637000, 5.401319, 2.030283, 7.6710224
56061718017000, 5.4204726, 2.2601264, 7.73806
56061727904000, 5.449203, 2.327164, 7.690176
56061738720000, 5.535394, 2.4420857, 7.5848308
56061758221000, 5.554548, 2.480393, 7.565677
56061768267000, 5.535394, 2.432509, 7.5944076
56061789949000, 5.48751, 2.3463178, 7.642292
56061799428000, 5.4779334, 2.2888567, 7.6231384
56061819856000, 5.4779334, 2.2505496, 7.5944076
56061830144000, 5.449203, 2.183512, 7.6614456
56061839859000, 5.4683566, 2.135628, 7.7093296
56061849910000, 5.48751, 2.078167, 7.680599
56061860338000, 5.497087, 2.0590134, 7.6710224
56061880297000, 5.48751, 1.9536686, 7.6710224
56061890489000, 5.497087, 1.9440918, 7.651869
56061910886000, 5.5258174, 1.8291701, 7.6710224
56061930971000, 5.5641246, 1.7238252, 7.680599
56061941216000, 5.592855, 1.6950948, 7.651869
56061951045000, 5.6120086, 1.6376339, 7.632715
56061981409000, 5.6407394, 1.5801731, 7.6135616
56061991710000, 5.6886234, 1.6280571, 7.603985
56062001420000, 5.66947, 1.6663644, 7.5944076
56062012523000, 5.650316, 1.733402, 7.575254
56062021744000, 5.602432, 1.8100165, 7.632715
56062041910000, 5.583278, 1.8387469, 7.603985
56062051888000, 5.535394, 1.8483237, 7.575254
56062062943000, 5.5258174, 1.8866309, 7.5561004
56062093583000, 5.449203, 2.1452048, 7.6710224
56062113580000, 5.4300494, 2.135628, 7.6614456
56062133797000, 5.449203, 2.1068976, 7.728483
56062164445000, 5.497087, 2.1068976, 7.73806
56062174446000, 5.5162406, 2.135628, 7.6710224
56062184402000, 5.554548, 2.183512, 7.6614456
56062194677000, 5.544971, 2.1739352, 7.632715
56062205179000, 5.554548, 2.2026656, 7.6231384
56062214839000, 5.5737014, 2.2122424, 7.5848308
56062228327000, 5.583278, 2.1643584, 7.5465236
56062237519000, 5.6120086, 2.1260512, 7.575254
56062257869000, 5.6982, 2.0494366, 7.5848308
56062268019000, 5.717354, 2.0207062, 7.5561004
56062288700000, 5.765238, 2.0398598, 7.517793
56062309280000, 5.803545, 2.0111294, 7.4986396
56062320159000, 5.7365074, 1.9057846, 7.517793
56062330120000, 5.66947, 1.8962077, 7.489063
56062340098000, 5.6407394, 1.8483237, 7.517793
56062350095000, 5.6215854, 1.8195933, 7.5561004
56062360488000, 5.6120086, 1.8483237, 7.6135616
56062370610000, 5.5737014, 1.8195933, 7.680599
56062380637000, 5.5162406, 1.8291701, 7.6710224
56062390727000, 5.506664, 1.8674773, 7.728483
56062400660000, 5.45878, 1.8770541, 7.73806
56062410770000, 5.439626, 1.9057846, 7.747637
56062420887000, 5.4300494, 1.934515, 7.728483
56062430974000, 5.439626, 1.9249382, 7.699753
56062440970000, 5.45878, 1.9919758, 7.690176
56062460896000, 5.449203, 1.9249382, 7.73806
56062470944000, 5.4779334, 1.934515, 7.728483
56062481040000, 5.497087, 1.9153614, 7.6710224
56062491108000, 5.5258174, 1.9057846, 7.632715
56062511164000, 5.6215854, 1.934515, 7.6231384
56062521263000, 5.631162, 1.9440918, 7.603985
56062531407000, 5.659893, 1.934515, 7.575254
56062541525000, 5.6982, 1.9440918, 7.5848308
56062551661000, 5.765238, 2.0015526, 7.7093296
56062561627000, 5.7269306, 2.0111294, 7.603985
56062591976000, 5.659893, 1.9536686, 7.6135616
56062601993000, 5.583278, 1.934515, 7.6614456
56062612125000, 5.535394, 1.9249382, 7.699753
56062632569000, 5.497087, 1.8291701, 7.776367
56062642962000, 5.4300494, 1.8483237, 7.747637
56062653267000, 5.3821654, 1.8770541, 7.795521
56062663204000, 5.363012, 1.8579005, 7.824251
56062673273000, 5.3438582, 1.8387469, 7.8625584
56062683601000, 5.267244, 1.8195933, 7.881712
56062693514000, 5.305551, 1.8579005, 7.690176
56062703739000, 5.2385135, 1.8770541, 7.8146744
56062713759000, 5.2289367, 1.8866309, 7.881712
56062734436000, 5.1906295, 1.9153614, 7.833828
56062744442000, 5.171476, 1.8674773, 7.872135
56062764751000, 5.094861, 1.8004397, 7.920019
56062784675000, 5.1140146, 1.8866309, 7.8625584
56062794788000, 5.0757074, 1.8962077, 7.881712
56062818726000, 5.046977, 1.8962077, 7.9104424
56062827766000, 5.056554, 1.8866309, 7.8912888
56062837833000, 5.0278234, 1.9057846, 7.920019
56062858146000, 5.0182467, 1.8770541, 7.9391727
56062868130000, 5.00867, 1.8674773, 7.967903
56062878225000, 5.0374002, 1.8579005, 7.920019
56062898430000, 4.999093, 1.8674773, 7.8912888
56062908846000, 4.9703627, 1.8579005, 7.8625584
56062918813000, 4.9799395, 1.8674773, 7.872135
56062939440000, 4.960786, 1.8866309, 7.8912888
56062959680000, 4.9895163, 1.8962077, 7.920019
56062979819000, 5.00867, 1.934515, 7.920019
56062990065000, 4.9799395, 1.9536686, 7.9391727
56063010564000, 4.9895163, 1.8866309, 7.8529816
56063030209000, 4.999093, 1.8866309, 7.8625584
56063040737000, 4.9895163, 1.9440918, 7.9104424
56063050298000, 4.999093, 1.9057846, 7.8625584
56063070986000, 4.9895163, 1.8962077, 8.00621
56063080630000, 4.9799395, 1.8770541, 8.034941
56063090760000, 4.9703627, 1.8387469, 8.054094
56063101084000, 4.9895163, 1.8291701, 8.0445175
56063121373000, 5.00867, 1.8195933, 8.00621
56063131133000, 5.0182467, 1.8483237, 8.015787
56063151271000, 5.00867, 1.8674773, 8.025364
56063161360000, 5.0278234, 1.8387469, 8.015787
56063171579000, 5.046977, 1.8483237, 7.9966335
56063181825000, 5.056554, 1.8291701, 8.00621
56063201873000, 5.0278234, 1.8674773, 7.97748
56063222486000, 5.0182467, 1.9153614, 8.00621
56063232641000, 5.00867, 1.9057846, 7.967903
56063243173000, 5.0278234, 1.8962077, 7.97748
56063253306000, 5.046977, 1.9057846, 7.9966335
56063273443000, 5.0757074, 1.8770541, 7.97748
56063283923000, 5.1140146, 1.8674773, 7.9391727
56063294169000, 5.161899, 1.8770541, 7.9008656
56063304240000, 5.2002063, 1.8100165, 7.824251
56063314851000, 5.1906295, 1.7812861, 7.843405
56063335091000, 5.257667, 1.8004397, 7.8050976
56063355349000, 5.2863975, 1.8100165, 7.833828
56063365656000, 5.2768207, 1.8195933, 7.8146744
56063376068000, 5.257667, 1.8004397, 7.872135
56063385749000, 5.2289367, 1.8195933, 7.881712
56063405915000, 5.171476, 1.8579005, 7.8912888
56063426423000, 5.104438, 1.8674773, 7.97748
56063435767000, 5.1140146, 1.8195933, 7.920019
56063445912000, 5.104438, 1.8387469, 7.881712
56063456067000, 5.094861, 1.8195933, 7.9104424
56063467336000, 5.0757074, 1.8387469, 7.9008656
56063477018000, 5.104438, 1.8291701, 7.920019
56063487150000, 5.0757074, 1.8579005, 7.9583263
56063497060000, 5.0661306, 1.8387469, 7.9487495
56063516928000, 5.085284, 1.8387469, 7.97748
56063527048000, 5.056554, 1.8291701, 7.9487495
56063547165000, 5.0661306, 1.8770541, 7.929596
56063557493000, 5.0374002, 1.8866309, 7.967903
56063567786000, 5.056554, 1.8483237, 7.929596
56063578392000, 5.0182467, 1.8674773, 7.9104424
56063588762000, 4.9895163, 1.8579005, 7.920019
56063598487000, 5.00867, 1.8387469, 7.9487495
56063618847000, 5.0182467, 1.8387469, 7.9487495
56063629141000, 5.056554, 1.8195933, 7.929596
56063649691000, 5.0757074, 1.8579005, 7.929596
56063660110000, 5.0661306, 1.8770541, 7.9966335
56063679941000, 5.0757074, 1.8674773, 7.920019
56063700192000, 5.0661306, 1.8962077, 7.8912888
56063720172000, 5.0757074, 1.8866309, 7.9104424
56063740536000, 5.0757074, 1.8674773, 7.9487495
56063761100000, 5.094861, 1.8195933, 7.929596
56063770770000, 5.0757074, 1.8674773, 7.9583263
56063790887000, 5.0661306, 1.8100165, 7.9583263
56063811114000, 5.085284, 1.8195933, 7.9583263
56063821234000, 5.094861, 1.8004397, 7.929596
56063831406000, 5.085284, 1.8100165, 7.920019
56063841450000, 5.056554, 1.8483237, 7.967903
56063851420000, 5.0757074, 1.8291701, 7.97748
56063871639000, 5.0661306, 1.8579005, 7.9391727
56063901966000, 5.046977, 1.8387469, 7.9008656
56063942743000, 5.00867, 1.8387469, 7.9104424
56063952554000, 5.0278234, 1.8483237, 7.97748
56063963188000, 5.0374002, 1.8291701, 7.967903
56063972883000, 5.046977, 1.8483237, 7.9583263
56063993417000, 5.0661306, 1.8291701, 7.97748
56064013599000, 5.046977, 1.8195933, 7.9487495
56064023799000, 5.0661306, 1.8004397, 7.929596
56064044879000, 5.0757074, 1.8387469, 7.9487495
56064054902000, 5.0374002, 1.8291701, 7.9391727
56064075375000, 5.0661306, 1.8483237, 7.9487495
56064085202000, 5.0374002, 1.8674773, 7.9583263
56064105268000, 5.056554, 1.8674773, 8.025364
56064135633000, 5.0374002, 1.8770541, 7.9870567
56064156240000, 5.0661306, 1.8579005, 7.967903
56064175412000, 5.046977, 1.8195933, 8.025364
56064185387000, 5.0374002, 1.8100165, 7.9966335
56064195517000, 5.046977, 1.8387469, 8.00621
56064215941000, 5.046977, 1.8483237, 7.9870567
56064226057000, 5.056554, 1.8579005, 7.9487495
56064246208000, 5.085284, 1.8387469, 7.9391727
56064256179000, 5.0661306, 1.8962077, 7.929596
56064286618000, 5.104438, 1.8770541, 7.9391727
56064296657000, 5.085284, 1.8674773, 7.9583263
56064326987000, 5.056554, 1.8770541, 7.9391727
56064357352000, 5.046977, 1.8866309, 7.920019
56064368056000, 5.085284, 1.8674773, 7.9391727
56064388099000, 5.0757074, 1.9057846, 7.8912888
56064409102000, 5.056554, 1.8674773, 7.8912888
56064429892000, 5.0661306, 1.8291701, 7.9008656
56064438947000, 5.094861, 1.8100165, 7.9104424
56064449394000, 5.0757074, 1.8387469, 7.920019
56064459664000, 5.0661306, 1.8100165, 7.929596
56064469378000, 5.094861, 1.8291701, 7.9104424
56064479977000, 5.0757074, 1.8195933, 7.8912888
56064500577000, 5.085284, 1.8387469, 7.9391727
56064510340000, 5.104438, 1.8100165, 7.967903
56064520233000, 5.085284, 1.8483237, 7.9583263
56064540772000, 5.1140146, 1.8579005, 7.9487495
56064550742000, 5.094861, 1.8483237, 7.967903
56064570945000, 5.1140146, 1.8483237, 7.929596
56064581056000, 5.085284, 1.8674773, 7.9104424
56064611332000, 5.046977, 1.8483237, 7.9391727
56064631551000, 5.056554, 1.8291701, 7.9008656
56064641573000, 5.046977, 1.8483237, 7.8912888
56064663245000, 5.056554, 1.8387469, 7.9487495
56064673323000, 5.0278234, 1.8483237, 7.920019
56064693507000, 5.0661306, 1.8674773, 7.9391727
56064703342000, 5.056554, 1.8579005, 7.929596
56064713458000, 5.0757074, 1.8387469, 7.9104424
56064723650000, 5.0661306, 1.8579005, 7.9391727
56064744879000, 5.056554, 1.8483237, 7.967903
56064775195000, 5.0757074, 1.8387469, 7.920019
56064785203000, 5.046977, 1.8483237, 7.9391727
56064795299000, 5.0374002, 1.8004397, 7.97748
56064805318000, 5.056554, 1.7908629, 7.967903
56064815731000, 5.085284, 1.8195933, 8.00621
56064835686000, 5.0661306, 1.8100165, 7.929596
56064855618000, 5.0757074, 1.8195933, 7.9391727
56064865968000, 5.056554, 1.8387469, 7.967903
56064876381000, 5.104438, 1.8483237, 7.9391727
56064885790000, 5.1140146, 1.8579005, 7.9487495
56064895876000, 5.1235914, 1.8483237, 7.9391727
56064906200000, 5.094861, 1.8387469, 7.929596
56064936322000, 5.094861, 1.8866309, 7.9391727
56064956559000, 5.104438, 1.8387469, 7.9487495
56064966643000, 5.1235914, 1.8291701, 7.929596
56064987005000, 5.1235914, 1.8483237, 7.9583263
56064996958000, 5.1140146, 1.8387469, 7.9870567
56065007072000, 5.104438, 1.8579005, 7.929596
56065017266000, 5.094861, 1.8674773, 7.9870567
56065037709000, 5.046977, 1.8962077, 7.9583263
56065058264000, 5.0278234, 1.9153614, 7.9487495
56065068125000, 5.0374002, 1.8674773, 7.97748
56065078322000, 5.056554, 1.9057846, 8.00621
56065098612000, 5.046977, 1.8579005, 7.97748
56065119815000, 5.056554, 1.8195933, 7.920019
56065140131000, 5.0757074, 1.8195933, 7.929596
56065161028000, 5.056554, 1.8483237, 7.9583263
56065180949000, 5.0661306, 1.8291701, 7.9104424
56065190860000, 5.056554, 1.8387469, 7.929596
56065200799000, 5.085284, 1.8483237, 7.9487495
56065211295000, 5.104438, 1.8291701, 7.97748
56065220764000, 5.085284, 1.8387469, 7.9583263
56065251217000, 5.094861, 1.8866309, 7.9104424
56065261290000, 5.0757074, 1.9153614, 7.8912888
56065271246000, 5.104438, 1.8866309, 7.920019
56065281402000, 5.0757074, 1.8962077, 7.9008656
56065301395000, 5.085284, 1.8866309, 7.9104424
56065321588000, 5.104438, 1.8674773, 7.8625584
56065331805000, 5.094861, 1.8483237, 7.8912888
56065341937000, 5.0757074, 1.8387469, 7.929596
56065352055000, 5.0661306, 1.8291701, 7.967903
56065372100000, 5.056554, 1.8674773, 7.929596
56065382340000, 5.0661306, 1.8483237, 7.9870567
56065402529000, 5.0661306, 1.8962077, 7.9583263
56065413422000, 5.0374002, 1.8866309, 7.9391727
56065423627000, 5.056554, 1.9153614, 7.967903
56065433800000, 5.046977, 1.8866309, 7.9583263
56065454605000, 5.0374002, 1.8483237, 7.9487495
56065464242000, 5.0278234, 1.8674773, 7.9583263
56065474536000, 5.0374002, 1.9057846, 7.9966335
56065484554000, 5.056554, 1.8770541, 7.9870567
56065495249000, 5.0661306, 1.8866309, 7.9583263
56065515929000, 5.1140146, 1.8579005, 7.9487495
56065535758000, 5.0757074, 1.8579005, 7.929596
56065546132000, 5.085284, 1.8291701, 7.967903
56065556396000, 5.1140146, 1.8579005, 7.9583263
56065565835000, 5.0661306, 1.8674773, 7.920019
56065576455000, 5.104438, 1.8579005, 7.9391727
56065596598000, 5.0757074, 1.8387469, 7.9966335
56065626978000, 5.0757074, 1.8195933, 7.9391727
56065637841000, 5.0661306, 1.8291701, 7.9583263
56065647102000, 5.094861, 1.8579005, 7.97748
56065657300000, 5.056554, 1.8387469, 7.920019
56065668509000, 5.0661306, 1.8770541, 7.8912888
56065678499000, 5.0374002, 1.8483237, 7.881712
56065689881000, 5.046977, 1.8866309, 7.920019
56065699903000, 5.0278234, 1.8770541, 7.9487495
56065710654000, 5.056554, 1.8866309, 7.967903
56065721232000, 5.0278234, 1.8962077, 7.9487495
56065730754000, 5.046977, 1.8770541, 7.9583263
56065740772000, 5.085284, 1.9057846, 7.9487495
56065750726000, 5.094861, 1.8962077, 7.9583263
56065761125000, 5.0661306, 1.8483237, 7.967903
56065771662000, 5.056554, 1.8387469, 7.929596
56065781029000, 5.0661306, 1.8195933, 7.9008656
56065801167000, 5.0278234, 1.8195933, 7.872135
56065811508000, 5.0374002, 1.8004397, 7.8912888
56065822115000, 5.056554, 1.8291701, 7.929596
56065831545000, 5.046977, 1.8100165, 7.9487495
56065861922000, 5.056554, 1.8483237, 7.9487495
56065881821000, 5.0757074, 1.8770541, 7.9391727
56065892354000, 5.046977, 1.8579005, 7.929596
56065902409000, 5.0661306, 1.8291701, 7.9104424
56065912129000, 5.0374002, 1.8387469, 7.9008656
56065922375000, 5.046977, 1.8483237, 7.9391727
56065932498000, 5.0661306, 1.8770541, 7.9487495
56065953142000, 5.046977, 1.8195933, 7.97748
56065963397000, 5.0182467, 1.7908629, 8.00621
56065973504000, 5.046977, 1.8483237, 7.9487495
56065983849000, 5.056554, 1.8387469, 7.9583263
56065994911000, 5.094861, 1.8195933, 7.920019
56066014592000, 5.0757074, 1.8291701, 7.967903
56066024623000, 5.046977, 1.8195933, 7.97748
56066045001000, 5.046977, 1.8387469, 7.9583263
56066065228000, 5.0374002, 1.8483237, 7.9966335
56066075654000, 5.0182467, 1.8579005, 8.00621
56066095335000, 5.0374002, 1.8195933, 7.967903
56066105939000, 5.056554, 1.8387469, 7.97748
