#Acceleration force along the x y z axes (including gravity).
#timestamp(ns),x,y,z(m/s^2)
#Datetime: 23/03/2015 10:07:56
##########################################
#Activity: 10 - FOL - Forward-lying - 10s
#Subject ID: 36
#First Name: sub36
#Last Name: sub36
#Age: 22
#Height(cm): 164
#Weight(kg): 62
#Gender: Female
##########################################

@DATA
2545868551000, 1.2545617, 9.787497, 1.0726024
2546274903000, 1.388637, 9.165004, 1.0055647
2546475528000, 0.94810385, 10.0269165, 1.8100165
2546675693000, 2.384625, 6.7803793, 0.7469909
2546686056000, 2.3750482, 8.00621, 0.45968673
2546696048000, 2.0111294, 7.9583263, 0.47884035
2546706216000, 1.5705963, 7.73806, 0.4213795
2546716697000, 1.3599066, 7.4124484, 0.33518824
2546727229000, 1.4269443, 7.489063, 0.18195933
2546736385000, 1.4652514, 8.015787, -0.20111294
2546747596000, 1.292869, 8.379706, -1.541866
2546756518000, 1.0821792, 8.312668, -2.9113493
2546766702000, 1.2162545, 8.1402855, -3.2944214
2546777650000, 1.6950948, 7.5082164, -2.8060043
2546786971000, 2.0207062, 6.0716953, -2.767697
2546797959000, 2.27928, 5.497087, -2.9975405
2546807779000, 2.528277, 5.142745, -3.2082303
2546828697000, 2.882619, 6.0142345, -2.9783869
2546838041000, 3.064578, 7.2687964, -2.719813
2546849358000, 3.1316159, 8.63828, -2.8443117
2546858466000, 3.2561142, 10.496181, -3.064578
2546868640000, 3.4572272, 11.932701, -3.1507695
2546878650000, 3.620033, 12.449849, -2.9592333
2546899088000, 3.371036, 12.5264635, -3.572149
2546912284000, 3.2082303, 13.263878, -3.6296098
2546931628000, 3.0550013, 13.072341, -3.169923
2546941435000, 3.0933087, 12.612655, -2.920926
2546952490000, 3.2944214, 12.038046, -3.083732
2546971660000, 3.4476504, 12.133814, -3.964798
2546981818000, 3.6391866, 11.932701, -4.0414124
2546992020000, 3.7062242, 11.674128, -3.6774938
2547003187000, 3.715801, 11.329363, -3.6487634
2547012540000, 3.5625722, 11.022904, -3.7445314
2547022943000, 3.3614593, 10.630256, -3.6296098
2547033085000, 3.1986535, 10.04607, -3.4284968
2547043917000, 2.9400797, 9.595961, -3.371036
2547053329000, 2.5761611, 9.174581, -3.6487634
2547063484000, 2.4037786, 8.887277, -4.1371803
2547073567000, 2.4899697, 8.7532015, -4.4244847
2547084472000, 2.7868507, 8.619126, -4.462792
2547094939000, 3.3135753, 8.628703, -4.098873
2547105802000, 3.8307228, 8.66701, -3.8594532
2547126159000, 4.7309427, 9.576807, -4.0701427
2547135811000, 5.094861, 10.448297, -4.5394063
2547145972000, 5.497087, 11.453861, -4.9416323
2547156094000, 5.4779334, 12.095507, -5.4204726
2547166541000, 5.497087, 12.4785795, -5.5641246
2547176102000, 5.3438582, 12.564771, -5.2959743
2547186194000, 5.305551, 12.603078, -4.8745947
2547196655000, 5.363012, 12.852075, -4.8937483
2547206933000, 5.5162406, 13.01488, -5.1523223
2547217421000, 5.8705826, 13.22557, -5.650316
2547227094000, 6.1387334, 13.215993, -5.9184666
2547237111000, 6.646304, 13.139379, -6.129156
2547247275000, 7.0102224, 13.110648, -6.291962
2547258322000, 7.4986396, 13.22557, -6.445191
2547267734000, 7.9487495, 13.340492, -6.751649
2547288082000, 9.050082, 13.378799, -6.847417
2547298059000, 9.069236, 12.919112, -7.067683
2547309238000, 8.676587, 12.200851, -7.201759
2547319275000, 8.034941, 11.15698, -7.086837
2547329260000, 7.2209125, 9.959879, -6.483498
2547339820000, 6.531382, 8.992621, -5.803545
2547350771000, 6.253655, 8.331821, -5.1906295
2547361471000, 6.291962, 7.785944, -4.8745947
2547371230000, 6.5026517, 7.249643, -4.8362875
2547381507000, 6.493075, 6.6654577, -5.0757074
2547391159000, 6.2345014, 6.1100025, -5.2002063
2547401430000, 5.6886234, 5.6886234, -5.1906295
2547411311000, 5.21936, 5.410896, -5.056554
2547422068000, 4.721366, 5.353435, -4.5777135
2547431596000, 4.1371803, 5.4683566, -4.596867
2547441708000, 3.620033, 5.554548, -5.00867
2547452381000, 3.4763808, 5.401319, -5.21936
2547462547000, 3.6966474, 5.1523223, -5.544971
2547472758000, 4.1659107, 4.5202527, -5.8705826
2547482916000, 5.257667, 2.480393, -6.0142345
2547492904000, 6.3206925, 1.6280571, -5.6407394
2547502819000, 6.9240313, 0.90021986, -5.554548
2547513651000, 6.9623384, 0.20111294, -6.167464
2547523231000, 6.742072, -0.37349546, -5.9184666
2547533348000, 6.6175733, -0.7086837, -4.5872903
2547543322000, 6.1195793, -1.283292, -2.3080103
2547553737000, 5.1523223, -2.432509, 0.41180268
2547566095000, 4.0318356, -3.916914, 2.9879637
2547576283000, 2.7006595, -5.0182467, 5.1523223
2547586130000, -0.047884032, -5.7843914, 6.3589997
2547595626000, -3.7732618, -6.081272, 7.0006456
2547607515000, -8.37013, -6.6654577, 9.481039
2547617418000, -13.953407, -7.1826053, 14.5088625
2547627015000, -16.74026, -5.9663506, 10.869676
2547638184000, -18.138472, -3.371036, 7.28795
2547647574000, -18.83758, -2.815581, 10.084377
2547657661000, -18.148048, -4.4723687, 12.028469
2547667761000, -12.5264635, -8.236053, 9.902418
2547677854000, -7.28795, -10.773908, 8.475474
2547687982000, -3.8786068, -10.860099, 9.241618
2547699096000, -1.2737153, -10.141838, 10.304645
2547708660000, 0.7182605, -8.695741, 11.243171
2547719448000, 2.7389667, -4.654328, 11.271901
2547729566000, 2.0398598, -2.27928, 11.243171
2547739517000, -0.019153614, 0.8523358, 11.999739
2547749962000, -2.633622, 4.050989, 12.229582
2547759949000, -4.7022123, 5.717354, 11.549629
2547769971000, -6.253655, 4.4244847, 10.007763
2547780182000, -8.350976, 2.0590134, 6.38773
2547790576000, -10.419566, 0.60333884, 4.4723687
2547800585000, -11.463438, 0.22984336, 3.8019924
2547810948000, -11.204864, -0.63206923, 5.104438
2547821279000, -10.505757, -3.5625722, 9.069236
2547831568000, -10.840945, -4.6830587, 14.30775
2547841518000, -14.279019, 1.5705963, 16.922218
2547851579000, -12.105083, 4.0222588, 18.23424
2547861766000, -15.820885, -0.40222588, 17.7554
2547871628000, -17.678785, -6.4739213, 16.76899
2547901883000, -10.295067, -11.21444, 11.319786
2547912353000, -6.0238113, -11.798626, 8.848969
2547921198000, -1.7717092, -8.542512, 6.4068837
2547931428000, 2.2409728, -5.21936, 1.6184803
2547941332000, 3.3327289, -3.8594532, -2.4133554
2547951536000, 3.8881836, -0.6703765, -0.9864111
2547961492000, 5.2768207, 3.9360676, 2.5091233
2547971595000, 4.453215, 5.861006, 5.2002063
2547981738000, 1.1492168, 6.215348, 7.632715
2547991746000, -1.2066777, 6.799533, 7.422025
2548002477000, -2.2697031, 5.2002063, 6.5026517
2548013032000, -2.8634653, 2.1739352, 6.2632318
2548022361000, -4.10845, -0.6512229, 6.1004257
2548032817000, -6.3111157, -3.0262709, 6.0142345
2548042553000, -9.174581, -5.209783, 6.588843
2548052743000, -11.664551, -7.28795, 7.2592196
2548062757000, -13.129802, -8.772355, 7.824251
2548072971000, -13.426683, -9.624691, 8.350976
2548083427000, -9.672575, -7.2592196, 9.002198
2548093616000, -7.2687964, -5.2480903, 9.097966
2548104063000, -5.506664, -3.0550013, 9.011775
2548114341000, -4.8937483, -0.94810385, 8.858546
2548124419000, -4.903325, 0.9959879, 8.590396
2548134615000, -5.00867, 2.6048915, 8.264784
2548144724000, -5.0374002, 3.7253778, 8.207323
2548154878000, -4.8937483, 4.156334, 8.1402855
2548165415000, -4.5872903, 3.8786068, 8.130709
2548176157000, -4.4723687, 3.265691, 8.379706
2548185949000, -5.0374002, 2.7868507, 8.686164
2548195671000, -5.985504, 2.327164, 8.887277
2548205538000, -6.7708025, 1.5897499, 8.686164
2548215550000, -7.038953, 0.50757074, 8.571242
2548225491000, -6.6750345, -0.5554548, 8.485051
2548235760000, -5.889736, -1.0534488, 8.619126
2548245715000, -5.046977, -0.6895301, 8.839393
2548256424000, -4.4244847, 0.06703765, 8.963891
2548265933000, -3.9743748, 0.7565677, 9.136273
2548275910000, -3.7349546, 1.2737153, 8.973468
2548296040000, -3.8786068, 1.6280571, 7.4028716
2548306840000, -3.9073372, 1.2066777, 6.5218053
2548316527000, -3.8498764, 0.6895301, 6.1100025
2548326673000, -3.8115692, 0.39264908, 6.3111157
2548337649000, -3.8977604, 0.45968673, 6.9623384
2548347488000, -4.003105, 0.94810385, 7.785944
2548357560000, -4.213795, 1.6184803, 8.42759
2548367590000, -4.4436383, 2.3654714, 8.963891
2548377629000, -4.7022123, 3.1411927, 9.308656
2548389019000, -4.9224787, 3.8115692, 8.925584
2548397922000, -4.912902, 3.3423057, 8.37013
2548418918000, -5.094861, 2.1739352, 7.6231384
2548428665000, -5.2768207, 1.7525556, 7.345411
2548438872000, -5.4779334, 1.4939818, 7.0964136
2548448996000, -5.793968, 1.3024458, 7.0485296
2548459067000, -6.215348, 1.1875241, 7.144298
2548469163000, -6.5505357, 1.1492168, 7.441179
2548479235000, -6.8665705, 1.1683705, 7.9008656
2548489385000, -7.086837, 1.388637, 8.274361
2548500712000, -7.2113357, 1.5610195, 8.39886
2548510200000, -7.3549876, 1.7525556, 8.130709
2548521429000, -7.2592196, 1.8770541, 7.872135
2548531290000, -7.0485296, 1.7142484, 7.4603324
2548541229000, -7.0102224, 1.532289, 7.0485296
2548551381000, -7.0485296, 1.283292, 6.7708025
2548571632000, -6.9719152, 0.7661445, 6.933608
2548582226000, -7.019799, 0.6895301, 7.086837
2548591826000, -6.9719152, 0.7086837, 7.2687964
2548601971000, -6.7708025, 0.60333884, 7.4124484
2548611998000, -6.5696893, 0.45968673, 7.5848308
2548622092000, -6.4547677, 0.40222588, 7.6135616
2548632320000, -6.4068837, 0.48841715, 7.4986396
2548642233000, -6.4547677, 0.5363012, 7.326257
2548663697000, -6.3589997, 0.33518824, 7.2209125
2548683706000, -6.4068837, 0.06703765, 7.479486
2548694224000, -6.4547677, -0.019153614, 7.6231384
2548703686000, -6.6079965, -0.05746084, 7.5944076
2548713867000, -6.6846113, -0.06703765, 7.4507556
2548724066000, -6.646304, -0.095768064, 7.345411
2548734375000, -6.531382, -0.10534488, 7.335834
2548745173000, -6.4068837, -0.06703765, 7.3549876
2548755424000, -6.2632318, -0.009576807, 7.326257
2548764443000, -6.129156, 0.019153614, 7.422025
2548775331000, -6.0142345, 0.038307227, 7.517793
2548795322000, -5.9184666, 0.06703765, 7.690176
2548806133000, -5.841852, 0.038307227, 7.795521
2548816567000, -5.717354, 0.076614454, 7.833828
2548827592000, -5.6215854, 0.12449849, 7.9487495
2548836869000, -5.48751, 0.18195933, 7.967903
2548846839000, -5.401319, 0.2777274, 7.920019
2548857122000, -5.3438582, 0.37349546, 7.9104424
2548867178000, -5.257667, 0.50757074, 7.872135
2548897497000, -5.142745, 0.9672575, 7.9391727
2548907701000, -5.133168, 1.1013328, 7.9583263
2548917540000, -5.1906295, 1.1971009, 7.920019
2548927946000, -5.257667, 1.2066777, 7.872135
2548937532000, -5.2959743, 1.1683705, 7.776367
2548947813000, -5.3725886, 1.091756, 7.8050976
2548958053000, -5.391742, 1.0247183, 7.8146744
2548978234000, -5.4204726, 0.842759, 7.872135
2548988893000, -5.48751, 0.81402856, 7.8529816
2549009473000, -5.592855, 0.80445176, 7.9008656
2549029870000, -5.5258174, 0.81402856, 7.8625584
2549039991000, -5.497087, 0.80445176, 7.795521
2549051075000, -5.4779334, 0.81402856, 7.7093296
2549060765000, -5.497087, 0.7757214, 7.7189064
2549081358000, -5.535394, 0.7086837, 7.747637
2549091156000, -5.6120086, 0.6512229, 7.785944
2549101335000, -5.707777, 0.59376204, 7.776367
2549111462000, -5.765238, 0.5554548, 7.843405
2549121410000, -5.851429, 0.545878, 7.8146744
2549131321000, -5.841852, 0.5363012, 7.747637
2549152188000, -5.7843914, 0.51714754, 7.7667904
2549162020000, -5.7365074, 0.545878, 7.6710224
2549183006000, -5.6886234, 0.61291564, 7.6231384
2549203689000, -5.755661, 0.60333884, 7.6614456
2549213224000, -5.8705826, 0.63206923, 7.651869
2549223620000, -5.947197, 0.60333884, 7.603985
2549233790000, -6.0046577, 0.641646, 7.680599
2549244435000, -6.033388, 0.6607997, 7.7667904
2549265405000, -5.985504, 0.5746084, 7.7572136
2549275972000, -5.93762, 0.5650316, 7.680599
2549285213000, -5.899313, 0.5554548, 7.6231384
2549305385000, -5.9184666, 0.50757074, 7.575254
2549315435000, -5.947197, 0.49799395, 7.5848308
2549325453000, -5.995081, 0.51714754, 7.6135616
2549336016000, -6.033388, 0.5554548, 7.6231384
2549345785000, -6.0046577, 0.60333884, 7.6710224
2549355844000, -5.985504, 0.6607997, 7.690176
2549366092000, -5.947197, 0.6895301, 7.747637
2549386020000, -5.7843914, 0.6607997, 7.776367
2549407155000, -5.7365074, 0.6703765, 7.690176
2549428687000, -5.746084, 0.6607997, 7.603985
2549448080000, -5.707777, 0.641646, 7.651869
2549457780000, -5.6886234, 0.62249243, 7.680599
2549468439000, -5.6790466, 0.63206923, 7.7572136
2549479523000, -5.650316, 0.6607997, 7.7667904
2549488825000, -5.707777, 0.7182605, 7.7572136
2549500306000, -5.6886234, 0.79487497, 7.747637
2549519885000, -5.650316, 0.7469909, 7.7572136
2549531074000, -5.6407394, 0.7182605, 7.73806
2549541028000, -5.650316, 0.6799533, 7.795521
2549561477000, -5.7269306, 0.63206923, 7.8050976
2549571913000, -5.707777, 0.6703765, 7.824251
2549581891000, -5.746084, 0.6799533, 7.8050976
2549592582000, -5.7365074, 0.7565677, 7.7572136
2549601979000, -5.707777, 0.80445176, 7.73806
2549622078000, -5.650316, 0.7757214, 7.7189064
2549632282000, -5.6407394, 0.7469909, 7.7093296
2549652301000, -5.6790466, 0.6703765, 7.747637
2549662671000, -5.7365074, 0.62249243, 7.728483
2549672575000, -5.765238, 0.5554548, 7.680599
2549682671000, -5.841852, 0.51714754, 7.6710224
2549692628000, -5.8801594, 0.50757074, 7.690176
2549722683000, -5.851429, 0.5554548, 7.6710224
2549742823000, -5.755661, 0.62249243, 7.690176
2549763282000, -5.7269306, 0.6895301, 7.699753
2549773787000, -5.6790466, 0.6991069, 7.73806
2549783722000, -5.650316, 0.7086837, 7.690176
2549804461000, -5.659893, 0.6607997, 7.690176
2549814433000, -5.6886234, 0.6991069, 7.680599
2549824061000, -5.813122, 0.6703765, 7.73806
2549834546000, -5.947197, 0.6895301, 7.747637
2549844766000, -5.90889, 0.7182605, 7.785944
2549876006000, -5.631162, 0.7278373, 7.795521
2549886341000, -5.602432, 0.7661445, 7.747637
2549907116000, -5.650316, 0.6991069, 7.7093296
2549916889000, -5.707777, 0.6799533, 7.680599
2549926201000, -5.746084, 0.6607997, 7.6710224
2549936302000, -5.851429, 0.62249243, 7.699753
2549956303000, -5.8226986, 0.641646, 7.7093296
2549976475000, -5.7748146, 0.63206923, 7.73806
2549986727000, -5.765238, 0.62249243, 7.7667904
2550007249000, -5.707777, 0.61291564, 7.690176
2550027842000, -5.7365074, 0.60333884, 7.699753
2550068152000, -5.765238, 0.63206923, 7.73806
2550079741000, -5.7365074, 0.60333884, 7.728483
2550088849000, -5.707777, 0.63206923, 7.747637
2550109203000, -5.66947, 0.6607997, 7.690176
2550121879000, -5.707777, 0.6895301, 7.7572136
2550141770000, -5.746084, 0.7086837, 7.8050976
2550151975000, -5.765238, 0.6991069, 7.776367
2550162943000, -5.755661, 0.6895301, 7.7667904
2550172258000, -5.746084, 0.6512229, 7.776367
2550182543000, -5.7365074, 0.6607997, 7.8146744
2550214549000, -5.717354, 0.641646, 7.747637
2550224491000, -5.755661, 0.62249243, 7.776367
2550245750000, -5.755661, 0.63206923, 7.785944
2550254947000, -5.746084, 0.7086837, 7.73806
2550266315000, -5.7748146, 0.7278373, 7.747637
2550285599000, -5.746084, 0.6895301, 7.680599
2550295948000, -5.7365074, 0.6703765, 7.6710224
2550316630000, -5.7365074, 0.5554548, 7.728483
2550336590000, -5.746084, 0.5363012, 7.785944
2550346424000, -5.765238, 0.545878, 7.7189064
2550356562000, -5.7269306, 0.59376204, 7.728483
2550376736000, -5.765238, 0.60333884, 7.7093296
2550386851000, -5.7843914, 0.61291564, 7.7189064
2550397910000, -5.7748146, 0.6703765, 7.699753
2550408035000, -5.717354, 0.6991069, 7.7189064
2550438226000, -5.6790466, 0.63206923, 7.73806
2550458684000, -5.755661, 0.59376204, 7.680599
2550468956000, -5.7843914, 0.61291564, 7.690176
2550489166000, -5.793968, 0.63206923, 7.699753
2550509184000, -5.7748146, 0.6703765, 7.680599
2550529902000, -5.7269306, 0.6895301, 7.7189064
2550540117000, -5.7365074, 0.6607997, 7.7093296
2550560566000, -5.717354, 0.641646, 7.728483
2550570577000, -5.707777, 0.62249243, 7.7572136
2550580691000, -5.7269306, 0.59376204, 7.776367
2550590611000, -5.746084, 0.58418524, 7.785944
2550622013000, -5.7843914, 0.6607997, 7.73806
2550631883000, -5.803545, 0.63206923, 7.7667904
2550651409000, -5.7269306, 0.62249243, 7.7093296
2550661789000, -5.707777, 0.63206923, 7.73806
2550681663000, -5.707777, 0.6607997, 7.6710224
2550691813000, -5.6790466, 0.6895301, 7.7093296
2550701840000, -5.707777, 0.6607997, 7.7667904
2550712473000, -5.7365074, 0.6895301, 7.747637
2550722087000, -5.7843914, 0.6607997, 7.7189064
2550742463000, -5.793968, 0.641646, 7.73806
2550753711000, -5.803545, 0.60333884, 7.7572136
2550762833000, -5.7843914, 0.6512229, 7.73806
2550772735000, -5.7365074, 0.63206923, 7.7093296
2550782955000, -5.6982, 0.6703765, 7.7189064
2550793185000, -5.6790466, 0.6607997, 7.747637
2550804021000, -5.707777, 0.6703765, 7.776367
2550815295000, -5.717354, 0.6512229, 7.7667904
2550826265000, -5.755661, 0.641646, 7.747637
2550836480000, -5.803545, 0.61291564, 7.7572136
2550849896000, -5.8322754, 0.59376204, 7.7189064
2550859070000, -5.7843914, 0.60333884, 7.8146744
2550869074000, -5.793968, 0.641646, 7.8050976
2550879155000, -5.765238, 0.7086837, 7.785944
2550899423000, -5.755661, 0.7278373, 7.728483
2550919367000, -5.6982, 0.641646, 7.7189064
2550939532000, -5.6790466, 0.58418524, 7.7093296
2550949766000, -5.66947, 0.5746084, 7.699753
2550961311000, -5.707777, 0.5363012, 7.747637
2550970567000, -5.7269306, 0.5267244, 7.7093296
2550980631000, -5.717354, 0.5363012, 7.747637
2551001173000, -5.765238, 0.61291564, 7.8050976
2551020986000, -5.765238, 0.63206923, 7.785944
2551031323000, -5.7748146, 0.641646, 7.7189064
2551051592000, -5.6982, 0.6991069, 7.747637
2551062108000, -5.6790466, 0.6895301, 7.73806
2551081681000, -5.6982, 0.6895301, 7.728483
2551101666000, -5.707777, 0.6703765, 7.7189064
2551111650000, -5.717354, 0.6512229, 7.7667904
2551121720000, -5.7365074, 0.62249243, 7.795521
2551141906000, -5.746084, 0.6512229, 7.728483
2551152013000, -5.7269306, 0.641646, 7.73806
2551162484000, -5.746084, 0.60333884, 7.747637
2551182557000, -5.7269306, 0.62249243, 7.7572136
2551203821000, -5.66947, 0.6512229, 7.728483
2551213198000, -5.746084, 0.641646, 7.73806
2551234828000, -5.765238, 0.61291564, 7.7667904
2551254907000, -5.7269306, 0.5554548, 7.785944
2551265716000, -5.746084, 0.5746084, 7.7667904
2551275340000, -5.7269306, 0.58418524, 7.7572136
2551296115000, -5.659893, 0.61291564, 7.747637
2551306248000, -5.6407394, 0.6607997, 7.7572136
2551317090000, -5.66947, 0.7182605, 7.7667904
2551327436000, -5.659893, 0.7278373, 7.747637
2551347616000, -5.6982, 0.7086837, 7.7572136
2551357963000, -5.6886234, 0.6991069, 7.776367
2551378100000, -5.746084, 0.6799533, 7.699753
2551400360000, -5.755661, 0.5746084, 7.728483
2551411170000, -5.793968, 0.59376204, 7.785944
2551431392000, -5.803545, 0.60333884, 7.8146744
2551441521000, -5.7843914, 0.62249243, 7.7572136
2551451971000, -5.7748146, 0.6512229, 7.7667904
2551461867000, -5.755661, 0.63206923, 7.7572136
2551471767000, -5.765238, 0.641646, 7.728483
2551491855000, -5.746084, 0.59376204, 7.690176
2551501767000, -5.6886234, 0.5650316, 7.7189064
2551512522000, -5.6790466, 0.5363012, 7.73806
2551522138000, -5.707777, 0.59376204, 7.7093296
2551532099000, -5.717354, 0.60333884, 7.73806
2551542088000, -5.765238, 0.6512229, 7.7667904
2551562253000, -5.765238, 0.7374141, 7.747637
2551572389000, -5.707777, 0.7469909, 7.728483
2551592608000, -5.66947, 0.6895301, 7.776367
2551612935000, -5.6407394, 0.61291564, 7.690176
2551627491000, -5.6215854, 0.59376204, 7.7667904
2551647263000, -5.659893, 0.61291564, 7.7189064
2551658139000, -5.6120086, 0.641646, 7.73806
2551667623000, -5.650316, 0.6799533, 7.776367
2551677691000, -5.66947, 0.7086837, 7.73806
2551687837000, -5.707777, 0.6991069, 7.785944
2551697734000, -5.7269306, 0.7086837, 7.795521
2551708030000, -5.7365074, 0.6895301, 7.8146744
2551718170000, -5.707777, 0.6703765, 7.8050976
2551738451000, -5.659893, 0.6895301, 7.7572136
2551748528000, -5.66947, 0.6991069, 7.7189064
2551759474000, -5.650316, 0.7182605, 7.699753
2551779441000, -5.631162, 0.641646, 7.728483
2551790583000, -5.6407394, 0.6799533, 7.7572136
2551811450000, -5.707777, 0.7182605, 7.785944
2551831700000, -5.6886234, 0.6895301, 7.8050976
2551841702000, -5.66947, 0.6512229, 7.699753
2551852225000, -5.6407394, 0.6607997, 7.747637
2551862651000, -5.6215854, 0.6512229, 7.7572136
2551882068000, -5.544971, 0.641646, 7.8529816
2551894156000, -5.497087, 0.6512229, 7.8625584
2551904347000, -5.5258174, 0.6703765, 7.8050976
2551925195000, -5.6120086, 0.6895301, 7.824251
2551946018000, -5.6886234, 0.6799533, 7.776367
2551966594000, -5.707777, 0.7278373, 7.7667904
2551976746000, -5.6982, 0.6895301, 7.7189064
2551986878000, -5.7365074, 0.641646, 7.7572136
2551998147000, -5.755661, 0.61291564, 7.747637
2552009467000, -5.7365074, 0.60333884, 7.7667904
2552031090000, -5.7269306, 0.62249243, 7.73806
2552041263000, -5.707777, 0.63206923, 7.728483
2552051815000, -5.717354, 0.6895301, 7.7093296
2552073949000, -5.6886234, 0.6512229, 7.7667904
2552085188000, -5.6790466, 0.641646, 7.8050976
2552106031000, -5.6886234, 0.6703765, 7.785944
2552115961000, -5.6407394, 0.7086837, 7.795521
2552136216000, -5.650316, 0.6799533, 7.747637
2552156427000, -5.602432, 0.6607997, 7.7667904
2552166842000, -5.592855, 0.6991069, 7.8146744
2552176853000, -5.602432, 0.6799533, 7.833828
2552207467000, -5.6886234, 0.62249243, 7.824251
2552217673000, -5.6982, 0.63206923, 7.881712
2552227842000, -5.6790466, 0.62249243, 7.9008656
2552237931000, -5.66947, 0.63206923, 7.881712
2552247861000, -5.6407394, 0.6703765, 7.824251
2552258215000, -5.631162, 0.7086837, 7.776367
2552268276000, -5.650316, 0.7374141, 7.7093296
2552288587000, -5.6982, 0.7086837, 7.8050976
2552298696000, -5.6790466, 0.6895301, 7.7667904
2552309777000, -5.66947, 0.6607997, 7.785944
2552321121000, -5.6215854, 0.6512229, 7.8050976
2552341388000, -5.583278, 0.6703765, 7.8146744
2552361885000, -5.6215854, 0.6512229, 7.7667904
2552391863000, -5.746084, 0.62249243, 7.795521
2552401807000, -5.717354, 0.61291564, 7.776367
2552411928000, -5.746084, 0.63206923, 7.728483
2552422139000, -5.707777, 0.62249243, 7.7189064
2552432065000, -5.6886234, 0.641646, 7.699753
2552452087000, -5.66947, 0.6607997, 7.7093296
2552462076000, -5.659893, 0.6703765, 7.7667904
2552472417000, -5.6982, 0.6895301, 7.7572136
2552482428000, -5.7365074, 0.7086837, 7.795521
2552502534000, -5.7269306, 0.6991069, 7.73806
2552512603000, -5.717354, 0.7086837, 7.7572136
2552522975000, -5.6886234, 0.6895301, 7.776367
2552533191000, -5.659893, 0.6799533, 7.7667904
2552553420000, -5.592855, 0.6703765, 7.7667904
2552574368000, -5.583278, 0.6512229, 7.73806
2552584396000, -5.6215854, 0.6607997, 7.776367
2552604482000, -5.6407394, 0.6607997, 7.8050976
2552614571000, -5.631162, 0.6799533, 7.7667904
2552624874000, -5.659893, 0.6607997, 7.785944
2552648392000, -5.6886234, 0.63206923, 7.833828
2552675865000, -5.650316, 0.6512229, 7.7189064
2552696630000, -5.659893, 0.6799533, 7.776367
2552707274000, -5.6407394, 0.6703765, 7.785944
2552717393000, -5.659893, 0.6991069, 7.776367
2552738279000, -5.650316, 0.7086837, 7.8146744
2552758697000, -5.659893, 0.641646, 7.7667904
2552778691000, -5.6982, 0.63206923, 7.7572136
2552789625000, -5.707777, 0.641646, 7.795521
2552798969000, -5.717354, 0.60333884, 7.728483
2552809017000, -5.6886234, 0.61291564, 7.776367
2552829632000, -5.650316, 0.63206923, 7.7572136
2552839474000, -5.6407394, 0.6607997, 7.7667904
2552859737000, -5.650316, 0.6703765, 7.8050976
2552869857000, -5.6790466, 0.6799533, 7.776367
2552880144000, -5.717354, 0.6512229, 7.73806
2552900759000, -5.6886234, 0.62249243, 7.7572136
2552910554000, -5.66947, 0.6512229, 7.73806
2552920902000, -5.746084, 0.641646, 7.7572136
2552941124000, -5.6982, 0.6607997, 7.833828
2552962286000, -5.66947, 0.7278373, 7.824251
2552981374000, -5.6407394, 0.7469909, 7.7572136
2553001802000, -5.631162, 0.6607997, 7.73806
2553012835000, -5.6120086, 0.60333884, 7.7572136
2553031952000, -5.66947, 0.5746084, 7.7667904
2553052342000, -5.659893, 0.62249243, 7.7667904
2553082645000, -5.6886234, 0.6512229, 7.7667904
2553112694000, -5.650316, 0.6895301, 7.824251
2553122759000, -5.631162, 0.6799533, 7.776367
2553142961000, -5.602432, 0.6991069, 7.833828
2553153896000, -5.6120086, 0.6895301, 7.785944
2553184223000, -5.6407394, 0.6991069, 7.7572136
2553193852000, -5.650316, 0.6607997, 7.795521
2553203931000, -5.631162, 0.6895301, 7.8050976
2553214260000, -5.66947, 0.6607997, 7.795521
2553224804000, -5.6886234, 0.6512229, 7.7572136
2553246024000, -5.6790466, 0.6799533, 7.7667904
2553255996000, -5.66947, 0.6703765, 7.776367
2553266352000, -5.6982, 0.6512229, 7.7572136
2553276110000, -5.659893, 0.63206923, 7.8050976
2553296373000, -5.631162, 0.61291564, 7.7572136
2553326964000, -5.602432, 0.62249243, 7.785944
2553337076000, -5.6120086, 0.63206923, 7.8050976
2553366741000, -5.6407394, 0.62249243, 7.785944
2553386830000, -5.659893, 0.6607997, 7.785944
2553397228000, -5.631162, 0.6895301, 7.8529816
2553407258000, -5.6215854, 0.7182605, 7.824251
2553417834000, -5.583278, 0.7278373, 7.795521
2553428479000, -5.602432, 0.7086837, 7.7572136
2553447923000, -5.6886234, 0.6703765, 7.747637
2553458384000, -5.717354, 0.63206923, 7.728483
2553468414000, -5.755661, 0.6607997, 7.747637
2553479173000, -5.7748146, 0.6799533, 7.7667904
2553498670000, -5.7269306, 0.6607997, 7.8146744
2553509542000, -5.6790466, 0.6799533, 7.795521
2553521317000, -5.631162, 0.6895301, 7.833828
2553551853000, -5.631162, 0.6703765, 7.7572136
2553562527000, -5.6215854, 0.6512229, 7.776367
2553582216000, -5.592855, 0.6703765, 7.7572136
2553602351000, -5.6120086, 0.6895301, 7.824251
2553622456000, -5.602432, 0.6799533, 7.881712
2553652841000, -5.650316, 0.6991069, 7.843405
2553663016000, -5.6215854, 0.7086837, 7.8050976
2553672760000, -5.602432, 0.7278373, 7.824251
2553692991000, -5.6120086, 0.7469909, 7.7667904
2553703204000, -5.66947, 0.7182605, 7.747637
2553734175000, -5.6886234, 0.5554548, 7.7572136
2553764451000, -5.631162, 0.5746084, 7.747637
2553775921000, -5.650316, 0.59376204, 7.776367
2553797240000, -5.6982, 0.5746084, 7.7189064
2553807081000, -5.707777, 0.63206923, 7.7667904
2553817410000, -5.6886234, 0.6703765, 7.8050976
2553837348000, -5.659893, 0.7086837, 7.795521
2553847448000, -5.631162, 0.7469909, 7.7572136
2553867337000, -5.554548, 0.7278373, 7.785944
2553887515000, -5.6215854, 0.7086837, 7.747637
2553897749000, -5.631162, 0.6703765, 7.7189064
2553907714000, -5.6407394, 0.7182605, 7.8050976
2553917981000, -5.6790466, 0.7278373, 7.8146744
2553928190000, -5.707777, 0.6895301, 7.747637
2553937972000, -5.6886234, 0.6607997, 7.728483
2553948269000, -5.717354, 0.63206923, 7.7572136
2553958451000, -5.7365074, 0.6607997, 7.7093296
2553979255000, -5.746084, 0.641646, 7.7572136
2553989404000, -5.6886234, 0.63206923, 7.7667904
2554009877000, -5.6790466, 0.58418524, 7.795521
2554030330000, -5.650316, 0.62249243, 7.747637
2554061739000, -5.6215854, 0.641646, 7.785944
2554081245000, -5.6215854, 0.641646, 7.795521
2554101653000, -5.592855, 0.6607997, 7.824251
2554111753000, -5.66947, 0.6512229, 7.8146744
2554122105000, -5.707777, 0.6607997, 7.776367
2554131942000, -5.6982, 0.6703765, 7.7667904
2554141918000, -5.66947, 0.7086837, 7.8050976
2554162423000, -5.6790466, 0.7182605, 7.7667904
2554192355000, -5.6790466, 0.6799533, 7.7667904
2554202460000, -5.707777, 0.7182605, 7.73806
2554212510000, -5.7269306, 0.6607997, 7.690176
2554232876000, -5.746084, 0.641646, 7.7667904
2554263304000, -5.659893, 0.6607997, 7.785944
2554273339000, -5.650316, 0.641646, 7.7667904
2554294189000, -5.6407394, 0.6607997, 7.785944
2554304304000, -5.602432, 0.6512229, 7.7572136
2554324810000, -5.592855, 0.62249243, 7.776367
2554335337000, -5.583278, 0.63206923, 7.7572136
2554346710000, -5.5641246, 0.6703765, 7.7667904
2554367248000, -5.6215854, 0.6799533, 7.7572136
2554388186000, -5.6120086, 0.63206923, 7.833828
2554429358000, -5.631162, 0.7565677, 7.843405
2554448958000, -5.6407394, 0.7757214, 7.8146744
2554459214000, -5.659893, 0.7469909, 7.7189064
2554489130000, -5.7269306, 0.59376204, 7.747637
2554509266000, -5.755661, 0.5554548, 7.8050976
2554519355000, -5.6790466, 0.545878, 7.776367
2554529740000, -5.717354, 0.51714754, 7.7572136
2554550676000, -5.7269306, 0.5554548, 7.776367
2554580589000, -5.717354, 0.6607997, 7.7572136
2554590767000, -5.6886234, 0.6895301, 7.795521
2554601031000, -5.6790466, 0.7182605, 7.785944
2554610633000, -5.6407394, 0.6991069, 7.824251
2554621005000, -5.6215854, 0.6703765, 7.833828
2554641125000, -5.6120086, 0.62249243, 7.8146744
2554651596000, -5.631162, 0.63206923, 7.824251
2554662509000, -5.6407394, 0.6512229, 7.8146744
2554672006000, -5.650316, 0.6607997, 7.785944
2554682011000, -5.6790466, 0.6512229, 7.776367
2554691832000, -5.659893, 0.6991069, 7.7667904
2554712642000, -5.6215854, 0.7278373, 7.795521
2554722298000, -5.602432, 0.7086837, 7.785944
2554732500000, -5.6215854, 0.7182605, 7.795521
2554742290000, -5.66947, 0.6991069, 7.747637
2554752681000, -5.6790466, 0.6799533, 7.7572136
2554762598000, -5.6407394, 0.641646, 7.73806
2554802877000, -5.650316, 0.5554548, 7.795521
2554814681000, -5.6982, 0.5650316, 7.776367
2554826755000, -5.707777, 0.60333884, 7.795521
2554836806000, -5.6886234, 0.6512229, 7.843405
2554846830000, -5.66947, 0.6703765, 7.824251
2554866681000, -5.659893, 0.6703765, 7.747637
2554887453000, -5.66947, 0.6607997, 7.7572136
2554897521000, -5.6790466, 0.6512229, 7.776367
2554907640000, -5.6407394, 0.63206923, 7.785944
2554928654000, -5.659893, 0.6703765, 7.776367
2554937937000, -5.631162, 0.6607997, 7.7572136
2554948021000, -5.6215854, 0.641646, 7.776367
2554959510000, -5.631162, 0.62249243, 7.795521
2554969573000, -5.650316, 0.63206923, 7.833828
2554991309000, -5.6886234, 0.62249243, 7.795521
2555001648000, -5.707777, 0.5746084, 7.8146744
2555012528000, -5.6982, 0.5554548, 7.8050976
2555032069000, -5.659893, 0.60333884, 7.776367
2555042131000, -5.6407394, 0.641646, 7.8050976
2555052500000, -5.6120086, 0.63206923, 7.776367
2555062488000, -5.592855, 0.62249243, 7.7572136
2555072451000, -5.602432, 0.60333884, 7.776367
2555082854000, -5.6120086, 0.641646, 7.747637
2555093008000, -5.6215854, 0.6512229, 7.7572136
2555103112000, -5.6790466, 0.641646, 7.8050976
2555113222000, -5.659893, 0.5746084, 7.8146744
2555123143000, -5.6790466, 0.59376204, 7.795521
2555133443000, -5.6982, 0.61291564, 7.776367
2555143481000, -5.707777, 0.62249243, 7.728483
2555174702000, -5.6886234, 0.6703765, 7.776367
2555195186000, -5.66947, 0.6895301, 7.7667904
2555215588000, -5.650316, 0.7278373, 7.776367
2555225554000, -5.659893, 0.7374141, 7.824251
2555235776000, -5.66947, 0.7086837, 7.795521
2555246454000, -5.659893, 0.60333884, 7.747637
2555255795000, -5.6407394, 0.545878, 7.776367
2555266151000, -5.631162, 0.5363012, 7.8146744
2555275873000, -5.6886234, 0.49799395, 7.795521
2555286020000, -5.7365074, 0.51714754, 7.776367
2555295913000, -5.765238, 0.5267244, 7.785944
2555316798000, -5.765238, 0.51714754, 7.8050976
2555326267000, -5.746084, 0.58418524, 7.824251
2555336339000, -5.765238, 0.641646, 7.7667904
2555346802000, -5.7365074, 0.63206923, 7.7572136
2555366951000, -5.717354, 0.6512229, 7.747637
2555376816000, -5.707777, 0.61291564, 7.73806
2555386971000, -5.7269306, 0.60333884, 7.7189064
2555397831000, -5.707777, 0.5746084, 7.728483
2555418395000, -5.659893, 0.61291564, 7.795521
2555428793000, -5.6120086, 0.62249243, 7.8146744
2555438348000, -5.592855, 0.6512229, 7.8050976
2555448494000, -5.5641246, 0.6799533, 7.824251
2555459101000, -5.5162406, 0.6895301, 7.843405
2555479555000, -5.544971, 0.6703765, 7.824251
2555489149000, -5.535394, 0.6799533, 7.8146744
2555509963000, -5.583278, 0.6512229, 7.7667904
2555519978000, -5.5641246, 0.63206923, 7.7572136
2555530001000, -5.583278, 0.641646, 7.785944
2555540150000, -5.6215854, 0.61291564, 7.8146744
2555551372000, -5.659893, 0.5746084, 7.795521
2555561278000, -5.66947, 0.545878, 7.7667904
2555571326000, -5.707777, 0.5554548, 7.8050976
2555581589000, -5.717354, 0.5650316, 7.795521
2555613101000, -5.7365074, 0.62249243, 7.785944
2555644833000, -5.707777, 0.63206923, 7.7667904
2555665219000, -5.707777, 0.60333884, 7.7189064
2555675323000, -5.7269306, 0.5746084, 7.728483
2555696083000, -5.6982, 0.5746084, 7.73806
2555705990000, -5.650316, 0.5554548, 7.747637
2555716545000, -5.6407394, 0.5363012, 7.7572136
2555726769000, -5.6120086, 0.5746084, 7.785944
2555736829000, -5.6215854, 0.58418524, 7.8050976
2555756657000, -5.6120086, 0.60333884, 7.795521
2555767013000, -5.6215854, 0.58418524, 7.7667904
2555786910000, -5.6407394, 0.62249243, 7.776367
