#Acceleration force along the x y z axes (including gravity).
#timestamp(ns),x,y,z(m/s^2)
#Datetime: 11/06/2014 13:51:49
##########################################
#Activity: 10 - FOL - Forward-lying - 10s
#Subject ID: 28
#First Name: sub28
#Last Name: sub28
#Age: 23
#Height(cm): 178
#Weight(kg): 70
#Gender: Male
##########################################

@DATA
3309795754000, -0.10534488, 9.270349, -2.7868507
3309996411000, 0.06703765, 9.3661175, -2.882619
3310196473000, 0.095768064, 9.519346, -2.336741
3310396561000, 0.047884032, 8.561666, -2.7485435
3310596731000, 0.39264908, 9.931149, -3.5817258
3310796583000, -0.9768343, 10.6877165, -1.9728222
3310997547000, 0.47884035, 9.509769, -2.0207062
3311008157000, 0.82360536, 9.720459, -2.4612393
3311018041000, 1.1779473, 9.854534, -3.1986535
3311028493000, 1.1300632, 9.77792, -4.3861775
3311038332000, 0.92895025, 9.595961, -5.9567738
3311048180000, 0.7374141, 9.509769, -7.4603324
3311058892000, 0.2681506, 9.471462, -8.542512
3311068374000, -0.2681506, 9.203311, -8.772355
3311078491000, -0.7278373, 9.155427, -8.523358
3311088462000, -1.0055647, 9.672575, -7.833828
3311108563000, -0.9768343, 10.984597, -6.435614
3311118574000, -0.8331822, 10.7356, -5.841852
3311128973000, -0.62249243, 10.342952, -5.1140146
3311138961000, -0.4309563, 10.160992, -3.8402996
3311149275000, -0.23942018, 10.208876, -2.4516625
3311159223000, 0.0, 10.170568, -1.043872
3311169452000, 0.33518824, 10.0269165, 0.15322891
3311179584000, 0.7565677, 9.672575, 0.7757214
3311190790000, 1.0630256, 9.136273, 0.7278373
3311200124000, 1.0342951, 8.504205, 0.10534488
3311210353000, 0.6512229, 7.747637, -0.7182605
3311221845000, 0.17238252, 7.038953, -1.5227122
3311231906000, -0.36391866, 6.531382, -1.982399
3311242919000, -1.1683705, 6.8761473, -2.2026656
3311253607000, -1.5993267, 7.7189064, -2.5474305
3311263667000, -2.0494366, 8.446744, -3.0262709
3311273773000, -2.4420857, 8.762778, -3.3614593
3311283407000, -2.4612393, 8.628703, -3.4476504
3311293402000, -1.8483237, 8.169016, -3.323152
3311304417000, -0.90979666, 7.824251, -3.2369606
3311314669000, 0.076614454, 7.431602, -3.064578
3311324577000, 0.8619126, 7.144298, -2.72939
3311334650000, 1.3694834, 6.981492, -2.1643584
3311345506000, 1.6472107, 6.6846113, -1.5131354
3311355598000, 1.7142484, 6.339846, -0.90021986
3311365455000, 1.5035586, 6.081272, -0.37349546
3311375795000, 1.0821792, 5.602432, -0.22984336
3311385969000, 0.7278373, 5.142745, -0.7086837
3311395698000, 0.45968673, 4.5394063, -1.484405
3311406488000, 0.36391866, 3.763685, -2.2409728
3311416292000, 0.4309563, 2.96881, -3.2752678
3311426876000, 0.63206923, 2.231396, -4.7405195
3311437596000, 0.8331822, 1.5993267, -6.205771
3311447345000, 0.94810385, 1.1492168, -6.991069
3311457830000, 1.0055647, 1.1875241, -7.297527
3311468611000, 0.90979666, 2.078167, -5.4204726
3311478338000, 0.7661445, 2.767697, -5.5162406
3311487920000, 0.25857377, 3.4572272, 0.2777274
3311498383000, -5.3821654, 2.585738, 14.729129
3311508592000, -8.2169, 1.1204864, 17.132908
3311518416000, -9.595961, -0.7757214, 16.625336
3311528446000, -9.088389, -1.5993267, 13.148955
3311538668000, -8.00621, -1.532289, 9.624691
3311548730000, -7.067683, -1.0055647, 8.034941
3311560405000, -7.1347213, -0.4309563, 11.109096
3311570296000, -8.178593, 0.8331822, 15.322891
3311580058000, -9.605537, 2.8443117, 17.429789
3311591497000, -11.60709, 5.133168, 17.81286
3311600779000, -13.752295, 8.0924015, 15.648502
3311610682000, -13.215993, 12.469003, 10.965444
3311620945000, -10.333375, 16.002844, 8.274361
3311631297000, -6.83784, 16.903065, 9.289502
3311641709000, -3.169923, 14.911088, 9.988609
3311653312000, -0.095768064, 12.018892, 9.758766
3311662670000, 1.8962077, 9.174581, 9.404425
3311672691000, 2.5187001, 6.157887, 8.916007
3311682828000, 0.9768343, 3.1986535, 8.1881695
3311693046000, -1.1971009, 1.532289, 7.5848308
3311702954000, -3.0262709, 0.5746084, 7.441179
3311713183000, -4.3861775, -0.17238252, 7.795521
3311724205000, -5.3247046, -0.58418524, 8.236053
3311738834000, -5.851429, -0.6895301, 8.2169
3311747833000, -6.196194, -0.89064306, 7.565677
3311758080000, -6.1770406, -1.1587936, 7.2783732
3311768284000, -6.129156, -1.436521, 7.201759
3311778438000, -6.205771, -1.8100165, 7.575254
3311788384000, -6.253655, -1.9057846, 8.437167
3311798415000, -6.157887, -1.8483237, 8.858546
3311808503000, -6.0621185, -1.5993267, 8.561666
3311818618000, -6.1387334, -1.2641385, 7.747637
3311828775000, -6.83784, -0.9576807, 6.933608
3311841033000, -7.929596, -0.46926352, 6.205771
3311850237000, -9.002198, -0.11492168, 5.410896
3311860392000, -10.362105, -0.08619126, 5.5641246
3311870389000, -12.076353, -0.25857377, 6.703765
3311880488000, -13.464991, -0.1436521, 8.379706
3311890425000, -14.422671, 0.90979666, 9.3661175
3311900744000, -14.279019, 2.2218192, 9.184157
3311912783000, -11.271901, 1.6663644, 7.153875
3311922695000, -9.662998, 0.4213795, 6.291962
3311933182000, -8.724471, 0.047884032, 5.631162
3311942798000, -8.130709, 0.2873042, 5.2959743
3311953970000, -8.054094, 0.38307226, 5.45878
3311963490000, -8.1402855, 0.18195933, 5.889736
3311973742000, -8.312668, -0.18195933, 6.397307
3311983524000, -8.532935, -0.7469909, 6.7133417
3311993743000, -8.772355, -1.2641385, 6.83784
3312003929000, -9.021352, -1.5035586, 6.5122285
3312014572000, -9.346964, -1.4939818, 5.995081
3312024265000, -9.56723, -1.2162545, 5.5162406
3312034237000, -9.835381, -0.82360536, 5.142745
3312044184000, -10.170568, -0.5554548, 5.133168
3312054279000, -10.601525, -0.4405331, 5.4683566
3312064380000, -11.042058, -0.34476504, 6.215348
3312074756000, -11.501745, -0.10534488, 7.2592196
3312084622000, -12.325351, 0.038307227, 9.078813
3312094834000, -13.283031, 0.35434186, 10.898406
3312104829000, -14.106636, 1.0055647, 11.520899
3312115503000, -14.824897, 1.436521, 10.726024
3312125668000, -15.361198, 1.283292, 9.184157
3312135822000, -15.658079, 0.9672575, 8.523358
3312146181000, -15.409082, 1.043872, 7.8912888
3312156378000, -14.144943, 1.5610195, 7.489063
3312166406000, -11.262324, 2.327164, 6.8665705
3312177960000, -6.5218053, 2.2601264, 4.759673
3312189853000, -4.9799395, 1.7908629, 3.9456444
3312200397000, -3.8594532, 1.2258313, 3.323152
3312211310000, -2.930503, 0.9959879, 2.8921957
3312221068000, -2.2984335, 0.7469909, 2.7389667
3312232541000, -1.934515, 0.49799395, 2.825158
3312243104000, -1.8483237, 0.25857377, 3.0358477
3312252901000, -2.2505496, 0.06703765, 3.2848446
3312263085000, -3.217807, -0.08619126, 3.6774938
3312273228000, -4.3287168, -0.06703765, 4.271256
3312283153000, -5.6215854, 0.29688102, 5.1235914
3312293393000, -7.019799, 0.9576807, 5.7748146
3312304401000, -8.331821, 1.7142484, 6.1387334
3312313540000, -9.452309, 2.1930888, 6.3781533
3312324481000, -10.189722, 2.078167, 6.196194
3312334546000, -10.563218, 1.5227122, 5.7843914
3312344674000, -10.726024, 1.0342951, 5.315128
3312354968000, -10.477027, 0.94810385, 4.9799395
3312366764000, -8.944737, 1.733402, 5.5162406
3312377664000, -8.552089, 2.0685902, 6.0716953
3312387626000, -8.465898, 2.384625, 6.483498
3312397916000, -8.542512, 2.7485435, 6.6079965
3312408988000, -8.6574335, 3.1411927, 6.5601125
3312418420000, -8.762778, 3.5338416, 6.5026517
3312438440000, -8.743625, 3.5434184, 5.746084
3312448614000, -8.6574335, 3.083732, 5.48751
3312458943000, -8.312668, 2.6623523, 5.2768207
3312468733000, -8.015787, 2.1930888, 5.046977
3312478955000, -7.7189064, 1.7142484, 4.855441
3312489030000, -7.422025, 1.3311762, 4.7405195
3312499073000, -7.153875, 1.0151415, 4.644751
3312509989000, -6.9240313, 0.78529817, 4.6926355
3312519918000, -6.7803793, 0.5267244, 4.654328
3312529372000, -6.847417, 0.24899697, 4.5298295
3312539414000, -7.067683, 0.076614454, 4.4723687
3312549539000, -7.4124484, -0.08619126, 4.5202527
3312560080000, -7.929596, -0.11492168, 4.5681367
3312571490000, -8.571242, -0.06703765, 4.5777135
3312581288000, -9.184157, 0.10534488, 4.5872903
3312592750000, -9.959879, 1.0055647, 4.711789
3312604146000, -9.998186, 1.6184803, 4.6830587
3312613629000, -9.931149, 2.1547816, 4.5777135
3312623769000, -9.739613, 2.633622, 4.4819455
3312633488000, -9.385271, 3.016694, 4.414908
3312643882000, -8.973468, 3.2752678, 4.4244847
3312654225000, -8.590396, 3.2944214, 4.367024
3312664650000, -8.312668, 3.0454245, 4.357447
3312674437000, -8.121132, 2.7389667, 4.3861775
3312684040000, -7.9870567, 2.3654714, 4.462792
3312694283000, -8.025364, 2.0207062, 4.4436383
3312704434000, -8.2169, 1.6759412, 4.4244847
3312714307000, -8.475474, 1.3503298, 4.3766007
3312724733000, -8.734048, 1.0342951, 4.414908
3312734642000, -9.030929, 0.7182605, 4.4244847
3312745861000, -9.203311, 0.49799395, 4.31914
3312755355000, -9.375694, 0.41180268, 4.213795
3312767626000, -9.394848, 0.545878, 4.10845
3312777544000, -9.251195, 0.8619126, 4.0701427
3312788507000, -9.030929, 1.2737153, 4.050989
3312798140000, -8.810662, 1.6567876, 4.0414124
3312808236000, -8.6574335, 1.9919758, 3.9935284
3312818352000, -8.475474, 2.4133554, 4.1371803
3312828721000, -8.532935, 2.432509, 4.4340615
3312838238000, -8.590396, 2.3558946, 4.6255975
3312848429000, -8.676587, 2.1930888, 4.654328
3312858235000, -8.66701, 2.030283, 4.548983
3312868193000, -8.647857, 1.9249382, 4.4723687
3312878394000, -8.532935, 1.8004397, 4.405331
3312890783000, -8.39886, 1.6950948, 4.3382936
3312899491000, -8.312668, 1.6280571, 4.309563
3312909646000, -8.2169, 1.5993267, 4.4244847
3312920312000, -8.130709, 1.6184803, 4.5777135
3312929783000, -8.063671, 1.6759412, 4.721366
3312949910000, -8.073248, 1.6567876, 4.711789
3312959959000, -8.178593, 1.6663644, 4.673482
3312970728000, -8.331821, 1.6280571, 4.6926355
3312980438000, -8.494628, 1.6184803, 4.7309427
3312990608000, -8.542512, 1.5801731, 4.6926355
3313000942000, -8.504205, 1.5514427, 4.606444
3313010750000, -8.456321, 1.5993267, 4.5872903
3313020749000, -8.341399, 1.733402, 4.6255975
3313030822000, -8.207323, 1.8291701, 4.663905
3313040974000, -8.073248, 1.9440918, 4.7309427
3313050982000, -7.967903, 1.982399, 4.721366
3313061096000, -7.920019, 2.0398598, 4.7309427
3313082337000, -7.843405, 2.0207062, 4.7405195
3313091469000, -7.824251, 1.9728222, 4.76925
3313112494000, -7.929596, 1.8100165, 4.759673
3313122409000, -7.97748, 1.7238252, 4.807557
3313132436000, -8.015787, 1.6376339, 4.865018
3313153310000, -8.073248, 1.6663644, 4.865018
3313163534000, -8.169016, 1.6950948, 4.8267107
3313173260000, -8.236053, 1.7142484, 4.7979803
3313183495000, -8.264784, 1.7621324, 4.76925
3313203742000, -8.293514, 1.8291701, 4.711789
3313214162000, -8.24563, 1.8866309, 4.673482
3313224064000, -8.2169, 1.8579005, 4.7022123
3313235228000, -8.159439, 1.8387469, 4.759673
3313245096000, -8.1881695, 1.8483237, 4.8362875
3313254434000, -8.207323, 1.8674773, 4.7884035
3313264761000, -8.197746, 1.8770541, 4.673482
3313274702000, -8.207323, 1.9057846, 4.5872903
3313294874000, -8.274361, 1.8866309, 4.510676
3313305194000, -8.2169, 1.9249382, 4.5394063
3313315680000, -8.24563, 1.8962077, 4.5681367
3313335372000, -8.39886, 1.8291701, 4.5394063
3313346137000, -8.42759, 1.7908629, 4.5298295
3313356274000, -8.475474, 1.8100165, 4.510676
3313366878000, -8.504205, 1.7812861, 4.4915223
3313377541000, -8.552089, 1.7429788, 4.4819455
3313397530000, -8.532935, 1.7621324, 4.510676
3313408962000, -8.542512, 1.8483237, 4.4436383
3313428961000, -8.523358, 1.934515, 4.4244847
3313448564000, -8.590396, 1.8291701, 4.462792
3313468810000, -8.552089, 1.7812861, 4.55856
3313479033000, -8.475474, 1.8195933, 4.4244847
3313489099000, -8.418014, 1.7621324, 4.4340615
3313499696000, -8.303091, 1.8387469, 4.3957543
3313509399000, -8.236053, 1.8579005, 4.4436383
3313520179000, -8.1881695, 1.9632454, 4.462792
3313529584000, -8.207323, 2.0494366, 4.5298295
3313539659000, -8.24563, 2.0685902, 4.5681367
3313560397000, -8.389283, 1.982399, 4.596867
3313571036000, -8.37013, 1.9440918, 4.55856
3313581022000, -8.39886, 1.8770541, 4.548983
3313591669000, -8.42759, 1.7717092, 4.5394063
3313602083000, -8.408437, 1.7429788, 4.606444
3313622691000, -8.39886, 1.8004397, 4.6160207
3313632717000, -8.360553, 1.8387469, 4.6351743
3313643059000, -8.341399, 1.8866309, 4.6160207
3313653489000, -8.303091, 1.9249382, 4.5777135
3313673129000, -8.312668, 1.8962077, 4.6160207
3313703349000, -8.197746, 1.7142484, 4.6830587
3313713391000, -8.178593, 1.6376339, 4.663905
3313723511000, -8.121132, 1.5705963, 4.673482
3313733587000, -8.0924015, 1.6759412, 4.5872903
3313753824000, -8.111555, 1.8100165, 4.548983
3313764044000, -8.178593, 1.9440918, 4.5777135
3313784184000, -8.2169, 2.030283, 4.6160207
3313794278000, -8.274361, 2.0015526, 4.6351743
3313804395000, -8.312668, 1.9919758, 4.6926355
3313814478000, -8.39886, 1.9440918, 4.663905
3313825329000, -8.389283, 1.8866309, 4.6830587
3313834976000, -8.350976, 1.8291701, 4.6255975
3313844864000, -8.341399, 1.7908629, 4.6351743
3313855127000, -8.303091, 1.7717092, 4.5872903
3313865225000, -8.283937, 1.8100165, 4.606444
3313885500000, -8.236053, 1.8195933, 4.6255975
3313895652000, -8.2169, 1.8579005, 4.6351743
3313906037000, -8.274361, 1.8195933, 4.606444
3313915762000, -8.283937, 1.8100165, 4.548983
3313926660000, -8.293514, 1.7812861, 4.55856
3313936321000, -8.274361, 1.8004397, 4.548983
3313956497000, -8.312668, 1.8291701, 4.510676
3313966572000, -8.341399, 1.8579005, 4.501099
3313977385000, -8.360553, 1.8866309, 4.4723687
3313997294000, -8.360553, 1.9057846, 4.462792
3314007449000, -8.42759, 1.934515, 4.510676
3314027531000, -8.456321, 1.8579005, 4.5777135
3314038187000, -8.475474, 1.8483237, 4.596867
3314059031000, -8.446744, 1.7717092, 4.548983
3314089197000, -8.37013, 1.7621324, 4.5394063
3314099318000, -8.39886, 1.7429788, 4.55856
3314109471000, -8.350976, 1.7046716, 4.5777135
3314120179000, -8.303091, 1.733402, 4.606444
3314129663000, -8.274361, 1.7429788, 4.6160207
3314139697000, -8.264784, 1.7908629, 4.5777135
3314150673000, -8.293514, 1.8004397, 4.5298295
3314160250000, -8.341399, 1.8387469, 4.548983
3314171024000, -8.350976, 1.8483237, 4.55856
3314180577000, -8.379706, 1.9153614, 4.5298295
3314190622000, -8.341399, 1.934515, 4.5394063
3314220984000, -8.312668, 1.934515, 4.510676
3314231386000, -8.341399, 1.9057846, 4.55856
3314242978000, -8.322245, 1.8483237, 4.5681367
3314252536000, -8.293514, 1.7812861, 4.606444
3314262759000, -8.303091, 1.733402, 4.596867
3314272823000, -8.312668, 1.7238252, 4.55856
3314283041000, -8.331821, 1.7142484, 4.5681367
3314303100000, -8.360553, 1.7525556, 4.596867
3314323434000, -8.322245, 1.7908629, 4.5872903
3314343603000, -8.283937, 1.7908629, 4.596867
3314353546000, -8.24563, 1.7812861, 4.5872903
3314373819000, -8.274361, 1.7525556, 4.5872903
3314384012000, -8.303091, 1.7142484, 4.6160207
3314394130000, -8.322245, 1.733402, 4.5872903
3314414443000, -8.350976, 1.8100165, 4.654328
3314424439000, -8.379706, 1.8291701, 4.663905
3314434539000, -8.350976, 1.8483237, 4.6830587
3314454739000, -8.303091, 1.8674773, 4.5777135
3314464722000, -8.293514, 1.8483237, 4.6160207
3314475821000, -8.331821, 1.8100165, 4.654328
3314485312000, -8.389283, 1.8004397, 4.663905
3314496340000, -8.408437, 1.7429788, 4.6351743
3314507456000, -8.437167, 1.685518, 4.606444
3314517115000, -8.408437, 1.6950948, 4.5681367
3314527088000, -8.39886, 1.7238252, 4.55856
3314537287000, -8.37013, 1.7429788, 4.5202527
3314547179000, -8.360553, 1.7621324, 4.4915223
3314557232000, -8.341399, 1.7717092, 4.5298295
3314567797000, -8.303091, 1.7812861, 4.5872903
3314587631000, -8.322245, 1.7908629, 4.5777135
3314618080000, -8.418014, 1.8004397, 4.5202527
3314628152000, -8.475474, 1.7717092, 4.548983
3314638558000, -8.456321, 1.7908629, 4.5298295
3314658469000, -8.418014, 1.8004397, 4.5394063
3314678067000, -8.37013, 1.8100165, 4.5394063
3314698214000, -8.312668, 1.8195933, 4.55856
3314708772000, -8.274361, 1.8100165, 4.548983
3314729510000, -8.331821, 1.7429788, 4.548983
3314739423000, -8.350976, 1.733402, 4.5872903
3314750307000, -8.389283, 1.7717092, 4.5777135
3314770479000, -8.39886, 1.7525556, 4.5298295
3314790145000, -8.303091, 1.8004397, 4.548983
3314800991000, -8.322245, 1.8100165, 4.606444
3314820957000, -8.312668, 1.8387469, 4.644751
3314831016000, -8.293514, 1.7812861, 4.596867
3314841372000, -8.331821, 1.7429788, 4.606444
3314852610000, -8.293514, 1.733402, 4.596867
3314872297000, -8.293514, 1.685518, 4.606444
3314882130000, -8.312668, 1.6759412, 4.6160207
3314902235000, -8.331821, 1.7621324, 4.6351743
3314912381000, -8.37013, 1.8387469, 4.654328
3314922720000, -8.389283, 1.8195933, 4.644751
3314932500000, -8.341399, 1.8483237, 4.6255975
3314942844000, -8.303091, 1.8387469, 4.663905
3314953524000, -8.283937, 1.8195933, 4.5872903
3314973409000, -8.236053, 1.7812861, 4.5394063
3314983178000, -8.1881695, 1.7525556, 4.5681367
3315003584000, -8.264784, 1.6950948, 4.606444
3315013697000, -8.312668, 1.6472107, 4.5777135
3315023486000, -8.331821, 1.6567876, 4.606444
3315033811000, -8.322245, 1.7142484, 4.6255975
3315044050000, -8.331821, 1.7238252, 4.6160207
3315054110000, -8.312668, 1.7429788, 4.5681367
3315064301000, -8.322245, 1.7238252, 4.5872903
3315074279000, -8.341399, 1.7046716, 4.6160207
3315084265000, -8.360553, 1.685518, 4.6830587
3315094384000, -8.39886, 1.7046716, 4.6160207
3315104466000, -8.350976, 1.733402, 4.5872903
3315114588000, -8.322245, 1.7621324, 4.6351743
3315135133000, -8.293514, 1.7429788, 4.596867
3315145244000, -8.255207, 1.7238252, 4.5777135
3315155889000, -8.293514, 1.7142484, 4.6160207
3315175727000, -8.283937, 1.7238252, 4.606444
3315185953000, -8.255207, 1.7429788, 4.654328
3315196187000, -8.24563, 1.7717092, 4.673482
3315206379000, -8.226477, 1.7812861, 4.663905
3315226655000, -8.24563, 1.7046716, 4.644751
3315247091000, -8.274361, 1.7429788, 4.5777135
3315267662000, -8.322245, 1.7238252, 4.548983
3315277795000, -8.341399, 1.733402, 4.5872903
3315298022000, -8.350976, 1.7142484, 4.55856
3315308208000, -8.389283, 1.7429788, 4.5681367
3315318017000, -8.37013, 1.733402, 4.596867
3315328151000, -8.350976, 1.7525556, 4.663905
3315338214000, -8.312668, 1.7142484, 4.6351743
3315348423000, -8.303091, 1.6950948, 4.606444
3315358799000, -8.312668, 1.6663644, 4.6160207
3315368423000, -8.322245, 1.6950948, 4.5872903
3315378501000, -8.312668, 1.685518, 4.6160207
3315398307000, -8.360553, 1.7429788, 4.5777135
3315408593000, -8.37013, 1.733402, 4.5872903
3315439231000, -8.226477, 1.7525556, 4.596867
3315449110000, -8.255207, 1.733402, 4.6255975
3315479284000, -8.283937, 1.7238252, 4.673482
3315490188000, -8.322245, 1.685518, 4.6255975
3315510913000, -8.360553, 1.6567876, 4.6160207
3315521010000, -8.37013, 1.685518, 4.606444
3315531452000, -8.379706, 1.6376339, 4.6160207
3315541520000, -8.39886, 1.6567876, 4.6255975
3315562552000, -8.322245, 1.6663644, 4.5872903
3315572613000, -8.312668, 1.7238252, 4.6255975
3315582478000, -8.303091, 1.7429788, 4.673482
3315602777000, -8.322245, 1.733402, 4.663905
3315612963000, -8.350976, 1.7525556, 4.6255975
3315633138000, -8.360553, 1.7429788, 4.6255975
3315643753000, -8.37013, 1.7046716, 4.606444
3315653565000, -8.379706, 1.685518, 4.5872903
3315673474000, -8.350976, 1.7142484, 4.6351743
3315693918000, -8.322245, 1.6950948, 4.606444
3315723633000, -8.312668, 1.6184803, 4.654328
3315734023000, -8.350976, 1.5801731, 4.6160207
3315754352000, -8.350976, 1.6280571, 4.663905
3315774386000, -8.341399, 1.6472107, 4.5872903
3315794433000, -8.341399, 1.6376339, 4.5777135
3315814913000, -8.303091, 1.7238252, 4.6160207
3315824751000, -8.322245, 1.733402, 4.596867
3315880219000, -8.331821, 1.7238252, 4.596867
3315889314000, -8.312668, 1.733402, 4.606444
3315899601000, -8.293514, 1.7046716, 4.5872903
3315909999000, -8.303091, 1.6950948, 4.5777135
3315919966000, -8.350976, 1.7046716, 4.5298295
3315930236000, -8.37013, 1.685518, 4.5202527
3315940180000, -8.341399, 1.6950948, 4.548983
3315950639000, -8.322245, 1.685518, 4.606444
3315960894000, -8.341399, 1.6472107, 4.6160207
3315972118000, -8.360553, 1.6089035, 4.644751
3315992826000, -8.379706, 1.6089035, 4.606444
3316003280000, -8.360553, 1.6184803, 4.5777135
3316023304000, -8.437167, 1.6280571, 4.6255975
3316043679000, -8.389283, 1.6089035, 4.606444
3316063667000, -8.293514, 1.6663644, 4.6351743
3316083780000, -8.274361, 1.6950948, 4.5872903
3316103824000, -8.293514, 1.6567876, 4.5681367
3316114135000, -8.322245, 1.685518, 4.5872903
3316124006000, -8.341399, 1.6567876, 4.596867
3316134000000, -8.331821, 1.5993267, 4.654328
3316144258000, -8.37013, 1.6376339, 4.6351743
3316174526000, -8.350976, 1.685518, 4.6351743
3316184518000, -8.341399, 1.7046716, 4.5681367
3316194593000, -8.331821, 1.6663644, 4.55856
3316214774000, -8.350976, 1.6472107, 4.55856
3316225163000, -8.360553, 1.6280571, 4.6160207
3316246006000, -8.39886, 1.5993267, 4.5777135
3316256146000, -8.389283, 1.6280571, 4.510676
3316276550000, -8.341399, 1.6663644, 4.5681367
3316286295000, -8.350976, 1.6759412, 4.606444
3316306542000, -8.312668, 1.6567876, 4.606444
3316316653000, -8.303091, 1.6663644, 4.596867
3316347730000, -8.37013, 1.7142484, 4.510676
3316357128000, -8.418014, 1.7046716, 4.596867
3316377599000, -8.389283, 1.6472107, 4.6160207
3316387594000, -8.379706, 1.6376339, 4.596867
3316398415000, -8.360553, 1.6280571, 4.5872903
3316408885000, -8.341399, 1.5993267, 4.55856
3316428520000, -8.360553, 1.541866, 4.5777135
3316462598000, -8.350976, 1.5514427, 4.7405195
3316472826000, -8.37013, 1.5801731, 4.6160207
3316482676000, -8.379706, 1.5897499, 4.606444
3316502641000, -8.360553, 1.6376339, 4.596867
3316512744000, -8.37013, 1.6663644, 4.5681367
3316532914000, -8.37013, 1.6472107, 4.606444
3316563309000, -8.360553, 1.6280571, 4.5777135
3316583557000, -8.341399, 1.6184803, 4.55856
3316593700000, -8.360553, 1.6472107, 4.5872903
3316604427000, -8.331821, 1.6184803, 4.5777135
3316623719000, -8.379706, 1.6280571, 4.548983
3316633874000, -8.360553, 1.6376339, 4.5681367
3316664337000, -8.39886, 1.6280571, 4.5681367
3316684341000, -8.408437, 1.6280571, 4.5681367
3316714616000, -8.408437, 1.6089035, 4.548983
3316755576000, -8.341399, 1.5705963, 4.596867
3316785786000, -8.360553, 1.5514427, 4.4915223
3316795805000, -8.389283, 1.5705963, 4.5202527
3316805903000, -8.37013, 1.5514427, 4.548983
3316825955000, -8.418014, 1.5610195, 4.5777135
3316856037000, -8.408437, 1.6184803, 4.5777135
3316866047000, -8.37013, 1.6472107, 4.5681367
3316876187000, -8.331821, 1.6567876, 4.596867
3316896370000, -8.360553, 1.6472107, 4.5777135
3316906565000, -8.379706, 1.5993267, 4.5394063
3316937058000, -8.379706, 1.5897499, 4.55856
3316947093000, -8.408437, 1.5705963, 4.5394063
3316967539000, -8.389283, 1.5610195, 4.510676
3316977867000, -8.37013, 1.5801731, 4.4819455
3316987788000, -8.39886, 1.5610195, 4.5298295
3317007932000, -8.418014, 1.5897499, 4.55856
3317038559000, -8.389283, 1.6184803, 4.5394063
3317048635000, -8.379706, 1.6663644, 4.4915223
3317068525000, -8.389283, 1.685518, 4.5202527
3317078949000, -8.360553, 1.6472107, 4.548983
3317098863000, -8.341399, 1.6089035, 4.5777135
3317121415000, -8.379706, 1.5514427, 4.548983
3317131402000, -8.389283, 1.532289, 4.5681367
3317141460000, -8.341399, 1.5705963, 4.5872903
3317152610000, -8.350976, 1.5801731, 4.5777135
3317163265000, -8.379706, 1.6184803, 4.5298295
3317183707000, -8.418014, 1.6280571, 4.5872903
3317193960000, -8.39886, 1.6472107, 4.5681367
3317213512000, -8.418014, 1.6376339, 4.510676
3317223608000, -8.389283, 1.6567876, 4.5202527
3317234058000, -8.408437, 1.6184803, 4.548983
3317244222000, -8.39886, 1.6280571, 4.5777135
3317254098000, -8.341399, 1.6184803, 4.5681367
3317264041000, -8.350976, 1.5801731, 4.596867
3317274125000, -8.331821, 1.5993267, 4.5872903
3317284439000, -8.350976, 1.6567876, 4.5681367
3317294415000, -8.360553, 1.6472107, 4.5872903
3317304582000, -8.341399, 1.6759412, 4.596867
3317324739000, -8.39886, 1.685518, 4.5394063
3317345619000, -8.39886, 1.6950948, 4.548983
3317356128000, -8.408437, 1.6472107, 4.5681367
3317366045000, -8.39886, 1.6184803, 4.510676
3317386367000, -8.360553, 1.6280571, 4.510676
3317406391000, -8.341399, 1.6663644, 4.5777135
3317416481000, -8.360553, 1.6376339, 4.5681367
3317436905000, -8.37013, 1.6567876, 4.5681367
3317447675000, -8.350976, 1.6472107, 4.5872903
3317467557000, -8.37013, 1.6759412, 4.5681367
3317489608000, -8.360553, 1.6376339, 4.606444
3317509191000, -8.389283, 1.6472107, 4.5394063
3317518934000, -8.379706, 1.6663644, 4.5202527
3317529079000, -8.37013, 1.6759412, 4.548983
3317549240000, -8.360553, 1.685518, 4.510676
3317559630000, -8.37013, 1.7046716, 4.548983
3317569446000, -8.303091, 1.6950948, 4.606444
3317589649000, -8.322245, 1.6663644, 4.548983
3317599917000, -8.341399, 1.685518, 4.5394063
3317610149000, -8.350976, 1.6567876, 4.548983
3317630359000, -8.360553, 1.685518, 4.5681367
3317640307000, -8.389283, 1.6663644, 4.596867
3317661294000, -8.379706, 1.6567876, 4.5202527
3317671565000, -8.331821, 1.6950948, 4.5298295
3317681555000, -8.293514, 1.685518, 4.5202527
3317711893000, -8.303091, 1.7621324, 4.548983
3317732100000, -8.283937, 1.8100165, 4.5872903
3317742686000, -8.303091, 1.7812861, 4.5681367
3317763120000, -8.360553, 1.7525556, 4.5681367
3317782765000, -8.293514, 1.7238252, 4.55856
3317802956000, -8.274361, 1.685518, 4.5202527
3317812988000, -8.293514, 1.6759412, 4.55856
3317823124000, -8.360553, 1.685518, 4.606444
3317844001000, -8.37013, 1.6472107, 4.6351743
3317863751000, -8.379706, 1.6280571, 4.6160207
3317873623000, -8.39886, 1.6089035, 4.5872903
3317894197000, -8.418014, 1.6089035, 4.4915223
3317904855000, -8.389283, 1.6184803, 4.5394063
3317914247000, -8.37013, 1.6280571, 4.5872903
3317924356000, -8.379706, 1.6472107, 4.548983
3317934261000, -8.389283, 1.6663644, 4.510676
3317955226000, -8.389283, 1.7238252, 4.5298295
3317964681000, -8.408437, 1.7046716, 4.5872903
3317974947000, -8.42759, 1.685518, 4.5681367
3317985639000, -8.39886, 1.6376339, 4.5298295
3317995282000, -8.379706, 1.6472107, 4.5394063
3318015527000, -8.341399, 1.6567876, 4.5298295
3318046474000, -8.350976, 1.6376339, 4.4915223
3318066846000, -8.322245, 1.6759412, 4.5394063
3318077245000, -8.331821, 1.6950948, 4.548983
3318087778000, -8.350976, 1.685518, 4.5872903
3318097322000, -8.39886, 1.6567876, 4.5681367
3318127725000, -8.39886, 1.6759412, 4.453215
3318138398000, -8.379706, 1.685518, 4.501099
3318147804000, -8.360553, 1.7142484, 4.5777135
3318158005000, -8.322245, 1.7238252, 4.5681367
3318178019000, -8.37013, 1.6759412, 4.55856
3318188512000, -8.389283, 1.6950948, 4.5394063
3318198121000, -8.42759, 1.6376339, 4.5202527
3318208299000, -8.437167, 1.6567876, 4.510676
3318218103000, -8.389283, 1.6472107, 4.5777135
3318228202000, -8.39886, 1.6567876, 4.5872903
3318238380000, -8.389283, 1.6663644, 4.5777135
3318258754000, -8.37013, 1.6567876, 4.5394063
3318289081000, -8.39886, 1.6376339, 4.5777135
3318309321000, -8.437167, 1.6089035, 4.5872903
3318339343000, -8.389283, 1.6184803, 4.5681367
3318359932000, -8.322245, 1.6184803, 4.55856
3318369656000, -8.331821, 1.5705963, 4.5202527
3318379783000, -8.341399, 1.5897499, 4.5298295
3318389943000, -8.360553, 1.6089035, 4.6255975
3318400202000, -8.379706, 1.6472107, 4.6160207
3318410361000, -8.360553, 1.685518, 4.5777135
3318420289000, -8.331821, 1.6950948, 4.55856
3318440564000, -8.379706, 1.7046716, 4.5298295
3318470808000, -8.389283, 1.685518, 4.596867
3318481085000, -8.379706, 1.6759412, 4.5681367
3318490991000, -8.341399, 1.6567876, 4.5298295
3318501148000, -8.322245, 1.6663644, 4.5394063
3318511384000, -8.350976, 1.5993267, 4.5202527
3318531560000, -8.379706, 1.5705963, 4.548983
3318562516000, -8.389283, 1.541866, 4.55856
3318572904000, -8.42759, 1.5514427, 4.5681367
3318593526000, -8.485051, 1.5801731, 4.5872903
3318613436000, -8.456321, 1.6567876, 4.4819455
3318623420000, -8.418014, 1.6663644, 4.453215
3318644067000, -8.360553, 1.6376339, 4.4915223
3318654566000, -8.389283, 1.6184803, 4.548983
3318663855000, -8.360553, 1.6567876, 4.5394063
3318705086000, -8.350976, 1.6950948, 4.548983
3318724477000, -8.39886, 1.6567876, 4.5202527
3318744618000, -8.408437, 1.6184803, 4.510676
3318755351000, -8.418014, 1.5993267, 4.5202527
3318785187000, -8.39886, 1.5514427, 4.5681367
3318806033000, -8.341399, 1.6376339, 4.5872903
3318836358000, -8.360553, 1.6089035, 4.501099
3318857744000, -8.418014, 1.5705963, 4.4819455
3318867796000, -8.408437, 1.532289, 4.510676
3318888032000, -8.437167, 1.5705963, 4.5298295
3318898244000, -8.408437, 1.6184803, 4.5872903
3318908276000, -8.389283, 1.5801731, 4.596867
3318918183000, -8.37013, 1.6472107, 4.5681367
3318928418000, -8.360553, 1.6184803, 4.5298295
3318948622000, -8.389283, 1.6376339, 4.510676
3318958626000, -8.418014, 1.6184803, 4.501099
3318968431000, -8.42759, 1.5897499, 4.4915223
3318978556000, -8.437167, 1.5705963, 4.5202527
3318988434000, -8.42759, 1.6089035, 4.55856
3319018980000, -8.379706, 1.6280571, 4.510676
3319028986000, -8.37013, 1.6089035, 4.5681367
3319039092000, -8.360553, 1.6376339, 4.5872903
3319049188000, -8.37013, 1.6280571, 4.6160207
3319069403000, -8.360553, 1.5705963, 4.5298295
3319079523000, -8.37013, 1.541866, 4.5202527
3319089600000, -8.408437, 1.5610195, 4.5777135
3319109908000, -8.37013, 1.5514427, 4.5298295
3319130201000, -8.437167, 1.5801731, 4.5298295
3319140277000, -8.379706, 1.5897499, 4.5202527
3319151479000, -8.360553, 1.5993267, 4.5298295
3319161346000, -8.341399, 1.685518, 4.55856
3319170982000, -8.331821, 1.7142484, 4.5681367
3319181512000, -8.350976, 1.5514427, 4.5202527
3319201559000, -8.331821, 1.6089035, 4.548983
3319211632000, -8.341399, 1.6280571, 4.5202527
3319223066000, -8.322245, 1.5801731, 4.462792
3319253143000, -8.39886, 1.5227122, 4.5298295
3319263349000, -8.408437, 1.5514427, 4.5681367
3319273426000, -8.418014, 1.5610195, 4.510676
3319283582000, -8.437167, 1.5514427, 4.5394063
3319294092000, -8.408437, 1.5610195, 4.5777135
3319314282000, -8.39886, 1.5705963, 4.5298295
3319334312000, -8.39886, 1.6280571, 4.510676
3319354346000, -8.37013, 1.6376339, 4.5202527
3319364655000, -8.360553, 1.6472107, 4.510676
3319374549000, -8.379706, 1.6567876, 4.548983
3319384601000, -8.37013, 1.6663644, 4.5394063
3319394786000, -8.379706, 1.6759412, 4.4915223
3319404845000, -8.39886, 1.685518, 4.4819455
3319425473000, -8.389283, 1.6663644, 4.5298295
3319445962000, -8.360553, 1.6472107, 4.4819455
3319455978000, -8.37013, 1.5705963, 4.4340615
3319466072000, -8.379706, 1.5897499, 4.462792
3319476523000, -8.350976, 1.5514427, 4.501099
3319486509000, -8.37013, 1.5610195, 4.548983
3319496896000, -8.408437, 1.5227122, 4.596867
3319507627000, -8.418014, 1.541866, 4.5872903
3319517505000, -8.39886, 1.5993267, 4.55856
3319527918000, -8.379706, 1.6376339, 4.548983
3319548057000, -8.456321, 1.5610195, 4.5202527
3319557922000, -8.465898, 1.532289, 4.510676
3319578374000, -8.446744, 1.532289, 4.548983
3319598500000, -8.39886, 1.5227122, 4.510676
3319608517000, -8.37013, 1.5610195, 4.5298295
3319618175000, -8.408437, 1.5514427, 4.55856
3319628087000, -8.39886, 1.5705963, 4.5394063
3319638305000, -8.389283, 1.5801731, 4.5298295
3319648489000, -8.39886, 1.6376339, 4.5394063
3319658486000, -8.42759, 1.6567876, 4.55856
3319668795000, -8.437167, 1.6759412, 4.548983
3319678703000, -8.418014, 1.6663644, 4.5298295
3319689328000, -8.389283, 1.6759412, 4.5777135
3319698836000, -8.408437, 1.6950948, 4.5298295
3319709423000, -8.37013, 1.6759412, 4.501099
3319749457000, -8.379706, 1.6376339, 4.501099
