#Angle around the z x y axes.
#timestamp(ns), Azimuth , Pitch, Roll (degrees)
#Datetime: 11/06/2014 12:46:35
##########################################
#Activity: 8 - CSI - Car-Step in - 6s
#Subject ID: 27
#First Name: sub27
#Last Name: sub27
#Age: 25
#Height(cm): 180
#Weight(kg): 82
#Gender: Male
##########################################

@DATA
2388248221000, 152.7118, -165.81717, -35.766136
2388262091000, 152.75842, -166.07971, -35.938637
2388267088000, 154.0083, -164.22073, -34.664505
2388272036000, 154.58377, -163.3077, -34.012897
2388277114000, 155.13055, -162.37453, -33.358406
2388282689000, 155.64296, -161.44221, -32.69553
2388287115000, 156.1356, -160.50136, -32.053883
2388292124000, 156.59995, -159.58122, -31.406662
2388297040000, 157.02885, -158.64671, -30.719908
2388302021000, 157.44693, -157.69357, -30.099285
2388306994000, 157.8372, -156.77092, -29.434406
2388311957000, 158.20255, -155.82489, -28.78882
2388316948000, 158.55441, -154.88184, -28.1488
2388321988000, 158.88403, -153.94402, -27.51819
2388326954000, 159.20277, -153.0017, -26.892727
2388331983000, 159.50641, -152.06444, -26.28378
2388336970000, 159.80264, -151.13861, -25.689018
2388341972000, 160.08913, -150.22559, -25.108992
2388346953000, 160.3701, -149.33308, -24.555693
2388352282000, 160.64993, -148.47156, -24.020308
2388356973000, 160.92413, -147.63902, -23.506613
2388361965000, 161.2174, -146.84755, -23.061766
2388371973000, 161.49747, -146.23422, -22.608105
2388376977000, 161.77437, -145.4717, -22.177198
2388381965000, 162.06522, -144.89316, -21.79002
2388386999000, 162.34444, -144.31485, -21.39909
2388391970000, 162.61201, -143.74146, -21.014568
2388396964000, 162.87273, -143.1728, -20.629343
2388402021000, 163.1253, -142.61327, -20.24783
2388407040000, 163.36382, -142.06575, -19.870806
2388412032000, 163.59888, -141.52463, -19.498613
2388417022000, 163.82274, -140.9914, -19.12564
2388422250000, 164.04524, -140.46118, -18.760641
2388427039000, 164.25478, -139.94258, -18.396568
2388432484000, 164.46693, -139.41855, -18.04056
2388437045000, 164.68042, -138.90625, -17.689533
2388442039000, 164.87642, -138.39378, -17.337864
2388447047000, 165.07364, -137.88898, -16.99229
2388452048000, 165.27774, -137.38344, -16.65929
2388457079000, 165.48077, -136.88567, -16.328043
2388462073000, 165.68523, -136.38846, -16.00519
2388467061000, 165.88884, -135.89835, -15.687256
2388472097000, 166.08644, -135.41609, -15.368191
2388477103000, 166.2798, -134.93532, -15.051153
2388482143000, 166.46664, -134.46425, -14.7344475
2388487098000, 166.6465, -133.99841, -14.419437
2388492104000, 166.81842, -133.54214, -14.107229
2388497058000, 166.98796, -133.08884, -13.797151
2388502041000, 167.14879, -132.64125, -13.487809
2388507078000, 167.30743, -132.20224, -13.190517
2388512073000, 167.46371, -131.764, -12.888848
2388517027000, 167.61365, -131.334, -12.5978365
2388522086000, 167.76128, -130.9049, -12.307922
2388527038000, 167.90286, -130.4799, -12.018072
2388532057000, 168.04129, -130.05879, -11.736355
2388537058000, 168.16945, -129.64096, -11.449716
2388542043000, 168.29501, -129.22098, -11.166033
2388547036000, 168.41151, -128.8077, -10.882672
2388552005000, 168.52248, -128.39352, -10.603364
2388557046000, 168.62982, -127.978714, -10.32117
2388562011000, 168.73055, -127.571, -10.04663
2388567020000, 168.82733, -127.163925, -9.771226
2388572103000, 168.92102, -126.762024, -9.500371
2388577036000, 169.0117, -126.364105, -9.232634
2388582026000, 169.0961, -125.97009, -8.96848
2388587040000, 169.17984, -125.586395, -8.709618
2388592049000, 169.26086, -125.20743, -8.4566145
2388597035000, 169.3355, -124.83287, -8.209817
2388602018000, 169.4094, -124.468765, -7.9662137
2388607695000, 169.4757, -124.114456, -7.7276554
2388612036000, 169.53691, -123.76394, -7.491251
2388617017000, 169.5936, -123.42468, -7.257465
2388622043000, 169.64531, -123.09207, -7.0239334
2388627037000, 169.69539, -122.766174, -6.7945714
2388632038000, 169.74594, -122.44592, -6.569078
2388637054000, 169.79643, -122.13542, -6.3510194
2388642037000, 169.8489, -121.82666, -6.138319
2388647035000, 169.89108, -121.49832, -5.9254756
2388652016000, 169.92685, -121.17131, -5.7189507
2388657054000, 169.95482, -120.85654, -5.5131664
2388662035000, 169.97896, -120.54731, -5.3079963
2388667012000, 169.99664, -120.245094, -5.105974
2388672077000, 169.99847, -119.956635, -4.8992815
2388677685000, 169.98944, -119.66966, -4.6906924
2388682033000, 169.98268, -119.38875, -4.4878044
2388687050000, 169.96332, -119.117226, -4.2844625
2388692036000, 169.94241, -118.84202, -4.0812154
2388697033000, 169.92082, -118.572174, -3.8836
2388702016000, 169.89835, -118.29999, -3.6891348
2388707054000, 169.88374, -118.02756, -3.4987137
2388712038000, 169.86954, -117.75747, -3.310846
2388717016000, 169.86487, -117.48471, -3.1320775
2388722107000, 169.86879, -117.22072, -2.952893
2388727044000, 169.87901, -116.95075, -2.782527
2388732029000, 169.89697, -116.69201, -2.6157715
2388737051000, 169.92429, -116.43753, -2.4529693
2388742040000, 169.95341, -116.19267, -2.2942579
2388747105000, 169.98701, -115.95653, -2.1360037
2388752022000, 170.02232, -115.73203, -1.9828308
2388757044000, 170.05891, -115.51717, -1.8299166
2388762034000, 170.09282, -115.31344, -1.6794128
2388767016000, 170.1291, -115.11811, -1.5331768
2388772058000, 170.1617, -114.92894, -1.3858906
2388777073000, 170.19624, -114.74865, -1.2421656
2388782036000, 170.23045, -114.573616, -1.1013892
2388787129000, 170.26651, -114.40588, -0.96203333
2388792037000, 170.2984, -114.247406, -0.8249946
2388797039000, 170.33234, -114.09531, -0.6935886
2388802015000, 170.37067, -113.95317, -0.5642715
2388807044000, 170.40222, -113.813896, -0.437626
2388812036000, 170.43344, -113.68007, -0.31445193
2388817173000, 170.46986, -113.55491, -0.1958078
2388822053000, 170.49904, -113.42494, -0.07420491
2388827037000, 170.5345, -113.300766, 0.042523053
2388831982000, 170.56653, -113.17206, 0.16050239
2388837028000, 170.60298, -113.0433, 0.2762843
2388842039000, 170.64255, -112.910614, 0.38929942
2388847033000, 170.66452, -112.72116, 0.5316721
2388852015000, 170.69505, -112.52237, 0.6663425
2388857041000, 170.73456, -112.32291, 0.79948425
2388862036000, 170.77936, -112.10959, 0.9285835
2388867026000, 170.83977, -111.89251, 1.0511969
2388872130000, 170.90009, -111.67375, 1.1755707
2388877039000, 170.96284, -111.451485, 1.2949144
2388882035000, 171.02583, -111.23393, 1.4140502
2388887168000, 171.08205, -111.01696, 1.5323147
2388892043000, 171.13507, -110.80683, 1.6543678
2388897033000, 171.17374, -110.602165, 1.774874
2388902022000, 171.20174, -110.40248, 1.9003989
2388907043000, 171.21954, -110.20945, 2.0284991
2388912043000, 171.22488, -110.02264, 2.1595893
2388917021000, 171.22188, -109.84112, 2.2926936
2388922057000, 171.20952, -109.66016, 2.4274178
2388927039000, 171.19437, -109.49187, 2.563318
2388932812000, 171.16779, -109.31922, 2.7016237
2388937057000, 171.13606, -109.161354, 2.839978
2388942047000, 171.09604, -109.00557, 2.9820533
2388947068000, 171.04501, -108.857666, 3.12481
2388952072000, 170.98422, -108.71883, 3.274732
2388957089000, 170.91158, -108.58863, 3.4248722
2388962073000, 170.83788, -108.46535, 3.578633
2388967072000, 170.74715, -108.34792, 3.7359226
2388972090000, 170.65758, -108.23969, 3.89854
2388977074000, 170.56812, -108.13882, 4.0591
2388982083000, 170.4746, -108.03955, 4.222803
2388987095000, 170.39145, -107.947716, 4.3852644
2388992077000, 170.3122, -107.85384, 4.5496607
2388997045000, 170.24518, -107.757675, 4.709066
2389002784000, 170.1909, -107.65985, 4.8717885
2389007091000, 170.14717, -107.55011, 5.034633
2389012074000, 170.1119, -107.430084, 5.1972256
2389017079000, 170.08852, -107.30489, 5.36516
2389022124000, 170.06647, -107.16873, 5.532701
2389027082000, 170.04967, -107.022354, 5.705459
2389031964000, 170.03064, -106.87208, 5.8772097
2389037093000, 170.00652, -106.72455, 6.0568504
2389042080000, 169.97282, -106.56993, 6.234453
2389047071000, 169.879, -106.534485, 6.514617
2389052062000, 169.76192, -106.50427, 6.794811
2389057073000, 169.61978, -106.48891, 7.0793886
2389062071000, 169.45958, -106.48826, 7.3624606
2389067070000, 169.23946, -106.500626, 7.6528306
2389072557000, 168.98416, -106.543465, 7.9468646
2389077078000, 168.73276, -106.62097, 8.235727
2389082073000, 168.41553, -106.69539, 8.535211
2389087092000, 168.10526, -106.823975, 8.826251
2389092080000, 167.78485, -106.967804, 9.1204405
2389097043000, 167.46391, -107.135475, 9.411125
2389102066000, 167.14047, -107.32968, 9.701924
2389107078000, 166.81535, -107.55077, 9.993218
2389112073000, 166.47838, -107.79776, 10.288398
2389117058000, 166.14366, -108.07635, 10.58486
2389122117000, 165.81056, -108.37735, 10.875286
2389127084000, 165.50035, -108.70177, 11.161076
2389132068000, 165.22551, -109.03847, 11.427905
2389137112000, 165.01575, -109.38015, 11.668051
2389142268000, 164.87999, -109.710556, 11.879116
2389147079000, 164.8183, -110.0364, 12.065034
2389152064000, 164.8466, -110.34786, 12.224308
2389157076000, 164.91869, -110.659004, 12.388321
2389162071000, 165.0877, -110.966866, 12.5174055
2389167069000, 165.26485, -111.29252, 12.687662
2389172134000, 165.46367, -111.64403, 12.844916
2389177078000, 165.6758, -112.01448, 13.016514
2389182071000, 165.86964, -112.400085, 13.19722
2389187111000, 166.03288, -112.78932, 13.379281
2389192090000, 166.16292, -113.16137, 13.566671
2389197052000, 166.25465, -113.50281, 13.748581
2389202015000, 166.3329, -113.80219, 13.929353
2389207045000, 166.38965, -114.0525, 14.102721
2389212019000, 166.43379, -114.26111, 14.269258
2389217025000, 166.47627, -114.42925, 14.431229
2389222054000, 166.50893, -114.56933, 14.582256
2389227039000, 166.52237, -114.681404, 14.736883
2389231968000, 166.53839, -114.78059, 14.8940115
2389237083000, 166.5313, -114.851776, 15.049459
2389242053000, 166.49818, -114.909676, 15.213178
2389247035000, 166.45135, -114.81212, 15.257672
2389252023000, 166.38058, -114.699585, 15.30039
2389257815000, 166.29926, -114.57507, 15.335653
2389262035000, 166.17868, -114.45021, 15.389626
2389267028000, 166.0457, -114.32709, 15.434245
2389272066000, 165.9037, -114.21236, 15.481723
2389277031000, 165.75807, -114.10044, 15.5290985
2389282042000, 165.6154, -113.99432, 15.572327
2389287051000, 165.47055, -113.89525, 15.628045
2389292008000, 165.34793, -113.80332, 15.676947
2389296992000, 165.24072, -113.70939, 15.721015
2389302016000, 165.12799, -113.61302, 15.763217
2389307012000, 165.03584, -113.5234, 15.804219
2389311996000, 164.944, -113.43262, 15.843697
2389317015000, 164.84224, -113.3496, 15.88877
2389322001000, 164.75673, -113.25967, 15.919649
2389327841000, 164.65202, -113.180046, 15.964582
2389332007000, 164.548, -113.10304, 16.010384
2389337016000, 164.43454, -113.02986, 16.053457
2389342006000, 164.30263, -112.966545, 16.108055
2389347004000, 164.16321, -112.89491, 16.148985
2389352069000, 164.01933, -112.83172, 16.186453
2389356961000, 163.85454, -112.76744, 16.225704
2389361955000, 163.67491, -112.693886, 16.249216
2389366942000, 163.49118, -112.62203, 16.268566
2389371962000, 163.29544, -112.54505, 16.283428
2389376960000, 163.0931, -112.461044, 16.28585
2389381951000, 162.87914, -112.37543, 16.290411
2389386986000, 162.66954, -112.28356, 16.284973
2389391958000, 162.45012, -112.19301, 16.28125
2389397056000, 162.23201, -112.09254, 16.269505
2389402005000, 162.01192, -111.99742, 16.262333
2389407041000, 161.79572, -111.89668, 16.248339
2389412033000, 161.58063, -111.78778, 16.225815
2389417043000, 161.37263, -111.682556, 16.212318
2389422046000, 161.17241, -111.56477, 16.184992
2389427037000, 160.98654, -111.444626, 16.156609
2389431966000, 160.80746, -111.31794, 16.128729
2389437079000, 160.64545, -111.18509, 16.095907
2389442039000, 160.50093, -111.04793, 16.064182
2389447042000, 160.19952, -111.12266, 16.377478
2389452023000, 159.90958, -111.19522, 16.687397
2389457042000, 159.6558, -111.268234, 16.98458
2389462033000, 159.41296, -111.33387, 17.274206
2389467316000, 159.20174, -111.402985, 17.55449
2389472066000, 159.01346, -111.46956, 17.826756
2389477037000, 158.85616, -111.536446, 18.088781
2389482028000, 158.71684, -111.602, 18.343609
2389487039000, 158.59898, -111.6697, 18.592587
2389492049000, 158.49104, -111.73562, 18.83569
2389497033000, 158.38512, -111.79846, 19.069601
2389502019000, 158.28857, -111.86191, 19.301086
2389507044000, 158.19087, -111.91887, 19.522247
2389512035000, 158.08943, -111.972725, 19.736963
2389517042000, 157.99117, -112.02186, 19.942677
2389522048000, 157.90034, -112.0649, 20.136345
2389527039000, 157.81517, -112.10663, 20.323034
2389532027000, 157.74005, -112.14316, 20.500504
2389537118000, 157.67981, -112.17763, 20.668137
2389542045000, 157.63391, -112.21617, 20.833157
2389547031000, 157.60393, -112.254105, 20.99223
2389552059000, 157.58864, -112.2974, 21.151453
2389557070000, 157.59087, -112.34479, 21.30659
2389562079000, 157.60367, -112.39914, 21.463783
2389567081000, 157.63222, -112.45609, 21.61744
2389572092000, 157.67778, -112.52414, 21.774986
2389577073000, 157.73462, -112.59394, 21.92952
2389582070000, 157.81865, -112.66936, 22.082827
2389587080000, 157.92117, -112.75309, 22.23839
2389592074000, 158.04051, -112.83962, 22.390776
2389597049000, 158.18112, -112.93624, 22.547445
2389602063000, 158.34142, -113.03444, 22.699295
2389607085000, 158.50714, -113.13799, 22.851131
2389612072000, 158.68219, -113.24279, 22.998396
2389617083000, 158.85991, -113.34855, 23.14217
2389622068000, 159.03925, -113.45095, 23.277864
2389627074000, 159.21364, -113.55091, 23.407393
2389631974000, 159.4033, -113.64575, 23.527401
2389637039000, 159.59119, -113.73471, 23.637882
2389642039000, 159.79237, -113.8177, 23.739584
2389647033000, 160.09103, -113.93918, 23.857977
2389652663000, 160.39485, -114.066, 23.980867
2389657052000, 160.66063, -114.18546, 24.09722
2389662033000, 160.95667, -114.28617, 24.19332
2389667017000, 161.21988, -114.39886, 24.302134
2389672081000, 161.49596, -114.49032, 24.388186
2389677043000, 161.72076, -114.600204, 24.494751
2389682027000, 161.97885, -114.687355, 24.57659
2389687057000, 162.235, -114.77477, 24.658941
2389692037000, 162.45898, -114.87166, 24.75211
2389697033000, 162.69054, -114.961105, 24.837149
2389702017000, 162.91383, -115.04773, 24.919886
2389707045000, 163.13664, -115.133316, 25.001572
2389712030000, 163.34474, -115.214806, 25.080051
2389717017000, 163.53706, -115.29335, 25.154799
2389722743000, 163.71799, -115.36888, 25.22724
2389727039000, 163.88396, -115.43496, 25.29005
2389732031000, 164.03282, -115.50613, 25.358406
2389737049000, 164.17014, -115.56056, 25.40977
2389742037000, 164.28763, -115.62173, 25.468712
2389747044000, 164.40508, -115.672516, 25.51619
2389752016000, 164.51608, -115.71611, 25.55742
2389757042000, 164.61237, -115.75656, 25.595518
2389762061000, 164.70528, -115.79919, 25.63598
2389767056000, 164.7901, -115.83406, 25.668663
2389772086000, 164.86244, -115.86829, 25.701353
2389777073000, 164.92029, -115.905075, 25.737438
2389782058000, 164.96678, -115.93313, 25.76583
2389787078000, 164.99455, -115.96529, 25.798887
2389792084000, 165.00989, -115.99352, 25.829136
2389797044000, 165.01083, -116.01378, 25.852358
2389802063000, 164.9642, -116.05433, 25.897835
2389807075000, 164.93153, -116.08046, 25.928276
2389812072000, 164.8715, -116.11514, 25.968966
2389817064000, 164.7997, -116.157745, 26.01849
2389822125000, 164.72922, -116.20352, 26.071312
2389827071000, 164.6748, -116.24542, 26.121046
2389832005000, 164.60567, -116.30496, 26.189604
2389837075000, 164.54727, -116.35662, 26.250944
2389842093000, 164.48253, -116.42032, 26.325546
2389847072000, 164.23544, -116.57782, 26.51764
2389852014000, 163.99092, -116.73836, 26.70509
2389857036000, 163.70682, -116.91669, 26.903118
2389862085000, 163.45831, -117.09139, 27.088566
2389867045000, 163.2085, -62.730446, 27.269464
2389872092000, 162.97269, -62.548702, 27.446335
2389877049000, 162.72432, -62.355324, 27.627449
2389882028000, 162.51933, -62.166573, 27.798233
2389887042000, 162.33345, -61.97314, 27.968565
2389892040000, 162.13914, -61.780617, 28.132517
2389897035000, 161.98192, -61.57255, 28.308966
2389902015000, 161.83507, -61.37033, 28.475931
2389907043000, 161.69875, -61.151997, 28.656368
2389912037000, 161.57567, -60.92955, 28.83908
2389917042000, 161.48021, -60.70169, 29.02688
2389922044000, 161.4025, -60.473053, 29.217043
2389927050000, 161.3161, -60.242207, 29.409325
2389932040000, 161.25027, -60.015926, 29.599066
2389937092000, 161.17679, -59.795876, 29.784285
2389942037000, 161.10344, -59.582012, 29.965694
2389947036000, 161.02385, -59.37555, 30.139954
2389952009000, 160.95135, -59.18084, 30.306787
2389957053000, 160.88907, -58.99707, 30.464031
2389962029000, 160.84016, -58.82788, 30.610176
2389967050000, 160.81207, -58.67899, 30.74075
2389972044000, 160.79738, -58.536133, 30.867477
2389977712000, 160.8102, -58.41945, 30.971212
2389982029000, 160.81024, -58.30767, 31.06974
2389987055000, 160.82718, -58.21016, 31.15637
2389992038000, 160.83891, -58.12182, 31.23263
2389997034000, 160.83458, -58.039646, 31.300894
2390002020000, 160.81644, -57.961693, 31.36418
2390007046000, 160.78033, -57.88867, 31.420513
2390012037000, 160.745, -57.82092, 31.469482
2390017027000, 160.68184, -57.759743, 31.509985
2390022067000, 160.60898, -57.699585, 31.547682
2390027074000, 160.51556, -57.63196, 31.59005
2390032005000, 160.42552, -57.58531, 31.611225
2390037091000, 160.32846, -57.52881, 31.641344
2390042073000, 160.21634, -57.470085, 31.671585
2390047752000, 159.69272, -57.392075, 31.571115
2390052034000, 159.17816, -57.301273, 31.467901
2390057048000, 158.62866, -57.223732, 31.343082
2390062028000, 158.08316, -57.125587, 31.223608
2390067024000, 157.45947, -57.015686, 31.101667
2390072052000, 156.8538, -56.89459, 30.980492
2390077038000, 156.17548, -56.80997, 30.825195
2390082034000, 155.53244, -56.721535, 30.67107
2390087071000, 154.7403, -56.608017, 30.517635
2390092042000, 153.92857, -56.46423, 30.372755
2390097037000, 152.96657, -56.327034, 30.187386
2390102019000, 152.01662, -56.147614, 30.026907
2390107045000, 150.94112, -55.991146, 29.832697
2390112038000, 149.96114, -55.826492, 29.650877
2390117066000, 148.23593, -55.453888, 29.54021
2390122041000, 146.64969, -55.072773, 29.433527
2390127039000, 144.87645, -54.54716, 29.438835
2390132022000, 143.25554, -54.02834, 29.450294
2390137036000, 141.88884, -53.484024, 29.550434
2390142046000, 140.5867, -52.93577, 29.644379
2390147032000, 139.4363, -52.36169, 29.77154
2390152015000, 138.31393, -51.755283, 29.915564
2390157038000, 137.52882, -51.248894, 29.972738
2390162032000, 136.81717, -50.72834, 30.058823
2390167039000, 136.22624, -50.207, 30.146866
2390172051000, 135.69847, -49.68447, 30.23669
2390177008000, 135.2335, -49.16305, 30.282333
2390182036000, 134.8199, -48.63275, 30.351269
2390187269000, 134.48824, -48.10869, 30.46304
2390192043000, 134.21544, -47.59951, 30.583351
2390196965000, 133.96635, -47.118282, 30.685497
2390202016000, 133.71306, -46.625713, 30.793337
2390206973000, 133.48431, -46.125046, 30.913877
2390212037000, 133.17311, -45.608097, 31.040482
2390217050000, 132.60912, -44.87684, 31.385145
2390222044000, 132.01122, -44.159245, 31.7094
2390227031000, 131.1164, -43.265472, 32.075798
2390232035000, 130.19635, -42.38577, 32.41393
2390237070000, 129.1426, -41.43812, 32.75752
2390242036000, 128.0721, -40.502064, 33.065582
2390247015000, 126.93587, -39.50613, 33.41673
2390252013000, 125.83314, -38.531082, 33.76064
2390256982000, 124.705765, -37.517426, 34.157528
2390262034000, 123.62004, -36.519974, 34.550175
2390267002000, 122.58347, -35.53733, 34.945415
2390272051000, 121.61298, -34.57761, 35.35147
2390276976000, 120.63117, -33.60967, 35.76945
2390282038000, 119.44308, -32.5561, 36.048134
2390287054000, 118.27807, -31.489744, 36.311375
2390292003000, 117.333694, -30.560854, 36.629223
2390296993000, 116.333626, -29.602757, 36.89928
2390302781000, 115.39753, -28.70054, 37.106358
2390307004000, 114.42976, -27.801208, 37.28258
2390312006000, 113.42711, -26.888882, 37.44931
2390317012000, 112.42999, -26.000652, 37.598667
2390322010000, 111.33183, -25.051882, 37.775406
2390327024000, 110.26926, -24.142683, 37.941826
2390332008000, 109.15747, -23.190329, 38.066753
2390336999000, 108.08253, -22.269115, 38.194084
2390342014000, 107.00343, -21.340044, 38.323547
2390347040000, 105.97337, -20.4383, 38.457455
2390352009000, 105.0532, -19.618156, 38.60521
2390356960000, 104.14942, -18.820812, 38.771584
2390361956000, 103.35164, -18.085333, 38.949875
2390366936000, 102.55002, -17.378342, 39.119843
2390372159000, 101.800476, -16.70444, 39.359787
2390376932000, 101.0463, -16.0556, 39.590508
2390381923000, 100.23313, -15.4014225, 39.89564
2390386992000, 99.416626, -14.765128, 40.208164
2390391915000, 98.39056, -14.056275, 40.569725
2390396953000, 97.360054, -13.368787, 40.923508
2390401988000, 96.2075, -12.606526, 41.305504
2390407556000, 95.06038, -11.86664, 41.68622
2390411993000, 93.65918, -11.011469, 42.08835
2390416990000, 92.267525, -10.173062, 42.48963
2390422069000, 90.69406, -9.240093, 42.912262
2390427014000, 89.13203, -8.319438, 43.330173
2390432005000, 87.51131, -7.3671327, 43.769436
2390437028000, 85.91169, -6.4323936, 44.197636
2390441994000, 84.347145, -5.5124106, 44.63517
2390447005000, 82.79651, -4.6136866, 45.047043
2390452045000, 81.23694, -3.728199, 45.429913
2390457091000, 79.93258, -2.980336, 45.819645
2390462051000, 78.607735, -2.2430196, 46.172283
2390467028000, 77.41856, -1.5931519, 46.499203
2390472068000, 76.21908, -0.9583082, 46.797867
2390477434000, 75.10832, -0.39070174, 47.072495
2390482028000, 73.96969, 0.18126667, 47.308743
2390487053000, 72.990204, 0.6580587, 47.54816
2390492045000, 71.98028, 1.1352022, 47.772205
2390497065000, 70.99946, 1.5985022, 47.97281
2390502021000, 70.0199, 2.0576336, 48.18378
2390507085000, 69.114204, 2.4511976, 48.414433
2390512046000, 68.19999, 2.842986, 48.660603
2390517119000, 67.271996, 3.2452083, 48.92779
2390522112000, 66.31733, 3.640231, 49.208122
2390527102000, 65.24989, 4.1039867, 49.5243
2390532036000, 64.15712, 4.5683475, 49.85666
2390537030000, 62.96696, 5.0823426, 50.18673
2390542041000, 61.76623, 5.5959086, 50.525803
2390547037000, 60.462513, 6.171868, 50.844234
2390552012000, 59.14548, 6.7462115, 51.172
2390557039000, 57.732155, 7.381463, 51.46625
2390562035000, 56.30468, 8.017992, 51.76585
2390567062000, 54.805813, 8.703179, 52.01502
2390572059000, 53.283306, 9.39006, 52.25645
2390577036000, 51.61361, 10.154017, 52.476124
2390582033000, 49.939144, 10.904024, 52.66744
2390587051000, 48.161076, 11.71445, 52.85145
2390592016000, 46.403347, 12.512594, 52.98855
2390596976000, 44.655277, 13.303314, 53.09718
2390602060000, 42.937836, 14.083149, 53.16255
2390607319000, 41.271652, 14.829131, 53.182125
2390612038000, 39.628723, 15.539215, 53.21285
2390617018000, 38.047344, 16.20119, 53.22903
2390622057000, 36.50854, 16.830917, 53.218716
2390627168000, 34.99279, 17.458832, 53.16902
2390632036000, 33.626225, 18.003325, 53.121235
2390637103000, 32.35062, 18.4882, 53.08216
2390642042000, 31.104473, 18.963919, 53.003193
2390647369000, 29.883787, 19.438015, 52.87958
2390652019000, 28.707996, 19.876413, 52.755405
2390657052000, 27.559328, 20.320028, 52.576225
2390662639000, 26.422611, 20.762617, 52.377415
2390667045000, 25.291084, 21.196234, 52.16417
2390672187000, 24.163939, 21.671902, 51.868362
2390677024000, 23.058123, 22.12987, 51.574257
2390682066000, 21.895689, 22.685768, 51.16044
2390687010000, 20.751766, 23.21684, 50.7581
2390692040000, 19.616879, 23.786587, 50.263336
2390697096000, 18.52458, 24.317244, 49.77939
2390702021000, 17.458569, 24.819466, 49.295723
2390707001000, 16.447878, 25.281548, 48.818104
2390712048000, 15.432737, 25.831865, 48.194992
2390717026000, 14.473525, 26.344824, 47.578896
2390722107000, 13.547994, 26.874552, 46.905914
2390727041000, 12.656367, 27.375313, 46.255886
2390732726000, 11.7848, 27.887625, 45.583546
2390737091000, 10.936977, 28.389633, 44.92311
2390742026000, 10.136189, 28.891817, 44.211098
2390747017000, 9.361735, 29.382193, 43.51673
2390752005000, 8.620379, 29.883652, 42.775116
2390757015000, 7.915998, 30.363964, 42.049614
2390762039000, 7.2291574, 30.870953, 41.303898
2390767031000, 6.5816755, 31.365255, 40.568604
2390772055000, 5.971865, 31.887558, 39.784325
2390777042000, 5.4059334, 32.394253, 39.0157
2390782064000, 4.8861804, 32.905804, 38.23681
2390787085000, 4.4263773, 33.395084, 37.47325
2390792035000, 4.0039015, 33.89825, 36.68848
2390797050000, 3.6340065, 34.375736, 35.918488
2390802404000, 3.2882166, 34.88431, 35.14045
2390807077000, 2.9909897, 35.37424, 34.371323
2390811965000, 2.7278433, 35.844383, 33.613926
2390817080000, 2.486854, 36.297558, 32.885418
2390822038000, 2.2560296, 36.769756, 32.169052
2390827063000, 2.0426013, 37.21999, 31.47975
2390831969000, 1.8422444, 37.660786, 30.81476
2390837163000, 1.6432344, 38.093792, 30.160826
2390841983000, 1.4540169, 38.501225, 29.557066
2390847061000, 1.2744308, 38.88107, 28.946198
2390852007000, 1.0918134, 39.240032, 28.37611
2390857091000, 0.9169467, 39.570454, 27.831215
2390862012000, 0.7525961, 39.879658, 27.306803
2390867042000, 0.5953841, 40.173065, 26.807804
2390872339000, 0.41888255, 40.459595, 26.335445
2390877048000, 0.26675224, 40.745575, 25.872688
2390882032000, 0.10492492, 41.022324, 25.441013
2390887033000, 359.96454, 41.29251, 24.990776
2390892039000, 359.84912, 41.5378, 24.563915
2390897032000, 359.74356, 41.804893, 24.142065
2390902059000, 359.6528, 42.060207, 23.744785
2390907049000, 359.59854, 42.28702, 23.366873
2390912034000, 359.54947, 42.501823, 23.019836
2390917048000, 359.49957, 42.767216, 22.630383
2390922049000, 359.47488, 43.005127, 22.273079
2390927035000, 359.43884, 43.26843, 21.917358
2390932032000, 359.43234, 43.497368, 21.599064
2390937035000, 359.41937, 43.745674, 21.291378
2390942047000, 359.41562, 43.972202, 21.015001
2390947030000, 359.41925, 44.17511, 20.772606
2390952024000, 359.42496, 44.359272, 20.566515
2390957043000, 359.45447, 44.487663, 20.408976
2390962034000, 359.47592, 44.6019, 20.286432
2390967029000, 359.4989, 44.693146, 20.212162
2390972053000, 359.53467, 44.76481, 20.166096
2390977036000, 359.56558, 44.8271, 20.147865
2390982025000, 359.59973, 44.87524, 20.156734
2390987770000, 359.6467, 44.8776, 20.217115
2390992040000, 359.68948, 44.871952, 20.300217
2390997028000, 359.7316, 44.84135, 20.422316
2391002027000, 359.78516, 44.80147, 20.558554
2391007033000, 359.82288, 44.74015, 20.7469
2391012039000, 359.86438, 44.678352, 20.94807
2391017033000, 359.90323, 44.599365, 21.186068
2391022073000, 359.9272, 44.513195, 21.440163
2391027035000, 359.94492, 44.424202, 21.734762
2391032029000, 359.9568, 44.32397, 22.037897
2391037026000, 359.95416, 44.22384, 22.369986
2391042040000, 359.9511, 44.106995, 22.713152
2391046992000, 359.93146, 43.98565, 23.088505
2391052026000, 359.90625, 43.849957, 23.471874
2391057771000, 359.88135, 43.663193, 23.917044
2391062035000, 359.84036, 43.465786, 24.369432
2391067034000, 359.78592, 43.215034, 24.88365
2391072053000, 359.72772, 42.950756, 25.40103
2391076975000, 359.6426, 42.677143, 25.924484
2391082036000, 359.5475, 42.347336, 26.50632
2391087003000, 359.42142, 42.0134, 27.09675
2391092066000, 359.2769, 41.632263, 27.74578
2391096970000, 359.1075, 41.251972, 28.39769
2391102028000, 358.92786, 40.81422, 29.118725
2391107030000, 358.73294, 40.377377, 29.834398
2391112033000, 358.53958, 39.896618, 30.60453
2391117022000, 358.34073, 39.421604, 31.359339
2391122158000, 358.16443, 38.91308, 32.11672
2391127561000, 357.99796, 38.421017, 32.843056
2391132025000, 357.84344, 37.888355, 33.60469
2391137010000, 357.7022, 37.380188, 34.30755
2391142075000, 357.58755, 36.815754, 35.06515
2391147016000, 357.46875, 36.278454, 35.770836
2391152027000, 357.35352, 35.712627, 36.509865
2391157090000, 357.2465, 35.167805, 37.20879
2391162038000, 357.1418, 34.578194, 37.9609
2391167040000, 357.05765, 34.0001, 38.66981
2391172109000, 356.98563, 33.406155, 39.398224
2391177068000, 356.95535, 32.816666, 40.09087
2391182032000, 356.9531, 32.226124, 40.770107
2391187030000, 357.00378, 31.647005, 41.407917
2391192036000, 357.10117, 31.091248, 42.001007
2391197179000, 357.24377, 30.557575, 42.54273
2391202075000, 357.44162, 30.040554, 43.03664
2391207048000, 357.68332, 29.551619, 43.48058
2391212024000, 357.95746, 29.102703, 43.857
2391217056000, 358.25748, 28.675135, 44.20152
2391222056000, 358.58078, 28.286673, 44.48346
2391227046000, 358.91733, 27.92066, 44.747414
2391232000000, 359.2303, 27.624285, 44.92193
2391237150000, 359.55173, 27.344109, 45.08115
2391242027000, 359.89508, 27.084564, 45.184124
2391247037000, 0.22785942, 26.837555, 45.28007
2391252037000, 0.55790037, 26.608778, 45.347305
2391256956000, 0.8722668, 26.392525, 45.410583
2391261956000, 1.1759021, 26.182564, 45.467697
2391266937000, 1.4796879, 25.984297, 45.50387
2391271970000, 1.7621264, 25.793736, 45.539753
2391276957000, 2.0352104, 25.60819, 45.56547
2391281933000, 2.290439, 25.432123, 45.59323
2391286981000, 2.53096, 25.248312, 45.627163
2391291940000, 2.7445164, 25.073498, 45.6706
2391296923000, 2.9447842, 24.89022, 45.72371
2391301953000, 3.0949483, 24.727211, 45.784336
2391306949000, 3.2287765, 24.56046, 45.856274
2391311968000, 3.3274145, 24.409481, 45.92274
2391316962000, 3.38824, 24.269382, 45.999683
2391322008000, 3.4024384, 24.161007, 46.05795
2391326980000, 3.425538, 24.019798, 46.155594
2391331980000, 3.412824, 23.907763, 46.239773
2391337016000, 3.4451294, 23.735888, 46.369877
2391341980000, 3.4572246, 23.594034, 46.47851
2391346967000, 3.5229867, 23.392101, 46.637688
2391351979000, 3.5786405, 23.217337, 46.77183
2391357004000, 3.6797636, 23.00326, 46.922375
2391362012000, 3.7813928, 22.801113, 47.054314
2391367012000, 3.8952348, 22.58358, 47.198326
2391372053000, 4.0117464, 22.364511, 47.328823
2391377007000, 4.1028786, 22.168558, 47.439613
2391382374000, 4.1993427, 21.973705, 47.53482
2391387029000, 4.2521453, 21.837612, 47.56483
2391392044000, 4.3075037, 21.701311, 47.591053
2391397009000, 4.298365, 21.645176, 47.558792
2391402055000, 4.2898936, 21.589611, 47.537228
2391407040000, 4.229292, 21.61897, 47.437145
2391412034000, 4.170825, 21.652832, 47.35252
2391417107000, 4.0824323, 21.740337, 47.19846
2391422037000, 4.0133147, 21.836052, 47.064823
2391426974000, 3.9503388, 21.956606, 46.872562
2391432033000, 3.8887084, 22.078989, 46.69911
2391437013000, 3.8604715, 22.196114, 46.494762
2391442041000, 3.8250122, 22.314016, 46.296425
2391446966000, 3.7992833, 22.416473, 46.107594
2391452614000, 3.754878, 22.517296, 45.92726
2391456980000, 3.7001033, 22.6021, 45.77491
2391462036000, 3.6270745, 22.674574, 45.642143
2391467031000, 3.5616448, 22.737223, 45.51375
2391472134000, 3.4902825, 22.783577, 45.4008
2391477082000, 3.4144623, 22.846886, 45.27224
2391482032000, 3.3463898, 22.902626, 45.15139
2391487019000, 3.284383, 22.950987, 45.04596
2391492045000, 3.2308102, 22.99904, 44.946102
2391497012000, 3.1944783, 23.017687, 44.882904
2391502025000, 3.1630106, 23.033575, 44.82687
2391507200000, 3.1295254, 23.022459, 44.821354
2391512036000, 3.102073, 23.006554, 44.8153
2391517028000, 3.0559614, 22.974134, 44.868923
2391522438000, 3.005301, 22.939825, 44.920425
2391528980000, 2.9454918, 22.906023, 44.98212
2391532019000, 2.8927853, 22.843094, 45.096
2391537042000, 2.837129, 22.757498, 45.257896
2391542048000, 2.7823958, 22.677792, 45.41223
2391546975000, 2.7268045, 22.601324, 45.567974
2391552023000, 2.6867273, 22.491375, 45.764175
2391556997000, 2.648149, 22.392506, 45.951435
2391562038000, 2.6273298, 22.266558, 46.1653
2391567049000, 2.6022615, 22.150473, 46.364906
2391572117000, 2.587576, 22.023827, 46.579063
2391577054000, 2.5704668, 21.899414, 46.783024
2391582031000, 2.567602, 21.77442, 46.977036
2391587056000, 2.5647182, 21.65845, 47.150936
2391592040000, 2.5502584, 21.570332, 47.293606
2391597033000, 2.5529938, 21.479914, 47.422123
2391602021000, 2.532127, 21.424904, 47.52721
2391607044000, 2.5148122, 21.373644, 47.62166
2391612031000, 2.482715, 21.355705, 47.689224
2391617031000, 2.459953, 21.342125, 47.74733
2391622040000, 2.422977, 21.35141, 47.78612
2391627041000, 2.396378, 21.364067, 47.81842
2391632043000, 2.3524923, 21.395819, 47.85159
2391637063000, 2.3034208, 21.436869, 47.87727
2391642033000, 2.249211, 21.486694, 47.903126
2391647032000, 2.1895378, 21.54583, 47.922928
2391652016000, 2.1003377, 21.627918, 47.929478
2391657044000, 2.0113127, 21.708933, 47.94641
2391662001000, 1.9055321, 21.798807, 47.957283
2391667024000, 1.780154, 21.892735, 47.979355
2391672138000, 1.6659403, 21.977554, 47.997604
2391677041000, 1.5395602, 22.06098, 48.030685
2391681965000, 1.4282286, 22.134388, 48.05764
2391687050000, 1.3167999, 22.20057, 48.0977
2391691970000, 1.1934164, 22.277285, 48.12549
2391697033000, 1.0864465, 22.34779, 48.153954
2391702157000, 0.9820198, 22.41878, 48.17977
2391707552000, 0.88411933, 22.485558, 48.200268
2391712030000, 0.81094086, 22.5544, 48.2039
2391717026000, 0.7407352, 22.619516, 48.20703
2391722083000, 0.68591005, 22.684244, 48.198307
2391727049000, 0.64007235, 22.757656, 48.174946
2391731964000, 0.60582477, 22.820528, 48.147064
2391737069000, 0.60488695, 22.873352, 48.108845
2391742066000, 0.6035639, 22.927963, 48.06554
2391747035000, 0.61557674, 22.979008, 48.009686
2391752037000, 0.621008, 23.030582, 47.956303
2391757040000, 0.62939346, 23.082945, 47.90125
2391762031000, 0.63004214, 23.134077, 47.85386
2391767028000, 0.62021923, 23.189152, 47.80641
2391772053000, 0.59967005, 23.245865, 47.764835
2391777660000, 0.5621427, 23.308653, 47.73019
2391782031000, 0.51431566, 23.367624, 47.70349
2391787041000, 0.46215641, 23.424782, 47.678905
2391792036000, 0.3888176, 23.48678, 47.6569
2391797034000, 0.30208498, 23.547255, 47.652775
2391802014000, 0.20239834, 23.608438, 47.644157
2391807029000, 0.089555115, 23.669195, 47.653797
2391812039000, 359.97528, 23.725325, 47.657467
2391817029000, 359.84256, 23.785244, 47.675117
2391822044000, 359.714, 23.840097, 47.686005
2391826969000, 359.57507, 23.894037, 47.708984
2391832064000, 359.4385, 23.943613, 47.72707
2391837020000, 359.29297, 23.997889, 47.749233
2391842094000, 359.16617, 24.04434, 47.763622
2391847303000, 359.02716, 24.098793, 47.778053
2391852065000, 358.90353, 24.14664, 47.786133
2391857062000, 358.7833, 24.195347, 47.791275
2391862072000, 358.67947, 24.23843, 47.793877
2391867066000, 358.57407, 24.283998, 47.788506
2391872082000, 358.48032, 24.324057, 47.782825
2391877023000, 358.39127, 24.371183, 47.761192
2391882074000, 358.3024, 24.417292, 47.74338
2391887057000, 358.2442, 24.452644, 47.703434
2391892047000, 358.1841, 24.48779, 47.666046
2391896971000, 358.12793, 24.522596, 47.62651
2391902073000, 358.09048, 24.553946, 47.56814
2391906974000, 358.05392, 24.586147, 47.50917
2391912076000, 358.02225, 24.617643, 47.440582
2391917176000, 357.99603, 24.649992, 47.3674
2391922142000, 357.96796, 24.681242, 47.29009
2391927039000, 357.94736, 24.708532, 47.213825
2391932071000, 357.92334, 24.733942, 47.14103
2391937016000, 357.89612, 24.756424, 47.07278
2391942077000, 357.87375, 24.789904, 46.979515
2391947071000, 357.84973, 24.819813, 46.890785
2391952063000, 357.82062, 24.841677, 46.823105
2391957075000, 357.79214, 24.86482, 46.755875
2391962054000, 357.7563, 24.904839, 46.6674
2391967102000, 357.7277, 24.939102, 46.586136
2391972081000, 357.71848, 24.96485, 46.498688
2391977076000, 357.70038, 24.99014, 46.422085
2391982067000, 357.72122, 24.988094, 46.348083
2391987104000, 357.73846, 24.985674, 46.28082
2391992074000, 357.7536, 24.99354, 46.197906
2391997135000, 357.76877, 25.001034, 46.12573
2392002068000, 357.78152, 25.01318, 46.04211
2392007060000, 357.79657, 25.02563, 45.96309
2392012072000, 357.81885, 25.03752, 45.87821
2392017026000, 357.8369, 25.04859, 45.800556
2392022052000, 357.86343, 25.059998, 45.72288
2392027049000, 357.88354, 25.073328, 45.647102
2392032592000, 357.9164, 25.07398, 45.578316
2392037037000, 357.9504, 25.072424, 45.512703
2392041967000, 358.00455, 25.056393, 45.447792
2392047035000, 358.06985, 25.04, 45.37453
2392052016000, 358.18896, 24.977274, 45.32095
2392057016000, 358.30048, 24.927454, 45.2471
2392061990000, 358.49472, 24.78394, 45.234287
2392067574000, 358.67786, 24.65977, 45.202686
2392072142000, 358.85547, 24.551233, 45.132813
2392077064000, 359.08185, 24.406284, 45.065243
2392082076000, 359.36606, 24.278809, 44.912407
2392087025000, 359.72934, 24.13268, 44.7088
2392092057000, 0.15260836, 23.99642, 44.427372
2392097036000, 0.5560481, 23.928986, 44.10644
2392102680000, 1.0660386, 23.862867, 43.674423
2392107037000, 1.4990145, 23.883553, 43.22325
2392112039000, 1.9341595, 23.886864, 42.797604
2392117084000, 2.3365257, 23.916574, 42.335907
2392122045000, 2.6539989, 23.925358, 41.97863
2392127034000, 2.8289344, 24.01152, 41.654858
2392132034000, 2.9003618, 24.075092, 41.463455
2392137060000, 2.7883956, 24.250006, 41.283524
2392142046000, 2.590715, 24.395872, 41.231308
2392147117000, 2.3320465, 24.517406, 41.270824
2392152022000, 2.0171003, 24.620893, 41.39546
2392156978000, 1.69135, 24.683504, 41.594128
2392162036000, 1.355031, 24.732056, 41.81791
2392167025000, 1.0284567, 24.776539, 42.04341
2392172903000, 0.74825907, 24.769712, 42.300827
2392177039000, 0.50794566, 24.762571, 42.53056
2392181969000, 0.29899776, 24.735678, 42.76854
2392187074000, 0.1404904, 24.7094, 42.966698
2392192010000, 0.008817925, 24.685682, 43.142567
2392197025000, 359.93246, 24.641832, 43.293762
2392202041000, 359.87378, 24.605402, 43.425243
2392207045000, 359.84088, 24.561884, 43.546307
2392212031000, 359.835, 24.519157, 43.639473
2392217023000, 359.81796, 24.49949, 43.72128
2392222065000, 359.81805, 24.477383, 43.787933
2392227037000, 359.79068, 24.494076, 43.83289
2392232032000, 359.768, 24.506483, 43.87274
2392237038000, 359.73135, 24.534908, 43.905453
2392242088000, 359.6892, 24.561825, 43.93707
2392247032000, 359.6533, 24.564816, 44.002502
2392252023000, 359.61252, 24.564404, 44.065453
2392257193000, 359.56448, 24.570059, 44.124836
2392262043000, 359.51532, 24.572966, 44.18352
2392267062000, 359.4664, 24.559404, 44.266636
2392272059000, 359.42136, 24.544682, 44.351055
2392277110000, 359.37494, 24.521059, 44.448376
2392282034000, 359.3315, 24.500826, 44.54095
2392287107000, 359.29034, 24.480677, 44.635136
2392292007000, 359.25018, 24.463013, 44.724247
2392297180000, 359.2186, 24.436571, 44.81952
2392302007000, 359.18536, 24.413599, 44.911545
2392307001000, 359.15833, 24.388609, 45.004128
2392312003000, 359.13245, 24.361267, 45.09401
2392316997000, 359.1253, 24.32781, 45.171444
2392322004000, 359.12582, 24.291712, 45.243496
2392327000000, 359.12537, 24.260311, 45.309692
2392337010000, 359.14145, 24.22289, 45.368504
2392342007000, 359.15973, 24.187191, 45.41806
2392347082000, 359.18915, 24.151085, 45.458447
2392352061000, 359.22104, 24.117418, 45.49023
2392356948000, 359.24728, 24.101858, 45.50137
2392361955000, 359.2742, 24.0881, 45.508564
2392367111000, 359.30225, 24.081388, 45.50569
2392371983000, 359.3297, 24.080732, 45.49717
2392376955000, 359.34045, 24.101963, 45.473866
2392381957000, 359.34708, 24.128141, 45.45021
2392386999000, 359.34048, 24.173426, 45.414345
2392391949000, 359.32632, 24.221106, 45.384407
2392397043000, 359.30844, 24.26976, 45.350796
2392402005000, 359.28906, 24.316494, 45.329582
2392407023000, 359.25656, 24.369343, 45.309822
2392412033000, 359.21423, 24.424608, 45.30013
2392417024000, 359.17484, 24.474718, 45.289047
2392422057000, 359.1278, 24.528328, 45.290497
2392432032000, 359.07693, 24.578009, 45.300385
2392442038000, 359.03754, 24.614946, 45.30731
2392447036000, 358.9946, 24.657423, 45.324833
2392452030000, 358.95288, 24.686062, 45.35164
2392457069000, 358.9186, 24.714401, 45.37098
2392462045000, 358.89093, 24.733492, 45.39304
2392467028000, 358.86493, 24.75092, 45.412296
2392472136000, 358.84824, 24.765821, 45.428375
2392477126000, 358.82187, 24.779026, 45.449177
2392482034000, 358.8241, 24.783773, 45.456272
2392487069000, 358.82025, 24.787281, 45.464966
2392492039000, 358.81784, 24.790058, 45.474545
2392497497000, 358.81143, 24.794123, 45.48627
2392502022000, 358.8109, 24.80115, 45.487213
2392507034000, 358.80295, 24.80747, 45.490135
2392512054000, 358.78964, 24.819735, 45.493927
2392517074000, 358.7767, 24.828484, 45.497528
2392522172000, 358.76172, 24.834745, 45.51107
2392527069000, 358.74734, 24.841042, 45.522846
2392532041000, 358.73047, 24.840532, 45.547607
2392537511000, 358.71365, 24.837164, 45.576157
2392542043000, 358.6933, 24.840303, 45.5984
2392547040000, 358.67548, 24.835373, 45.629704
2392552066000, 358.6548, 24.833694, 45.656776
2392557310000, 358.63434, 24.825663, 45.69306
2392562074000, 358.61523, 24.821556, 45.717747
2392567250000, 358.60657, 24.806778, 45.747826
2392572070000, 358.59494, 24.794962, 45.7722
2392577030000, 358.58823, 24.78315, 45.789852
2392582076000, 358.577, 24.77699, 45.807663
2392586991000, 358.5648, 24.770267, 45.8232
2392592043000, 358.55942, 24.76427, 45.83341
2392596970000, 358.55466, 24.752602, 45.843445
2392602017000, 358.55905, 24.742168, 45.84678
2392606984000, 358.56253, 24.730824, 45.844254
2392612034000, 358.5703, 24.72344, 45.83479
2392617015000, 358.57523, 24.719198, 45.821835
2392622046000, 358.58072, 24.717728, 45.8014
2392627036000, 358.58163, 24.717073, 45.78225
2392632064000, 358.59357, 24.715216, 45.755623
2392637103000, 358.60114, 24.714077, 45.728695
2392642077000, 358.60184, 24.723354, 45.69077
2392647086000, 358.60928, 24.730003, 45.654305
2392652060000, 358.6035, 24.745983, 45.613796
2392657062000, 358.60583, 24.756496, 45.576645
2392662076000, 358.59702, 24.776283, 45.53613
2392667083000, 358.59167, 24.78969, 45.499928
2392672100000, 358.5821, 24.804155, 45.46946
2392677159000, 358.57037, 24.819538, 45.435284
2392682051000, 358.56412, 24.823606, 45.413467
2392687087000, 358.55774, 24.83292, 45.38637
2392692072000, 358.54916, 24.83443, 45.369705
2392697053000, 358.54044, 24.837458, 45.35366
2392702070000, 358.5317, 24.842442, 45.33438
2392707078000, 358.52386, 24.840897, 45.322895
2392712071000, 358.51065, 24.842514, 45.31054
2392717138000, 358.50098, 24.844015, 45.298344
2392722096000, 358.47717, 24.849123, 45.29683
2392727076000, 358.45355, 24.854065, 45.294014
2392732072000, 358.43317, 24.856361, 45.293045
2392737036000, 358.4101, 24.856321, 45.29781
2392742082000, 358.3936, 24.852592, 45.305458
2392747043000, 358.37448, 24.844028, 45.31898
2392752523000, 358.35773, 24.84018, 45.332993
2392757035000, 358.34506, 24.831942, 45.347298
2392761979000, 358.3334, 24.823074, 45.365486
2392767025000, 358.32153, 24.815563, 45.381786
2392772013000, 358.31018, 24.805717, 45.401463
2392777076000, 358.29703, 24.7999, 45.424534
2392781965000, 358.28418, 24.793676, 45.442905
2392787169000, 358.27478, 24.785408, 45.46354
2392791983000, 358.25952, 24.779322, 45.486
2392797034000, 358.2562, 24.766632, 45.51038
2392802063000, 358.24335, 24.75973, 45.530716
2392807037000, 358.23694, 24.74903, 45.5534
2392812044000, 358.22968, 24.739025, 45.576065
2392817015000, 358.22217, 24.728312, 45.59908
2392822754000, 358.2106, 24.718739, 45.620655
2392827038000, 358.20715, 24.708008, 45.64038
2392832293000, 358.19485, 24.70232, 45.65221
2392837022000, 358.18832, 24.69551, 45.666428
2392841977000, 358.17896, 24.696499, 45.67017
2392847040000, 358.16553, 24.696007, 45.680157
2392852248000, 358.15295, 24.697083, 45.68332
2392857028000, 358.14688, 24.695715, 45.690456
2392862362000, 358.1388, 24.69093, 45.702816
2392867019000, 358.12964, 24.688377, 45.704105
2392872096000, 358.12793, 24.68742, 45.711945
2392877042000, 358.1192, 24.683702, 45.71656
2392881969000, 358.11713, 24.681742, 45.720257
2392887025000, 358.1148, 24.68095, 45.722054
2392892222000, 358.1081, 24.68093, 45.720634
2392897033000, 358.11313, 24.678686, 45.71727
2392902022000, 358.11456, 24.677221, 45.71228
2392907042000, 358.11523, 24.67808, 45.709736
2392912046000, 358.1155, 24.67809, 45.70649
2392917018000, 358.11642, 24.677896, 45.704086
2392922044000, 358.11877, 24.67852, 45.7013
2392927035000, 358.12897, 24.674507, 45.692265
2392932033000, 358.13226, 24.677397, 45.68276
2392937028000, 358.13522, 24.678808, 45.67252
2392942038000, 358.138, 24.681555, 45.658875
2392947037000, 358.13654, 24.686409, 45.64738
2392952027000, 358.13422, 24.689852, 45.639668
2392957060000, 358.13348, 24.695196, 45.626617
2392962072000, 358.1307, 24.699617, 45.62058
2392967030000, 358.12936, 24.706038, 45.60538
2392972100000, 358.12985, 24.711031, 45.59609
2392977119000, 358.12677, 24.71343, 45.584114
2392982032000, 358.12335, 24.719435, 45.572575
2392987083000, 358.12622, 24.717941, 45.563675
2392992079000, 358.1248, 24.71835, 45.55599
2392997034000, 358.12067, 24.722301, 45.54549
2393002075000, 358.117, 24.72383, 45.54323
2393007029000, 358.11578, 24.723244, 45.537174
2393012074000, 358.1119, 24.724644, 45.529037
2393017021000, 358.11044, 24.72521, 45.526768
2393022079000, 358.11227, 24.72255, 45.520336
2393027050000, 358.10843, 24.72311, 45.51555
2393032074000, 358.10596, 24.719437, 45.511703
2393037028000, 358.10126, 24.72107, 45.505383
2393042074000, 358.09665, 24.716959, 45.502106
2393047007000, 358.09088, 24.719818, 45.49802
2393052028000, 358.0812, 24.718998, 45.493256
2393057056000, 358.0847, 24.71283, 45.493675
2393062057000, 358.0776, 24.711353, 45.494225
2393067041000, 358.07892, 24.707054, 45.49219
2393072051000, 358.07074, 24.707592, 45.49233
2393077606000, 358.07245, 24.701704, 45.49227
2393082064000, 358.06207, 24.704647, 45.493996
2393086992000, 358.0533, 24.70587, 45.49715
2393092079000, 358.0471, 24.70723, 45.496693
2393097005000, 358.04327, 24.705471, 45.50299
2393102074000, 358.0361, 24.707159, 45.501305
2393107051000, 358.03717, 24.707071, 45.49826
2393112083000, 358.03378, 24.7034, 45.504734
2393117090000, 358.0353, 24.696709, 45.508465
2393122136000, 358.03226, 24.693596, 45.515083
2393127084000, 358.0279, 24.688276, 45.521538
2393132042000, 358.03192, 24.683764, 45.51991
2393137022000, 358.02893, 24.680695, 45.52136
2393142069000, 358.02963, 24.675795, 45.5292
2393152025000, 358.03152, 24.666822, 45.535435
2393157064000, 358.03195, 24.66153, 45.5466
2393162036000, 358.03595, 24.654854, 45.552994
2393167021000, 358.03513, 24.650887, 45.55987
2393172061000, 358.04016, 24.641638, 45.571392
2393177040000, 358.03745, 24.637175, 45.581577
2393182033000, 358.04156, 24.626122, 45.598267
2393187026000, 358.04608, 24.615923, 45.61046
2393192036000, 358.0515, 24.60201, 45.62856
2393197037000, 358.05768, 24.590096, 45.644833
2393202017000, 358.06674, 24.578472, 45.655056
2393207061000, 358.07242, 24.569891, 45.666645
2393212032000, 358.08392, 24.557348, 45.67272
2393217484000, 358.08926, 24.550295, 45.68177
2393222028000, 358.09677, 24.539558, 45.688328
2393227041000, 358.10403, 24.5318, 45.69628
2393231981000, 358.1164, 24.521643, 45.70086
2393237018000, 358.12534, 24.513733, 45.700695
2393241967000, 358.12814, 24.512484, 45.703915
2393247035000, 358.1312, 24.508762, 45.706554
2393251985000, 358.13116, 24.511211, 45.70399
2393257045000, 358.1334, 24.510876, 45.706837
2393261976000, 358.1315, 24.513315, 45.703087
2393267033000, 358.12875, 24.518478, 45.70146
2393272083000, 358.12476, 24.524458, 45.700325
2393277029000, 358.11783, 24.531477, 45.697006
2393282013000, 358.11325, 24.535524, 45.695797
2393292037000, 358.10977, 24.538363, 45.69384
2393297120000, 358.10947, 24.54309, 45.689236
2393302044000, 358.1028, 24.544744, 45.688725
2393307033000, 358.10477, 24.547245, 45.688457
2393312040000, 358.0959, 24.553463, 45.68876
2393317041000, 358.1015, 24.553766, 45.68458
2393322036000, 358.09833, 24.559065, 45.68338
2393327068000, 358.10275, 24.555145, 45.6783
2393332035000, 358.10605, 24.557777, 45.671997
2393338090000, 358.1076, 24.557045, 45.669403
2393342018000, 358.10526, 24.562239, 45.663555
2393346975000, 358.10077, 24.564447, 45.658707
2393352035000, 358.0955, 24.571404, 45.65475
2393357015000, 358.09036, 24.574842, 45.65046
2393362044000, 358.08713, 24.57727, 45.64506
2393367057000, 358.0839, 24.580591, 45.640774
2393372080000, 358.08606, 24.57601, 45.638287
2393377024000, 358.09158, 24.573261, 45.633278
2393382031000, 358.08655, 24.569628, 45.637127
2393387060000, 358.0908, 24.562838, 45.63836
2393392052000, 358.08926, 24.56002, 45.640842
2393397048000, 358.09213, 24.553913, 45.645298
2393402024000, 358.08826, 24.550703, 45.651875
2393407045000, 358.085, 24.551214, 45.651752
2393412035000, 358.08502, 24.544592, 45.66261
2393417018000, 358.08786, 24.540268, 45.663002
2393422034000, 358.08984, 24.53625, 45.665268
2393427028000, 358.09296, 24.529894, 45.669796
2393432031000, 358.10236, 24.520945, 45.6689
2393437039000, 358.1035, 24.517904, 45.66694
2393442040000, 358.11282, 24.506905, 45.668404
2393447034000, 358.1162, 24.502493, 45.668587
2393452026000, 358.11465, 24.49771, 45.670452
2393462033000, 358.10727, 24.498903, 45.67394
2393467024000, 358.1067, 24.495611, 45.674973
2393472046000, 358.10126, 24.493925, 45.678024
2393477078000, 358.0949, 24.49707, 45.67785
2393482057000, 358.09097, 24.494637, 45.678307
2393487051000, 358.08493, 24.494078, 45.682354
2393492050000, 358.0854, 24.487577, 45.687622
2393497031000, 358.08664, 24.479939, 45.69534
2393502027000, 358.08496, 24.474106, 45.70235
2393507131000, 358.0842, 24.46806, 45.70713
2393512025000, 358.08536, 24.462248, 45.71039
2393517017000, 358.08328, 24.45607, 45.716537
2393522032000, 358.0796, 24.451939, 45.72242
2393527039000, 358.08398, 24.444817, 45.7232
2393531987000, 358.0817, 24.439882, 45.72749
2393537018000, 358.08893, 24.435123, 45.72715
2393541995000, 358.08423, 24.42907, 45.735325
2393547030000, 358.09015, 24.423311, 45.740826
2393552024000, 358.0904, 24.418736, 45.740772
2393557039000, 358.09756, 24.41383, 45.741745
2393562038000, 358.1022, 24.40492, 45.744904
2393567014000, 358.10538, 24.399307, 45.746216
2393572118000, 358.11212, 24.389774, 45.7498
2393577039000, 358.1175, 24.38162, 45.750214
2393582079000, 358.11435, 24.382572, 45.75324
2393587029000, 358.1164, 24.380526, 45.75365
2393591974000, 358.1177, 24.377495, 45.7575
2393597031000, 358.12057, 24.37405, 45.752197
2393601998000, 358.12305, 24.371202, 45.756874
2393607042000, 358.12845, 24.36746, 45.75429
2393611986000, 358.12698, 24.367199, 45.752216
2393617019000, 358.13266, 24.363373, 45.753452
2393622032000, 358.13657, 24.35797, 45.754135
2393627038000, 358.1437, 24.355667, 45.746628
2393632008000, 358.14694, 24.356853, 45.741978
2393637025000, 358.15295, 24.352436, 45.733395
2393642042000, 358.15598, 24.353592, 45.723404
2393647032000, 358.1603, 24.353136, 45.709812
2393652024000, 358.16357, 24.35413, 45.699226
2393657044000, 358.1636, 24.356237, 45.68551
2393662036000, 358.16058, 24.358229, 45.677807
2393667025000, 358.1607, 24.361027, 45.662792
2393672063000, 358.1585, 24.362728, 45.65133
2393677064000, 358.1556, 24.364866, 45.644188
2393682039000, 358.15485, 24.36304, 45.634716
2393689141000, 358.14755, 24.363972, 45.630108
2393692114000, 358.14496, 24.359901, 45.629154
2393697064000, 358.13843, 24.35835, 45.62831
2393702023000, 358.13602, 24.360012, 45.623
2393707027000, 358.13235, 24.35624, 45.622166
2393712035000, 358.12933, 24.355946, 45.61968
2393717034000, 358.1285, 24.351933, 45.617687
2393722016000, 358.13058, 24.348745, 45.615185
2393727035000, 358.12323, 24.348177, 45.61651
2393732030000, 358.12628, 24.342432, 45.61431
2393737034000, 358.12457, 24.341633, 45.61408
2393742040000, 358.1213, 24.34115, 45.613487
2393747031000, 358.12527, 24.33577, 45.614464
2393752026000, 358.12036, 24.335524, 45.61294
2393757046000, 358.12097, 24.335476, 45.612953
2393762034000, 358.12625, 24.334639, 45.602768
2393767014000, 358.12723, 24.335577, 45.594364
2393772127000, 358.13193, 24.336987, 45.58481
2393777026000, 358.13153, 24.33602, 45.578983
2393782037000, 358.13272, 24.333412, 45.577526
2393787023000, 358.13223, 24.332216, 45.575844
2393791979000, 358.1339, 24.32749, 45.578938
2393797032000, 358.13687, 24.322062, 45.58162
2393802015000, 358.13904, 24.316687, 45.586792
2393807056000, 358.1435, 24.310215, 45.595253
2393811986000, 358.1474, 24.29773, 45.60429
2393817014000, 358.15344, 24.292727, 45.61257
2393822058000, 358.15598, 24.284796, 45.61892
2393827025000, 358.1602, 24.281176, 45.6263
2393832033000, 358.1649, 24.273182, 45.63282
2393837029000, 358.16983, 24.26769, 45.639
2393842044000, 358.1704, 24.263258, 45.649593
2393847032000, 358.17673, 24.25464, 45.662888
2393852392000, 358.18234, 24.251438, 45.666374
2393857046000, 358.18427, 24.248215, 45.674927
2393862018000, 358.19058, 24.239927, 45.683014
2393867008000, 358.19382, 24.236223, 45.691017
2393872255000, 358.20648, 24.228785, 45.6938
2393877101000, 358.2067, 24.22501, 45.699276
2393882007000, 358.2165, 24.222479, 45.697975
2393887009000, 358.22083, 24.221037, 45.699753
2393892003000, 358.22937, 24.218042, 45.699078
2393897032000, 358.23355, 24.217484, 45.6975
2393902046000, 358.23785, 24.21568, 45.697216
2393907054000, 358.24207, 24.211994, 45.69802
2393912104000, 358.24582, 24.210148, 45.6969
2393917011000, 358.24786, 24.208101, 45.695553
2393922050000, 358.2485, 24.20538, 45.699615
2393927094000, 358.2504, 24.204382, 45.69937
2393932020000, 358.25092, 24.20209, 45.705246
2393937027000, 358.25858, 24.19723, 45.700832
2393942013000, 358.26495, 24.19412, 45.698803
2393947030000, 358.27023, 24.191135, 45.69563
2393951997000, 358.28293, 24.185349, 45.6891
2393957038000, 358.28873, 24.184326, 45.684937
2393961999000, 358.29376, 24.18204, 45.678387
2393967011000, 358.30496, 24.175615, 45.676083
2393972036000, 358.31158, 24.175213, 45.669933
2393977062000, 358.3177, 24.171362, 45.672977
2393981966000, 358.31967, 24.167566, 45.670696
2393987012000, 358.3281, 24.162691, 45.67226
2393992021000, 358.3338, 24.156565, 45.66896
2393997031000, 358.3364, 24.153936, 45.667133
2394002036000, 358.33957, 24.149427, 45.664486
2394007068000, 358.34296, 24.146833, 45.6593
2394012032000, 358.35104, 24.140558, 45.65494
2394017009000, 358.35303, 24.138878, 45.651234
2394022118000, 358.3559, 24.133568, 45.647915
2394027096000, 358.36145, 24.129736, 45.646454
2394032048000, 358.35812, 24.12662, 45.64387
2394037017000, 358.35687, 24.126179, 45.63983
2394042040000, 358.35727, 24.121584, 45.642067
2394047034000, 358.35306, 24.115011, 45.645554
2394052023000, 358.35248, 24.10905, 45.654274
2394057034000, 358.3481, 24.101542, 45.661846
2394062038000, 358.34644, 24.096914, 45.66495
2394067011000, 358.34344, 24.092043, 45.673164
2394072130000, 358.34216, 24.0855, 45.681976
2394077069000, 358.33813, 24.081396, 45.685143
2394082030000, 358.33356, 24.077274, 45.692192
2394087038000, 358.3329, 24.070414, 45.69377
2394092042000, 358.33273, 24.069027, 45.695362
2394097031000, 358.32657, 24.067892, 45.69331
2394102025000, 358.3258, 24.070368, 45.689426
2394107046000, 358.32407, 24.069145, 45.68843
2394112036000, 358.3234, 24.06841, 45.68639
2394117007000, 358.3186, 24.06977, 45.68556
2394127214000, 358.3132, 24.071663, 45.682285
2394132038000, 358.30447, 24.072786, 45.68035
2394137065000, 358.29944, 24.071445, 45.68106
2394142027000, 358.2915, 24.072094, 45.678833
2394147031000, 358.2831, 24.072906, 45.682426
2394152036000, 358.27502, 24.074175, 45.681385
2394157027000, 358.2702, 24.072403, 45.68541
2394162049000, 358.2656, 24.07023, 45.68541
2394167019000, 358.264, 24.069407, 45.68952
2394172094000, 358.25793, 24.070028, 45.694252
2394177082000, 358.25247, 24.069063, 45.697716
2394182032000, 358.247, 24.07304, 45.699947
2394187083000, 358.24518, 24.070086, 45.70124
2394192039000, 358.2397, 24.072412, 45.701893
2394197179000, 358.23886, 24.070171, 45.702366
2394202017000, 358.23395, 24.07243, 45.704525
2394207031000, 358.23196, 24.066803, 45.709034
2394212038000, 358.22903, 24.063272, 45.71216
2394217010000, 358.22415, 24.060211, 45.718975
2394222089000, 358.21933, 24.058018, 45.724087
2394227100000, 358.21585, 24.054203, 45.72899
2394232032000, 358.20953, 24.053167, 45.734325
2394237012000, 358.20486, 24.048649, 45.74425
2394242043000, 358.20062, 24.04484, 45.748623
2394246969000, 358.18683, 24.04652, 45.756615
2394252023000, 358.18478, 24.04454, 45.756298
