#Angle around the z x y axes.
#timestamp(ns), Azimuth , Pitch, Roll (degrees)
#Datetime: 05/06/2014 10:43:28
##########################################
#Activity: 8 - CSI - Car-Step in - 6s
#Subject ID: 24
#First Name: sub24
#Last Name: sub24
#Age: 21
#Height(cm): 193
#Weight(kg): 112
#Gender: Male
##########################################

@DATA
121545132042000, 44.36596, -132.1056, 41.245113
121545137030000, 44.36402, -132.12744, 41.267143
121545141928000, 44.126286, -132.1009, 41.32578
121545146925000, 43.88357, -132.0822, 41.384933
121545151933000, 43.639168, -132.0615, 41.439243
121545156922000, 43.40426, -132.04205, 41.48824
121545161910000, 43.17226, -132.02309, 41.53374
121545166908000, 42.960163, -132.00586, 41.573765
121545171890000, 42.733482, -131.98822, 41.610474
121545176899000, 42.517715, -131.97513, 41.64567
121545181914000, 42.28384, -131.96555, 41.68402
121545186938000, 42.10515, -131.94656, 41.70526
121545191919000, 41.874252, -131.94267, 41.73896
121545196999000, 41.67592, -131.93343, 41.7645
121545202259000, 41.493763, -131.92871, 41.78956
121545206866000, 41.315872, -131.9218, 41.808994
121545211883000, 41.155266, -131.92136, 41.83106
121545216863000, 41.005642, -131.92332, 41.852318
121545221854000, 40.883514, -131.92183, 41.866886
121545226844000, 40.779972, -131.92651, 41.88394
121545231880000, 40.704464, -131.93005, 41.8971
121545236859000, 40.66423, -131.93118, 41.90487
121545241857000, 40.64978, -131.93388, 41.911884
121545246888000, 40.66988, -131.93289, 41.91317
121545251955000, 40.786182, -131.91724, 41.89655
121545256940000, 40.866047, -131.91347, 41.888397
121545261921000, 41.00049, -131.90262, 41.873405
121545266949000, 41.15996, -131.88559, 41.84808
121545272671000, 41.319958, -131.87706, 41.82829
121545276968000, 41.466137, -131.87009, 41.809204
121545281963000, 41.609844, -131.86627, 41.79267
121545286944000, 41.751312, -131.86444, 41.77686
121545291935000, 41.888317, -131.86491, 41.76251
121545297048000, 42.03156, -131.86734, 41.748753
121545301945000, 42.161415, -131.87541, 41.739933
121545306941000, 42.302658, -131.88329, 41.729713
121545311928000, 42.440575, -131.89555, 41.722633
121545316947000, 42.577095, -131.91032, 41.717087
121545321939000, 42.721977, -131.92723, 41.71252
121545326976000, 42.863956, -131.94635, 41.709095
121545331949000, 43.010193, -131.96681, 41.70553
121545336945000, 43.151085, -131.98889, 41.703644
121545342200000, 43.190037, -131.32191, 41.04374
121545346977000, 43.221752, -130.65413, 40.382828
121545351942000, 43.254288, -129.9898, 39.725048
121545356938000, 43.288666, -129.32367, 39.065292
121545361916000, 43.321648, -128.65816, 38.40593
121545366958000, 43.348675, -127.99643, 37.750385
121545371938000, 43.369328, -127.33327, 37.09349
121545376973000, 43.38562, -126.67197, 36.438885
121545381977000, 43.393524, -126.011444, 35.785793
121545386942000, 43.393227, -125.35367, 35.135162
121545391938000, 43.38098, -124.69686, 34.48671
121545397005000, 43.361637, -124.04322, 33.841877
121545401944000, 43.33366, -123.39176, 33.19942
121545406942000, 43.297565, -122.743065, 32.560654
121545412196000, 43.253918, -122.09839, 31.925478
121545416955000, 43.208977, -121.456635, 31.293858
121545421941000, 43.153645, -120.82161, 30.668728
121545426925000, 43.10085, -120.18474, 30.042
121545431958000, 43.0497, -119.55966, 29.42607
121545436951000, 42.994587, -118.93406, 28.809734
121545441960000, 42.948708, -118.31681, 28.200884
121545446967000, 42.903797, -117.70334, 27.59522
121545451946000, 42.86727, -117.09657, 26.995405
121545456939000, 42.83351, -116.494644, 26.400146
121545461910000, 42.813812, -115.89997, 25.810751
121545466955000, 42.79271, -115.312935, 25.228954
121545471941000, 42.788746, -114.73062, 24.650738
121545476922000, 42.788536, -114.15321, 24.077168
121545481962000, 42.799915, -113.587204, 23.514212
121545486948000, 42.82135, -113.022644, 22.952162
121545491940000, 42.8491, -112.462616, 22.394442
121545496967000, 42.881847, -111.91143, 21.845362
121545501946000, 42.924202, -111.36059, 21.29633
121545506944000, 42.961735, -110.81802, 20.756134
121545511933000, 42.99813, -110.278656, 20.219067
121545516955000, 43.032562, -109.74263, 19.68573
121545521942000, 43.052567, -109.21761, 19.16436
121545526931000, 43.06657, -108.692566, 18.642971
121545531939000, 43.060837, -108.175575, 18.130535
121545536944000, 43.04547, -107.665146, 17.624884
121545541938000, 42.950745, -107.13768, 17.10635
121545546998000, 42.842777, -106.616806, 16.594019
121545551938000, 42.726135, -106.10541, 16.089901
121545556941000, 42.597816, -105.59787, 15.588501
121545561934000, 42.464565, -105.10083, 15.096223
121545566946000, 42.326862, -104.61232, 14.610799
121545571937000, 42.18292, -104.13168, 14.131596
121545576931000, 42.045193, -76.3404, 13.659197
121545581956000, 41.905437, -76.80061, 13.197019
121545586942000, 41.771366, -77.25702, 12.737016
121545591934000, 41.64574, -77.69808, 12.290662
121545597628000, 41.52953, -78.13335, 11.849024
121545601951000, 41.4227, -78.55973, 11.414774
121545606939000, 41.330845, -78.97613, 10.989301
121545611926000, 41.251114, -79.38554, 10.5698595
121545616951000, 41.179546, -79.78383, 10.160389
121545621948000, 41.12701, -80.17498, 9.757323
121545626932000, 41.07864, -80.56226, 9.357468
121545631960000, 41.040127, -80.9367, 8.969338
121545636945000, 41.011482, -81.30582, 8.586144
121545641940000, 40.98386, -81.66992, 8.207473
121545646929000, 40.96061, -82.02725, 7.8351607
121545651949000, 40.94079, -82.37709, 7.469162
121545656939000, 40.91619, -82.722786, 7.108529
121545661925000, 40.89552, -83.059525, 6.7541733
121545667325000, 40.867393, -83.39603, 6.4023046
121545671943000, 40.8375, -83.72323, 6.0594077
121545676947000, 40.807713, -84.04049, 5.724551
121545681959000, 40.772747, -84.36175, 5.3901896
121545686944000, 40.737537, -84.66519, 5.0709543
121545691949000, 40.70549, -84.972084, 4.751608
121545696967000, 40.67128, -85.266304, 4.44541
121545701946000, 40.64773, -85.55799, 4.1419315
121545706937000, 40.624454, -85.84314, 3.8467872
121545711923000, 40.61306, -86.12121, 3.5597148
121545716984000, 40.602856, -86.391556, 3.2803283
121545721940000, 40.607475, -86.654564, 3.0065994
121545726927000, 40.615856, -86.90349, 2.7468183
121545731947000, 40.633354, -87.14694, 2.4912884
121545736890000, 40.660526, -87.374344, 2.2461295
121545741974000, 40.664246, -87.691124, 1.9194988
121545747010000, 40.681774, -87.98943, 1.6029726
121545751980000, 40.649822, -88.2745, 1.2643944
121545756976000, 40.632957, -88.51908, 0.9331442
121545761976000, 40.5621, -88.70838, 0.5853932
121545766968000, 40.50232, -88.80105, 0.24402803
121545771915000, 40.36718, -88.76203, -0.114154726
121545776980000, 40.23967, -88.61773, -0.46636876
121545781914000, 40.004852, -88.347206, -0.8398634
121545786984000, 39.775238, -88.02863, -1.2093151
121545791875000, 39.37598, -87.62209, -1.6088043
121545796991000, 38.98486, -87.19963, -2.0022166
121545801925000, 38.31437, -86.67463, -2.4620335
121545806957000, 37.657818, -86.15628, -2.9074092
121545811943000, 36.535755, -85.474846, -3.489345
121545816983000, 35.457706, -84.827034, -4.0438967
121545821926000, 33.66896, -83.96418, -4.807501
121545826931000, 31.98395, -83.17022, -5.5201764
121545831981000, 29.49322, -82.15754, -6.500813
121545836993000, 27.203215, -81.26289, -7.3848767
121545841914000, 24.822277, -80.41581, -8.28376
121545846987000, 22.623323, -79.67298, -9.083239
121545851963000, 20.45607, -79.00399, -9.846453
121545856981000, 18.444221, -78.41511, -10.521878
121545861901000, 17.183538, -78.073395, -10.914821
121545866979000, 15.97308, -77.76235, -11.273008
121545871876000, 14.80958, -77.47641, -11.602715
121545877009000, 14.042758, -77.30231, -11.799035
121545881982000, 13.295516, -77.140434, -11.980706
121545886979000, 12.597169, -76.98414, -12.155664
121545891966000, 11.924063, -76.8384, -12.317195
121545897000000, 11.291429, -76.68977, -12.484859
121545902009000, 10.681493, -76.54643, -12.645438
121545906972000, 10.125582, -76.39095, -12.819878
121545911985000, 9.590215, -76.23529, -12.991661
121545916979000, 9.087668, -76.05836, -13.189619
121545922420000, 8.594327, -75.877426, -13.390816
121545926931000, 8.113082, -75.67002, -13.621653
121545931932000, 7.635661, -75.45614, -13.859567
121545936942000, 7.1399775, -75.21982, -14.127684
121545941932000, 6.6446233, -74.97471, -14.402929
121545946935000, 6.121539, -74.70039, -14.713571
121545951940000, 5.586085, -74.42855, -15.021033
121545956941000, 5.012708, -74.1252, -15.366496
121545961918000, 4.420552, -73.821526, -15.7106695
121545966945000, 3.846399, -73.51594, -16.05766
121545971978000, 3.2450693, -73.2051, -16.410769
121545976977000, 2.6719005, -72.903786, -16.752123
121545981970000, 2.067581, -72.59919, -17.096905
121545986875000, 1.4696041, -72.31354, -17.422005
121545992413000, 0.83596915, -72.02306, -17.751255
121545996965000, 0.1836904, -71.76253, -18.049547
121546001952000, 359.49905, -71.502914, -18.344973
121546006884000, 358.79956, -71.2835, -18.59673
121546011920000, 358.071, -71.071014, -18.838558
121546016941000, 357.32468, -70.9061, -19.028605
121546021972000, 356.5559, -70.75455, -19.201868
121546026991000, 355.77887, -70.64607, -19.327206
121546032007000, 354.98782, -70.55308, -19.43366
121546036958000, 354.21555, -70.51482, -19.480381
121546041982000, 353.4391, -70.48269, -19.516993
121546046963000, 352.6768, -109.50456, -19.50329
121546051984000, 351.93927, -109.490074, -19.481798
121546056920000, 351.2257, -109.423775, -19.39909
121546062433000, 350.5506, -109.34827, -19.295446
121546066962000, 349.90976, -109.229355, -19.129988
121546071974000, 349.3169, -109.08928, -18.931574
121546076944000, 348.78296, -108.9743, -18.72068
121546082009000, 348.3187, -108.6806, -18.331053
121546086885000, 347.92038, -108.38469, -17.923061
121546091974000, 347.60507, -108.00841, -17.436945
121546096936000, 347.3767, -107.622375, -16.944078
121546101981000, 347.21796, -107.16367, -16.412016
121546106876000, 347.1599, -106.69358, -15.892034
121546111926000, 347.1541, -106.16612, -15.365446
121546116924000, 347.2207, -105.624596, -14.856872
121546121940000, 347.2795, -105.067406, -14.36893
121546126961000, 347.34503, -104.48627, -13.877
121546132117000, 347.40234, -103.95397, -13.440189
121546136956000, 347.37354, -103.405014, -12.985927
121546141932000, 347.32898, -102.95821, -12.617444
121546146967000, 347.05582, -102.50937, -12.233601
121546151921000, 346.64026, -102.18714, -11.94798
121546156941000, 346.0512, -101.86906, -11.658858
121546161931000, 345.2668, -101.69231, -11.482652
121546166929000, 344.32175, -101.52364, -11.309379
121546171931000, 343.25867, -101.49149, -11.2540865
121546176939000, 342.09537, -101.47211, -11.209735
121546181920000, 340.86682, -101.46706, -11.180163
121546186935000, 339.61246, -101.47133, -11.1609335
121546191936000, 338.4333, -101.56187, -11.237117
121546196946000, 337.27734, -101.65216, -11.312705
121546221831000, 332.50864, -101.55613, -11.150419
121546226864000, 331.83627, -101.428406, -11.010059
121546231858000, 331.2364, -101.21704, -10.786573
121546236882000, 330.7042, -101.00585, -10.562052
121546241855000, 330.32257, -100.73863, -10.278443
121546247355000, 329.993, -100.4641, -9.988132
121546251872000, 329.7766, -100.14819, -9.652483
121546256897000, 329.6469, -99.82659, -9.31628
121546261879000, 329.58612, -99.48241, -8.960841
121546266901000, 329.5861, -99.13453, -8.600913
121546271892000, 329.6038, -98.8003, -8.252613
121546276880000, 329.67456, -98.45528, -7.884115
121546281901000, 329.77136, -98.12134, -7.5087175
121546286902000, 329.9081, -97.78855, -7.1143937
121546291883000, 330.08658, -97.4792, -6.7008696
121546296933000, 330.28506, -97.20525, -6.286872
121546302007000, 330.4885, -97.03123, -5.9190197
121546306970000, 330.6773, -96.90885, -5.5695405
121546311931000, 330.78442, -96.919876, -5.332581
121546317660000, 330.83572, -96.9667, -5.131375
121546321932000, 330.76254, -97.099106, -5.064464
121546326970000, 330.60773, -97.23328, -5.0368314
121546332332000, 330.4735, -97.37304, -5.102851
121546336978000, 330.30145, -97.49286, -5.2096195
121546342222000, 330.09592, -97.62138, -5.417399
121546347022000, 329.89774, -97.72425, -5.6472154
121546351946000, 329.7252, -97.84723, -5.9522862
121546356974000, 329.57452, -97.94007, -6.26985
121546361907000, 329.47763, -98.062035, -6.6170325
121546366983000, 329.42764, -98.14555, -6.936394
121546371962000, 329.435, -98.24154, -7.256696
121546376964000, 329.41302, -98.22196, -7.421955
121546382025000, 329.4255, -98.212425, -7.5702934
121546387182000, 329.3899, -98.16229, -7.6373954
121546391966000, 329.37354, -98.116295, -7.6855636
121546397009000, 329.31354, -98.07549, -7.699601
121546401981000, 329.25208, -98.038, -7.702025
121546406969000, 329.21072, -98.02946, -7.719335
121546411965000, 329.1634, -98.02913, -7.7346063
121546416972000, 329.16162, -98.050354, -7.7732058
121546421979000, 329.16876, -98.08013, -7.8153768
121546426949000, 329.23016, -98.105194, -7.8638196
121546431967000, 329.3216, -98.135666, -7.9183326
121546436987000, 329.4493, -98.14923, -7.9724913
121546441966000, 329.6403, -98.16671, -8.028762
121546446979000, 329.85214, -98.17015, -8.08011
121546451990000, 330.09723, -98.18767, -8.137179
121546457132000, 330.37567, -98.21245, -8.191549
121546461978000, 330.67368, -98.256546, -8.252872
121546466980000, 330.95486, -81.660706, -8.339233
121546471975000, 331.2468, -81.56586, -8.428385
121546476973000, 331.5065, -81.45001, -8.53481
121546482025000, 331.76147, -81.32258, -8.64935
121546486974000, 332.01993, -81.182816, -8.773979
121546491981000, 332.275, -81.03306, -8.907087
121546496973000, 332.37903, -80.96018, -8.973554
121546501980000, 332.47598, -80.88191, -9.046259
121546506948000, 332.61557, -80.844086, -9.0750885
121546511930000, 332.73517, -80.80188, -9.10794
121546516894000, 332.89954, -80.800606, -9.095268
121546521949000, 333.03485, -80.80131, -9.079948
121546526931000, 333.19055, -80.83854, -9.02587
121546531995000, 333.32828, -80.88389, -8.965382
121546536945000, 333.4513, -80.95508, -8.875001
121546541938000, 333.57364, -81.049416, -8.761788
121546546944000, 333.68286, -81.160805, -8.627645
121546551993000, 333.81546, -81.29283, -8.473395
121546556936000, 333.92953, -81.4168, -8.325718
121546561970000, 334.07877, -81.56056, -8.159834
121546567159000, 334.19644, -81.664925, -8.036824
121546572785000, 334.3436, -81.77481, -7.908858
121546577174000, 334.56024, -81.81685, -7.8485937
121546582027000, 334.79977, -81.85091, -7.795051
121546586935000, 335.12204, -81.81402, -7.8106475
121546591970000, 335.4609, -81.77371, -7.825381
121546597039000, 335.8234, -81.71633, -7.8507524
121546601973000, 336.23248, -81.615295, -7.9198256
121546606938000, 336.666, -81.50999, -7.9873166
121546611972000, 337.14297, -81.38471, -8.07081
121546616882000, 337.63785, -81.254295, -8.155441
121546621973000, 338.1657, -81.119156, -8.235277
121546626999000, 338.6981, -80.97746, -8.318957
121546632025000, 339.22476, -80.84553, -8.389303
121546636877000, 339.7354, -80.70837, -8.460472
121546642797000, 340.1618, -80.58816, -8.53259
121546646903000, 340.5828, -80.46452, -8.603825
121546651971000, 341.01617, -80.35341, -8.679244
121546656905000, 341.40833, -80.24505, -8.759085
121546661973000, 341.8652, -80.14348, -8.871654
121546666925000, 342.2487, -80.052284, -8.989734
121546671975000, 342.58218, -79.974785, -9.123085
121546676978000, 342.83258, -79.9075, -9.26154
121546681986000, 343.0049, -79.85954, -9.400628
121546686945000, 343.1007, -79.8176, -9.542429
121546691970000, 343.12512, -79.784515, -9.660295
121546697013000, 343.1216, -79.75489, -9.772338
121546701959000, 343.08908, -79.73998, -9.832187
121546706974000, 343.10965, -79.72101, -9.882277
121546712657000, 343.1735, -79.72298, -9.85306
121546716950000, 343.3302, -79.713356, -9.814734
121546721974000, 343.64322, -79.69029, -9.736771
121546726962000, 344.00354, -79.645195, -9.654596
121546731950000, 344.44952, -79.546936, -9.602703
121546736980000, 344.8774, -79.42511, -9.560387
121546741969000, 345.28674, -79.27532, -9.561807
121546747023000, 345.66544, -79.12104, -9.567612
121546751975000, 345.9723, -78.96623, -9.621039
121546756974000, 346.2317, -78.81908, -9.67388
121546761966000, 346.5767, -78.6541, -9.757368
121546766983000, 346.88858, -78.49196, -9.8411665
121546771968000, 347.21017, -78.33096, -9.917569
121546777001000, 347.50717, -78.16915, -9.993559
121546782480000, 347.8016, -77.98481, -10.059944
121546787030000, 348.09756, -77.80262, -10.121488
121546792302000, 348.4133, -77.60692, -10.154709
121546797007000, 348.72998, -77.41099, -10.185043
121546802201000, 349.1333, -77.19249, -10.182602
121546806981000, 349.53644, -76.96955, -10.177329
121546812289000, 349.9415, -76.73714, -10.166837
121546816984000, 350.33047, -76.50736, -10.156668
121546821929000, 350.68295, -76.29705, -10.136581
121546826975000, 351.0237, -76.10155, -10.114718
121546831941000, 351.3386, -75.91423, -10.090959
121546837001000, 351.69962, -75.753914, -10.033596
121546841874000, 352.0939, -75.60406, -9.969102
121546846992000, 352.62115, -75.430374, -9.841559
121546851897000, 353.20123, -75.27064, -9.703072
121546856975000, 353.83673, -75.10521, -9.517913
121546861898000, 354.48575, -74.94967, -9.319738
121546866981000, 355.09015, -74.83758, -9.10462
121546871876000, 355.64792, -74.73902, -8.882602
121546877012000, 356.19003, -74.68125, -8.608881
121546882002000, 356.68106, -74.63641, -8.336018
121546886974000, 357.1528, -74.62033, -7.9917784
121546891978000, 357.58594, -74.595, -7.656308
121546896969000, 358.02393, -74.5533, -7.3080997
121546901985000, 358.4213, -74.500084, -6.974702
121546906970000, 358.81552, -74.42384, -6.662433
121546911971000, 359.16522, -74.32755, -6.368173
121546916979000, 359.53665, -74.20275, -6.10177
121546921980000, 359.87018, -74.05931, -5.838945
121546926978000, 0.20685318, -73.901375, -5.5622005
121546931965000, 0.5017863, -73.7414, -5.275785
121546936974000, 0.7835617, -73.550064, -4.919274
121546941981000, 1.0441078, -73.366684, -4.5583506
121546946971000, 1.2981863, -73.119774, -4.09674
121546951983000, 1.5230092, -72.881035, -3.6416771
121546956971000, 1.7645605, -72.61667, -3.1763532
121546961977000, 1.9705104, -72.350426, -2.7372787
121546967850000, 2.1847813, -72.05435, -2.3590446
121546971979000, 2.3518496, -71.74863, -2.0190341
121546977024000, 2.5099907, -71.422935, -1.7769513
121546982006000, 2.6277227, -71.10224, -1.570829
121546986915000, 2.7854047, -70.77118, -1.5080621
121546991977000, 2.933652, -70.45244, -1.4612288
121546996943000, 3.1527805, -70.09276, -1.516372
121547001981000, 3.3849978, -69.74673, -1.5625397
121547006905000, 3.675153, -69.356255, -1.6504236
121547011972000, 3.969821, -68.9737, -1.7270898
121547016907000, 4.301628, -68.57801, -1.7895068
121547021973000, 4.6184783, -68.19145, -1.8432293
121547026907000, 4.9090347, -67.79519, -1.849107
121547031958000, 5.1851134, -67.41294, -1.8510859
121547036912000, 5.4488697, -67.01517, -1.7996767
121547041966000, 5.701314, -66.63786, -1.7462132
121547046994000, 5.9653583, -66.25842, -1.6536379
121547051989000, 6.2299914, -65.895645, -1.5597724
121547056948000, 6.5050974, -65.538414, -1.4396538
121547061977000, 6.779997, -65.19358, -1.3216544
121547066941000, 7.0863705, -64.85579, -1.1808761
121547071961000, 7.394054, -64.52624, -1.0427359
121547076931000, 7.6968613, -64.19555, -0.8696964
121547081960000, 8.003204, -63.8803, -0.6983415
121547086917000, 8.287965, -63.564426, -0.4873277
121547091940000, 8.564201, -63.267334, -0.2775018
121547096907000, 8.82338, -62.96357, -0.044492286
121547101925000, 9.069454, -62.6763, 0.18299513
121547107297000, 9.283274, -62.37461, 0.44263223
121547111933000, 9.484411, -62.08503, 0.6934339
121547116888000, 9.673159, -61.80293, 0.9455969
121547121941000, 9.857283, -61.492996, 1.2356026
121547126902000, 10.028991, -61.186073, 1.5232253
121547132036000, 10.203016, -60.875736, 1.7948657
121547136948000, 10.369969, -60.57707, 2.058162
121547141945000, 10.53568, -60.269306, 2.334912
121547146935000, 10.700468, -59.986767, 2.6094763
121547151898000, 10.868599, -59.698776, 2.8640645
121547156955000, 11.031338, -59.42928, 3.1124885
121547161951000, 11.187782, -59.153194, 3.3782172
121547166964000, 11.329367, -58.87894, 3.6346822
121547171946000, 11.45004, -58.58765, 3.915269
121547176968000, 11.544615, -58.29679, 4.178529
121547181946000, 11.622607, -57.993446, 4.477607
121547186989000, 11.672693, -57.697044, 4.7530203
121547191948000, 11.719427, -57.39576, 5.0558195
121547196967000, 11.738825, -57.106377, 5.3389754
121547211928000, 11.662875, -56.21897, 6.324807
121547216886000, 11.600113, -55.920532, 6.6515894
121547221859000, 11.508153, -55.60824, 6.9852614
121547226851000, 11.404303, -55.299427, 7.2990017
121547231884000, 11.297656, -54.9734, 7.5774283
121547236860000, 11.181561, -54.654613, 7.8325553
121547241856000, 11.071992, -54.330654, 8.015151
121547246891000, 10.962048, -54.017776, 8.18287
121547251911000, 10.874363, -53.698757, 8.2860775
121547256891000, 10.793373, -53.391796, 8.3835335
121547261880000, 10.723308, -53.093204, 8.421884
121547266905000, 10.667149, -52.80652, 8.465433
121547271897000, 10.627763, -52.514767, 8.485746
121547276889000, 10.604782, -52.23359, 8.514323
121547281908000, 10.600192, -51.925156, 8.564259
121547286899000, 10.604345, -51.622784, 8.623815
121547291849000, 10.592596, -51.338566, 8.691305
121547296940000, 10.579258, -51.06055, 8.75711
121547302004000, 10.538368, -50.77547, 8.811739
121547306937000, 10.487661, -50.49809, 8.860913
121547311996000, 10.420978, -50.214634, 8.87366
121547316922000, 10.353414, -49.943207, 8.88296
121547321952000, 10.259866, -49.666813, 8.857118
121547327533000, 10.164687, -49.400032, 8.830778
121547332009000, 10.063232, -49.119083, 8.778256
121547337000000, 9.962927, -48.842278, 8.738872
121547341937000, 9.870925, -48.528255, 8.674636
121547346944000, 9.786434, -48.2308, 8.627622
121547351933000, 9.709012, -47.91391, 8.577677
121547356934000, 9.645689, -47.62005, 8.548625
121547362034000, 9.58915, -47.33676, 8.534313
121547366949000, 9.5339155, -47.03525, 8.549572
121547371875000, 9.480024, -46.752888, 8.571907
121547376920000, 9.410939, -46.47549, 8.629299
121547381983000, 9.335249, -46.210358, 8.681991
121547386942000, 9.229501, -45.956825, 8.76521
121547391915000, 9.1153145, -45.71061, 8.839008
121547397558000, 8.979985, -45.4553, 8.948572
121547401927000, 8.839531, -45.207294, 9.050143
121547406935000, 8.667443, -44.983124, 9.169491
121547411957000, 8.489965, -44.75729, 9.27924
121547416908000, 8.276625, -44.571697, 9.400132
121547421953000, 8.06891, -44.38012, 9.520033
121547426925000, 7.842768, -44.19247, 9.6290455
121547431951000, 7.611161, -43.997753, 9.728923
121547436935000, 7.3588643, -43.84897, 9.799142
121547441942000, 7.1018043, -43.69657, 9.851719
121547446914000, 6.8407564, -43.488, 9.911372
121547451951000, 6.581562, -43.27593, 9.942139
121547456936000, 6.353133, -42.938976, 9.961703
121547461955000, 6.127751, -42.608727, 9.947971
121547467149000, 5.897878, -42.197018, 9.904795
121547471939000, 5.67984, -41.798195, 9.836104
121547476925000, 5.4332695, -41.386963, 9.714367
121547482033000, 5.2027955, -40.98837, 9.578876
121547487018000, 4.9602065, -40.581577, 9.384584
121547491941000, 4.724969, -40.186573, 9.192875
121547496929000, 4.552208, -39.81339, 8.933953
121547501947000, 4.372848, -39.437862, 8.679535
121547507279000, 4.18999, -39.05034, 8.4477825
121547511929000, 4.0069118, -38.661938, 8.228538
121547516912000, 3.80759, -38.265633, 8.053182
121547521936000, 3.6116707, -37.882263, 7.885164
121547526932000, 3.4203627, -37.498493, 7.728448
121547531957000, 3.2008586, -37.112442, 7.610795
121547536912000, 2.9874065, -36.7374, 7.5018826
121547541940000, 2.749118, -36.355484, 7.422094
121547546946000, 2.5147173, -35.982883, 7.337765
121547551944000, 2.26957, -35.605335, 7.2644734
121547556936000, 2.0267596, -35.24879, 7.1828904
121547561932000, 1.767407, -34.85925, 7.0719566
121547566950000, 1.5244055, -34.489952, 6.97231
121547571940000, 1.290867, -34.108368, 6.842925
121547576923000, 1.0855103, -33.73926, 6.7466674
121547581968000, 0.8990829, -33.36525, 6.618301
121547586945000, 0.75145775, -33.000156, 6.540208
121547591940000, 0.6304963, -32.62498, 6.4553676
121547596981000, 0.5428004, -32.2589, 6.424887
121547601940000, 0.4804585, -31.88493, 6.4233212
121547606944000, 0.4380539, -31.517578, 6.4462094
121547611923000, 0.4303271, -31.173986, 6.554796
121547616979000, 0.42609054, -30.836096, 6.6733274
121547621939000, 0.4327711, -30.516487, 6.846171
121547626922000, 0.45033082, -30.210941, 7.05904
121547631917000, 0.46821204, -29.927073, 7.348432
121547636947000, 0.48514342, -29.663448, 7.6763525
121547641868000, 0.47560808, -29.442112, 8.092759
121547646943000, 0.4682185, -29.243551, 8.546867
121547651883000, 0.44001666, -29.132393, 9.10926
121547656937000, 0.40862632, -29.035606, 9.685972
121547661895000, 0.35638845, -28.970987, 10.342011
121547666940000, 0.29808533, -28.904682, 10.991518
121547671872000, 0.21938005, -28.811472, 11.692614
121547676919000, 0.13019174, -28.696991, 12.3630295
121547681980000, 0.018485133, -28.533236, 13.040248
121547687023000, 359.90686, -28.346067, 13.6718235
121547691901000, 359.786, -28.120924, 14.282372
121547696978000, 359.68387, -27.873758, 14.853101
121547701937000, 359.58514, -27.603725, 15.401294
121547706934000, 359.49243, -27.331108, 15.925926
121547712125000, 359.42914, -27.02189, 16.41786
121547716939000, 359.35526, -26.728546, 16.900946
121547722081000, 359.31793, -26.470589, 17.309015
121547726924000, 359.27652, -26.235369, 17.687023
121547732041000, 359.25302, -26.048527, 17.923904
121547736962000, 359.2241, -25.885872, 18.143612
121547741919000, 359.182, -25.748386, 18.345312
121547746980000, 359.12482, -25.6357, 18.539248
121547751938000, 359.0438, -25.55268, 18.57104
121547756941000, 358.93954, -25.507158, 18.604603
121547762013000, 358.79047, -25.418623, 18.618008
121547766923000, 358.609, -25.350695, 18.634064
121547772001000, 358.40707, -25.287273, 18.618109
121547776920000, 358.18478, -25.215862, 18.607998
121547782396000, 357.96417, -25.138176, 18.61661
121547786960000, 357.73636, -25.028074, 18.643599
121547792182000, 357.51294, -24.868698, 18.763054
121547796999000, 357.31168, -24.680239, 18.927126
121547801913000, 357.12262, -24.475487, 19.104273
121547806936000, 356.977, -24.21467, 19.503387
121547811941000, 356.8624, -23.95552, 19.928265
121547816930000, 356.79095, -23.702644, 20.497736
121547821907000, 356.7562, -23.46675, 21.096968
121547826925000, 356.74112, -23.23005, 21.728598
121547832062000, 356.7492, -23.026522, 22.324375
121547836950000, 356.72348, -22.790867, 22.868158
121547841936000, 356.6809, -22.57884, 23.318125
121547846940000, 356.6077, -22.37046, 23.71158
121547851958000, 356.4984, -22.16058, 24.021873
121547856935000, 356.35498, -21.946718, 24.268501
121547861941000, 356.18393, -21.724276, 24.473242
121547866946000, 356.00818, -21.500256, 24.662964
121547871939000, 355.81818, -21.264568, 24.853493
121547876922000, 355.62253, -21.006996, 25.035622
121547881946000, 355.42606, -20.74586, 25.243103
121547886942000, 355.22327, -20.47434, 25.456442
121547891941000, 355.02917, -20.210203, 25.698446
121547896919000, 354.83505, -19.940866, 25.957865
121547901946000, 354.65042, -19.688108, 26.235706
121547906937000, 354.46457, -19.450092, 26.550335
121547911938000, 354.28482, -19.22906, 26.86366
121547916949000, 354.12305, -19.040545, 27.183788
121547921941000, 353.96265, -18.866165, 27.495108
121547926916000, 353.81525, -18.71244, 27.827139
121547931979000, 353.65112, -18.557182, 28.14471
121547936941000, 353.50012, -18.41942, 28.467468
121547942027000, 353.34503, -18.283222, 28.776964
121547946927000, 353.1919, -18.16096, 29.08624
121547951945000, 353.01904, -18.034792, 29.38411
121547956937000, 352.84125, -17.92257, 29.654865
121547961934000, 352.63943, -17.803904, 29.916037
121547966906000, 352.41827, -17.6684, 30.176636
121547971942000, 352.18097, -17.529945, 30.436068
121547977564000, 351.9248, -17.359789, 30.686142
121547981959000, 351.66217, -17.176266, 30.947187
121547986872000, 351.38806, -16.962145, 31.21376
121547991938000, 351.11984, -16.735518, 31.499004
121547996907000, 350.84726, -16.498474, 31.751911
121548001953000, 350.5862, -16.261457, 32.02382
121548006867000, 350.33252, -16.042158, 32.279617
121548012020000, 350.09073, -15.826196, 32.559284
121548016879000, 349.8513, -15.616335, 32.850597
121548021939000, 349.6316, -15.424353, 33.161488
121548026914000, 349.39862, -15.211177, 33.515293
121548031950000, 349.1639, -14.999038, 33.868248
121548037269000, 348.91177, -14.762611, 34.25951
121548041939000, 348.6358, -14.504782, 34.634464
121548047964000, 348.32202, -14.207825, 35.03166
121548051942000, 347.99637, -13.898082, 35.40674
121548056888000, 347.63745, -13.539689, 35.8112
121548061931000, 347.2808, -13.180871, 36.190445
121548066914000, 346.91827, -12.826315, 36.53873
121548071946000, 346.5144, -12.391564, 36.951153
121548076945000, 346.0967, -11.974909, 37.333157
121548081966000, 345.63855, -11.529301, 37.769054
121548086978000, 345.15613, -11.091685, 38.192127
121548091935000, 344.63138, -10.645289, 38.664825
121548096923000, 344.10492, -10.208239, 39.137516
121548101944000, 343.55246, -9.767184, 39.66116
121548106927000, 343.0168, -9.346786, 40.172966
121548111934000, 342.4634, -8.901627, 40.652164
121548117339000, 341.93546, -8.477584, 41.113323
121548121915000, 341.36673, -8.032688, 41.534397
121548126972000, 340.82336, -7.6025248, 41.91179
121548131971000, 340.26184, -7.162144, 42.26
121548136910000, 339.71762, -6.7350407, 42.560223
121548141929000, 339.14725, -6.288487, 42.830906
121548146938000, 338.59406, -5.8553915, 43.075203
121548152103000, 338.01053, -5.397468, 43.31458
121548156829000, 337.4258, -4.9375057, 43.536797
121548161832000, 336.8077, -4.4514794, 43.75752
121548166838000, 336.20435, -3.9760368, 43.976387
121548171835000, 335.569, -3.4744372, 44.14951
121548176834000, 334.93884, -2.986638, 44.315147
121548181829000, 334.29147, -2.4869664, 44.404514
121548186862000, 333.65808, -2.0015323, 44.48216
121548191861000, 333.1501, -1.6127541, 44.52467
121548196870000, 332.6415, -1.2266111, 44.565285
121548201862000, 332.29193, -0.94607717, 44.651203
121548206858000, 331.9554, -0.67143154, 44.766144
121548211846000, 331.65054, -0.4476961, 44.909756
121548216866000, 331.35458, -0.22869752, 45.079296
121548221861000, 331.09628, -0.07028267, 45.261265
121548226846000, 330.8442, 0.0880386, 45.43535
121548231865000, 330.61755, 0.21900542, 45.618103
121548236860000, 330.4049, 0.34803784, 45.76979
121548241851000, 330.1852, 0.48550332, 45.921722
121548246876000, 329.98196, 0.6194616, 46.048424
121548251898000, 329.7719, 0.76857805, 46.140812
121548256943000, 329.57666, 0.91628665, 46.23128
121548262265000, 329.3777, 1.0678849, 46.317646
121548266947000, 329.17285, 1.2377121, 46.392567
121548272248000, 328.9363, 1.4481056, 46.47459
121548276920000, 328.70096, 1.6607497, 46.552803
121548281943000, 328.44684, 1.9287006, 46.589863
121548286944000, 328.20337, 2.187792, 46.6295
121548291883000, 327.96042, 2.4397714, 46.667233
121548296975000, 327.66388, 2.7604282, 46.61419
121548301873000, 327.37308, 3.0674515, 46.56818
121548306940000, 326.99026, 3.4281619, 46.482246
121548311876000, 326.61285, 3.7790797, 46.40101
121548316945000, 326.17136, 4.1698375, 46.3685
121548321853000, 325.74738, 4.550786, 46.34608
121548326930000, 325.3045, 4.931916, 46.372726
121548331896000, 324.86652, 5.3040595, 46.421974
121548337122000, 324.40225, 5.690841, 46.47917
121548341903000, 323.94742, 6.0598173, 46.537823
121548346941000, 323.43024, 6.469889, 46.571438
121548351926000, 322.9304, 6.863794, 46.585392
121548356937000, 322.37924, 7.2968893, 46.580654
121548361948000, 321.847, 7.7182446, 46.543114
121548366951000, 321.30566, 8.138693, 46.586487
121548372559000, 320.77057, 8.56292, 46.604973
121548376919000, 320.27048, 8.960637, 46.73338
121548381999000, 319.77597, 9.356176, 46.846592
121548387018000, 319.2802, 9.747422, 47.04214
121548391954000, 318.7905, 10.128133, 47.2236
121548396930000, 318.26117, 10.541464, 47.414978
121548401946000, 317.75287, 10.9240465, 47.617733
121548406945000, 317.1688, 11.371151, 47.719944
121548411930000, 316.62045, 11.777838, 47.832394
121548416948000, 316.08237, 12.189063, 47.845947
121548421945000, 315.5799, 12.577651, 47.848717
121548426922000, 315.10995, 12.959079, 47.779663
121548432039000, 314.66458, 13.323725, 47.701412
121548437007000, 314.23508, 13.69839, 47.586304
121548442433000, 313.8246, 14.050978, 47.478416
121548446942000, 313.4141, 14.407043, 47.3665
121548451947000, 313.0226, 14.74529, 47.268616
121548456939000, 312.63757, 15.077438, 47.18023
121548461933000, 312.27896, 15.383633, 47.104866
121548466913000, 311.91782, 15.695654, 47.03409
121548471943000, 311.57608, 15.9900465, 46.965683
121548476941000, 311.24072, 16.282719, 46.89887
121548482025000, 310.93378, 16.556189, 46.824333
121548487029000, 310.62476, 16.824482, 46.75707
121548491940000, 310.34375, 17.076424, 46.67439
121548496921000, 310.08176, 17.29585, 46.631454
121548501951000, 309.8153, 17.5017, 46.592285
121548506937000, 309.6559, 17.608839, 46.61083
121548512109000, 309.48312, 17.71003, 46.634216
121548516902000, 309.39575, 17.731451, 46.70167
121548521936000, 309.30768, 17.743788, 46.776733
121548526929000, 309.25693, 17.721582, 46.879448
121548532044000, 309.23102, 17.682575, 46.993835
121548536946000, 309.19397, 17.65135, 47.122383
121548541933000, 309.19833, 17.600695, 47.243904
121548546925000, 309.17627, 17.564371, 47.404366
121548551950000, 309.18076, 17.522495, 47.546486
121548556868000, 309.1341, 17.484142, 47.766483
121548561931000, 309.09314, 17.435354, 47.99331
121548566881000, 309.0373, 17.365112, 48.29101
121548571943000, 308.95978, 17.293142, 48.59705
121548576910000, 308.88834, 17.180988, 48.96157
121548582048000, 308.8161, 17.055794, 49.33237
121548586942000, 308.772, 16.899618, 49.72088
121548591934000, 308.7485, 16.735752, 50.08735
121548596928000, 308.7176, 16.57803, 50.42834
121548601945000, 308.71423, 16.420397, 50.74159
121548606961000, 308.71753, 16.26143, 51.06238
121548611933000, 308.74835, 16.108072, 51.350304
121548616924000, 308.7926, 15.940977, 51.64661
121548621932000, 308.86215, 15.777961, 51.913696
121548626919000, 308.94357, 15.622895, 52.156055
121548631962000, 309.09048, 15.461162, 52.334225
121548636938000, 309.2455, 15.30299, 52.491806
121548641939000, 309.44336, 15.14663, 52.58669
121548646897000, 309.6323, 14.999737, 52.668583
121548651948000, 309.83618, 14.826765, 52.770866
121548656874000, 310.0095, 14.664907, 52.870716
121548661965000, 310.23026, 14.44769, 53.031513
121548666884000, 310.43085, 14.224712, 53.219982
121548671938000, 310.65158, 13.94266, 53.451946
121548676924000, 310.8805, 13.647236, 53.710327
121548682005000, 311.14523, 13.305808, 53.981243
121548686977000, 311.41455, 12.954493, 54.268196
121548691934000, 311.7912, 12.58111, 54.475735
121548697445000, 312.17865, 12.212535, 54.66051
121548701941000, 312.65387, 11.82074, 54.788307
121548706935000, -29.491604, 11.439171, 54.887184
121548711928000, -29.582369, 11.031841, 54.930485
121548716953000, -29.66675, 10.64115, 54.9589
121548721944000, -29.747896, 10.226099, 54.987175
121548726925000, -29.828686, 9.830093, 55.009388
121548732167000, -29.943916, 9.401743, 55.056866
121548736960000, -30.063595, 8.99209, 55.093945
121548741936000, -30.212889, 8.57056, 55.109905
121548746928000, -30.363111, 8.166687, 55.10153
121548751942000, -30.514547, 7.7727284, 55.025284
121548756935000, -30.662104, 7.404998, 54.91513
121548761925000, -30.831524, 7.037118, 54.790752
121548767489000, -30.994715, 6.698895, 54.635284
121548771937000, -31.16341, 6.3352156, 54.51456
121548776914000, -31.323828, 5.992582, 54.37883
121548782009000, -31.485233, 5.660115, 54.278923
121548787020000, -31.636646, 5.3351603, 54.191605
121548791939000, -31.7762, 4.9433546, 54.059437
121548796918000, -31.899624, 4.5490446, 53.95724
121548801892000, -32.02949, 4.1577444, 53.7911
121548806935000, -32.143566, 3.75915, 53.622845
121548811907000, -32.2386, 3.4115443, 53.401936
121548816952000, -32.31867, 3.0668464, 53.16032
121548821868000, 323.93167, 2.738522, 52.896294
121548826921000, 324.29593, 2.4269147, 52.62358
121548831962000, 324.65778, 2.1024113, 52.35428
121548836939000, 324.9812, 1.799898, 52.1022
121548841871000, 325.3129, 1.4716132, 51.868927
121548846920000, 325.6174, 1.1584535, 51.654118
121548851886000, 325.92548, 0.8380974, 51.43289
121548856937000, 326.20413, 0.5324123, 51.220325
121548862265000, 326.4795, 0.23086102, 50.99218
121548866984000, 326.72937, -0.054159995, 50.761406
121548871911000, 326.95206, -0.3521659, 50.534393
121548876916000, 327.16, -0.63680017, 50.304333
121548882046000, 327.35684, -0.91805243, 50.083683
121548886959000, 327.54462, -1.1872998, 49.87479
121548891873000, 327.73224, -1.472481, 49.684513
121548896928000, 327.90833, -1.74576, 49.505733
121548901909000, 328.08414, -2.024194, 49.335934
121548906943000, 328.24664, -2.3016794, 49.16172
121548912206000, 328.38873, -2.5618563, 48.966373
121548916949000, 328.53607, -2.8276615, 48.755295
121548921964000, 328.62207, -3.0495677, 48.534946
121548926919000, 328.71298, -3.2721956, 48.295868
121548932005000, 328.78687, -3.4588315, 48.047104
121548936973000, 328.85925, -3.6277127, 47.794582
121548941902000, 328.93057, -3.788321, 47.555412
121548946936000, 328.98615, -3.9360714, 47.3192
121548951897000, 329.04132, -4.0732493, 47.109364
121548956932000, 329.09973, -4.2203755, 46.930008
121548961904000, 329.16907, -4.3724003, 46.776615
121548966972000, 329.24548, -4.5340137, 46.648556
121548971913000, 329.3288, -4.701002, 46.53796
121548976920000, 329.39993, -4.8694806, 46.44618
121548982005000, 329.4849, -5.048635, 46.347717
121548986975000, 329.54236, -5.2145686, 46.263874
121548991956000, 329.60193, -5.3800282, 46.179768
121548996915000, 329.63336, -5.52251, 46.117638
121549001972000, 329.6627, -5.663964, 46.064453
121549006935000, 329.68762, -5.8131485, 46.01321
121549011929000, 329.71008, -5.959616, 45.979347
121549016973000, 329.73746, -6.116287, 45.963013
121549022480000, 329.76318, -6.2699323, 45.957172
121549026914000, 329.78693, -6.4373665, 45.958797
121549032027000, 329.79974, -6.591044, 45.96684
121549037019000, 329.85266, -6.7750225, 45.955482
121549041935000, 329.8997, -6.940732, 45.952312
121549046945000, 329.9916, -7.137874, 45.910587
121549051947000, 330.07904, -7.3155656, 45.87778
121549057055000, 330.20303, -7.515319, 45.83689
121549061935000, 330.3183, -7.7013087, 45.799286
121549066944000, 330.425, -7.8842697, 45.794617
121549071939000, 330.5197, -8.055532, 45.789413
121549076911000, 330.57898, -8.1994915, 45.80665
121549082045000, 330.62534, -8.334593, 45.81243
121549086981000, 330.61676, -8.442106, 45.837
121549092561000, 330.59985, -8.542319, 45.844563
121549096923000, 330.5761, -8.632457, 45.84481
121549101956000, 330.54697, -8.716715, 45.845123
121549106936000, 330.46634, -8.73648, 45.874897
121549111928000, 330.38004, -8.747594, 45.917057
121549116963000, 330.30295, -8.762979, 45.984715
121549121939000, 330.209, -8.767517, 46.062775
121549126912000, 330.14017, -8.784264, 46.169
121549131996000, 330.06342, -8.804062, 46.267605
121549136995000, 330.00702, -8.8240185, 46.397255
121549141940000, 329.96744, -8.8611, 46.5117
121549146921000, 329.91586, -8.891953, 46.616756
121549151952000, 329.87375, -8.935186, 46.713474
121549156917000, 329.84207, -8.985074, 46.798897
121549162285000, 329.8106, -9.033267, 46.882366
121549166887000, 329.79285, -9.095731, 46.935066
121549171900000, 329.77805, -9.1487055, 46.996593
121549176920000, 329.77078, -9.220664, 47.042297
121549181948000, 329.7693, -9.286912, 47.093163
121549186905000, 329.7667, -9.356609, 47.13175
121549191906000, 329.76083, -9.420233, 47.16501
121549197022000, 329.75403, -9.487077, 47.19733
121549201910000, 329.7352, -9.547103, 47.21496
121549206971000, 329.70987, -9.598286, 47.227047
121549211930000, 329.67218, -9.641148, 47.221577
121549216904000, 329.6192, -9.670246, 47.214535
121549221912000, 329.5677, -9.695778, 47.19975
121549226908000, 329.51727, -9.716655, 47.185028
121549231949000, 329.45505, -9.721339, 47.17203
121549236875000, 329.40253, -9.731162, 47.158848
121549241938000, 329.34015, -9.71382, 47.143456
121549246890000, 329.28177, -9.699656, 47.129894
121549251942000, 329.21652, -9.664198, 47.122185
121549256905000, 329.1599, -9.6303625, 47.121273
121549261921000, 329.06616, -9.565711, 47.129482
121549266985000, 328.9881, -9.5089655, 47.144825
121549271978000, 328.89136, -9.437907, 47.164677
121549276933000, 328.80185, -9.372045, 47.195248
121549282055000, 328.709, -9.31394, 47.22778
121549287056000, 328.6256, -9.264658, 47.270287
121549291973000, 328.56693, -9.256201, 47.313442
121549296997000, 328.5109, -9.254116, 47.35361
121549301982000, 328.45584, -9.251444, 47.39356
121549306977000, 328.4027, -9.253506, 47.425865
121549312039000, 328.36044, -9.268107, 47.39343
121549316976000, 328.32062, -9.281477, 47.352367
121549321961000, 328.28098, -9.291477, 47.29093
121549327001000, 328.2334, -9.295286, 47.22193
121549332015000, 328.1941, -9.302543, 47.15962
121549336977000, 328.14404, -9.301037, 47.10008
121549341966000, 328.1043, -9.30546, 47.07325
121549346980000, 328.0608, -9.310622, 47.056698
121549351974000, 328.028, -9.32819, 47.078705
121549356976000, 328.00372, -9.348711, 47.112343
121549361942000, 327.98508, -9.379886, 47.177597
121549366985000, 327.972, -9.415799, 47.24811
121549371980000, 327.9603, -9.450034, 47.330708
121549376999000, 327.95038, -9.486594, 47.405357
121549382200000, 327.9219, -9.501008, 47.478073
121549386998000, 327.90286, -9.520381, 47.535034
121549391955000, 327.84442, -9.511553, 47.574535
121549396965000, 327.79837, -9.509926, 47.601162
121549401975000, 327.738, -9.490053, 47.605316
121549406978000, 327.6754, -9.47245, 47.601772
121549411963000, 327.6163, -9.443548, 47.58402
121549417659000, 327.55307, -9.413101, 47.567387
121549421973000, 327.48065, -9.3719225, 47.553284
121549427006000, 327.41653, -9.332647, 47.544697
121549432003000, 327.33554, -9.285193, 47.53224
121549436973000, 327.26282, -9.236735, 47.529163
121549441951000, 327.1781, -9.185701, 47.527496
121549446965000, 327.0929, -9.133416, 47.52878
121549451876000, 327.00656, -9.08254, 47.52887
121549456976000, 326.9223, -9.0322895, 47.536087
121549461881000, 326.8359, -8.99133, 47.533554
121549466961000, 326.75412, -8.949726, 47.53391
121549471871000, 326.67447, -8.913577, 47.52402
121549477059000, 326.59686, -8.874992, 47.514805
121549481919000, 326.52747, -8.846121, 47.50182
121549487418000, 326.45743, -8.814619, 47.487164
121549491892000, 326.39722, -8.795613, 47.46614
121549496978000, 326.33807, -8.778759, 47.446774
121549501904000, 326.29514, -8.771284, 47.422657
121549506962000, 326.24332, -8.756919, 47.405945
121549511937000, 326.21246, -8.753903, 47.373444
121549517066000, 326.1763, -8.748642, 47.344578
121549521971000, 326.1421, -8.732112, 47.308094
121549527017000, 326.11142, -8.722113, 47.27531
121549532006000, 326.0858, -8.710083, 47.233547
121549537044000, 326.06662, -8.700607, 47.200043
121549541925000, 326.04175, -8.69498, 47.16636
121549546977000, 326.0208, -8.692035, 47.136093
121549551978000, 325.99277, -8.686852, 47.11051
121549556976000, 325.9712, -8.686165, 47.09248
121549561965000, 325.9458, -8.690074, 47.07625
121549566981000, 325.9279, -8.698715, 47.075584
121549571965000, 325.91183, -8.714046, 47.079445
121549576972000, 325.89847, -8.731931, 47.09414
121549582106000, 325.88416, -8.753952, 47.108418
121549586989000, 325.87646, -8.772321, 47.134254
121549591981000, 325.86942, -8.789463, 47.157597
121549596935000, 325.85907, -8.802184, 47.18868
121549601950000, 325.8559, -8.81601, 47.219772
121549606938000, 325.8442, -8.828781, 47.243435
121549611924000, 325.8329, -8.838996, 47.26854
121549616997000, 325.81073, -8.84426, 47.297943
121549621967000, 325.7884, -8.84859, 47.32784
121549627013000, 325.77994, -8.853254, 47.36473
121549632027000, 325.75928, -8.854364, 47.4035
121549636998000, 325.74854, -8.855074, 47.445915
121549641973000, 325.73346, -8.856032, 47.48348
121549646949000, 325.7256, -8.856049, 47.526955
121549651968000, 325.72083, -8.85564, 47.567844
121549656969000, 325.7085, -8.850609, 47.604656
121549661969000, 325.7021, -8.85044, 47.644028
121549666961000, 325.6957, -8.8483515, 47.674397
121549672572000, 325.6881, -8.845119, 47.706615
121549676988000, 325.68353, -8.847639, 47.7305
121549681952000, 325.67316, -8.842423, 47.752277
121549686918000, 325.66617, -8.84123, 47.75821
121549691938000, 325.65353, -8.834393, 47.760883
121549696925000, 325.64777, -8.830561, 47.75994
121549701965000, 325.63943, -8.821713, 47.76138
121549706991000, 325.63788, -8.817394, 47.768375
121549711974000, 325.6294, -8.810373, 47.776554
121549716911000, 325.62512, -8.805124, 47.78744
121549721978000, 325.62268, -8.805339, 47.795704
121549726917000, 325.6211, -8.802363, 47.822952
121549732002000, 325.6209, -8.8012295, 47.84316
121549736937000, 325.61813, -8.802533, 47.864727
121549742610000, 325.60974, -8.798303, 47.878292
121549746881000, 325.60193, -8.797284, 47.89416
121549751978000, 325.5941, -8.796079, 47.903408
121549756867000, 325.58252, -8.78836, 47.91568
121549761953000, 325.5716, -8.781213, 47.933487
121549767305000, 325.5621, -8.771448, 47.954876
121549771986000, 325.55594, -8.763489, 47.979706
121549776974000, 325.55396, -8.760488, 48.01525
121549782072000, 325.54868, -8.75836, 48.049324
121549786928000, 325.5456, -8.758117, 48.080765
121549791979000, 325.54587, -8.761653, 48.114464
121549796963000, 325.541, -8.763857, 48.14808
121549801983000, 325.53833, -8.7640915, 48.169315
121549806940000, 325.53027, -8.758756, 48.19309
121549812464000, 325.51358, -8.751019, 48.203472
121549816959000, 325.49817, -8.744944, 48.21283
121549827015000, 325.47934, -8.732042, 48.22808
121549832029000, 325.462, -8.72109, 48.242584
121549837009000, 325.4505, -8.720777, 48.256878
121549841971000, 325.45227, -8.722863, 48.272175
121549846973000, 325.45508, -8.730127, 48.287224
121549851977000, 325.46313, -8.741814, 48.30377
121549856962000, 325.46375, -8.748644, 48.315598
121549861966000, 325.4656, -8.759653, 48.327087
121549866975000, 325.4668, -8.766078, 48.334927
121549871979000, 325.45425, -8.766693, 48.34035
121549876972000, 325.4411, -8.764291, 48.34268
121549881999000, 325.42676, -8.759284, 48.345974
121549887081000, 325.4129, -8.748943, 48.34949
121549891977000, 325.40335, -8.743149, 48.350666
121549897002000, 325.39368, -8.734423, 48.352543
121549901960000, 325.3857, -8.728398, 48.347942
121549906982000, 325.37393, -8.719111, 48.348846
121549911939000, 325.36618, -8.714269, 48.34618
121549917029000, 325.3561, -8.706287, 48.349277
121549921959000, 325.35294, -8.695134, 48.350758
121549927002000, 325.3515, -8.687082, 48.355843
121549931991000, 325.35214, -8.678007, 48.365532
121549936984000, 325.3544, -8.673587, 48.371506
121549941957000, 325.3598, -8.668534, 48.380554
121549946974000, 325.35834, -8.66571, 48.387543
121549951901000, 325.36884, -8.669214, 48.388794
121549957030000, 325.3719, -8.67067, 48.391083
121549966993000, 325.39044, -8.675415, 48.39966
121549971894000, 325.39374, -8.674886, 48.401134
121549976949000, 325.41168, -8.681005, 48.414944
121549982040000, 325.4323, -8.68607, 48.443542
121549987008000, 325.44608, -8.689002, 48.471504
121549991898000, 325.45917, -8.694865, 48.50569
121549997686000, 325.46765, -8.695125, 48.53371
121550001953000, 325.46393, -8.6907835, 48.547375
121550006982000, 325.4653, -8.689071, 48.559174
121550011964000, 325.45947, -8.681749, 48.552376
121550017038000, 325.44986, -8.672119, 48.546715
121550021882000, 325.43762, -8.656592, 48.53548
121550026990000, 325.42627, -8.642982, 48.52795
121550031998000, 325.41272, -8.626745, 48.516712
121550036982000, 325.4025, -8.607712, 48.50633
121550041878000, 325.39685, -8.591841, 48.496326
121550046979000, 325.3845, -8.580687, 48.484264
121550051978000, 325.37106, -8.566463, 48.478268
121550056971000, 325.36197, -8.55591, 48.47125
121550061990000, 325.35266, -8.549206, 48.469326
121550067425000, 325.3477, -8.546765, 48.472534
121550071983000, 325.3465, -8.546127, 48.47859
121550076968000, 325.33963, -8.549381, 48.482445
121550082051000, 325.33298, -8.551689, 48.48842
121550086985000, 325.32248, -8.55618, 48.488102
121550091985000, 325.31113, -8.560927, 48.486595
121550096969000, 325.3083, -8.564358, 48.48938
121550102045000, 325.29486, -8.567899, 48.484142
121550106968000, 325.279, -8.572857, 48.489216
121550111948000, 325.26007, -8.579307, 48.491787
121550116946000, 325.23856, -8.57543, 48.49977
121550121978000, 325.21814, -8.577651, 48.510246
121550126981000, 325.19788, -8.574445, 48.529465
121550132030000, 325.18192, -8.576027, 48.552456
121550137583000, 325.1635, -8.576697, 48.572285
121550141958000, 325.1518, -8.582969, 48.589054
121550146987000, 325.15164, -8.58893, 48.610867
121550151969000, 325.1477, -8.597518, 48.62314
121550156926000, 325.13858, -8.597945, 48.634445
121550161993000, 325.13074, -8.598682, 48.64183
121550166986000, 325.11557, -8.595546, 48.638424
121550171987000, 325.10672, -8.595657, 48.639038
121550176907000, 325.09485, -8.585725, 48.630543
121550181982000, 325.08386, -8.578019, 48.6232
121550186879000, 325.07504, -8.568759, 48.616367
121550191974000, 325.0686, -8.564147, 48.612698
121550196934000, 325.05878, -8.555479, 48.602776
121550201981000, 325.05267, -8.549111, 48.595108
121550207127000, 325.04895, -8.545309, 48.59121
121550211960000, 325.04132, -8.538529, 48.590755
121550216964000, 325.05063, -8.532791, 48.59092
121550221977000, 325.05896, -8.526187, 48.597393
121550226950000, 325.0594, -8.517099, 48.603676
121550232013000, 325.06747, -8.506955, 48.61323
121550236937000, 325.0708, -8.498214, 48.62205
121550241936000, 325.07172, -8.486193, 48.634186
121550246912000, 325.0772, -8.478444, 48.638897
121550251942000, 325.07874, -8.467441, 48.649185
121550256937000, 325.08252, -8.45992, 48.658703
121550261961000, 325.08304, -8.449818, 48.670963
121550267044000, 325.0826, -8.44018, 48.68141
121550271973000, 325.08386, -8.432697, 48.69055
121550276944000, 325.09842, -8.42967, 48.69894
121550282064000, 325.11148, -8.431155, 48.70564
121550287057000, 325.12585, -8.431732, 48.71235
121550291973000, 325.14246, -8.434137, 48.71941
121550297104000, 325.16193, -8.4393835, 48.71964
121550301976000, 325.1742, -8.441517, 48.720078
121550307245000, 325.1854, -8.44505, 48.718678
121550311961000, 325.18613, -8.441538, 48.717712
121550316996000, 325.19635, -8.4453945, 48.719223
121550321973000, 325.19473, -8.438872, 48.723083
121550326945000, 325.19702, -8.434603, 48.72668
121550331948000, 325.20236, -8.4365015, 48.729942
121550336906000, 325.2061, -8.432779, 48.734715
121550341937000, 325.21143, -8.43692, 48.738243
121550346892000, 325.21133, -8.438936, 48.739822
121550351946000, 325.21228, -8.440655, 48.739246
121550356901000, 325.21616, -8.442677, 48.73616
121550361919000, 325.20963, -8.44295, 48.736423
121550366943000, 325.2085, -8.442515, 48.73606
121550371939000, 325.2074, -8.439202, 48.738712
121550376942000, 325.20276, -8.436262, 48.740543
121550382010000, 325.20197, -8.435572, 48.74475
121550386974000, 325.1911, -8.430601, 48.7516
121550391936000, 325.18936, -8.425824, 48.758297
121550396946000, 325.18433, -8.421201, 48.76938
121550401944000, 325.18124, -8.416052, 48.776855
121550406939000, 325.1843, -8.414368, 48.78551
121550411918000, 325.18207, -8.412092, 48.801304
121550416976000, 325.1885, -8.4124775, 48.813812
121550421940000, 325.19742, -8.414706, 48.83498
121550426951000, 325.20956, -8.421577, 48.856216
121550432007000, 325.22675, -8.422846, 48.868687
121550436993000, 325.23895, -8.422412, 48.88624
121550441937000, 325.25217, -8.424936, 48.89447
121550446932000, 325.26245, -8.424405, 48.903957
121550451940000, 325.2754, -8.428447, 48.905922
121550456939000, 325.28796, -8.430259, 48.906837
121550461923000, 325.297, -8.431986, 48.9076
121550466971000, 325.30615, -8.431584, 48.9058
121550471924000, 325.32333, -8.43884, 48.9097
121550476974000, 325.33432, -8.442218, 48.905357
121550481990000, 325.35257, -8.447165, 48.90995
121550487008000, 325.3708, -8.456071, 48.907627
121550491876000, 325.38538, -8.45821, 48.905663
121550496933000, 325.40088, -8.463352, 48.904274
121550501870000, 325.4018, -8.4560375, 48.900303
121550506937000, 325.40723, -8.451962, 48.899082
121550511886000, 325.41156, -8.450042, 48.908466
121550517032000, 325.41806, -8.444084, 48.920906
121550521872000, 325.42566, -8.444739, 48.933434
121550526977000, 325.42957, -8.442578, 48.9428
121550531968000, 325.4358, -8.444612, 48.954823
121550537018000, 325.4396, -8.441513, 48.96096
121550541908000, 325.4383, -8.445751, 48.962467
121550546930000, 325.43942, -8.448207, 48.96344
121550551912000, 325.4414, -8.454149, 48.957123
121550556938000, 325.44968, -8.464199, 48.95551
121550562045000, 325.45486, -8.468588, 48.948303
121550566965000, 325.46307, -8.473873, 48.94205
121550571941000, 325.46707, -8.474058, 48.9265
121550576973000, 325.4723, -8.475593, 48.912743
121550581979000, 325.47144, -8.473198, 48.895485
121550587030000, 325.47253, -8.472357, 48.87946
121550591924000, 325.454, -8.4640875, 48.859283
121550596929000, 325.442, -8.458174, 48.841408
121550601913000, 325.43018, -8.448152, 48.824993
121550606937000, 325.42313, -8.441844, 48.807648
121550611913000, 325.41672, -8.435112, 48.804325
121550616976000, 325.4168, -8.433711, 48.80099
121550621985000, 325.41406, -8.431371, 48.799236
121550626945000, 325.40964, -8.423322, 48.80264
121550632286000, 325.39844, -8.413091, 48.804585
121550636995000, 325.39175, -8.405939, 48.805824
121550641969000, 325.388, -8.399539, 48.810375
121550646935000, 325.37958, -8.395308, 48.81098
121550652030000, 325.3731, -8.39316, 48.80835
121550656938000, 325.36356, -8.396454, 48.801903
121550661896000, 325.35956, -8.398455, 48.793682
121550666964000, 325.3478, -8.396025, 48.78405
121550672268000, 325.34888, -8.401319, 48.77804
121550686941000, 325.35492, -8.404692, 48.775494
121550691877000, 325.35095, -8.404334, 48.768566
121550696941000, 325.36154, -8.413658, 48.76946
121550701884000, 325.36658, -8.420028, 48.768276
121550711892000, 325.36942, -8.425223, 48.760986
121550717021000, 325.37213, -8.430503, 48.75719
121550722036000, 325.37646, -8.431752, 48.753353
121550726970000, 325.37872, -8.432521, 48.75609
121550731982000, 325.38055, -8.43282, 48.75712
121550737017000, 325.38794, -8.437722, 48.754112
121550741933000, 325.38477, -8.438223, 48.74914
121550746933000, 325.39185, -8.447175, 48.746513
121550751951000, 325.39066, -8.451219, 48.739155
121550756936000, 325.39252, -8.458295, 48.735527
121550761930000, 325.388, -8.461444, 48.72863
121550766964000, 325.38547, -8.462385, 48.717033
121550771946000, 325.37775, -8.463308, 48.703953
121550776949000, 325.37604, -8.461472, 48.692528
121550781971000, 325.368, -8.456092, 48.67933
121550786971000, 325.3606, -8.447723, 48.66757
121550791973000, 325.34985, -8.4396305, 48.66076
121550796931000, 325.34805, -8.436192, 48.65831
121550801951000, 325.34772, -8.430825, 48.659534
121550806939000, 325.33472, -8.422774, 48.659737
121550811939000, 325.3247, -8.41443, 48.661957
121550821943000, 325.31253, -8.407162, 48.66457
121550826984000, 325.29742, -8.397353, 48.67135
121550832037000, 325.28262, -8.392021, 48.6802
121550837055000, 325.263, -8.384699, 48.681202
121550841979000, 325.24927, -8.37637, 48.68529
121550846950000, 325.23822, -8.368173, 48.6869
121550851975000, 325.23035, -8.363222, 48.685654
121550856921000, 325.23615, -8.364679, 48.68148
121550861951000, 325.24152, -8.367754, 48.67802
121550866920000, 325.24652, -8.369519, 48.67245
121550871978000, 325.2532, -8.371607, 48.663837
121550876922000, 325.26, -8.378462, 48.653385
121550882062000, 325.27448, -8.391728, 48.64212
121550886874000, 325.28122, -8.398949, 48.63139
121550891981000, 325.2972, -8.411374, 48.62386
121550896892000, 325.30295, -8.419448, 48.61032
121550901979000, 325.31705, -8.430331, 48.601078
121550906903000, 325.32776, -8.441356, 48.586845
121550911963000, 325.33545, -8.448901, 48.57503
121550916937000, 325.34134, -8.454353, 48.560562
121550921976000, 325.3474, -8.457634, 48.54546
121550926953000, 325.3409, -8.460946, 48.525024
121550931950000, 325.32935, -8.460269, 48.510628
121550936943000, 325.32208, -8.461692, 48.494186
121550941934000, 325.31784, -8.462934, 48.481667
121550948113000, 325.30728, -8.459463, 48.471462
121550957278000, 325.30783, -8.459599, 48.464787
121550961948000, 325.29968, -8.456586, 48.45696
121550966934000, 325.3024, -8.452243, 48.455956
121550971945000, 325.30475, -8.450905, 48.450283
121550976911000, 325.3045, -8.445098, 48.448742
121550986880000, 325.30035, -8.436687, 48.448788
121550996917000, 325.30127, -8.430563, 48.44743
121551001950000, 325.30515, -8.428497, 48.44638
121551006893000, 325.31223, -8.425448, 48.4478
121551011916000, 325.3093, -8.422522, 48.442944
121551016933000, 325.30783, -8.418917, 48.446556
121551021941000, 325.32022, -8.420813, 48.437428
121551026958000, 325.32224, -8.416345, 48.43332
121551032035000, 325.32956, -8.414242, 48.429073
121551037046000, 325.33514, -8.412124, 48.424767
121551041971000, 325.34113, -8.413773, 48.426334
121551047000000, 325.34973, -8.4159355, 48.42254
121551051975000, 325.35464, -8.41404, 48.428062
121551056972000, 325.3646, -8.414223, 48.42871
121551061959000, 325.36734, -8.411959, 48.43186
121551067031000, 325.373, -8.411443, 48.4344
121551071970000, 325.3786, -8.4093895, 48.440006
121551076975000, 325.37955, -8.406602, 48.445705
121551082076000, 325.3915, -8.4104185, 48.448658
121551086986000, 325.40115, -8.410606, 48.456097
121551091968000, 325.40866, -8.412384, 48.45963
121551096976000, 325.41824, -8.41372, 48.460625
121551101972000, 325.41718, -8.408827, 48.463497
121551106973000, 325.41977, -8.4067, 48.468124
121551111961000, 325.41635, -8.402351, 48.468525
121551117066000, 325.41806, -8.398792, 48.475796
121551121965000, 325.4194, -8.398552, 48.483704
