#Angle around the z x y axes.
#timestamp(ns), Azimuth , Pitch, Roll (degrees)
#Datetime: 11/06/2014 12:48:39
##########################################
#Activity: 8 - CSI - Car-Step in - 6s
#Subject ID: 27
#First Name: sub27
#Last Name: sub27
#Age: 25
#Height(cm): 180
#Weight(kg): 82
#Gender: Male
##########################################

@DATA
2507285724000, 185.66428, -118.693146, 19.750938
2507290686000, 184.78586, -122.37917, 25.200342
2507295720000, 185.32758, -117.41542, 19.33982
2507300708000, 186.11049, -120.09531, 20.878904
2507306541000, 185.78642, -118.755165, 20.437876
2507310665000, 185.46767, -117.98868, 20.001526
2507315714000, 185.15578, -117.22882, 19.566923
2507320755000, 184.85588, -116.48522, 19.134937
2507325742000, 184.5952, -115.803635, 18.755527
2507330703000, 184.34792, -115.14003, 18.37963
2507335745000, 184.07791, -114.49385, 18.024485
2507340747000, 183.85597, -113.81967, 17.64338
2507345730000, 183.6074, -113.2082, 17.292439
2507350785000, 183.36978, -112.56991, 16.936306
2507355789000, 183.14572, -111.94971, 16.586079
2507360753000, 182.93353, -111.3437, 16.239456
2507365605000, 182.72818, -110.74698, 15.897061
2507370630000, 182.53883, -110.167, 15.564388
2507375623000, 182.36812, -109.5988, 15.231561
2507380606000, 182.20279, -109.05689, 14.910894
2507385621000, 182.05849, -108.5337, 14.594742
2507390610000, 181.91974, -108.03769, 14.282703
2507395605000, 181.79192, -107.570526, 13.979128
2507400756000, 181.67606, -107.12968, 13.678046
2507405786000, 181.61546, -106.71633, 13.357577
2507410720000, 181.51483, -106.38813, 13.061333
2507415676000, 181.46164, -106.01714, 12.746788
2507420736000, 181.425, -105.702545, 12.430572
2507425690000, 181.39302, -105.41658, 12.119857
2507430679000, 181.36404, -105.1243, 11.8057575
2507435696000, 181.34406, -104.83318, 11.495739
2507440687000, 181.33032, -104.55173, 11.186987
2507445693000, 181.3295, -104.27438, 10.879509
2507450714000, 181.3324, -104.00085, 10.569844
2507455723000, 181.34802, -103.73924, 10.262578
2507460685000, 181.36345, -103.47776, 9.9535055
2507465682000, 181.39256, -103.23003, 9.64638
2507470709000, 181.42224, -102.98338, 9.339766
2507475691000, 181.45747, -102.74797, 9.033485
2507480678000, 181.49625, -102.51977, 8.728179
2507485694000, 181.54228, -102.29634, 8.422979
2507490682000, 181.59425, -102.08282, 8.119788
2507495686000, 181.65288, -101.87505, 7.8137426
2507500693000, 181.7187, -101.67262, 7.507588
2507505721000, 181.79192, -101.476585, 7.205024
2507510662000, 181.86826, -101.289925, 6.905241
2507515699000, 181.94655, -101.10494, 6.6084747
2507520707000, 182.0285, -100.92902, 6.3172736
2507525689000, 182.15204, -100.753075, 5.986617
2507530695000, 182.27953, -100.58878, 5.657362
2507535699000, 182.4092, -100.43938, 5.3376884
2507540703000, 182.54268, -100.30954, 5.0208883
2507545681000, 182.68597, -100.19643, 4.7110453
2507550697000, 182.82794, -100.10375, 4.405549
2507555769000, 182.9727, -100.02482, 4.1081133
2507560745000, 183.11212, -99.960625, 3.8168857
2507565685000, 183.24258, -99.90638, 3.5355217
2507570727000, 183.35947, -99.853096, 3.2614045
2507575732000, 183.46225, -99.80994, 2.9971585
2507580699000, 183.5442, -99.75909, 2.7428968
2507585712000, 183.618, -99.71071, 2.49498
2507590694000, 183.6824, -99.664955, 2.2553115
2507595680000, 183.73538, -99.614265, 2.0247416
2507600700000, 183.78848, -99.56572, 1.8009343
2507605709000, 183.83987, -99.51829, 1.5825707
2507610709000, 183.88252, -99.47365, 1.3726861
2507615681000, 183.92117, -99.42457, 1.16903
2507620732000, 183.9514, -99.37862, 0.973802
2507625684000, 183.96846, -99.32972, 0.7832421
2507631436000, 183.976, -99.278755, 0.60070544
2507635690000, 183.97694, -99.22843, 0.42099792
2507640687000, 183.96657, -99.176674, 0.2455603
2507645710000, 183.95923, -99.12416, 0.07198636
2507650710000, 183.9553, -99.073, -0.10439758
2507655708000, 183.95844, -99.02868, -0.27653793
2507660691000, 183.97386, -98.98764, -0.45519975
2507665680000, 184.00333, -98.95394, -0.63303244
2507670781000, 184.05096, -98.92956, -0.8138452
2507675685000, 184.10655, -98.9145, -0.99397635
2507680684000, 184.17859, -98.90527, -1.1771108
2507685694000, 184.25836, -98.90954, -1.3546244
2507690692000, 184.3401, -98.91935, -1.5324168
2507695680000, 184.43109, -98.93347, -1.7085309
2507701444000, 184.5193, -98.9578, -1.8767884
2507705720000, 184.60596, -98.98697, -2.0473466
2507710715000, 184.691, -99.02148, -2.2092109
2507715686000, 184.76634, -99.0594, -2.3695471
2507720733000, 184.84068, -99.10171, -2.5294034
2507725688000, 184.92566, -99.07905, -2.6467953
2507730678000, 185.00519, -99.059906, -2.7651455
2507735693000, 185.08455, -99.04292, -2.8783453
2507740692000, 185.15604, -99.02851, -2.9884534
2507745676000, 185.2325, -99.01896, -3.0953224
2507750705000, 185.30835, -99.01204, -3.1963768
2507755823000, 185.39032, -99.004364, -3.296126
2507760734000, 185.4717, -99.000534, -3.3922691
2507765679000, 185.55751, -98.99315, -3.481451
2507770763000, 185.64433, -98.98865, -3.5708802
2507775688000, 185.72585, -98.978004, -3.6571488
2507780679000, 185.80424, -98.961174, -3.7397485
2507785685000, 185.8753, -98.9441, -3.823673
2507790692000, 185.94215, -98.91179, -3.9043682
2507795683000, 186.00087, -98.88309, -3.9841855
2507800698000, 186.06181, -98.844025, -4.066347
2507805738000, 186.12231, -98.80864, -4.14881
2507810727000, 186.1902, -98.767204, -4.2316484
2507815728000, 186.26566, -98.74064, -4.320197
2507820732000, 186.35709, -98.707985, -4.410916
2507825701000, 186.45982, -98.68723, -4.5091524
2507830685000, 186.57176, -98.67394, -4.610818
2507835686000, 186.70485, -98.66146, -4.7165833
2507840697000, 186.84505, -98.65505, -4.823895
2507845684000, 186.99321, -98.65178, -4.9289284
2507850697000, 187.1435, -98.64639, -5.0320277
2507855722000, 187.29112, -98.641235, -5.1289444
2507860684000, 187.43195, -98.63578, -5.222551
2507865733000, 187.55592, -98.62779, -5.3067436
2507870737000, 187.66084, -98.618866, -5.3856664
2507875687000, 187.7469, -98.60814, -5.4564095
2507880679000, 187.81316, -98.60117, -5.521243
2507885688000, 187.85315, -98.59054, -5.575944
2507890698000, 187.87624, -98.584755, -5.6271286
2507895682000, 187.88255, -98.58187, -5.6718726
2507900702000, 187.86803, -98.58181, -5.713667
2507905723000, 187.84915, -98.58462, -5.753074
2507910738000, 187.81598, -98.59485, -5.7917356
2507915761000, 187.78183, -98.6043, -5.827911
2507920783000, 187.743, -98.61469, -5.8644485
2507925687000, 187.7623, -98.74621, -5.948974
2507930707000, 187.78003, -98.87189, -6.0311775
2507935707000, 187.79681, -98.997795, -6.116065
2507940707000, 187.8228, -99.11802, -6.2064295
2507945701000, 187.85684, -99.23571, -6.2961593
2507950752000, 187.90315, -99.35192, -6.395552
2507955659000, 187.96957, -99.46098, -6.4955025
2507960629000, 188.05205, -99.564896, -6.6009355
2507965605000, 188.14807, -99.659294, -6.706084
2507970641000, 188.25899, -99.74739, -6.813492
2507975606000, 188.37286, -99.83013, -6.921678
2507980614000, 188.49336, -99.90752, -7.0268116
2507985619000, 188.61665, -99.98136, -7.1377673
2507990608000, 188.74203, -100.05529, -7.2447023
2507995604000, 188.87096, -100.13503, -7.359817
2508000753000, 189.00632, -100.21619, -7.4745607
2508005713000, 189.14557, -100.307465, -7.594376
2508010683000, 189.28944, -100.40943, -7.718779
2508015710000, 189.43517, -100.52069, -7.8417544
2508020735000, 189.57886, -100.65019, -7.973348
2508026510000, 189.71762, -100.79749, -8.104079
2508030689000, 189.85544, -100.96231, -8.233962
2508035697000, 189.9735, -101.14016, -8.373274
2508040692000, 190.0823, -101.348946, -8.512137
2508045679000, 190.16881, -101.57121, -8.655563
2508050701000, 190.23868, -101.80916, -8.8056755
2508055811000, 190.28557, -102.06937, -8.969277
2508060764000, 190.31953, -102.34518, -9.148236
2508065688000, 190.34456, -102.63559, -9.34742
2508070748000, 190.38565, -102.94422, -9.5806465
2508075687000, 190.43982, -103.26762, -9.842365
2508080679000, 190.52602, -103.6083, -10.138903
2508085695000, 190.643, -103.96387, -10.47332
2508090693000, 190.80217, -104.33249, -10.8364105
2508095693000, 190.9993, -104.700775, -11.230455
2508100713000, 191.23973, -105.061844, -11.637101
2508105748000, 191.52246, -105.41027, -12.056935
2508110758000, 191.84398, -105.73649, -12.4789095
2508115726000, 192.19221, -106.03504, -12.889477
2508120743000, 192.55061, -106.303505, -13.283749
2508125701000, 193.08015, -106.642044, -14.021022
2508130693000, 193.57372, -106.98945, -14.727564
2508135688000, 194.05064, -107.328575, -15.386088
2508140690000, 194.48451, -107.66563, -16.013119
2508145682000, 194.85652, -107.99898, -16.59252
2508150708000, 195.18016, -108.32954, -17.136927
2508155753000, 195.44463, -108.6466, -17.633743
2508160685000, 195.6573, -108.95207, -18.089588
2508165792000, 195.81712, -109.24008, -18.50199
2508170739000, 195.93654, -109.51644, -18.880136
2508175705000, 196.01584, -109.76723, -19.214514
2508180693000, 196.05011, -110.0022, -19.516853
2508185692000, 196.04466, -110.20655, -19.77512
2508190692000, 195.98758, -110.386116, -19.997814
2508195678000, 195.87871, -110.53932, -20.185793
2508200698000, 195.72137, -110.66244, -20.337889
2508205750000, 195.51225, -110.75588, -20.4555
2508210696000, 195.25659, -110.82344, -20.54519
2508215730000, 194.96152, -110.85962, -20.603218
2508220760000, 194.63751, -110.87818, -20.644093
2508225687000, 194.29523, -110.87203, -20.661919
2508230681000, 193.92053, -110.855446, -20.667734
2508235754000, 193.53896, -110.81515, -20.655005
2508240700000, 193.15192, -110.77681, -20.642397
2508245680000, 192.75818, -110.73067, -20.622831
2508250699000, 192.38313, -110.68378, -20.602005
2508255753000, 192.03708, -110.63559, -20.578455
2508260681000, 191.7336, -110.59388, -20.558353
2508265700000, 191.48698, -110.55856, -20.540617
2508270766000, 191.3131, -110.53251, -20.526665
2508275686000, 191.20776, -110.51955, -20.519299
2508280679000, 191.18362, -69.47811, -20.519619
2508285699000, 191.23355, -69.45967, -20.527328
2508290693000, 191.35236, -69.42123, -20.545477
2508295680000, 191.54388, -69.36638, -20.568922
2508300703000, 191.79723, -69.29195, -20.599659
2508305810000, 192.10962, -69.19663, -20.637358
2508310705000, 192.48123, -69.08442, -20.677183
2508315710000, 192.91196, -68.94521, -20.726053
2508320784000, 193.40262, -68.79167, -20.77213
2508325684000, 193.86597, -68.92728, -20.536446
2508330700000, 194.42413, -69.04233, -20.304678
2508335685000, 195.00887, -69.15693, -20.065844
2508340748000, 195.64017, -69.282486, -19.815166
2508345738000, 196.29167, -69.43331, -19.54825
2508351367000, 196.93393, -69.61884, -19.272335
2508355696000, 197.54507, -69.83965, -18.993303
2508360615000, 198.08424, -70.09086, -18.722847
2508365610000, 198.52899, -70.36126, -18.47487
2508370630000, 198.86076, -70.62979, -18.263123
2508375608000, 199.07619, -70.888016, -18.085245
2508380609000, 199.176, -71.1307, -17.941013
2508385617000, 199.1711, -71.348335, -17.830332
2508390610000, 199.07361, -71.55435, -17.736286
2508395604000, 198.9023, -71.7396, -17.65921
2508400755000, 198.66766, -71.91948, -17.582233
2508405758000, 198.37802, -72.092224, -17.504072
2508410689000, 198.04228, -72.25889, -17.42259
2508415692000, 197.65811, -72.418915, -17.33687
2508420763000, 197.25713, -72.57149, -17.247816
2508425689000, 196.76382, -72.71837, -17.156263
2508430680000, 196.23367, -72.84292, -17.077337
2508435691000, 195.60631, -72.953026, -17.002024
2508440688000, 194.88168, -73.046074, -16.934053
2508445683000, 194.0428, -73.11644, -16.878326
2508450703000, 193.09593, -73.17171, -16.828241
2508455727000, 192.06488, -106.7866, -16.78411
2508460686000, 190.99477, -106.757675, -16.747856
2508465678000, 189.91937, -106.728806, -16.709536
2508470748000, 188.90805, -106.71412, -16.68669
2508475713000, 188.01811, -106.70342, -16.671635
2508480698000, 187.28499, -106.710014, -16.67866
2508485693000, 186.75342, -106.737, -16.711351
2508490706000, 186.44377, -106.80327, -16.78716
2508495683000, 186.36688, -106.913795, -16.90763
2508500700000, 186.52171, -107.08026, -17.080034
2508505717000, 186.9038, -72.69385, -17.302465
2508510686000, 187.4903, -72.418846, -17.559628
2508515681000, 188.18526, -72.09318, -17.850956
2508520709000, 189.11452, -71.74072, -18.147572
2508525708000, 190.34813, -70.65284, -19.106699
2508530681000, 191.55353, -69.57409, -20.025194
2508535694000, 192.61896, -68.50235, -20.922693
2508540698000, 193.49483, -67.43858, -21.816893
2508545679000, 194.14368, -66.397766, -22.701622
2508550697000, 194.5707, -65.405464, -23.559935
2508555738000, 194.83286, -64.45189, -24.399334
2508560864000, 195.02782, -63.527645, -25.217
2508565710000, 195.21785, -62.648777, -25.991333
2508570709000, 195.42807, -61.81781, -26.714685
2508575686000, 195.70676, -61.028736, -27.395546
2508580693000, 196.00006, -60.278374, -28.0469
2508585705000, 196.3106, -59.562225, -28.671211
2508590884000, 196.62915, -58.879215, -29.27677
2508595820000, 196.93878, -58.22735, -29.86598
2508600706000, 197.25372, -57.598343, -30.440056
2508605713000, 197.57607, -56.989468, -31.003023
2508610719000, 197.91882, -56.411736, -31.53698
2508615737000, 198.27191, -55.85186, -32.05307
2508620705000, 198.6446, -55.308437, -32.551414
2508625686000, 199.01707, -54.80562, -33.01057
2508630700000, 199.39293, -54.307823, -33.46134
2508635698000, 199.74501, -53.849857, -33.875576
2508640687000, 200.0545, -53.4068, -34.2823
2508645684000, 200.36163, -52.989815, -34.6614
2508650699000, 200.61382, -52.59185, -35.032448
2508655717000, 200.82628, -52.208004, -35.39666
2508660690000, 201.02664, -51.835876, -35.75118
2508665719000, 201.22586, -51.475597, -36.09458
2508670768000, 201.3535, -51.111572, -36.455456
2508676541000, 201.51497, -50.74935, -36.806625
2508680688000, 201.66927, -50.376724, -37.168697
2508685698000, 201.79454, -50.012943, -37.52652
2508690692000, 201.91878, -49.63697, -37.895096
2508695678000, 202.063, -49.25556, -38.26395
2508700711000, 202.20886, -48.873737, -38.63277
2508705763000, 202.33676, -48.50232, -38.99106
2508710775000, 202.49724, -48.11977, -39.356384
2508715689000, 202.66231, -47.746197, -39.71108
2508720718000, 202.83437, -47.374294, -40.062363
2508725688000, 202.78047, -47.37645, -40.168312
2508730680000, 202.7533, -47.373627, -40.271786
2508735702000, 202.71245, -47.380024, -40.361103
2508740690000, 202.68504, -47.39485, -40.433266
2508745683000, 202.66154, -47.411797, -40.50094
2508750716000, 202.63942, -47.436455, -40.554028
2508755719000, 202.6116, -47.469086, -40.595535
2508760692000, 202.58713, -47.49971, -40.636684
2508765723000, 202.55382, -47.53809, -40.66748
2508770703000, 202.51147, -47.57415, -40.698956
2508775687000, 202.46465, -47.616856, -40.722702
2508780683000, 202.42264, -47.65341, -40.749752
2508785691000, 202.37733, -47.69796, -40.768093
2508790694000, 202.34348, -47.741543, -40.783154
2508795680000, 202.32037, -47.78826, -40.79302
2508800705000, 202.31035, -47.83775, -40.797356
2508805772000, 202.31598, -47.89242, -40.79254
2508810687000, 202.32922, -47.955963, -40.77754
2508815694000, 202.36812, -48.0181, -40.759888
2508820721000, 202.4134, -48.095066, -40.72616
2508825684000, 202.47234, -48.178596, -40.684525
2508830679000, 202.55318, -48.266357, -40.635876
2508835692000, 202.6443, -48.366806, -40.57468
2508840690000, 202.7567, -48.4684, -40.510498
2508845679000, 202.87791, -48.5769, -40.4394
2508850695000, 203.02547, -48.689224, -40.36314
2508855740000, 203.18951, -48.79703, -40.28966
2508860684000, 203.37764, -48.905617, -40.214165
2508865689000, 203.5908, -49.007946, -40.140583
2508870720000, 203.82439, -49.110363, -40.06577
2508875688000, 204.07935, -49.203983, -39.996223
2508880680000, 204.351, -49.30082, -39.92182
2508885956000, 204.63867, -49.393063, -39.849384
2508890698000, 204.93063, -49.48596, -39.776382
2508895681000, 205.22462, -49.581528, -39.700718
2508900706000, 205.51927, -49.676437, -39.626377
2508905748000, 205.80917, -49.776234, -39.548225
2508910688000, 206.09395, -49.872246, -39.47578
2508915727000, 206.37535, -49.974316, -39.397297
2508920716000, 206.65875, -50.076298, -39.32071
2508925681000, 207.08699, -50.153408, -39.277733
2508930679000, 207.51639, -50.233883, -39.229786
2508935702000, 208.13928, -50.319427, -39.16517
2508940756000, 208.75247, -50.411076, -39.09419
2508945708000, 209.60194, -50.496872, -39.01501
2508950700000, 210.41725, -50.59448, -38.925953
2508955772000, 211.43283, -50.69816, -38.81836
2508960703000, 212.40044, -50.817806, -38.6988
2508965670000, 213.54134, -50.94809, -38.556908
2508970758000, 214.63184, -51.097263, -38.40041
2508975669000, 216.17644, -51.277405, -38.185017
2508980698000, 217.6249, -51.479145, -37.953133
2508985965000, 219.44447, -51.699165, -37.678898
2508990692000, 221.11893, -51.939167, -37.393654
2508995672000, 223.11336, -52.215427, -37.050747
2509001532000, 224.93266, -52.50988, -36.700817
2509005712000, 226.57886, -52.78383, -36.392868
2509010690000, 228.10217, -53.06833, -36.08291
2509015695000, 229.50504, -53.353764, -35.779938
2509020736000, 230.80534, -53.63899, -35.48613
2509025697000, 232.01892, -53.92503, -35.196777
2509030693000, 233.1611, -54.18911, -34.933083
2509035714000, 234.23087, -54.44623, -34.682064
2509040677000, 235.2184, -54.621956, -34.53774
2509045678000, 236.14835, -54.792206, -34.400677
2509050708000, 237.01883, -54.970802, -34.257416
2509055765000, 237.82385, -55.146297, -34.119183
2509060759000, 238.56218, -55.299484, -34.020912
2509065679000, 239.25816, -55.45821, -33.915817
2509071568000, 239.89758, -55.624302, -33.8038
2509075687000, 240.45276, -55.773197, -33.71257
2509080668000, 240.97885, -55.857113, -33.699318
2509085691000, 241.4331, -55.92307, -33.702835
2509090671000, 241.8546, -55.957035, -33.73085
2509095684000, 242.2219, -55.975094, -33.771053
2509100702000, 242.5763, -55.962296, -33.833282
2509105759000, 242.90192, -55.938015, -33.901043
2509110696000, 243.21684, -55.895042, -33.981255
2509115686000, 243.50154, -55.827183, -34.081097
2509120714000, 243.75479, -55.759014, -34.176258
2509125683000, 243.99718, -55.680634, -34.27711
2509130689000, 244.2013, -55.596966, -34.378414
2509135716000, 244.32513, -55.519394, -34.469296
2509140711000, 244.4642, -55.42738, -34.56904
2509145676000, 244.49295, -55.35952, -34.64046
2509150728000, 244.57857, -124.72829, -34.726357
2509155726000, 244.57614, -124.791695, -34.781548
2509160692000, 244.55994, -124.866516, -34.842083
2509165677000, 244.52621, -124.914345, -34.869213
2509170716000, 244.56262, -124.98594, -34.916397
2509175684000, 244.5278, -125.05565, -34.940586
2509180682000, 244.55624, -125.14819, -34.98176
2509185693000, 244.64226, -125.206856, -34.99168
2509190692000, 244.789, -125.274345, -35.007736
2509195678000, 244.98898, -125.3307, -35.016407
2509200701000, 245.23143, -125.38739, -35.024834
2509205719000, 245.5268, -125.44763, -35.035564
2509210686000, 245.84985, -125.496994, -35.035572
2509215709000, 246.19196, -125.563446, -35.04506
2509220702000, 246.56989, -125.61708, -35.042145
2509225687000, 246.9617, -125.70093, -35.06551
2509230679000, 247.3567, -125.76108, -35.063007
2509235748000, 247.75111, -125.85078, -35.07816
2509240684000, 248.12318, -125.92877, -35.07487
2509245671000, 248.42657, -126.070915, -35.09788
2509250737000, 248.71272, -126.20992, -35.11001
2509255686000, 249.03943, -126.3598, -35.126324
2509260693000, 249.30511, -126.510895, -35.126736
2509265691000, 249.51923, -126.698135, -35.14797
2509270711000, 249.77287, -126.85332, -35.13605
2509275881000, 249.98041, -127.03343, -35.137897
2509280684000, 250.16272, -127.36506, -35.272575
2509285686000, 250.29897, -127.769455, -35.459263
2509290689000, 250.39417, -128.17006, -35.635693
2509295712000, 250.45172, -128.6128, -35.83768
2509300718000, 250.47919, -129.03963, -36.019306
2509305774000, 250.39001, -129.52893, -36.222263
2509310681000, 250.26482, -130.00464, -36.402023
2509315674000, 250.10037, -130.46622, -36.557365
2509320764000, 249.9039, -130.94875, -36.7261
2509325665000, 249.67679, -131.41481, -36.87317
2509330707000, 249.4339, -131.89262, -37.016403
2509335742000, 249.17146, -132.35277, -37.13718
2509340740000, 248.8901, -132.81262, -37.24585
2509345730000, 248.5972, -133.2551, -37.33381
2509350725000, 248.31757, -133.72227, -37.444225
2509355898000, 248.04187, -134.1823, -37.551205
2509360614000, 247.76547, -134.63858, -37.653522
2509365617000, 247.48755, -135.08392, -37.74405
2509370680000, 247.20969, -135.49132, -37.805622
2509375628000, 246.9382, -135.89075, -37.8618
2509380607000, 246.66608, -136.28108, -37.909046
2509385618000, 246.4, -136.67062, -37.951744
2509390605000, 246.14401, -137.02841, -37.973217
2509395847000, 245.88219, -137.39717, -38.000572
2509400739000, 245.63065, -137.7355, -37.98752
2509405710000, 245.40251, -138.07384, -37.985744
2509410656000, 245.17654, -138.45145, -38.00026
2509415697000, 244.98483, -138.82753, -38.024788
2509420687000, 244.82747, -139.15822, -38.013733
2509425662000, 244.71503, -139.48914, -38.02109
2509430654000, 244.65227, -139.81009, -38.040302
2509435686000, 244.62079, -140.13069, -38.07634
2509440660000, 244.64313, -140.4456, -38.13639
2509445656000, 244.69077, -140.76965, -38.220356
2509450723000, 244.76318, -141.11084, -38.341488
2509455748000, 244.8924, -141.44533, -38.483986
2509460679000, 244.98431, -141.83917, -38.679672
2509465681000, 245.05865, -142.21861, -38.849205
2509470691000, 245.1775, -142.58565, -39.041878
2509475687000, 245.24197, -142.96378, -39.22951
2509480680000, 245.24655, -143.37982, -39.40492
2509485697000, 245.24158, -143.7962, -39.58285
2509490685000, 245.17839, -144.27989, -39.776752
2509495681000, 245.10599, -144.76402, -39.97801
2509501359000, 245.01651, -145.3072, -40.239243
2509505738000, 244.90964, -145.82716, -40.472725
2509510683000, 244.87276, -146.32971, -40.72875
2509515712000, 244.71414, -146.86188, -40.97038
2509520696000, 244.60101, -147.34747, -41.17049
2509525684000, 244.48663, -147.80911, -41.34172
2509530679000, 244.22693, -148.40663, -41.568253
2509535694000, 243.97502, -148.98615, -41.78043
2509540657000, 243.6882, -149.61275, -42.017254
2509545682000, 243.3855, -150.23453, -42.254593
2509550694000, 243.10443, -150.83057, -42.4829
2509555756000, 242.81091, -151.40201, -42.68622
2509560698000, 242.44473, -152.0069, -42.82286
2509565679000, 242.0658, -152.58894, -42.9387
2509570880000, 241.61165, -153.19441, -42.938736
2509575687000, 241.1518, -153.7993, -42.94483
2509580710000, 240.73788, -154.39903, -42.94408
2509585701000, 240.3015, -154.99535, -42.913937
2509590721000, 239.88701, -155.60751, -42.948696
2509595681000, 239.52551, -156.19402, -42.970074
2509600697000, 239.1579, -156.78413, -43.0151
2509605809000, 238.77417, -157.38664, -43.04664
2509610697000, 238.42636, -157.9398, -43.06147
2509615681000, 238.07535, -158.46869, -43.02794
2509620723000, 237.7271, -158.97339, -42.930946
2509625690000, 237.2833, -159.50394, -42.79084
2509630705000, 236.86563, -160.02695, -42.57089
2509635699000, 236.40071, -160.55435, -42.33044
2509640692000, 235.95091, -161.0824, -42.139297
2509645681000, 235.51517, -161.59941, -41.95162
2509650691000, 235.11707, -162.08931, -41.764503
2509655728000, 234.7366, -162.59134, -41.652477
2509660666000, 234.37811, -163.0699, -41.540253
2509665681000, 234.02995, -163.56245, -41.455063
2509670695000, 233.73077, -164.02635, -41.38472
2509675685000, 233.34937, -164.5119, -41.261597
2509680678000, 233.04977, -164.96594, -41.1766
2509686397000, 232.71138, -165.4362, -41.03507
2509690688000, 232.36765, -165.89, -40.90515
2509695680000, 232.03781, -166.3476, -40.77144
2509700691000, 231.69955, -166.80113, -40.638527
2509705715000, 231.39178, -167.25354, -40.577446
2509710711000, 231.09604, -167.68985, -40.5036
2509715711000, 230.77922, -168.1333, -40.51775
2509720715000, 230.51025, -168.5744, -40.569065
2509727830000, 230.22443, -169.03114, -40.735474
2509730726000, 229.93304, -169.47157, -40.84631
2509735808000, 229.61758, -169.95775, -41.097107
2509740769000, 229.33221, -170.41794, -41.368202
2509745814000, 229.01974, -170.87604, -41.58351
2509750702000, 228.6441, -171.38557, -41.798653
2509756608000, 228.27228, -171.88824, -42.013237
2509760684000, 227.85336, -172.4302, -42.15601
2509765679000, 227.44362, -172.95161, -42.27387
2509770703000, 227.0003, -173.50911, -42.340866
2509775690000, 226.55261, -174.06767, -42.385002
2509780684000, 226.09875, -174.6278, -42.45315
2509785690000, 225.6381, -175.19104, -42.5229
2509790690000, 225.1586, -175.76323, -42.583393
2509795676000, 224.6819, -176.32841, -42.635033
2509800714000, 224.18132, -176.90314, -42.69568
2509805786000, 223.67662, -177.4753, -42.752857
2509810730000, 223.2293, -177.9651, -42.850075
2509815710000, 222.77197, -178.45604, -42.943676
2509820718000, 222.31274, -178.93745, -43.0732
2509826226000, 221.84369, -179.4166, -43.193005
2509830680000, 221.35085, -179.92346, -43.351616
2509835691000, 220.8502, 179.57289, -43.50605
2509840693000, 220.30748, 179.02913, -43.69747
2509845678000, 219.76884, 178.49413, -43.883076
2509850691000, 219.16078, 177.9047, -44.108746
2509855765000, 218.56323, 177.3285, -44.329163
2509860697000, 217.90704, 176.71338, -44.575844
2509865680000, 217.24121, 176.11314, -44.84849
2509870713000, 216.51494, 175.46837, -45.144386
2509875687000, 215.78752, 174.83978, -45.445095
2509880681000, 215.00783, 174.20041, -45.78716
2509885693000, 214.21951, 173.56798, -46.130795
2509890673000, 213.44167, 172.96542, -46.485394
2509895873000, 212.64156, 172.36168, -46.81307
2509900760000, 211.84888, 171.76797, -47.1168
2509905759000, 211.0438, 171.18172, -47.3984
2509910685000, 210.22382, 170.58383, -47.65614
2509915758000, 209.40955, 170.00452, -47.890617
2509920739000, 208.59647, 169.44695, -48.11628
2509925681000, 207.74364, 168.86469, -48.341625
2509930679000, 206.88925, 168.31467, -48.57322
2509935702000, 206.02328, 167.78474, -48.827274
2509940689000, 205.02295, 167.17009, -49.108414
2509945691000, 204.00548, 166.57867, -49.407524
2509950706000, 202.9275, 165.97179, -49.720364
2509955756000, 201.81308, 165.37114, -50.03379
2509960707000, 200.61761, 164.7337, -50.341423
2509965678000, 199.38911, 164.09364, -50.61611
2509970717000, 198.05302, 163.41585, -50.899273
2509975687000, 196.68416, 162.7354, -51.145462
2509980682000, 195.26399, 162.05516, -51.38297
2509985689000, 193.81493, 161.37502, -51.585598
2509990736000, 192.3702, 160.71698, -51.768368
2509995680000, 190.87431, 160.05966, -51.91908
2510000695000, 189.47162, 159.46724, -52.03201
2510005731000, 188.06322, 158.88838, -52.11578
2510010703000, 186.75539, 158.37752, -52.14408
2510015682000, 185.49329, 157.89519, -52.13586
2510020729000, 184.39476, 157.491, -52.066475
2510025776000, 183.3245, 157.0986, -51.96226
2510030680000, 182.3382, 156.74915, -51.83737
2510035691000, 181.40526, 156.42574, -51.701523
2510040771000, 180.59341, 156.1525, -51.488537
2510045839000, 179.87502, 155.9159, -51.25867
2510050737000, 179.18246, 155.68742, -50.997936
2510055757000, 178.52213, 155.46005, -50.707157
2510060691000, 177.88751, 155.20775, -50.37906
2510065676000, 177.26811, 154.95387, -50.0306
2510070720000, 176.58667, 154.59023, -49.63969
2510075706000, 175.90814, 154.22205, -49.243427
2510080680000, 175.15024, 153.7519, -48.768806
2510085702000, 174.4193, 153.30089, -48.305775
2510090669000, 173.72942, 152.82846, -47.79691
2510095712000, 173.05511, 152.37555, -47.29162
2510100769000, 172.45934, 151.99129, -46.82697
2510105623000, 171.88206, 151.6361, -46.371914
2510110610000, 171.2307, 151.31366, -45.940056
2510115625000, 170.6089, 151.03047, -45.51991
2510120627000, 169.99237, 150.76132, -45.072487
2510125606000, 169.40077, 150.51146, -44.617672
2510130602000, 168.84862, 150.22559, -44.06979
2510135629000, 168.32208, 149.95772, -43.51729
2510140603000, 167.8113, 149.67622, -42.910034
2510145606000, 167.31624, 149.41551, -42.311672
2510150672000, 166.8383, 149.15253, -41.683563
2510155686000, 166.36407, 148.91257, -41.084435
2510160654000, 165.89032, 148.64958, -40.494568
2510165657000, 165.46196, 148.41664, -39.922997
2510170671000, 165.02681, 148.18408, -39.38632
2510175664000, 164.617, 147.97197, -38.873096
2510180654000, 164.24603, 147.7946, -38.386387
2510185675000, 163.88657, 147.61482, -37.900795
2510190665000, 163.57765, 147.45636, -37.44384
2510195656000, 163.31738, 147.29668, -36.961746
2510200740000, 163.08057, 147.15057, -36.476944
2510205790000, 162.89777, 147.01929, -36.01677
2510210684000, 162.73076, 146.89789, -35.55545
2510215694000, 162.59924, 146.78757, -35.104942
2510221018000, 162.52438, 146.63202, -34.64423
2510225691000, 162.4698, 146.48001, -34.193455
2510230696000, 162.35773, 146.30888, -33.75071
2510235696000, 162.26259, 146.15723, -33.341427
2510241038000, 162.11562, 146.0024, -32.962353
2510245685000, 161.99911, 145.87115, -32.601357
2510250758000, 161.92, 145.77673, -32.27639
2510255754000, 161.86082, 145.6993, -31.971285
2510260663000, 161.83119, 145.64124, -31.6884
2510265680000, 161.81761, 145.59955, -31.420824
2510270675000, 161.82832, 145.56958, -31.171906
2510275689000, 161.83755, 145.51915, -30.886272
2510280659000, 161.8671, 145.4797, -30.616552
2510285700000, 161.89494, 145.42958, -30.336021
2510290751000, 161.93523, 145.38521, -30.072445
2510295705000, 161.96797, 145.33545, -29.806286
2510300747000, 162.02423, 145.2949, -29.543943
2510305714000, 162.09917, 145.27635, -29.296814
2510310696000, 162.20036, 145.27419, -29.068228
2510315751000, 162.28917, 145.23688, -28.804295
2510320711000, 162.39714, 145.2167, -28.55641
2510325719000, 162.52116, 145.1951, -28.30871
2510330703000, 162.65073, 145.18994, -28.0801
2510335726000, 162.82129, 145.20354, -27.868057
2510340742000, 162.98483, 145.23143, -27.682018
2510346061000, 163.20044, 145.28915, -27.47366
2510350767000, 163.42154, 145.354, -27.288157
2510355768000, 163.64569, 145.4248, -27.114216
2510360629000, 163.8723, 145.50516, -26.970993
2510365606000, 164.10783, 145.58086, -26.847565
2510370676000, 164.34781, 145.69344, -26.770777
2510375596000, 164.59679, 145.79333, -26.692818
2510380603000, 164.88116, 145.94041, -26.680058
2510385603000, 165.17194, 146.09251, -26.672995
2510390609000, 165.43602, 146.21457, -26.656097
2510395593000, 165.71234, 146.33945, -26.637434
2510400765000, 166.01004, 146.4719, -26.610283
2510405765000, 166.3131, 146.61292, -26.588701
2510410682000, 166.63945, 146.7822, -26.613392
2510415697000, 166.96626, 146.95444, -26.628016
2510420708000, 167.32817, 147.1709, -26.683804
2510425688000, 167.68454, 147.38437, -26.74064
2510430684000, 168.0576, 147.64131, -26.836685
2510435692000, 168.42964, 147.88858, -26.915548
2510440886000, 168.79555, 148.17706, -27.062778
2510445681000, 169.15457, 148.45168, -27.19714
2510450707000, 169.52635, 148.75447, -27.371658
2510455790000, 169.86946, 149.04031, -27.55266
2510460745000, 170.20764, 149.36598, -27.802364
2510465722000, 170.53487, 149.67856, -28.045803
2510470706000, 170.8485, 150.05421, -28.337725
2510475680000, 171.15231, 150.41867, -28.617605
2510480712000, 171.45293, 150.80602, -28.922869
2510485688000, 171.73961, 151.18207, -29.226229
2510490699000, 172.02734, 151.56436, -29.544558
2510495680000, 172.29967, 151.93355, -29.86244
2510500709000, 172.55675, 152.3226, -30.24053
2510505787000, 172.80695, 152.6995, -30.604858
2510510681000, 173.03624, 153.09344, -31.024883
2510515680000, 173.27179, 153.46857, -31.407467
2510520698000, 173.51675, 153.84435, -31.781183
2510525688000, 173.77467, 154.21611, -32.140408
2510530681000, 174.06033, 154.6098, -32.46677
2510535698000, 174.37238, 154.98846, -32.757473
2510540706000, 174.70862, 155.39124, -33.035183
2510546087000, 175.04666, 155.7681, -33.29306
2510550745000, 175.38939, 156.1336, -33.532955
2510555726000, 175.72156, 156.47314, -33.757893
2510560685000, 176.0386, 156.80302, -34.008713
2510565691000, 176.33101, 157.10129, -34.25424
2510570679000, 176.63036, 157.41393, -34.516804
2510575688000, 176.90668, 157.69926, -34.77249
2510580662000, 177.16882, 157.96692, -35.015594
2510585699000, 177.4252, 158.23166, -35.26272
2510590692000, 177.67323, 158.48402, -35.499195
2510595680000, 177.90459, 158.71577, -35.72616
2510600770000, 178.13123, 158.93086, -35.944878
2510605701000, 178.34927, 159.11227, -36.124332
2510610719000, 178.56813, 159.28575, -36.29598
2510615745000, 178.76285, 159.41843, -36.433907
2510620725000, 178.94905, 159.5477, -36.574894
2510625686000, 179.11783, 159.65242, -36.715153
2510630681000, 179.2745, 159.75598, -36.874485
2510635688000, 179.4069, 159.84273, -37.06409
2510640719000, 179.53265, 159.9307, -37.26861
2510645679000, 179.65646, 160.01582, -37.48897
2510650741000, 179.7793, 160.10487, -37.72254
2510655757000, 179.89014, 160.18274, -37.965107
2510660775000, 180.00168, 160.26349, -38.215096
2510665680000, 180.09186, 160.3218, -38.46367
2510670712000, 180.18375, 160.38275, -38.712605
2510675683000, 180.26122, 160.42845, -38.959995
2510680685000, 180.34784, 160.47443, -39.189262
2510685698000, 180.43272, 160.51257, -39.4078
2510690738000, 180.52582, 160.54488, -39.60511
2510695662000, 180.61562, 160.5715, -39.791866
2510700717000, 180.70581, 160.59279, -39.96407
2510705707000, 180.78123, 160.60037, -40.141933
2510710685000, 180.84132, 160.59789, -40.30335
2510715702000, 180.87894, 160.58778, -40.477116
2510720708000, 180.8841, 160.55263, -40.64403
2510725686000, 180.87631, 160.5429, -40.831917
2510731315000, 180.82385, 160.49168, -41.009743
2510735693000, 180.75264, 160.46463, -41.216084
2510740705000, 180.6259, 160.39128, -41.414444
2510746037000, 180.45515, 160.2864, -41.590603
2510750738000, 180.25967, 160.19122, -41.78311
2510755750000, 180.05788, 160.10759, -41.978683
2510760777000, 179.88701, 160.04369, -42.14007
2510765698000, 179.7704, 160.0172, -42.270454
2510770716000, 179.69603, 160.03435, -42.374466
2510775687000, 179.66615, 160.07448, -42.45116
2510780686000, 179.6999, 160.15558, -42.496746
2510785692000, 179.74112, 160.2378, -42.536415
2510790695000, 179.75653, 160.26929, -42.54166
2510795683000, 179.75769, 160.29808, -42.56112
2510800717000, 179.77419, 160.31334, -42.527405
2510805749000, 179.78592, 160.3371, -42.50798
2510810677000, 179.80954, 160.34012, -42.454937
2510815679000, 179.82866, 160.35463, -42.418587
2510820698000, 179.8611, 160.36064, -42.361134
2510825685000, 179.89844, 160.3784, -42.309982
2510830681000, 179.96115, 160.39017, -42.22325
2510835698000, 180.04152, 160.4122, -42.134377
2510840744000, 180.13992, 160.42523, -42.002663
2510845679000, 180.24995, 160.4327, -41.856674
2510850718000, 180.39096, 160.44373, -41.670326
2510855719000, 180.53902, 160.44728, -41.477367
2510860686000, 180.70013, 160.44823, -41.256725
2510865704000, 180.86707, 160.43889, -41.03685
2510870713000, 181.04008, 160.45348, -40.851578
2510875688000, 181.19936, 160.4547, -40.66668
2510880687000, 181.3505, 160.47728, -40.54773
2510885691000, 181.49387, 160.49968, -40.443954
2510890700000, 181.61176, 160.53882, -40.39921
2510895680000, 181.71986, 160.57416, -40.36761
2510900709000, 181.80423, 160.63094, -40.402504
2510905690000, 181.86542, 160.68182, -40.44774
2510910708000, 181.92555, 160.75294, -40.52541
2510915685000, 181.96623, 160.81943, -40.614147
2510920710000, 181.99596, 160.88542, -40.71732
2510925689000, 181.99901, 160.9242, -40.813335
2510930684000, 182.00546, 160.96753, -40.916954
2510935700000, 182.00186, 160.99733, -41.008186
2510940736000, 182.0035, 161.02597, -41.096615
2510945694000, 182.00621, 161.05066, -41.168064
2510950717000, 182.0122, 161.07256, -41.232582
2510955825000, 182.0189, 161.09215, -41.29138
2510960736000, 182.02945, 161.1129, -41.339687
2510965671000, 182.04933, 161.12775, -41.36973
2510970710000, 182.0774, 161.14812, -41.391262
2510975658000, 182.10329, 161.15193, -41.384064
2510980681000, 182.15015, 161.16656, -41.382763
2510985670000, 182.18507, 161.17316, -41.368988
2510990709000, 182.23582, 161.18253, -41.348785
2510995662000, 182.29437, 161.18085, -41.29604
2511000728000, 182.3592, 161.17905, -41.237457
2511005693000, 182.4173, 161.16557, -41.17993
2511010686000, 182.47754, 161.14697, -41.121807
2511015686000, 182.54417, 161.12915, -41.067623
2511020711000, 182.60504, 161.10458, -41.017963
2511025675000, 182.664, 161.07224, -40.97531
2511030680000, 182.71606, 161.04126, -40.942867
2511035824000, 182.76677, 160.99443, -40.916527
2511040700000, 182.81004, 160.94539, -40.89764
2511045672000, 182.84662, 160.88673, -40.880127
2511050755000, 182.88814, 160.82455, -40.86642
2511056559000, 182.92175, 160.75127, -40.845787
2511060691000, 182.95546, 160.67159, -40.8231
2511065684000, 182.98982, 160.58443, -40.78835
2511070711000, 183.02925, 160.50168, -40.755215
2511075689000, 183.06819, 160.41556, -40.71626
2511080684000, 183.1056, 160.32483, -40.671555
2511085663000, 183.14464, 160.23637, -40.627125
2511090724000, 183.16898, 160.13777, -40.588295
2511095661000, 183.18861, 160.04642, -40.549793
2511100767000, 183.19418, 159.94168, -40.52704
2511105697000, 183.19627, 159.8421, -40.504272
2511110694000, 183.1907, 159.75168, -40.500233
2511115664000, 183.18831, 159.66273, -40.49334
2511120717000, 183.17302, 159.57785, -40.516872
2511125696000, 183.16467, 159.49911, -40.53547
2511130681000, 183.14847, 159.42447, -40.576965
2511135709000, 183.14154, 159.35951, -40.614456
2511140707000, 183.14091, 159.31462, -40.671494
2511145686000, 183.14368, 159.27545, -40.731464
2511150755000, 183.14198, 159.23515, -40.792164
2511155725000, 183.14368, 159.19191, -40.846382
2511160692000, 183.15144, 159.15271, -40.899506
2511165682000, 183.15323, 159.11191, -40.962162
2511170702000, 183.15942, 159.0811, -41.02855
2511175687000, 183.16077, 159.0536, -41.101795
2511180684000, 183.15617, 159.02316, -41.177406
2511185693000, 183.15327, 158.99527, -41.24593
2511190715000, 183.14102, 158.97241, -41.32511
2511196197000, 183.13602, 158.95412, -41.397247
2511200764000, 183.11316, 158.92177, -41.468914
2511205767000, 183.09177, 158.89078, -41.530884
2511210742000, 183.07196, 158.86348, -41.58722
2511215681000, 183.04066, 158.83311, -41.642235
2511220700000, 183.01968, 158.8014, -41.677486
2511225689000, 182.99034, 158.7739, -41.714046
2511230681000, 182.96732, 158.74677, -41.731915
2511235686000, 182.9476, 158.72403, -41.74683
2511240727000, 182.93942, 158.70128, -41.745937
2511245681000, 182.93459, 158.6857, -41.74322
2511250683000, 182.94414, 158.67346, -41.732292
2511255724000, 182.95149, 158.66428, -41.718197
2511260662000, 182.9733, 158.66367, -41.706238
2511265697000, 183.00409, 158.66837, -41.693005
2511270679000, 183.02432, 158.67361, -41.687103
2511275685000, 183.03972, 158.67934, -41.681103
2511280660000, 183.05316, 158.68916, -41.69935
2511285694000, 183.04779, 158.69156, -41.722206
2511290744000, 183.04414, 158.704, -41.74529
2511295689000, 183.0384, 158.71736, -41.77346
2511301829000, 183.03108, 158.72484, -41.797207
2511305709000, 183.02019, 158.73354, -41.821903
2511310662000, 183.00645, 158.73505, -41.83375
2511315743000, 182.99472, 158.73766, -41.838066
2511320719000, 182.97507, 158.74077, -41.84457
2511325736000, 182.9518, 158.73665, -41.84788
2511330737000, 182.92894, 158.73154, -41.841145
2511335712000, 182.9123, 158.73663, -41.831215
2511340777000, 182.89061, 158.73907, -41.81903
2511345760000, 182.8697, 158.74193, -41.79872
2511350872000, 182.85826, 158.74902, -41.77368
2511355763000, 182.84065, 158.75775, -41.755314
2511360794000, 182.82277, 158.76312, -41.731617
2511365819000, 182.80705, 158.77184, -41.708878
2511370794000, 182.7949, 158.78069, -41.683697
2511375607000, 182.77893, 158.78995, -41.658516
2511380603000, 182.76755, 158.79999, -41.634937
2511385620000, 182.76303, 158.81563, -41.612003
2511390609000, 182.75873, 158.83685, -41.59331
2511395605000, 182.75983, 158.85628, -41.57488
2511400744000, 182.76744, 158.8766, -41.561115
2511405838000, 182.78757, 158.90247, -41.548546
2511415698000, 182.80551, 158.91995, -41.556305
2511420687000, 182.82932, 158.94437, -41.562214
2511425684000, 182.85466, 158.95703, -41.588047
2511430680000, 182.87788, 158.96924, -41.61955
2511435719000, 182.8915, 158.98386, -41.668903
2511440730000, 182.91234, 158.99759, -41.722694
2511445681000, 182.92451, 159.01625, -41.80111
2511451244000, 182.93727, 159.03464, -41.88219
2511455748000, 182.93903, 159.05421, -41.978287
2511460683000, 182.94588, 159.07338, -42.072037
2511465660000, 182.94818, 159.09763, -42.168198
2511470690000, 182.95459, 159.12085, -42.25958
2511475674000, 182.96681, 159.15761, -42.35309
2511480679000, 182.97531, 159.1884, -42.44215
2511485705000, 182.98322, 159.22368, -42.53265
2511490735000, 183.00424, 159.26607, -42.618523
2511495694000, 183.00912, 159.30571, -42.709156
2511500716000, 183.01921, 159.34564, -42.797424
2511505755000, 183.02704, 159.3934, -42.88573
2511510682000, 183.03764, 159.43094, -42.967575
2511515698000, 183.04886, 159.47891, -43.044754
2511520695000, 183.06459, 159.52716, -43.120956
2511525682000, 183.06784, 159.56688, -43.2072
2511530675000, 183.0723, 159.60963, -43.292603
2511535986000, 183.0716, 159.6442, -43.37437
2511540696000, 183.07013, 159.67787, -43.459846
2511545822000, 183.0509, 159.71033, -43.564316
2511550738000, 183.03172, 159.73573, -43.666847
2511555696000, 183.01663, 159.764, -43.764996
2511560686000, 182.99605, 159.78873, -43.863235
2511566055000, 182.9789, 159.80847, -43.94741
2511570685000, 182.96274, 159.83061, -44.03241
2511575668000, 182.93681, 159.84373, -44.11025
2511580677000, 182.91776, 159.85558, -44.178505
2511585664000, 182.90303, 159.87119, -44.238834
2511591156000, 182.8878, 159.87698, -44.288868
2511595659000, 182.88101, 159.8838, -44.324596
2511600731000, 182.8837, 159.89273, -44.3583
2511605700000, 182.88455, 159.89423, -44.377365
2511610682000, 182.90273, 159.89766, -44.3784
2511615663000, 182.91486, 159.90207, -44.380085
2511620705000, 182.9123, 159.89688, -44.398155
2511625690000, 182.90202, 159.88844, -44.414318
2511630676000, 182.88734, 159.87892, -44.44059
2511635692000, 182.86588, 159.87273, -44.477478
2511640696000, 182.84264, 159.8644, -44.511757
2511645683000, 182.82103, 159.8541, -44.542366
2511650695000, 182.80098, 159.84512, -44.57075
2511655733000, 182.77884, 159.83517, -44.60197
2511660690000, 182.75726, 159.81564, -44.616413
2511665685000, 182.73778, 159.79741, -44.635815
2511670685000, 182.71552, 159.78008, -44.64919
2511675687000, 182.6971, 159.75981, -44.66131
2511680674000, 182.6908, 159.74232, -44.64298
2511685686000, 182.6831, 159.72255, -44.625706
2511690715000, 182.67459, 159.69864, -44.605957
2511695684000, 182.6643, 159.6781, -44.584583
2511700726000, 182.65756, 159.6562, -44.55591
2511705761000, 182.65587, 159.63995, -44.52599
2511710680000, 182.64784, 159.61865, -44.49357
2511715681000, 182.64561, 159.60365, -44.464973
2511720682000, 182.63875, 159.58533, -44.433285
2511725691000, 182.63626, 159.57256, -44.40373
2511730688000, 182.63902, 159.55247, -44.351837
2511735688000, 182.63705, 159.53036, -44.301483
2511740760000, 182.6395, 159.51137, -44.249996
2511745681000, 182.63734, 159.4886, -44.194653
2511750699000, 182.63618, 159.46936, -44.144638
2511755731000, 182.62813, 159.44566, -44.097733
2511761062000, 182.61838, 159.4224, -44.05361
2511765680000, 182.60883, 159.4036, -44.011448
2511770930000, 182.59036, 159.38373, -43.983067
2511776219000, 182.56891, 159.36508, -43.959106
2511781019000, 182.5417, 159.35347, -43.948593
2511785686000, 182.51979, 159.34216, -43.93727
2511790720000, 182.49287, 159.33916, -43.94054
2511795681000, 182.4697, 159.3404, -43.94408
2511800711000, 182.44244, 159.33804, -43.946987
2511805718000, 182.41275, 159.3402, -43.965343
2511810684000, 182.38033, 159.34076, -43.983414
2511815709000, 182.34604, 159.34207, -44.0008
2511820684000, 182.31181, 159.34589, -44.022793
2511825686000, 182.26848, 159.35123, -44.052814
2511830676000, 182.22292, 159.35638, -44.083965
2511835706000, 182.18188, 159.36433, -44.11796
2511840750000, 182.13506, 159.36911, -44.153732
2511845667000, 182.09503, 159.37813, -44.19131
2511850694000, 182.05031, 159.3791, -44.225292
2511855709000, 182.00949, 159.38354, -44.25785
2511860702000, 181.9722, 159.38954, -44.289867
2511865709000, 181.92921, 159.39197, -44.32334
2511870700000, 181.89568, 159.3962, -44.35043
2511875699000, 181.8659, 159.39859, -44.36842
2511880686000, 181.83977, 159.39906, -44.381565
2511886335000, 181.81366, 159.39888, -44.390938
2511890735000, 181.79488, 159.3996, -44.396732
2511895983000, 181.76848, 159.39247, -44.400215
2511900854000, 181.75032, 159.39192, -44.40129
2511905674000, 181.73886, 159.39374, -44.396442
2511910607000, 181.7218, 159.3903, -44.38743
2511915896000, 181.70787, 159.39026, -44.38714
2511920617000, 181.69104, 159.3926, -44.38593
2511925607000, 181.66193, 159.38736, -44.393192
2511930616000, 181.63225, 159.38416, -44.40023
2511935731000, 181.60414, 159.3824, -44.408154
2511940610000, 181.57637, 159.3782, -44.41375
2511945754000, 181.54643, 159.37471, -44.424397
2511950691000, 181.51923, 159.37207, -44.434036
2511955675000, 181.49333, 159.36703, -44.4394
2511960657000, 181.46867, 159.36209, -44.44344
2511965660000, 181.44708, 159.35765, -44.4503
2511970652000, 181.4243, 159.35075, -44.454952
2511975629000, 181.40173, 159.34367, -44.455647
2511980635000, 181.39188, 159.34178, -44.454636
2511985667000, 181.38293, 159.33543, -44.449413
2511990670000, 181.37444, 159.33383, -44.443142
2511995623000, 181.37093, 159.33089, -44.43727
2512000674000, 181.37245, 159.32857, -44.42304
2512005775000, 181.37798, 159.32301, -44.403397
2512010678000, 181.382, 159.31567, -44.380806
2512015684000, 181.38574, 159.30753, -44.360294
2512020697000, 181.39586, 159.30244, -44.337547
2512025674000, 181.39764, 159.29144, -44.31748
2512030677000, 181.39374, 159.28178, -44.30343
2512035732000, 181.38928, 159.27116, -44.28927
2512040722000, 181.38683, 159.25812, -44.27573
2512045680000, 181.37874, 159.24869, -44.26326
2512050704000, 181.38235, 159.23807, -44.245007
2512055711000, 181.38147, 159.23128, -44.227333
2512060691000, 181.38132, 159.22275, -44.21566
2512065795000, 181.37823, 159.2176, -44.20601
2512071052000, 181.37718, 159.21265, -44.19321
2512075685000, 181.37769, 159.21284, -44.187088
2512081025000, 181.36635, 159.20439, -44.186234
2512085736000, 181.35773, 159.20567, -44.19198
2512090677000, 181.35289, 159.2029, -44.19555
2512095683000, 181.34418, 159.201, -44.19885
2512101345000, 181.3354, 159.20102, -44.207134
2512105705000, 181.3354, 159.20502, -44.210114
2512110802000, 181.3244, 159.20049, -44.211617
2512115678000, 181.31688, 159.19661, -44.216293
2512120908000, 181.31778, 159.19623, -44.21006
2512125686000, 181.3126, 159.19296, -44.20757
2512130972000, 181.3158, 159.19164, -44.200356
2512135810000, 181.3173, 159.18869, -44.19173
2512140745000, 181.29749, 159.17828, -44.186527
2512145680000, 181.28864, 159.17241, -44.179554
2512150736000, 181.2703, 159.16077, -44.173737
2512155769000, 181.24539, 159.14655, -44.17482
2512160728000, 181.22368, 159.13516, -44.18133
2512165692000, 181.20226, 159.12558, -44.184124
2512171274000, 181.17957, 159.11713, -44.195137
2512175691000, 181.1609, 159.11078, -44.206303
2512180659000, 181.14037, 159.10706, -44.216335
2512185694000, 181.12657, 159.10304, -44.2278
2512190791000, 181.10541, 159.09615, -44.235954
2512195681000, 181.0919, 159.09529, -44.243294
2512200714000, 181.07364, 159.09102, -44.251472
2512205756000, 181.06172, 159.08496, -44.26118
2512210701000, 181.0406, 159.08072, -44.272976
2512215679000, 181.02365, 159.06955, -44.27804
2512220707000, 181.00687, 159.0663, -44.289745
2512225690000, 180.99188, 159.0579, -44.293655
2512230680000, 180.97513, 159.05136, -44.300655
2512235695000, 180.95938, 159.04506, -44.304985
2512241272000, 180.9466, 159.03981, -44.31108
2512245679000, 180.92882, 159.02841, -44.30547
2512250731000, 180.91464, 159.02396, -44.302464
2512255726000, 180.89778, 159.01105, -44.2969
2512260684000, 180.88301, 159.00473, -44.29555
2512265680000, 180.87694, 159.00067, -44.288692
2512270696000, 180.86499, 158.99261, -44.287273
2512275686000, 180.85312, 158.98688, -44.28525
2512285701000, 180.84715, 158.98032, -44.281437
2512290742000, 180.83122, 158.97723, -44.28549
2512295668000, 180.81541, 158.97162, -44.29154
2512300794000, 180.80789, 158.97182, -44.29657
2512305700000, 180.79802, 158.96509, -44.296566
2512310828000, 180.79538, 158.96481, -44.304375
2512315718000, 180.7952, 158.96593, -44.303158
2512320773000, 180.78854, 158.96555, -44.307575
2512325703000, 180.78896, 158.96732, -44.312527
2512330693000, 180.78603, 158.9675, -44.31346
2512335677000, 180.7877, 158.96689, -44.30867
2512340734000, 180.78722, 158.96556, -44.301994
2512345700000, 180.78949, 158.96677, -44.297432
2512350701000, 180.79176, 158.96693, -44.293625
2512355712000, 180.79185, 158.96776, -44.288353
2512360681000, 180.8014, 158.97455, -44.283062
2512365677000, 180.80544, 158.97961, -44.27962
2512370687000, 180.81297, 158.98428, -44.275867
2512375690000, 180.81752, 158.98393, -44.268143
2512380679000, 180.82256, 158.98915, -44.265533
2512385684000, 180.83046, 158.99403, -44.265324
2512390700000, 180.8315, 158.99779, -44.261826
2512395685000, 180.83517, 159.0007, -44.26056
2512400717000, 180.8355, 159.00296, -44.25732
2512405726000, 180.83626, 159.00633, -44.254826
2512410680000, 180.83855, 159.009, -44.251583
2512415699000, 180.84344, 159.00978, -44.248848
2512420686000, 180.84763, 159.01561, -44.250515
2512425689000, 180.8495, 159.02054, -44.25059
2512430676000, 180.84871, 159.0222, -44.25551
2512435692000, 180.84735, 159.02567, -44.257305
2512440707000, 180.8459, 159.03098, -44.25984
2512445682000, 180.84721, 159.0337, -44.263405
2512450720000, 180.83862, 159.03683, -44.26601
2512455738000, 180.84099, 159.04053, -44.270138
2512460682000, 180.83315, 159.04192, -44.2721
2512465694000, 180.83287, 159.04292, -44.27511
2512470673000, 180.81998, 159.04047, -44.280483
2512475690000, 180.80647, 159.03488, -44.284756
2512480693000, 180.80034, 159.03215, -44.291466
2512485687000, 180.78653, 159.02773, -44.29597
2512490710000, 180.7729, 159.02164, -44.30351
2512495681000, 180.7557, 159.01009, -44.31194
2512500691000, 180.74557, 159.00668, -44.318787
2512505731000, 180.73247, 159.00047, -44.327843
2512510661000, 180.72292, 158.98846, -44.329304
2512515722000, 180.71492, 158.98215, -44.333614
2512520668000, 180.70337, 158.97267, -44.336906
2512525692000, 180.69623, 158.96312, -44.33857
2512530665000, 180.68318, 158.95587, -44.342594
2512535706000, 180.66927, 158.94539, -44.345867
2512540773000, 180.65369, 158.9336, -44.344486
2512545682000, 180.64307, 158.92519, -44.345005
2512550711000, 180.63647, 158.91418, -44.34258
2512555737000, 180.63112, 158.90225, -44.342083
2512560677000, 180.62633, 158.89227, -44.34291
2512565721000, 180.6175, 158.87895, -44.34386
2512570668000, 180.60735, 158.8665, -44.34761
2512575686000, 180.59904, 158.85512, -44.352146
2512580667000, 180.58296, 158.84067, -44.364216
2512585699000, 180.57549, 158.82874, -44.37614
2512590750000, 180.56407, 158.81454, -44.38521
2512595680000, 180.5585, 158.80173, -44.399323
2512600719000, 180.5479, 158.78546, -44.409492
2512605751000, 180.54457, 158.78186, -44.428997
2512610683000, 180.548, 158.77693, -44.4422
2512615679000, 180.54646, 158.76807, -44.44657
2512620690000, 180.5545, 158.7606, -44.44322
2512625696000, 180.55876, 158.75966, -44.440933
2512630678000, 180.56303, 158.75513, -44.432312
2512635699000, 180.57631, 158.75406, -44.42237
2512640763000, 180.59045, 158.75072, -44.410114
2512645681000, 180.60242, 158.75089, -44.398304
2512650739000, 180.62004, 158.75195, -44.38955
2512655733000, 180.62793, 158.75119, -44.384163
2512660683000, 180.64009, 158.74966, -44.38223
2512665707000, 180.64664, 158.74942, -44.381454
2512670690000, 180.65349, 158.74602, -44.3805
2512680677000, 180.65292, 158.74026, -44.382427
2512685665000, 180.65741, 158.7383, -44.38751
2512690750000, 180.65924, 158.73068, -44.385857
2512695684000, 180.67409, 158.73431, -44.3865
2512700730000, 180.69064, 158.7325, -44.381107
2512705706000, 180.70845, 158.73264, -44.37019
2512710683000, 180.7289, 158.73941, -44.36884
2512715666000, 180.73793, 158.73936, -44.3595
2512720689000, 180.7503, 158.74182, -44.354256
2512725675000, 180.76128, 158.7471, -44.355152
2512730674000, 180.76772, 158.75504, -44.360733
2512735694000, 180.7764, 158.75787, -44.360493
2512740713000, 180.78203, 158.76686, -44.36997
2512745774000, 180.7806, 158.76672, -44.370827
2512750726000, 180.79037, 158.77542, -44.376987
2512755969000, 180.78725, 158.77298, -44.37552
2512760679000, 180.79025, 158.76974, -44.36845
2512766048000, 180.79572, 158.76671, -44.359737
2512770685000, 180.80374, 158.76785, -44.351128
2512775695000, 180.8156, 158.76276, -44.330727
2512780680000, 180.82863, 158.76263, -44.312428
2512785669000, 180.83998, 158.76402, -44.293777
2512790720000, 180.8517, 158.7651, -44.28278
2512795663000, 180.86476, 158.76851, -44.27189
2512800778000, 180.86934, 158.76955, -44.26843
2512805753000, 180.87126, 158.77141, -44.270874
2512810712000, 180.86241, 158.77066, -44.278606
2512815771000, 180.85358, 158.77188, -44.28785
2512822631000, 180.8413, 158.77336, -44.305473
2512825778000, 180.82483, 158.76758, -44.32581
2512830747000, 180.81139, 158.7673, -44.343224
2512835766000, 180.79578, 158.76784, -44.36279
2512840752000, 180.78256, 158.76334, -44.376278
2512845737000, 180.77444, 158.76427, -44.39173
2512855615000, 180.76134, 158.76088, -44.407654
2512860607000, 180.75435, 158.76115, -44.419437
2512865609000, 180.74713, 158.75836, -44.42814
2512870639000, 180.74637, 158.7599, -44.436935
2512875599000, 180.74554, 158.75542, -44.431187
2512880610000, 180.75647, 158.75462, -44.42355
2512885607000, 180.75606, 158.75378, -44.41495
2512890610000, 180.75938, 158.75374, -44.40522
2512895594000, 180.75421, 158.74828, -44.397247
2512900609000, 180.75043, 158.74689, -44.394302
2512905846000, 180.73761, 158.74365, -44.394146
2512910677000, 180.71959, 158.73676, -44.39445
2512915675000, 180.70636, 158.73598, -44.401222
2512920714000, 180.69115, 158.73114, -44.40374
2512926018000, 180.6741, 158.72691, -44.41174
2512930679000, 180.65637, 158.72028, -44.416023
2512940730000, 180.64034, 158.71097, -44.418354
2512945709000, 180.6179, 158.70097, -44.420704
2512950774000, 180.60591, 158.69156, -44.42119
2512955703000, 180.5989, 158.68588, -44.41652
2512960684000, 180.58467, 158.67615, -44.41484
2512965706000, 180.57738, 158.67178, -44.411976
2512970697000, 180.56918, 158.6657, -44.40627
2512975688000, 180.55408, 158.66359, -44.40584
2512985724000, 180.54378, 158.6598, -44.40392
2512990760000, 180.52919, 158.65399, -44.405155
2512995786000, 180.51025, 158.65309, -44.413258
2513000775000, 180.49544, 158.6525, -44.418526
2513005730000, 180.48459, 158.65393, -44.424515
2513010678000, 180.47942, 158.65105, -44.4209
2513015720000, 180.47758, 158.65244, -44.418247
2513020694000, 180.47711, 158.65015, -44.410797
2513025687000, 180.47238, 158.6475, -44.40324
2513030681000, 180.47812, 158.64864, -44.395153
2513035682000, 180.46973, 158.64493, -44.391304
2513040755000, 180.47462, 158.6471, -44.388386
2513045703000, 180.4649, 158.6475, -44.3915
2513050674000, 180.46391, 158.64423, -44.392628
2513055708000, 180.46246, 158.64267, -44.391884
2513060682000, 180.46167, 158.63907, -44.39228
2513065718000, 180.45393, 158.63507, -44.39543
2513070689000, 180.44753, 158.63022, -44.40107
2513075687000, 180.43929, 158.6286, -44.40827
2513080681000, 180.4323, 158.62631, -44.418045
2513085716000, 180.419, 158.62524, -44.428375
2513090750000, 180.42007, 158.62683, -44.435246
2513095683000, 180.41597, 158.62859, -44.44298
2513100679000, 180.41646, 158.6289, -44.44675
2513105810000, 180.41492, 158.63101, -44.44799
2513110988000, 180.41808, 158.62798, -44.44729
2513115679000, 180.4211, 158.63058, -44.444912
2513120665000, 180.42976, 158.62851, -44.437515
2513125688000, 180.43703, 158.62845, -44.430866
2513130658000, 180.43494, 158.62317, -44.42439
2513135690000, 180.43492, 158.61758, -44.41773
2513140730000, 180.42494, 158.60995, -44.41544
2513145679000, 180.41637, 158.60396, -44.414207
2513150688000, 180.40718, 158.59842, -44.411633
2513155746000, 180.4028, 158.59224, -44.406364
2513160674000, 180.39597, 158.58687, -44.405003
2513165676000, 180.39458, 158.58086, -44.39941
2513170686000, 180.38751, 158.57321, -44.396526
2513175681000, 180.38524, 158.5639, -44.393898
2513180688000, 180.38124, 158.5552, -44.388485
2513185684000, 180.37584, 158.53957, -44.382607
2513190735000, 180.36902, 158.52835, -44.37962
2513195691000, 180.36458, 158.51591, -44.37602
2513201067000, 180.3479, 158.5018, -44.377155
2513205728000, 180.33951, 158.4938, -44.381687
2513210660000, 180.32254, 158.47919, -44.37982
2513215706000, 180.3086, 158.46974, -44.38811
2513220685000, 180.29062, 158.46007, -44.39566
2513225684000, 180.28035, 158.45021, -44.393852
2513230696000, 180.27034, 158.44212, -44.39334
2513235684000, 180.26323, 158.43611, -44.39231
2513240759000, 180.25891, 158.43108, -44.386196
2513245676000, 180.25795, 158.42873, -44.38174
2513250676000, 180.25911, 158.4239, -44.372406
2513255693000, 180.25658, 158.42072, -44.364838
2513260687000, 180.24979, 158.41452, -44.358112
2513265677000, 180.24318, 158.40811, -44.356266
2513270700000, 180.23831, 158.40466, -44.353046
2513275683000, 180.22566, 158.40294, -44.358997
