#Angle around the z x y axes.
#timestamp(ns), Azimuth , Pitch, Roll (degrees)
#Datetime: 04/06/2014 14:57:15
##########################################
#Activity: 8 - CSI - Car-Step in - 6s
#Subject ID: 25
#First Name: sub25
#Last Name: sub25
#Age: 22
#Height(cm): 170
#Weight(kg): 62
#Gender: Female
##########################################

@DATA
53950210800000, 124.52807, -84.9658, 3.139265
53950215754000, 124.51137, -84.95218, 3.1413822
53950220891000, 124.31353, -84.69578, 3.1247704
53950225756000, 124.11944, -84.44994, 3.1089811
53950231183000, 123.839035, -84.175316, 3.045986
53950235778000, 123.565506, -83.90032, 2.9852822
53950240777000, 123.234726, -83.616486, 2.8936338
53950245809000, 122.92356, -83.32873, 2.8044221
53950250736000, 122.57144, -83.03089, 2.6943345
53950255789000, 122.22644, -82.74302, 2.5875828
53950260796000, 121.84344, -82.42767, 2.466198
53950265768000, 121.49342, -82.10157, 2.3440058
53950270731000, 121.115326, -81.81436, 2.2169955
53950275777000, 120.74972, -81.48402, 2.0971446
53950280745000, 120.32796, -81.17938, 1.9389722
53950285777000, 119.91317, -80.87365, 1.7843012
53950290741000, 119.466805, -80.57086, 1.6211154
53950295790000, 119.0356, -80.26869, 1.4620258
53950300774000, 118.59505, -79.97244, 1.3005472
53950305872000, 118.171074, -79.69815, 1.146341
53950310732000, 117.753555, -79.432045, 0.993429
53950315796000, 117.360565, -79.19661, 0.84763503
53950320794000, 116.95496, -78.9761, 0.6997139
53950325798000, 116.58891, -78.79138, 0.54864323
53950330729000, 116.23216, -78.6578, 0.39704716
53950335811000, 115.8454, -78.60599, 0.2421958
53950340762000, 115.44825, -78.47342, 0.079049215
53950345807000, 115.04303, -78.44072, -0.08451166
53950350789000, 114.52552, -78.37125, -0.26819175
53950355886000, 113.99172, -78.302666, -0.4493439
53950360832000, 113.44487, -78.222565, -0.63139194
53950365812000, 112.88554, -78.149414, -0.8081305
53950370791000, 111.85767, -77.90342, -1.0960798
53950375799000, 110.83738, -77.66904, -1.3743674
53950380775000, 109.365944, -77.27715, -1.7571232
53950385785000, 107.92771, -76.90473, -2.1258664
53950390741000, 106.53225, -76.55193, -2.4798853
53950395813000, 105.16512, -76.21993, -2.8255482
53950401145000, 103.909454, -75.930145, -3.1224568
53950405818000, 102.67725, -75.66262, -3.4058316
53950410760000, 101.500656, -75.41263, -3.6702533
53950415803000, 100.34286, -75.18165, -3.925473
53950420805000, 99.18509, -74.95039, -4.180353
53950425802000, 98.04671, -74.73775, -4.4240513
53950430725000, 96.920815, -74.52316, -4.6776705
53950435807000, 95.81374, -74.320656, -4.9184165
53950440726000, 94.72676, -74.12963, -5.1576986
53950445723000, 93.58473, -73.92797, -5.413805
53950450758000, 92.46879, -73.74487, -5.6628404
53950455826000, 91.41547, -73.59158, -5.895971
53950460736000, 90.38223, -73.45211, -6.12401
53950465807000, 89.36084, -73.32927, -6.3486657
53950470782000, 88.35532, -73.22023, -6.5646515
53950475816000, 87.38621, -73.13019, -6.766556
53950480754000, 86.42999, -73.05553, -6.962647
53950485781000, 85.49263, -72.988045, -7.150498
53950490743000, 84.56968, -72.93239, -7.3325725
53950495806000, 83.650665, -72.880554, -7.504198
53950500810000, 82.752594, -72.832985, -7.669498
53950505804000, 81.85022, -72.79266, -7.817946
53950510771000, 80.96987, -72.7565, -7.954985
53950515804000, 80.11583, -72.722725, -8.081277
53950520834000, 79.27836, -72.69649, -8.195636
53950525791000, 78.45836, -72.66765, -8.304138
53950530822000, 77.65647, -72.64965, -8.404758
53950535791000, 76.87347, -72.63079, -8.494251
53950540824000, 76.1109, -72.628365, -8.578444
53950545811000, 75.36064, -72.62469, -8.658891
53950550812000, 74.62881, -72.62946, -8.7305355
53950555826000, 73.85082, -72.62099, -8.811552
53950560808000, 73.09015, -72.62015, -8.884239
53950565803000, 72.40924, -72.659424, -8.934188
53950570799000, 71.7449, -72.69992, -8.97781
53950575773000, 71.11985, -72.754906, -9.008587
53950580769000, 70.5079, -72.811745, -9.031079
53950585732000, 69.90479, -72.87201, -9.0589695
53950590787000, 69.310936, -72.93385, -9.079723
53950595770000, 68.72123, -72.99809, -9.101696
53950600768000, 68.14341, -73.063225, -9.1187105
53950605764000, 67.53225, -73.09643, -9.147329
53950610775000, 66.93955, -73.12829, -9.171594
53950615770000, 66.33871, -73.16725, -9.195487
53950620782000, 65.75637, -73.21278, -9.21609
53950625774000, 65.2744, -73.34575, -9.178253
53950631417000, 64.8012, -73.47705, -9.142391
53950635756000, 64.28385, -73.54683, -9.142096
53950640785000, 63.779785, -73.614006, -9.140509
53950645772000, 63.28655, -73.66843, -9.142598
53950650766000, 62.80346, -73.71607, -9.147895
53950656118000, 62.32931, -73.77481, -9.1487665
53950660766000, 61.861618, -73.83103, -9.150128
53950665758000, 61.41916, -73.886475, -9.15068
53950670761000, 60.984344, -73.94631, -9.148189
53950675728000, 60.60043, -74.01906, -9.135077
53950680770000, 60.220898, -74.094, -9.122551
53950685718000, 59.85943, -74.17674, -9.099768
53950690766000, 59.515015, -74.25846, -9.084506
53950695690000, 59.18558, -74.34817, -9.060855
53950700761000, 58.869053, -74.43529, -9.041516
53950705804000, 58.580933, -74.53014, -9.0072365
53950710812000, 58.301277, -74.62668, -8.973795
53950715693000, 58.04104, -74.73683, -8.931887
53950720750000, 57.787037, -74.853195, -8.88851
53950725733000, 57.54296, -74.98019, -8.840063
53950730760000, 57.303444, -75.10412, -8.794064
53950735744000, 57.064, -75.235085, -8.740512
53950740768000, 56.826885, -75.36372, -8.689115
53950745748000, 56.588215, -75.49183, -8.639558
53950750774000, 56.35373, -75.61913, -8.5929365
53950755791000, 56.123695, -75.7495, -8.539359
53950760807000, 55.898106, -75.87788, -8.489644
53950765802000, 55.67079, -76.001114, -8.439365
53950770803000, 55.45313, -76.12064, -8.391055
53950775780000, 55.22963, -76.24403, -8.333576
53950780778000, 55.015358, -76.35898, -8.279732
53950785748000, 54.79003, -76.4629, -8.227644
53950790804000, 54.569317, -76.56631, -8.173057
53950795780000, 54.34522, -76.6562, -8.121918
53950800787000, 54.130527, -76.73861, -8.069256
53950805804000, 53.92078, -76.82475, -8.015004
53950810798000, 53.71484, -76.89619, -7.961205
53950815822000, 53.51998, -76.95799, -7.914727
53950820782000, 53.327145, -77.02212, -7.862432
53950826140000, 53.149506, -77.082794, -7.808297
53950830801000, 52.971855, -77.14595, -7.7481976
53950835789000, 52.803127, -77.18728, -7.6942577
53950840793000, 52.64141, -77.23506, -7.6334248
53950845707000, 52.494408, -77.27953, -7.5696955
53950850786000, 52.341927, -77.30996, -7.503506
53950855765000, 52.198364, -77.34321, -7.4337177
53950860807000, 52.061157, -77.372086, -7.3602333
53950865702000, 51.927845, -77.40535, -7.282981
53950870819000, 51.80553, -77.445076, -7.1993694
53950875702000, 51.69353, -77.48336, -7.1168947
53950880777000, 51.598682, -77.53024, -7.026186
53950885719000, 51.514717, -77.57279, -6.9343405
53950890803000, 51.443752, -77.616684, -6.8380456
53950895797000, 51.382103, -77.65407, -6.738917
53950900779000, 51.337685, -77.7028, -6.638499
53950905823000, 51.29685, -77.747025, -6.5389743
53950910767000, 51.274956, -77.80406, -6.4363093
53950915803000, 51.25743, -77.85701, -6.3406744
53950920815000, 51.2438, -77.91183, -6.248047
53950925788000, 51.238132, -77.96885, -6.1588473
53950930795000, 51.240414, -78.00602, -6.091625
53950935801000, 51.248413, -78.047066, -6.023088
53950940811000, 51.281734, -78.06294, -5.977377
53950945801000, 51.3216, -78.07331, -5.933801
53950950791000, 51.372776, -78.067986, -5.9065595
53950956387000, 51.43435, -78.05418, -5.884495
53950960805000, 51.51052, -78.03323, -5.861752
53950965792000, 51.595036, -78.007774, -5.8434052
53950970802000, 51.68099, -77.95488, -5.83147
53950975806000, 51.768837, -77.88942, -5.825846
53950980732000, 51.833244, -77.85028, -5.7777643
53950985785000, 51.892975, -77.80303, -5.7298746
53950990745000, 51.930126, -77.789375, -5.6422086
53950995776000, 51.948566, -77.782364, -5.553955
53951000705000, 51.91567, -77.82156, -5.4163103
53951005808000, 51.85427, -77.86841, -5.280898
53951010707000, 51.742016, -77.97934, -5.086637
53951015794000, 51.597965, -78.09629, -4.8948784
53951020735000, 51.40556, -78.26034, -4.6540365
53951025762000, 51.19277, -78.433266, -4.412691
53951030690000, 50.91992, -78.61138, -4.1596775
53951035792000, 50.63879, -78.78997, -3.9007518
53951040737000, 50.39381, -78.9678, -3.5910077
53951045798000, 50.140427, -79.141335, -3.2755206
53951050802000, 49.912292, -79.29057, -2.913245
53951055837000, 49.694695, -79.429985, -2.5381122
53951060761000, 49.51059, -79.535194, -2.102452
53951065793000, 49.345146, -79.627464, -1.6455113
53951070812000, 49.21209, -79.64666, -1.1503204
53951075814000, 49.101913, -79.655, -0.63312346
53951080765000, 49.020134, -79.58697, -0.09708435
53951085774000, 48.956333, -79.49491, 0.44837573
53951090747000, 48.909294, -79.35944, 0.9720866
53951095759000, 48.878284, -79.19693, 1.500173
53951100774000, 48.861843, -79.008224, 1.9612159
53951105804000, 48.850437, -78.810165, 2.41243
53951110743000, 48.851868, -78.602615, 2.7852902
53951115793000, 48.857933, -78.397766, 3.1399865
53951120807000, 48.87295, -78.19674, 3.4416227
53951125783000, 48.886578, -77.99529, 3.723923
53951130737000, 48.89959, -77.81534, 3.9848945
53951135791000, 48.91476, -77.643196, 4.2307935
53951141074000, 48.923958, -77.492004, 4.4862094
53951145798000, 48.934185, -77.35176, 4.733432
53951150744000, 48.931427, -77.24915, 4.9896803
53951155810000, 48.921364, -77.152725, 5.235637
53951160700000, 48.91487, -77.06357, 5.472682
53951165747000, 48.90699, -76.99992, 5.7018247
53951170746000, 48.902008, -76.93978, 5.920963
53951175801000, 48.909428, -76.89922, 6.1246576
53951180691000, 48.931313, -76.86442, 6.3133082
53951185765000, 48.971893, -76.82738, 6.498669
53951190698000, 49.034634, -76.78975, 6.671923
53951195796000, 49.13619, -76.743774, 6.8137317
53951200720000, 49.2559, -76.69624, 6.949961
53951205814000, 49.413982, -76.61793, 7.080647
53951210711000, 49.588688, -76.54365, 7.20478
53951215797000, 49.79677, -76.42276, 7.349503
53951220832000, 50.00263, -76.30843, 7.482315
53951225786000, 50.221832, -76.162796, 7.6577415
53951230801000, 50.431736, -76.03288, 7.8108506
53951235823000, 50.62279, -75.907455, 8.011254
53951240777000, 50.79454, -75.78987, 8.194585
53951245757000, 50.937393, -75.671715, 8.439559
53951250775000, 51.0497, -75.565506, 8.667952
53951255762000, 51.13192, -75.45006, 8.939293
53951260782000, 51.18307, -75.340546, 9.197582
53951265764000, 51.201912, -75.23609, 9.475656
53951270802000, 51.192566, -75.129486, 9.741663
53951275787000, 51.16165, -75.02526, 10.01025
53951281609000, 51.10897, -74.923004, 10.268453
53951285822000, 51.04546, -74.826935, 10.495919
53951290677000, 50.963135, -74.739555, 10.712776
53951295685000, 50.87551, -74.69013, 10.818136
53951300685000, 50.781338, -74.64423, 10.91768
53951305709000, 50.69488, -74.61222, 10.974484
53951310707000, 50.602177, -74.5839, 11.024957
53951315702000, 50.51269, -74.55044, 11.077394
53951320720000, 50.422184, -74.5237, 11.124918
53951325688000, 50.34489, -74.512314, 11.143233
53951330706000, 50.27421, -74.49538, 11.160706
53951335688000, 50.22476, -74.47488, 11.164034
53951340707000, 50.183056, -74.45452, 11.164102
53951345683000, 50.15774, -74.431755, 11.145044
53951351674000, 50.14221, -74.41601, 11.117856
53951355760000, 50.12853, -74.38787, 11.093846
53951360812000, 50.131977, -74.372635, 11.057872
53951365692000, 50.138176, -74.36185, 11.027598
53951370815000, 50.15454, -74.356636, 10.991976
53951375707000, 50.173378, -74.3531, 10.952407
53951380775000, 50.2005, -74.35052, 10.904355
53951385742000, 50.249092, -74.340454, 10.856539
53951390805000, 50.299698, -74.33089, 10.804254
53951395746000, 50.354733, -74.32373, 10.740218
53951400798000, 50.40892, -74.32045, 10.672294
53951405839000, 50.465637, -74.310196, 10.598561
53951410799000, 50.52402, -74.29762, 10.521543
53951415766000, 50.58186, -74.28854, 10.434167
53951420801000, 50.646492, -74.27336, 10.349528
53951425767000, 50.70961, -74.25578, 10.259524
53951430802000, 50.782463, -74.23347, 10.177907
53951435748000, 50.857513, -74.223564, 10.0976095
53951440809000, 50.94628, -74.21234, 10.020957
53951445843000, 51.040897, -74.19879, 9.960378
53951450809000, 51.15781, -74.188194, 9.899918
53951455906000, 51.279537, -74.16694, 9.871507
53951460792000, 51.41498, -74.146835, 9.844772
53951466145000, 51.55925, -74.13217, 9.839115
53951470809000, 51.71647, -74.10847, 9.838421
53951475768000, 51.882126, -74.07302, 9.866682
53951480775000, 52.057007, -74.037605, 9.890225
53951485729000, 52.24103, -73.98817, 9.92068
53951490749000, 52.437874, -73.92747, 9.982016
53951495746000, 52.633602, -73.8578, 10.045029
53951500787000, 52.832214, -73.7918, 10.122993
53951505901000, 53.0307, -73.71723, 10.193714
53951510817000, 53.23033, -73.6493, 10.286225
53951515796000, 53.42552, -73.57058, 10.377552
53951520776000, 53.624313, -73.48936, 10.480806
53951525801000, 53.82227, -73.405106, 10.584169
53951530797000, 54.014286, -73.33069, 10.688519
53951535788000, 54.20793, -73.256615, 10.789581
53951540799000, 54.403362, -73.17858, 10.900366
53951545797000, 54.594143, -73.102776, 10.999302
53951550795000, 54.780277, -73.03635, 11.086401
53951555867000, 54.95987, -72.97912, 11.158347
53951560959000, 55.130672, -72.891335, 11.239252
53951565797000, 55.290062, -72.81468, 11.303633
53951570790000, 55.443287, -72.72251, 11.379602
53951575804000, 55.57285, -72.64268, 11.444575
53951580770000, 55.685066, -72.56396, 11.524965
53951585774000, 55.7781, -72.488625, 11.601058
53951590793000, 55.86978, -72.41568, 11.719453
53951595788000, 55.94183, -72.34161, 11.834804
53951600735000, 55.993702, -72.257576, 11.986199
53951605786000, 56.030945, -72.18046, 12.1298065
53951610757000, 56.057568, -72.08625, 12.284561
53951615758000, 56.076103, -71.995705, 12.430841
53951620736000, 56.0834, -71.87406, 12.53734
53951625771000, 56.08354, -71.75392, 12.634013
53951630711000, 56.07193, -71.627914, 12.687327
53951635745000, 56.054092, -71.51193, 12.729254
53951640740000, 56.046616, -71.372856, 12.752375
53951645798000, 56.02193, -71.23167, 12.775232
53951650752000, 56.003273, -71.094635, 12.768734
53951655818000, 55.96378, -70.94694, 12.776622
53951660705000, 55.900623, -70.85157, 12.709799
53951665795000, 55.835194, -70.749886, 12.660044
53951670738000, 55.76971, -70.68408, 12.523812
53951676410000, 55.715057, -70.617256, 12.402356
53951680696000, 55.68776, -70.53093, 12.184244
53951685740000, 55.70248, -70.45172, 11.961108
53951690704000, 55.757988, -70.31748, 11.685389
53951695761000, 55.855274, -70.17747, 11.407438
53951701436000, 56.012882, -69.9899, 11.11244
53951705820000, 56.207092, -69.793915, 10.808004
53951710761000, 56.44177, -69.51554, 10.511615
53951715762000, 56.731228, -69.21242, 10.222132
53951720767000, 57.065258, -68.83646, 9.930677
53951725770000, 57.43227, -68.40713, 9.660862
53951730725000, 57.835953, -67.920235, 9.391271
53951735742000, 58.277153, -67.405426, 9.147741
53951741032000, 58.74379, -66.865105, 8.939895
53951745755000, 59.23279, -66.3129, 8.763378
53951751133000, 59.730145, -65.7998, 8.586071
53951755808000, 60.227936, -65.27319, 8.45507
53951761075000, 60.72013, -64.76924, 8.353291
53951765797000, 61.18961, -64.26938, 8.265612
53951771162000, 61.644794, -63.79325, 8.214056
53951775808000, 62.060146, -63.318504, 8.171634
53951780690000, 62.446243, -62.87032, 8.160257
53951785781000, 62.785843, -62.43219, 8.144969
53951790784000, 63.08598, -62.000874, 8.124312
53951795803000, 63.35039, -61.608173, 8.149111
53951800810000, 63.56755, -61.232487, 8.147008
53951805848000, 63.763264, -60.87124, 8.131158
53951810752000, 63.934566, -60.521626, 8.0983515
53951815736000, 64.10046, -60.17404, 8.245502
53951820734000, 64.26053, -59.83897, 8.360971
53951825802000, 64.40003, -59.472233, 8.489652
53951830702000, 64.52425, -59.103264, 8.604109
53951835780000, 64.642494, -58.677868, 8.699322
53951840729000, 64.775055, -58.245567, 8.798468
53951845799000, 64.93287, -57.742413, 8.866515
53951850793000, 65.10689, -57.234615, 8.9442625
53951855792000, 65.34136, -56.668045, 9.004761
53951860765000, 65.5956, -56.102955, 9.066576
53951865791000, 65.87085, -55.523937, 9.07156
53951870828000, 66.16064, -54.94779, 9.08598
53951875798000, 66.43859, -54.373077, 9.040128
53951880780000, 66.717064, -53.80512, 8.998691
53951885760000, 66.98921, -53.23579, 8.93004
53951890806000, 67.2542, -52.676006, 8.867746
53951895798000, 67.51353, -52.109955, 8.770121
53951900807000, 67.76471, -51.560844, 8.674161
53951905860000, 68.01478, -51.04558, 8.620418
53951910823000, 68.25958, -50.540627, 8.565612
53951915791000, 68.520744, -50.0294, 8.514715
53951920808000, 68.77899, -49.52622, 8.461287
53951925800000, 69.0557, -49.020683, 8.450305
53951930794000, 69.34009, -48.523117, 8.458499
53951935778000, 69.64072, -47.979965, 8.437743
53951940801000, 69.94092, -47.44133, 8.444885
53951945794000, 70.26757, -46.89743, 8.50078
53951950797000, 70.595695, -46.35513, 8.577902
53951955769000, 70.922295, -45.764874, 8.707442
53951960784000, 71.24744, -45.186172, 8.82192
53951965791000, 71.58421, -44.638977, 9.028142
53951970792000, 71.90316, -44.10277, 9.252231
53951975795000, 72.19989, -43.57801, 9.481787
53951980784000, 72.46654, -43.077084, 9.706765
53951985776000, 72.706856, -42.59763, 9.925336
53951990806000, 72.922226, -42.137074, 10.150527
53951995755000, 73.11689, -41.69176, 10.34956
53952001524000, 73.278915, -41.257645, 10.562054
53952005773000, 73.42476, -40.740513, 10.699986
53952010807000, 73.54994, -40.234303, 10.833989
53952015683000, 73.67827, -39.719387, 11.010361
53952020802000, 73.79799, -39.220745, 11.184387
53952025699000, 73.92716, -38.698853, 11.363617
53952030798000, 74.04311, -38.199703, 11.537928
53952035704000, 74.14206, -37.674892, 11.698833
53952040804000, 74.24332, -37.18444, 11.881853
53952045697000, 74.31262, -36.726177, 12.01528
53952050783000, 74.378876, -36.28056, 12.168296
53952055800000, 74.44652, -35.85661, 12.306184
53952060820000, 74.51117, -35.45317, 12.442047
53952065736000, 74.5617, -35.039192, 12.542335
53952070814000, 74.61296, -34.645164, 12.659466
53952075747000, 74.67458, -34.215492, 12.764492
53952080777000, 74.73727, -33.79956, 12.895757
53952085744000, 74.80554, -33.373375, 13.046532
53952090806000, 74.876175, -32.96252, 13.224955
53952095728000, 74.95078, -32.558388, 13.46194
53952100812000, 75.030205, -32.145508, 13.722517
53952105783000, 75.11601, -31.726212, 14.041815
53952110811000, 75.20537, -31.305588, 14.395911
53952116021000, 75.30064, -30.837317, 14.794561
53952120841000, 75.39081, -30.36529, 15.219011
53952125699000, 75.52333, -29.878592, 15.768388
53952130798000, 75.66258, -29.37832, 16.32375
53952135711000, 75.75813, -28.843983, 16.862787
53952140721000, 75.92746, -28.359306, 17.504587
53952145695000, 76.070915, -27.859343, 18.09
53952150792000, 76.26644, -27.410349, 18.719095
53952155835000, 76.43284, -26.964298, 19.319992
53952160802000, 76.6838, -26.56723, 19.95205
53952165767000, 76.90937, -26.196293, 20.564806
53952170827000, 77.07869, -25.821018, 21.110498
53952175796000, 77.197685, -25.458601, 21.604807
53952180777000, 77.500084, -25.152258, 22.32619
53952185800000, 77.7579, -24.858074, 22.945368
53952190800000, 77.83375, -24.514452, 23.54064
53952195796000, 77.8693, -24.152498, 24.114475
53952200801000, 77.85718, -23.753174, 24.692171
53952205826000, 77.82574, -23.35939, 25.21788
53952210773000, 77.73657, -22.89394, 25.719006
53952215801000, 77.6463, -22.418808, 26.202114
53952220797000, 77.58516, -21.84339, 26.719007
53952225806000, 77.52885, -21.27855, 27.202436
53952230793000, 77.50413, -20.65651, 27.62729
53952235789000, 77.47365, -20.024712, 28.075468
53952240780000, 77.50223, -19.368483, 28.465452
53952245761000, 77.53086, -18.736704, 28.82627
53952250756000, 77.58468, -18.078014, 29.258226
53952255844000, 77.63222, -17.453295, 29.672262
53952260734000, 77.65357, -16.825441, 30.090635
53952265808000, 77.67342, -16.231049, 30.487583
53952270715000, 77.69644, -15.638212, 30.918047
53952275816000, 77.717766, -15.077495, 31.329897
53952280710000, 77.7332, -14.501018, 31.762173
53952285775000, 77.737656, -13.954071, 32.18271
53952310739000, 77.49423, -11.194215, 34.421265
53952315798000, 77.377556, -10.644486, 34.839417
53952320763000, 77.21171, -10.104172, 35.215267
53952325894000, 77.03344, -9.56638, 35.57941
53952330801000, 76.804276, -9.037974, 35.877945
53952335765000, 76.56921, -8.515583, 36.161514
53952340846000, 76.271034, -7.983948, 36.376667
53952345698000, 75.97396, -7.4561977, 36.57163
53952350832000, 75.64919, -6.9390073, 36.707455
53952355852000, 75.313354, -6.423897, 36.827152
53952361316000, 74.95915, -5.9128175, 36.91286
53952365800000, 74.60392, -5.411071, 36.98457
53952371173000, 74.22262, -4.9241257, 37.0276
53952375795000, 73.837, -4.4422398, 37.071827
53952380693000, 73.4483, -3.9736931, 37.11333
53952385770000, 73.047714, -3.509194, 37.151443
53952390710000, 72.63275, -3.0581968, 37.171307
53952395807000, 72.19454, -2.580153, 37.23883
53952400746000, 71.76895, -2.1202466, 37.27722
53952405848000, 71.28364, -1.6411877, 37.29942
53952410787000, 70.8107, -1.184772, 37.313816
53952415802000, 70.298744, -0.69236064, 37.260483
53952420753000, 69.781204, -0.20583841, 37.195393
53952425803000, 69.24408, 0.29450536, 37.083675
53952430726000, 68.739784, 0.7681494, 36.94883
53952435805000, 68.16862, 1.3081511, 36.766426
53952440739000, 67.63739, 1.8198016, 36.582947
53952445795000, 67.04977, 2.4244225, 36.4453
53952450758000, 66.49673, 3.005857, 36.30211
53952455908000, 65.946815, 3.5559187, 36.16274
53952460773000, 65.41487, 4.075229, 36.042374
53952465807000, 64.88896, 4.617048, 35.956646
53952470758000, 64.368576, 5.1523585, 35.879177
53952475786000, 63.882107, 5.675958, 35.85132
53952480788000, 63.40207, 6.194856, 35.819878
53952485791000, 62.95858, 6.70475, 35.817257
53952490786000, 62.534325, 7.196815, 35.798626
53952495779000, 62.140366, 7.684451, 35.804077
53952501389000, 61.768772, 8.158077, 35.77655
53952505808000, 61.419537, 8.633271, 35.784973
53952510807000, 61.076588, 9.104039, 35.763756
53952515789000, 60.81097, 9.540008, 35.78931
53952520860000, 60.539185, 9.973604, 35.80066
53952525802000, 60.388996, 10.321714, 35.86365
53952530792000, 60.220703, 10.66835, 35.88824
53952535777000, 60.115204, 10.992819, 35.95644
53952540782000, 59.986305, 11.314821, 35.985195
53952545772000, 59.943398, 11.635857, 36.024357
53952550775000, 59.861683, 11.955818, 36.0431
53952555766000, 59.76127, 12.205711, 36.03648
53952560770000, 59.647457, 12.448887, 35.972755
53952565758000, 59.50135, 12.6818075, 35.896915
53952570840000, 59.329178, 12.923488, 35.802746
53952575765000, 59.04288, 13.196259, 35.62968
53952580760000, 58.77487, 13.450353, 35.474934
53952585724000, 58.427544, 13.753591, 35.24667
53952590790000, 58.10257, 14.030518, 35.043262
53952595786000, 57.81777, 14.266923, 34.853745
53952600759000, 57.540806, 14.482297, 34.714577
53952605913000, 57.13085, 14.854663, 34.42929
53952610774000, 56.73648, 15.203503, 34.188324
53952615776000, 56.30522, 15.6326065, 33.913017
53952620742000, 55.91514, 16.012041, 33.676594
53952625727000, 55.513485, 16.4098, 33.45367
53952630755000, 55.13288, 16.773678, 33.253403
53952636060000, 54.784916, 17.097437, 33.091805
53952640774000, 54.457638, 17.367477, 32.967117
53952645764000, 54.149937, 17.589954, 32.871277
53952650867000, 53.867615, 17.779486, 32.79006
53952655783000, 53.600082, 17.932667, 32.72349
53952660761000, 53.388428, 17.993122, 32.713066
53952665694000, 53.191128, 18.02517, 32.69923
53952670740000, 53.021168, 18.008282, 32.66994
53952675705000, 52.868576, 17.957495, 32.68465
53952680759000, 52.72078, 17.883083, 32.67504
53952686373000, 52.59618, 17.775476, 32.666172
53952690753000, 52.476357, 17.646053, 32.675526
53952695763000, 52.358227, 17.50159, 32.69212
53952700737000, 52.242504, 17.350723, 32.710762
53952705765000, 52.126114, 17.182924, 32.7342
53952710796000, 52.010185, 17.008545, 32.784885
53952715800000, 51.884743, 16.833727, 32.83157
53952720795000, 51.764397, 16.62415, 32.88616
53952725799000, 51.640602, 16.420168, 32.94906
53952730774000, 51.527916, 16.165419, 33.004894
53952735806000, 51.41386, 15.922089, 33.045624
53952740800000, 51.31002, 15.658503, 33.087795
53952745800000, 51.212273, 15.396752, 33.101795
53952750783000, 51.111446, 15.119565, 33.093494
53952760889000, 51.023228, 14.8338585, 33.058235
53952765802000, 50.910122, 14.549466, 33.00601
53952770771000, 50.796246, 14.241047, 32.938526
53952775787000, 50.68528, 13.935535, 32.894478
53952780781000, 50.566933, 13.598951, 32.844597
53952785793000, 50.438435, 13.278391, 32.824963
53952790785000, 50.319843, 12.90543, 32.83724
53952795793000, 50.18565, 12.532798, 32.900227
53952800769000, 50.059, 12.133316, 33.01492
53952805858000, 49.93403, 11.745636, 33.15522
53952810791000, 49.828934, 11.308543, 33.332184
53952815790000, 49.72313, 10.910478, 33.52564
53952820742000, 49.660896, 10.463243, 33.711903
53952825712000, 49.62524, 10.050689, 33.875576
53952830757000, 49.64588, 9.61086, 34.005714
53952835803000, 49.702663, 9.191889, 34.107388
53952840712000, 49.83891, 8.726575, 34.169563
53952845775000, 50.012383, 8.28601, 34.20218
53952850730000, 50.233864, 7.846614, 34.173103
53952855839000, 50.485836, 7.4170227, 34.13154
53952860732000, 50.74699, 7.0243387, 34.061665
53952865788000, 51.02256, 6.641741, 33.992825
53952870700000, 51.288414, 6.2906685, 33.944695
53952875803000, 51.553272, 5.944793, 33.899563
53952880704000, 51.79471, 5.634965, 33.874928
53952885771000, 52.029198, 5.332819, 33.85173
53952890720000, 52.23454, 5.056196, 33.85804
53952895800000, 52.427948, 4.7911577, 33.862858
53952900749000, 52.594402, 4.542234, 33.917316
53952905879000, 52.741707, 4.304433, 33.985245
53952910847000, 52.87152, 4.0877094, 34.065395
53952915787000, 52.988136, 3.886957, 34.163887
53952920801000, 53.10398, 3.6699393, 34.282074
53952925812000, 53.206852, 3.478156, 34.403904
53952930777000, 53.31934, 3.2755065, 34.536964
53952935780000, 53.420414, 3.0850701, 34.657875
53952940757000, 53.518288, 2.8901772, 34.77752
53952945808000, 53.60779, 2.7004423, 34.87557
53952950757000, 53.699635, 2.506766, 34.974678
53952955861000, 53.785385, 2.309722, 35.049633
53952960815000, 53.856503, 2.1216772, 35.12046
53952965811000, 53.922802, 1.9284478, 35.181946
53952970894000, 53.96185, 1.7646697, 35.21253
53952975946000, 54.008167, 1.5832055, 35.246883
53952980938000, 54.014076, 1.4411272, 35.252537
53952985766000, 54.02873, 1.2926939, 35.256313
53952991158000, 54.01753, 1.1730851, 35.264175
53952995787000, 54.00709, 1.0665741, 35.259686
53953000765000, 54.002575, 0.9535837, 35.29021
53953005816000, 53.9941, 0.85630614, 35.320225
53953010692000, 53.989456, 0.76608056, 35.362717
53953015802000, 53.978043, 0.68689704, 35.400127
53953020766000, 53.972256, 0.6189894, 35.43342
53953025802000, 53.95218, 0.56581354, 35.475163
53953030713000, 53.938225, 0.51727426, 35.508347
53953035798000, 53.90469, 0.4847341, 35.55113
53953040732000, 53.872623, 0.46173602, 35.587605
53953045801000, 53.84319, 0.43417025, 35.60898
53953050715000, 53.812687, 0.4147292, 35.61977
53953055876000, 53.74402, 0.39299852, 35.690945
53953060786000, 53.673145, 0.3779, 35.751827
53953065799000, 53.628906, 0.3331298, 35.835255
53953070760000, 53.57952, 0.3014125, 35.917747
53953075804000, 53.546566, 0.28272742, 36.007412
53953080789000, 53.51799, 0.27356035, 36.096653
53953085790000, 53.57287, 0.18327647, 36.18857
53953090783000, 53.627457, 0.097291805, 36.27964
53953095799000, 53.72305, -0.0062837736, 36.353638
53953100773000, 53.812935, -0.10218225, 36.432594
53953105886000, 53.924007, -0.22617036, 36.502647
53953110852000, 54.02803, -0.33571768, 36.58261
53953115807000, 54.128162, -0.44393942, 36.668034
53953120822000, 54.218212, -0.5388202, 36.75355
53953125793000, 54.283566, -0.61048096, 36.830463
53953130802000, 54.347027, -0.67807686, 36.899445
53953135798000, 54.368168, -0.69978297, 36.95492
53953140804000, 54.387207, -0.730803, 36.997246
53953145796000, 54.35382, -0.70310545, 37.030437
53953150738000, 54.31759, -0.6924221, 37.056107
53953155816000, 54.23846, -0.64106756, 37.07821
53953160842000, 54.163563, -0.6057056, 37.091244
53953165785000, 54.073376, -0.54814726, 37.104286
53953170760000, 53.985428, -0.4989627, 37.108566
53953175766000, 53.89669, -0.440093, 37.10716
53953180762000, 53.807076, -0.38332078, 37.09899
53953185731000, 53.745255, -0.34090355, 37.064148
53953190769000, 53.67608, -0.29260483, 37.032646
53953195785000, 53.624313, -0.25372443, 36.973564
53953200804000, 53.56428, -0.2123758, 36.921337
53953205888000, 53.528423, -0.19099551, 36.858093
53953210828000, 53.483875, -0.16827817, 36.805218
53953215785000, 53.47458, -0.18674879, 36.75274
53953221135000, 53.459717, -0.2072651, 36.70519
53953225787000, 53.44813, -0.23760588, 36.664974
53953230807000, 53.440536, -0.27264848, 36.63172
53953235776000, 53.42772, -0.30854672, 36.5989
53953240762000, 53.414875, -0.34061584, 36.567093
53953245768000, 53.39518, -0.36685362, 36.540627
53953250789000, 53.379185, -0.39065397, 36.50758
53953255754000, 53.346653, -0.3832046, 36.45774
53953260760000, 53.315044, -0.36491984, 36.398827
53953265747000, 53.285107, -0.33678064, 36.330402
53953270801000, 53.25516, -0.30565155, 36.25717
53953275758000, 53.22177, -0.2659224, 36.18554
53953280780000, 53.191742, -0.2323065, 36.112892
53953285744000, 53.15989, -0.19339034, 36.04897
53953290785000, 53.12923, -0.17092404, 35.983276
53953295742000, 53.100002, -0.15276334, 35.932434
53953300814000, 53.06974, -0.13734838, 35.885574
53953305952000, 53.033253, -0.12704332, 35.839115
53953310706000, 52.9949, -0.121621005, 35.79908
53953315666000, 52.944958, -0.11766373, 35.76922
53953320690000, 52.89515, -0.116724595, 35.746292
53953325669000, 52.836205, -0.121820785, 35.736557
53953330680000, 52.782555, -0.132417, 35.733635
53953335673000, 52.727592, -0.14699776, 35.7443
53953340692000, 52.675186, -0.16304198, 35.765827
53953345680000, 52.621334, -0.17223118, 35.77953
53953350852000, 52.571404, -0.1877366, 35.798386
53953355885000, 52.500465, -0.18092602, 35.807964
53953360835000, 52.431763, -0.17610817, 35.816803
53953365783000, 52.359642, -0.1528171, 35.81248
53953370844000, 52.28594, -0.12693062, 35.802746
53953375781000, 52.21302, -0.08539106, 35.79133
53953380782000, 52.13646, -0.0432018, 35.76446
53953385760000, 52.067497, 0.008051085, 35.733578
53953390800000, 51.99792, 0.062096678, 35.698685
53953395751000, 51.928802, 0.121967636, 35.659946
53953400790000, 51.863995, 0.17529793, 35.61922
53953405850000, 51.80732, 0.2237123, 35.589912
53953410828000, 51.749268, 0.26930082, 35.563583
53953416055000, 51.693687, 0.3097762, 35.54993
53953420786000, 51.642696, 0.3455379, 35.54474
53953426129000, 51.60542, 0.36347863, 35.550354
53953430809000, 51.565228, 0.38853484, 35.564674
53953435750000, 51.543007, 0.39405122, 35.579365
53953440820000, 51.520325, 0.40039748, 35.59803
53953445775000, 51.50058, 0.41230705, 35.618736
53953450755000, 51.490982, 0.40696147, 35.638706
53953455859000, 51.486546, 0.40804234, 35.655926
53953460857000, 51.48584, 0.40613753, 35.670486
53953465728000, 51.49381, 0.40030438, 35.67838
53953470809000, 51.50817, 0.39374644, 35.686344
53953475743000, 51.529224, 0.3841746, 35.6878
53953480786000, 51.551983, 0.37112433, 35.68374
53953485747000, 51.57863, 0.36007798, 35.68067
53953490805000, 51.60325, 0.34738892, 35.6715
53953495729000, 51.626472, 0.3381979, 35.66395
53953500798000, 51.652596, 0.31990212, 35.66771
53953505873000, 51.678543, 0.30180952, 35.679398
53953510824000, 51.70555, 0.27736905, 35.696198
53953515763000, 51.73387, 0.25285614, 35.714333
53953520794000, 51.761703, 0.22431421, 35.741253
53953525764000, 51.79007, 0.19268085, 35.76497
53953530803000, 51.814224, 0.16100484, 35.80309
53953535792000, 51.83407, 0.12963454, 35.836716
53953540784000, 51.843716, 0.09374695, 35.88722
53953545776000, 51.85083, 0.05606306, 35.93585
53953550804000, 51.857742, 0.013493039, 35.983574
53953555887000, 51.864468, -0.032107018, 36.033478
53953560827000, 51.866722, -0.07968698, 36.074635
53953565791000, 51.86695, -0.1279637, 36.117237
53953570798000, 51.86293, -0.1676293, 36.131176
53953575821000, 51.85735, -0.20320028, 36.13923
53953580787000, 51.850124, -0.2406735, 36.144333
53953585776000, 51.84229, -0.27847555, 36.14663
53953590782000, 51.827557, -0.28759828, 36.115055
53953595813000, 51.813454, -0.29931477, 36.083755
53953600800000, 51.79324, -0.29680547, 36.040337
53953605875000, 51.777927, -0.29546508, 35.995716
53953610865000, 51.757492, -0.27926448, 35.94006
53953615836000, 51.74173, -0.26386136, 35.888012
53953620791000, 51.719444, -0.23434786, 35.831715
53953625822000, 51.69973, -0.2074367, 35.77718
53953630793000, 51.679066, -0.1676669, 35.72898
53953635768000, 51.656128, -0.1297959, 35.68582
53953640842000, 51.638042, -0.09447095, 35.6409
53953645813000, 51.619125, -0.056122817, 35.604702
53953650795000, 51.60058, -0.026877651, 35.57995
53953655897000, 51.585938, 6.821652E-4, 35.55254
53953661556000, 51.57147, 0.02004575, 35.536255
53953665813000, 51.562527, 0.037171595, 35.51862
53953670776000, 51.549023, 0.04528074, 35.51289
53953675806000, 51.533775, 0.055846192, 35.502728
53953680750000, 51.521027, 0.058417764, 35.49935
53953685793000, 51.50673, 0.06317158, 35.491993
53953690739000, 51.493374, 0.06738836, 35.49058
53953695820000, 51.475544, 0.06642361, 35.487514
53953700749000, 51.46167, 0.06642105, 35.483486
53953705882000, 51.44374, 0.06569875, 35.485447
53953710764000, 51.426537, 0.061544284, 35.4832
53953715809000, 51.410877, 0.056067325, 35.48026
53953720756000, 51.391876, 0.055801794, 35.486504
53953725806000, 51.376987, 0.053422328, 35.49572
53953730744000, 51.359657, 0.055939253, 35.49747
53953735794000, 51.35293, 0.051475722, 35.503223
53953740809000, 51.336227, 0.05626625, 35.50521
53953745801000, 51.32839, 0.057261754, 35.5126
53953750777000, 51.32346, 0.058270063, 35.516037
53953755893000, 51.313305, 0.062445868, 35.519947
53953760783000, 51.320683, 0.060052738, 35.52201
53953765807000, 51.320873, 0.061915677, 35.528618
53953770765000, 51.329624, 0.05693219, 35.529514
53953775788000, 51.33722, 0.057394087, 35.532276
53953780825000, 51.34978, 0.056684595, 35.537117
53953785787000, 51.36371, 0.051000174, 35.54271
53953791062000, 51.379715, 0.047106117, 35.550144
53953795800000, 51.394493, 0.04242658, 35.561714
53953800853000, 51.414513, 0.029530324, 35.577335
53953805859000, 51.430176, 0.023924444, 35.59308
53953810884000, 51.454346, 0.005702354, 35.610756
53953815797000, 51.47401, -0.004053717, 35.62849
53953821088000, 51.489296, -0.010206864, 35.64755
53953825800000, 51.50382, -0.018952066, 35.66729
53953831196000, 51.51812, -0.023029689, 35.684757
53953835927000, 51.53072, -0.03068206, 35.700386
53953840862000, 51.543823, -0.037858892, 35.714424
53953845818000, 51.55814, -0.049836487, 35.726025
53953850761000, 51.570328, -0.058295675, 35.735676
53953855822000, 51.58284, -0.07167431, 35.741833
53953860829000, 51.594303, -0.07670048, 35.748554
53953865771000, 51.59963, -0.085094795, 35.7534
53953870772000, 51.608955, -0.0912283, 35.75805
53953875796000, 51.615673, -0.094821, 35.752117
53953880752000, 51.62617, -0.10208234, 35.747543
53953885792000, 51.63712, -0.099064246, 35.73109
53953890743000, 51.652435, -0.101833045, 35.715736
53953895763000, 51.663895, -0.09968241, 35.704403
53953900736000, 51.68046, -0.103100926, 35.69097
53953905755000, 51.691948, -0.10746624, 35.685
53953910809000, 51.704918, -0.11244464, 35.67669
53953915777000, 51.713024, -0.11096246, 35.674755
53953920818000, 51.720505, -0.11881975, 35.672825
53953925810000, 51.72304, -0.11736407, 35.67629
53953930791000, 51.723526, -0.12193435, 35.681805
53953935772000, 51.724358, -0.1257934, 35.686543
53953940821000, 51.7229, -0.12887211, 35.69489
53953945801000, 51.720623, -0.13288572, 35.697266
53953950800000, 51.71746, -0.13525836, 35.699574
53953955758000, 51.710735, -0.13866492, 35.70377
53953960788000, 51.707756, -0.14209881, 35.70384
53953965809000, 51.697163, -0.14278953, 35.707794
53953970795000, 51.686363, -0.14276731, 35.708218
53953975813000, 51.67217, -0.14115539, 35.70635
53953980784000, 51.659115, -0.1374645, 35.712624
53953985762000, 51.64393, -0.13484684, 35.707485
53953990800000, 51.630768, -0.13482548, 35.70534
53953995763000, 51.616234, -0.12999825, 35.705055
53954000777000, 51.60345, -0.12601197, 35.703064
53954005755000, 51.589516, -0.122034214, 35.699245
53954010823000, 51.574383, -0.11489837, 35.692005
53954015721000, 51.564335, -0.10823465, 35.685707
53954020906000, 51.549374, -0.10439607, 35.67932
53954025716000, 51.537373, -0.09427458, 35.67401
53954030781000, 51.524605, -0.08892396, 35.668922
53954035746000, 51.516434, -0.082430154, 35.670757
53954040815000, 51.50851, -0.07764221, 35.66447
53954045743000, 51.50482, -0.07451227, 35.670975
53954050821000, 51.49336, -0.06702637, 35.67502
53954055801000, 51.484016, -0.060922734, 35.67511
53954060875000, 51.471306, -0.0543205, 35.682922
53954065762000, 51.464134, -0.05425988, 35.688602
53954070788000, 51.45733, -0.054003745, 35.699287
53954075777000, 51.463932, -0.05825298, 35.70465
53954080783000, 51.461086, -0.062435627, 35.706844
53954085792000, 51.469444, -0.064560674, 35.71511
53954090819000, 51.47469, -0.07071638, 35.720768
53954095768000, 51.48112, -0.07169395, 35.72369
53954100758000, 51.485565, -0.07440553, 35.726376
53954105836000, 51.489788, -0.07214645, 35.728233
53954110890000, 51.494633, -0.07158381, 35.72992
53954115753000, 51.499054, -0.06858194, 35.726967
53954120793000, 51.504276, -0.06144268, 35.721516
53954126407000, 51.509335, -0.05684255, 35.721195
53954130789000, 51.51738, -0.052543793, 35.715908
53954135800000, 51.526707, -0.048434585, 35.713596
53954140805000, 51.53762, -0.044785555, 35.70936
53954145853000, 51.549362, -0.04674411, 35.716045
53954150826000, 51.562607, -0.048028182, 35.720734
53954156201000, 51.57207, -0.048419215, 35.73278
53954160801000, 51.58066, -0.046884984, 35.743298
53954166134000, 51.59054, -0.047924872, 35.753567
53954170777000, 51.600037, -0.047013048, 35.765453
53954176184000, 51.61459, -0.051026642, 35.777103
53954180794000, 51.628433, -0.05456809, 35.789505
53954185785000, 51.641964, -0.06408937, 35.805904
53954190772000, 51.65539, -0.0761942, 35.81767
53954195741000, 51.6686, -0.08172494, 35.83252
53954200802000, 51.683296, -0.101346396, 35.84998
53954205768000, 51.693306, -0.11293471, 35.86691
53954210866000, 51.70095, -0.11936532, 35.879303
53954215731000, 51.705814, -0.12438894, 35.895042
53954220807000, 51.720352, -0.13733985, 35.905807
53954225787000, 51.728306, -0.14812988, 35.91594
53954235741000, 51.738808, -0.16366011, 35.925987
53954240756000, 51.747955, -0.17308237, 35.93402
53954245731000, 51.75565, -0.18953721, 35.937496
53954250821000, 51.76544, -0.2013151, 35.94247
53954255778000, 51.769634, -0.21221961, 35.940113
53954260753000, 51.778175, -0.22285768, 35.939835
53954265787000, 51.786568, -0.23439226, 35.940277
53954270785000, 51.79513, -0.24393412, 35.929474
53954275778000, 51.801212, -0.24822351, 35.92292
53954280760000, 51.800278, -0.24965018, 35.914536
53954285746000, 51.801693, -0.25276473, 35.90804
53954290782000, 51.799393, -0.25127238, 35.898056
53954295809000, 51.79867, -0.25003523, 35.88747
53954300768000, 51.80004, -0.25220808, 35.883083
53954305824000, 51.802364, -0.25661358, 35.87878
53954310785000, 51.801105, -0.25737175, 35.86704
53954315810000, 51.80537, -0.2677102, 35.86085
53954320800000, 51.81131, -0.2712039, 35.853096
53954325802000, 51.81801, -0.28268215, 35.8432
53954330778000, 51.824883, -0.28844863, 35.83417
53954335789000, 51.83269, -0.29448152, 35.828896
53954340795000, 51.83628, -0.30156112, 35.816593
53954345930000, 51.841217, -0.30530834, 35.808025
53954350779000, 51.844334, -0.30838025, 35.79889
53954355865000, 51.84664, -0.31605327, 35.78873
53954365802000, 51.84528, -0.32156867, 35.770565
53954370781000, 51.84958, -0.32675716, 35.754604
53954375804000, 51.853554, -0.33289927, 35.740616
53954385787000, 51.851734, -0.34032214, 35.7204
53954390737000, 51.857407, -0.34611169, 35.707054
53954395794000, 51.865414, -0.34817705, 35.694073
53954400761000, 51.871956, -0.34771937, 35.679054
53954405863000, 51.879185, -0.3506505, 35.67004
53954410722000, 51.894245, -0.3540238, 35.65355
53954415932000, 51.907616, -0.35689592, 35.642456
53954420749000, 51.92338, -0.36200413, 35.63154
53954425796000, 51.93487, -0.36195543, 35.619617
53954430719000, 51.951797, -0.36270174, 35.608505
53954435778000, 51.970383, -0.36713028, 35.599236
53954440772000, 51.976814, -0.3595947, 35.59182
53954445790000, 51.987003, -0.35934293, 35.58328
53954450771000, 51.991688, -0.35451296, 35.57337
53954455917000, 52.005554, -0.35542482, 35.565556
53954460743000, 52.0071, -0.35599, 35.56285
53954465796000, 52.009335, -0.35721353, 35.55528
53954470784000, 52.01728, -0.3632635, 35.55246
53954475823000, 52.021584, -0.36873454, 35.545773
53954480775000, 52.02675, -0.37114057, 35.541294
53954485779000, 52.030407, -0.37285152, 35.531998
53954490816000, 52.031338, -0.3753532, 35.5325
53954495782000, 52.02483, -0.37208736, 35.52921
53954500813000, 52.025276, -0.36998537, 35.529217
53954505855000, 52.023373, -0.37325966, 35.528175
53954510749000, 52.020412, -0.37042078, 35.526703
53954515797000, 52.01812, -0.37029013, 35.526768
53954521375000, 52.014423, -0.3655567, 35.53334
53954525815000, 52.0129, -0.3622714, 35.540302
53954531064000, 52.008736, -0.3605467, 35.542866
53954535776000, 52.006542, -0.35829866, 35.54633
53954540798000, 51.994534, -0.35356694, 35.547398
53954545810000, 51.983604, -0.34889075, 35.54866
53954550763000, 51.973118, -0.34931594, 35.550144
53954555867000, 51.96396, -0.34614667, 35.55347
53954560767000, 51.952297, -0.3454184, 35.55565
53954570795000, 51.94629, -0.3473471, 35.557106
53954575810000, 51.93761, -0.34884036, 35.55953
53954580724000, 51.932747, -0.35252276, 35.560738
53954585769000, 51.932217, -0.35848916, 35.56152
53954590764000, 51.930767, -0.36298254, 35.563572
53954595811000, 51.91892, -0.3648609, 35.562843
53954600748000, 51.910496, -0.36811557, 35.562374
53954605884000, 51.908676, -0.37264577, 35.557888
53954610771000, 51.909725, -0.37860265, 35.55471
53954615809000, 51.909637, -0.3791235, 35.554276
53954620740000, 51.91118, -0.3854475, 35.55646
53954625797000, 51.915432, -0.38969088, 35.556095
53954635762000, 51.916748, -0.39575112, 35.557487
53954640786000, 51.92638, -0.40501565, 35.55546
53954645808000, 51.92998, -0.4084863, 35.545944
53954650792000, 51.937016, -0.41120654, 35.537754
53954655859000, 51.93865, -0.41575807, 35.53003
53954660883000, 51.94267, -0.41797793, 35.52005
53954665806000, 51.947247, -0.42202324, 35.512516
53954670829000, 51.95097, -0.43174714, 35.5058
53954675801000, 51.9542, -0.43831882, 35.494755
53954680782000, 51.949776, -0.44400683, 35.482098
53954685776000, 51.95225, -0.44872585, 35.47446
53954690811000, 51.946804, -0.4542073, 35.47047
53954695802000, 51.948097, -0.4639977, 35.455147
53954700799000, 51.944775, -0.47464544, 35.44341
53954706622000, 51.94419, -0.48649287, 35.43214
53954710823000, 51.943287, -0.49843678, 35.42256
53954715802000, 51.942894, -0.50786614, 35.408016
53954720800000, 51.938198, -0.51737416, 35.388714
53954730807000, 51.940514, -0.52467346, 35.38542
53954735770000, 51.938812, -0.5286718, 35.377792
53954740766000, 51.94128, -0.53452814, 35.366394
53954745772000, 51.942387, -0.5407336, 35.360653
53954750788000, 51.94579, -0.5390251, 35.35528
53954755783000, 51.946304, -0.5404228, 35.349205
53954760779000, 51.943577, -0.5368641, 35.348385
53954765772000, 51.946724, -0.53453237, 35.341106
53954770744000, 51.94549, -0.53152955, 35.33803
53954776459000, 51.942184, -0.52880925, 35.333523
53954780774000, 51.9382, -0.5177379, 35.333096
53954785740000, 51.933685, -0.51385224, 35.32797
53954790778000, 51.92891, -0.5051366, 35.325443
53954795773000, 51.927803, -0.50322837, 35.327103
53954800849000, 51.91985, -0.4955449, 35.3276
53954805840000, 51.92108, -0.49314833, 35.32776
53954810907000, 51.918705, -0.49375877, 35.32629
53954815716000, 51.914055, -0.48842335, 35.328785
53954820779000, 51.91262, -0.47696185, 35.3382
53954825730000, 51.910183, -0.47629082, 35.34125
53954830801000, 51.907665, -0.46705687, 35.342926
53954835741000, 51.90962, -0.46164206, 35.353718
53954840787000, 51.909885, -0.45659012, 35.355988
53954845717000, 51.913883, -0.4520291, 35.365013
53954850831000, 51.915882, -0.4512368, 35.370148
53954855798000, 51.91686, -0.44501352, 35.38601
53954860890000, 51.916267, -0.4380123, 35.397457
53954865748000, 51.919018, -0.4290517, 35.413887
53954870810000, 51.91722, -0.42672765, 35.42745
53954875770000, 51.923744, -0.42434385, 35.44418
53954880787000, 51.92708, -0.42556825, 35.458916
53954885774000, 51.93449, -0.4264536, 35.47681
53954890777000, 51.934418, -0.4265142, 35.488625
53954895772000, 51.9401, -0.43245494, 35.500725
53954900853000, 51.945534, -0.4347986, 35.509747
53954905798000, 51.94014, -0.43439823, 35.525402
53954910798000, 51.936466, -0.4330953, 35.53455
53954916178000, 51.93399, -0.4325156, 35.545452
53954920812000, 51.93429, -0.43338132, 35.555218
53954925746000, 51.930523, -0.43200588, 35.56325
53954930799000, 51.930206, -0.43132535, 35.568733
53954935780000, 51.92503, -0.42588583, 35.57733
53954940778000, 51.92562, -0.42594132, 35.58065
53954946082000, 51.917583, -0.4202243, 35.58584
53954950848000, 51.9188, -0.42006895, 35.58589
53954956458000, 51.90804, -0.41305068, 35.587704
53954960869000, 51.900593, -0.40945023, 35.586887
53954965776000, 51.890835, -0.40378705, 35.583378
53954970816000, 51.879013, -0.40337038, 35.57967
53954975778000, 51.865566, -0.39765167, 35.574184
53954980778000, 51.85821, -0.40013534, 35.570984
53954985877000, 51.84692, -0.39658868, 35.57045
53954990789000, 51.848648, -0.40050504, 35.566166
53954995721000, 51.851376, -0.40376142, 35.56704
53955000848000, 51.847706, -0.40226558, 35.557877
53955005780000, 51.845036, -0.4029862, 35.548683
53955010902000, 51.84769, -0.4029802, 35.54314
53955015726000, 51.84242, -0.4010677, 35.5333
53955020792000, 51.84976, -0.40523085, 35.521236
53955025727000, 51.85227, -0.4073525, 35.50593
53955030782000, 51.85561, -0.41035962, 35.49644
53955035763000, 51.862186, -0.4146507, 35.4862
53955040794000, 51.861946, -0.4170712, 35.47535
53955045775000, 51.87029, -0.4236028, 35.467323
53955050808000, 51.88202, -0.4314116, 35.45492
53955055860000, 51.893394, -0.44273552, 35.445107
53955060895000, 51.90835, -0.45140585, 35.42808
53955065820000, 51.91936, -0.46169072, 35.416187
53955070788000, 51.932835, -0.47355518, 35.408024
53955075813000, 51.944912, -0.48412183, 35.390663
53955080791000, 51.957558, -0.4966558, 35.374737
53955085776000, 51.972404, -0.5102458, 35.358303
53955090777000, 51.985218, -0.5212984, 35.336857
53955095802000, 51.993114, -0.5280947, 35.32276
53955101348000, 52.01007, -0.5398268, 35.30182
53955105913000, 52.022026, -0.5521064, 35.283722
53955110806000, 52.038227, -0.56369096, 35.265766
53955115802000, 52.052322, -0.57662195, 35.2451
53955120766000, 52.070503, -0.588274, 35.23248
53955125819000, 52.089012, -0.59801096, 35.219635
53955130804000, 52.109283, -0.61369646, 35.202644
53955140792000, 52.13317, -0.6272484, 35.18827
53955145792000, 52.153378, -0.6379025, 35.176056
53955150869000, 52.16297, -0.64650404, 35.162518
53955155827000, 52.175564, -0.65509254, 35.151516
53955160800000, 52.182636, -0.6635702, 35.142982
53955165800000, 52.19269, -0.6715288, 35.135784
53955170746000, 52.198597, -0.6780554, 35.12909
53955175817000, 52.20728, -0.6852354, 35.124596
53955180788000, 52.21535, -0.6904386, 35.119896
53955185767000, 52.223473, -0.69857144, 35.115288
53955190776000, 52.22463, -0.6999546, 35.11586
53955195817000, 52.230083, -0.70570105, 35.11225
53955200800000, 52.23529, -0.7149643, 35.107655
53955205813000, 52.23873, -0.7192796, 35.10746
53955210793000, 52.24105, -0.72486204, 35.103172
53955215782000, 52.24867, -0.73389995, 35.09971
53955220767000, 52.251945, -0.7417459, 35.094467
53955225798000, 52.255592, -0.7465787, 35.091644
53955230744000, 52.25926, -0.7531166, 35.090626
53955235779000, 52.259163, -0.7565183, 35.08788
53955241416000, 52.262638, -0.76486737, 35.091587
53955245812000, 52.266094, -0.7739847, 35.092705
53955250739000, 52.264965, -0.7778953, 35.101875
53955255827000, 52.263103, -0.7797218, 35.10918
53955260744000, 52.260967, -0.78321666, 35.114063
53955265804000, 52.261684, -0.7896521, 35.120213
53955270762000, 52.261124, -0.7928173, 35.122314
53955275821000, 52.259186, -0.79571694, 35.129276
53955280763000, 52.261448, -0.80218756, 35.133045
53955285762000, 52.26167, -0.80523574, 35.13703
53955290774000, 52.263687, -0.8085667, 35.135075
53955295809000, 52.261974, -0.8081586, 35.134735
53955300797000, 52.26656, -0.8060376, 35.132355
53955305823000, 52.276875, -0.80441946, 35.130524
53955310882000, 52.277576, -0.79892576, 35.12444
53955315769000, 52.28536, -0.79796004, 35.12254
53955325781000, 52.278957, -0.78773266, 35.12824
53955330871000, 52.272327, -0.7754695, 35.135925
53955335741000, 52.265514, -0.7734426, 35.144844
53955340773000, 52.25129, -0.76764303, 35.15742
53955345772000, 52.240093, -0.7582013, 35.17037
53955350763000, 52.23096, -0.7571732, 35.183975
53955355790000, 52.220615, -0.7498694, 35.196594
53955361181000, 52.210026, -0.74755216, 35.20735
53955365807000, 52.208565, -0.7412336, 35.220917
53955370788000, 52.209454, -0.7449147, 35.232677
53955375819000, 52.21122, -0.7471978, 35.241615
53955380728000, 52.20953, -0.7478774, 35.25094
53955385776000, 52.212746, -0.7511416, 35.261166
53955390717000, 52.216408, -0.7525276, 35.270683
53955400735000, 52.21512, -0.7530952, 35.274643
53955405848000, 52.21679, -0.7542957, 35.28309
53955410724000, 52.22248, -0.7576599, 35.28197
53955415804000, 52.221367, -0.7600037, 35.277966
53955420752000, 52.225887, -0.7609831, 35.275658
53955425815000, 52.2287, -0.76378196, 35.272697
53955430772000, 52.23046, -0.76324934, 35.27161
53955435785000, 52.234306, -0.7607705, 35.273506
53955440790000, 52.234356, -0.7587648, 35.271038
53955445805000, 52.24036, -0.7595299, 35.26915
53955450814000, 52.250122, -0.75951535, 35.26998
53955455830000, 52.25321, -0.75864625, 35.269062
53955460806000, 52.26041, -0.7603922, 35.271126
53955465801000, 52.26472, -0.76361203, 35.271133
53955470829000, 52.264713, -0.76719904, 35.269672
53955475806000, 52.26792, -0.76979756, 35.270206
53955480785000, 52.273838, -0.77461475, 35.274372
53955485784000, 52.28516, -0.7810383, 35.272434
53955490804000, 52.29477, -0.7877087, 35.26791
53955495803000, 52.308067, -0.7979959, 35.26526
53955500813000, 52.31733, -0.8019108, 35.25795
53955505830000, 52.329178, -0.8068657, 35.249107
53955510806000, 52.34267, -0.80783486, 35.24354
53955515802000, 52.35004, -0.80994993, 35.231106
53955520801000, 52.365585, -0.8139238, 35.226303
53955525804000, 52.374825, -0.81644195, 35.21504
53955530803000, 52.38627, -0.81506884, 35.20964
53955535775000, 52.39591, -0.82084084, 35.201176
53955540824000, 52.40328, -0.8226143, 35.19095
53955545805000, 52.410835, -0.82275444, 35.183037
53955550822000, 52.41548, -0.8224743, 35.176155
53955555823000, 52.42725, -0.82201916, 35.168526
53955560810000, 52.435043, -0.82058305, 35.163097
53955565801000, 52.44367, -0.8225272, 35.15558
53955570798000, 52.45336, -0.8200792, 35.15386
53955575795000, 52.461502, -0.8209538, 35.146114
53955580787000, 52.470947, -0.82144284, 35.143944
53955585779000, 52.477818, -0.82840204, 35.13541
53955590803000, 52.48287, -0.8301061, 35.129593
53955595801000, 52.489956, -0.83973265, 35.123604
53955600788000, 52.488724, -0.839713, 35.114204
53955605803000, 52.48989, -0.84243256, 35.110023
53955610809000, 52.486176, -0.84244287, 35.10191
53955615769000, 52.4881, -0.8477717, 35.09877
53955620799000, 52.482784, -0.84396785, 35.089207
53955625746000, 52.48527, -0.8496913, 35.088177
53955630803000, 52.483963, -0.8527933, 35.084896
53955640768000, 52.487385, -0.85591173, 35.079865
53955645726000, 52.49105, -0.85631305, 35.07055
53955650755000, 52.495907, -0.8605209, 35.068333
53955655751000, 52.496082, -0.8624063, 35.060627
53955660774000, 52.49757, -0.86067635, 35.05687
53955665734000, 52.49734, -0.8656416, 35.047253
53955670750000, 52.49903, -0.8705351, 35.043907
53955675734000, 52.491318, -0.87116444, 35.037403
53955680769000, 52.48336, -0.8713095, 35.032608
53955685747000, 52.4765, -0.87804997, 35.033623
53955690827000, 52.467487, -0.87700146, 35.031376
53955695780000, 52.46191, -0.8864829, 35.03268
53955700821000, 52.456543, -0.89158654, 35.032566
53955705821000, 52.4506, -0.8976208, 35.03345
53955710812000, 52.448692, -0.90657043, 35.034546
53955716099000, 52.44231, -0.90589845, 35.029434
53955726147000, 52.43876, -0.91111207, 35.025288
53955730799000, 52.435665, -0.91233426, 35.022907
53955736121000, 52.43217, -0.9155148, 35.018993
53955740805000, 52.42744, -0.9174131, 35.01669
53955745784000, 52.424076, -0.9170186, 35.010548
53955750797000, 52.416473, -0.917033, 35.006104
53955755841000, 52.41212, -0.9142758, 35.00063
53955760813000, 52.40809, -0.91784406, 34.994827
53955765711000, 52.401867, -0.9213528, 34.984085
53955770788000, 52.40184, -0.9227719, 34.97619
53955775731000, 52.402233, -0.92930514, 34.967712
53955780778000, 52.40231, -0.93057996, 34.95799
53955785753000, 52.404545, -0.9377858, 34.94844
53955790807000, 52.40122, -0.9384287, 34.941433
53955795723000, 52.405537, -0.9442934, 34.9343
53955800815000, 52.402695, -0.9485713, 34.929092
53955805807000, 52.400894, -0.9508332, 34.925346
53955810815000, 52.39876, -0.95305765, 34.920982
53955815766000, 52.39602, -0.9553136, 34.915203
53955820799000, 52.400734, -0.9620261, 34.911537
53955825776000, 52.405212, -0.96875036, 34.90608
53955830806000, 52.41166, -0.97696066, 34.900536
53955835782000, 52.418053, -0.98306453, 34.89546
53955840865000, 52.426983, -0.9873493, 34.887833
53955845824000, 52.436325, -0.9900236, 34.881603
53955850822000, 52.446327, -0.9957917, 34.872845
53955855976000, 52.45731, -1.0009621, 34.868748
53955860819000, 52.46752, -1.0100596, 34.861065
53955865796000, 52.477055, -1.0111372, 34.85515
53955870807000, 52.487396, -1.0185218, 34.845394
53955875804000, 52.49549, -1.0221024, 34.83949
53955880782000, 52.50326, -1.0242125, 34.8313
53955885784000, 52.50967, -1.0293348, 34.82379
53955890803000, 52.51741, -1.0317813, 34.830498
53955895805000, 52.515755, -1.0316969, 34.83878
53955900802000, 52.523754, -1.0406604, 34.844513
53955905920000, 52.53208, -1.046666, 34.850918
53955910827000, 52.534084, -1.0499167, 34.86226
53955915800000, 52.535866, -1.0527878, 34.867706
53955920793000, 52.53941, -1.0540242, 34.879715
53955925804000, 52.54215, -1.0613347, 34.88753
53955930796000, 52.541527, -1.0607786, 34.891747
53955935798000, 52.540264, -1.0611765, 34.895264
53955940854000, 52.53794, -1.062647, 34.89918
53955945801000, 52.534824, -1.0631661, 34.901936
53955950812000, 52.530994, -1.062746, 34.901512
53955955897000, 52.52925, -1.0667024, 34.90232
53955960811000, 52.526554, -1.0650765, 34.89969
53955965800000, 52.522964, -1.0672104, 34.898457
53955970778000, 52.524254, -1.0701847, 34.902767
53955975806000, 52.52212, -1.0679867, 34.902725
53955980752000, 52.519203, -1.0678244, 34.90274
53955985785000, 52.51637, -1.0605712, 34.903458
53955990758000, 52.507824, -1.0602509, 34.903904
53955995790000, 52.496914, -1.0478077, 34.904926
53956000751000, 52.493065, -1.0429088, 34.911655
53956005801000, 52.486874, -1.0356916, 34.917736
53956010722000, 52.48249, -1.030024, 34.91972
53956015741000, 52.478046, -1.0237811, 34.921753
53956025776000, 52.47714, -1.0173538, 34.921833
53956030721000, 52.47626, -1.0123045, 34.923153
53956035733000, 52.47932, -1.0132157, 34.92292
53956040785000, 52.47861, -1.0106498, 34.914864
53956045762000, 52.48378, -1.013992, 34.91021
53956050780000, 52.48327, -1.0183913, 34.9012
53956055788000, 52.48689, -1.0218571, 34.89409
53956060985000, 52.49215, -1.0283127, 34.87931
53956065760000, 52.49654, -1.0339401, 34.86402
53956070726000, 52.499, -1.0366223, 34.85356
53956075773000, 52.503723, -1.0402421, 34.839996
53956080763000, 52.504982, -1.0463262, 34.826607
53956085721000, 52.508457, -1.0486479, 34.81517
53956090758000, 52.50594, -1.0493984, 34.812847
53956095763000, 52.5074, -1.0533683, 34.81182
53956100761000, 52.502533, -1.0543419, 34.807816
53956105788000, 52.506706, -1.0582733, 34.807266
53956110719000, 52.507072, -1.0622227, 34.80511
53956115762000, 52.50817, -1.0644513, 34.805088
53956120739000, 52.515488, -1.069943, 34.796326
53956125775000, 52.518032, -1.0720856, 34.787575
53956130927000, 52.5246, -1.0758435, 34.780373
53956135730000, 52.531303, -1.079811, 34.777557
53956140799000, 52.53274, -1.0810543, 34.77084
53956145760000, 52.543545, -1.0850514, 34.76323
53956150780000, 52.547855, -1.0890554, 34.760338
53956155751000, 52.553967, -1.0903723, 34.753586
53956160758000, 52.563114, -1.0951602, 34.74765
53956165761000, 52.57055, -1.1063153, 34.74041
53956170725000, 52.585632, -1.1158742, 34.72761
53956175770000, 52.595364, -1.128819, 34.719517
53956180765000, 52.603397, -1.1360673, 34.709343
53956185745000, 52.61104, -1.147562, 34.694057
53956190761000, 52.61878, -1.1580557, 34.68346
53956195764000, 52.622772, -1.1691594, 34.666916
53956200784000, 52.629074, -1.1774317, 34.651947
53956205831000, 52.636353, -1.1900171, 34.637165
