#Acceleration force along the x y z axes (including gravity).
#timestamp(ns),x,y,z(m/s^2)
#Datetime: 18/05/2015 11:13:44
##########################################
#Activity: 11 - FKL - Front-knees-lying - 10s
#Subject ID: 55
#First Name: sub55
#Last Name: sub55
#Age: 28
#Height(cm): 178
#Weight(kg): 78
#Gender: Male
##########################################

@DATA
163534191000, -0.842759, -9.701305, -2.384625
163735626000, -2.0207062, -6.196194, -5.5258174
163935194000, -1.5514427, -6.205771, -3.821146
164132618000, -3.3135753, -7.1155677, -4.405331
164333556000, -0.7086837, -7.8529816, -0.79487497
164532828000, -4.6351743, -6.9719152, -2.0973208
164733091000, -0.50757074, -2.7006595, -1.3694834
164743249000, -0.25857377, -3.9360676, -0.11492168
164753286000, -0.22984336, -5.3342814, 0.9672575
164763856000, -0.5267244, -6.540959, 2.27928
164774851000, -0.81402856, -7.1634517, 3.8115692
164794323000, -0.095768064, -8.169016, 6.0716953
164804354000, 1.5227122, -8.331821, 8.073248
164814307000, 3.8498764, -6.8091097, 11.664551
164824456000, 6.8282633, -4.1180267, 14.633361
164834812000, 9.825804, -1.2449849, 17.085024
164845860000, 11.492168, 0.038307227, 18.310854
164856201000, 11.176133, -1.13964, 18.92377
164866008000, 9.299079, -3.1028855, 17.717093
164875902000, 7.038953, -4.2999864, 15.524004
164885824000, 4.548983, -4.8458643, 13.263878
164896163000, 2.4612393, -4.8362875, 10.649409
164906323000, 0.8810662, -4.711789, 9.222465
164916036000, -0.37349546, -4.960786, 8.236053
164926355000, -1.3790601, -5.1810527, 8.197746
164937576000, -1.7142484, -4.644751, 8.542512
164946771000, -1.6950948, -3.7253778, 9.11712
164957202000, -1.2162545, -2.633622, 9.844957
164967588000, -0.38307226, -1.7621324, 10.70687
164977076000, 0.8331822, -0.9768343, 11.865664
164987599000, 2.3942018, -0.7086837, 13.311762
164997397000, 4.2904096, -0.06703765, 15.466543
165007999000, 6.6750345, 1.0726024, 17.506403
165018484000, 8.111555, -0.22026655, 19.029116
165038178000, 4.4915223, -3.466804, 16.529568
165048395000, 2.1930888, -4.7884035, 12.11466
165058458000, 0.009576807, -5.6982, 7.575254
165068799000, -1.6472107, -5.861006, 3.9073372
165079153000, -2.7964275, -5.1523223, 1.043872
165089673000, -3.41892, -3.6966474, -0.93852705
165101826000, -3.4093432, -1.8674773, -2.0111294
165111361000, -2.5091233, 0.095768064, -1.9153614
165122039000, -0.93852705, 1.7908629, -1.0630256
165133048000, 0.7182605, 2.9496565, 0.7278373
165143452000, 2.078167, 3.2273839, 2.96881
165152549000, 3.2848446, 3.0358477, 5.161899
165162561000, 4.8267107, 1.4652514, 7.393295
165172932000, 6.6175733, -0.9768343, 12.555194
165182718000, 6.83784, -1.7142484, 16.050728
165193091000, 5.985504, -1.541866, 17.793707
165203845000, 4.7979803, -1.5705963, 18.665197
165213432000, 3.8786068, -1.9919758, 19.10573
165223852000, 3.323152, -2.4708161, 17.669209
165234837000, 2.6527755, -3.9743748, 12.11466
165253923000, 2.2409728, -4.7309427, 8.848969
165264374000, 1.0726024, -5.257667, 4.1946416
165274809000, 0.7565677, -4.8841715, 3.0071173
165284611000, 0.7661445, -4.1659107, 2.9400797
165295560000, 0.9864111, -3.4763808, 3.1411927
165306273000, 1.2737153, -2.9496565, 3.6296098
165316749000, 1.5801731, -2.6431987, 4.501099
165326092000, 1.9057846, -2.5187001, 5.717354
165336190000, 2.2409728, -2.480393, 7.019799
165346365000, 2.566584, -2.5761611, 8.303091
165356938000, 2.8921957, -2.7868507, 9.14585
165368058000, 3.122039, -3.217807, 9.787497
165377606000, 3.2848446, -3.8402996, 10.477027
165387103000, 3.2944214, -4.4819455, 11.128249
165398767000, 3.2369606, -5.1140146, 11.204864
165408008000, 3.0933087, -5.506664, 10.716447
165418873000, 2.7868507, -5.6886234, 9.931149
165428347000, 2.4612393, -5.765238, 8.896853
165438396000, 2.183512, -5.66947, 7.795521
165448788000, 2.0398598, -5.48751, 6.9048777
165458295000, 2.0111294, -5.3342814, 6.3781533
165468909000, 2.0207062, -5.257667, 6.2728086
165479514000, 1.934515, -5.104438, 6.531382
165489595000, 1.9153614, -4.9320555, 6.9719152
165499393000, 1.9632454, -4.8458643, 7.3645644
165510532000, 2.1260512, -4.8841715, 8.0445175
165520469000, 2.2218192, -4.951209, 8.2169
165530533000, 2.2505496, -5.0661306, 8.264784
165541903000, 2.2888567, -5.104438, 8.283937
165552468000, 2.2984335, -5.0661306, 8.341399
165562014000, 2.2697031, -4.9895163, 8.42759
165572193000, 2.2984335, -4.8362875, 8.456321
165582338000, 2.3175871, -4.673482, 8.418014
165592525000, 2.3463178, -4.510676, 8.341399
165602661000, 2.336741, -4.2904096, 8.24563
165612898000, 2.4037786, -4.098873, 8.169016
165623147000, 2.432509, -3.9552212, 8.121132
165633064000, 2.4516625, -3.8881836, 8.073248
165643193000, 2.4899697, -3.8498764, 8.025364
165653885000, 2.5187001, -3.8115692, 7.9966335
165674285000, 2.566584, -3.916914, 8.101978
165685178000, 2.5761611, -3.9743748, 8.178593
165706063000, 2.4612393, -3.9360676, 8.485051
165715598000, 2.4037786, -3.8594532, 8.619126
165726047000, 2.27928, -3.7828386, 8.724471
165746031000, 2.0398598, -3.763685, 8.695741
165756528000, 1.934515, -3.8307228, 8.571242
165766260000, 1.9632454, -3.8977604, 8.513782
165776533000, 1.982399, -3.9360676, 8.418014
165796713000, 2.0494366, -3.9456444, 8.303091
165808030000, 2.1260512, -3.916914, 8.255207
165837174000, 2.3463178, -3.9360676, 8.293514
165847298000, 2.3750482, -3.916914, 8.360553
165857682000, 2.3654714, -3.8498764, 8.379706
165868367000, 2.336741, -3.7828386, 8.39886
165878492000, 2.3175871, -3.7924154, 8.418014
165897803000, 2.183512, -3.8307228, 8.322245
165908027000, 2.1260512, -3.8786068, 8.283937
165918952000, 2.078167, -3.9456444, 8.264784
165928417000, 2.030283, -4.012682, 8.293514
165948416000, 2.0015526, -4.10845, 8.255207
165968881000, 1.982399, -4.1371803, 8.178593
165979324000, 2.0015526, -4.2042184, 8.149862
165989303000, 2.0685902, -4.213795, 8.178593
165999264000, 2.1547816, -4.2042184, 8.226477
166020237000, 2.2601264, -4.10845, 8.360553
166040800000, 2.2409728, -3.9552212, 8.42759
166071303000, 2.2122424, -3.9839516, 8.350976
166080539000, 2.1260512, -4.0318356, 8.226477
166090630000, 2.0207062, -3.9935284, 8.207323
166101133000, 1.982399, -4.050989, 8.226477
166121823000, 1.9536686, -4.050989, 8.312668
166134113000, 1.934515, -4.0701427, 8.379706
166144355000, 1.9536686, -4.0892963, 8.465898
166153612000, 1.9919758, -4.1180267, 8.456321
166164799000, 2.0015526, -4.1659107, 8.513782
166185613000, 1.9919758, -4.1371803, 8.437167
166195546000, 2.030283, -4.10845, 8.39886
166205766000, 2.078167, -4.0797195, 8.322245
166215655000, 2.0494366, -4.0318356, 8.283937
166236141000, 2.030283, -3.9360676, 8.264784
166246180000, 1.9919758, -3.8977604, 8.236053
166256935000, 1.9632454, -3.9264908, 8.2169
166266812000, 1.9440918, -3.9743748, 8.24563
166276544000, 1.934515, -4.003105, 8.322245
166286483000, 1.982399, -4.0414124, 8.331821
166296643000, 1.9728222, -4.050989, 8.293514
166316788000, 1.9057846, -4.156334, 8.2169
166327480000, 1.685518, -4.261679, 8.255207
166347329000, 1.733402, -4.3382936, 8.408437
166357717000, 1.7812861, -4.3957543, 8.475474
166368410000, 1.8195933, -4.3861775, 8.532935
166377857000, 1.8579005, -4.3766007, 8.504205
166388772000, 1.9153614, -4.2904096, 8.456321
166408163000, 1.8674773, -4.1946416, 8.42759
166418906000, 1.8770541, -4.10845, 8.446744
166438624000, 1.8483237, -3.8977604, 8.283937
166458880000, 1.8195933, -3.8881836, 7.9870567
166469111000, 1.8004397, -4.012682, 7.8912888
166490488000, 1.8291701, -4.156334, 8.025364
166499437000, 1.8674773, -4.232949, 8.1402855
166510175000, 1.9632454, -4.261679, 8.274361
166520591000, 2.0590134, -4.2425256, 8.322245
166541712000, 2.1452048, -4.223372, 8.274361
166552616000, 2.1164744, -4.232949, 8.197746
166562269000, 2.1068976, -4.1946416, 8.149862
166582671000, 2.1643584, -4.1276035, 8.159439
166593203000, 2.1452048, -4.1659107, 8.226477
166603354000, 2.078167, -4.232949, 8.331821
166624201000, 1.9440918, -4.1946416, 8.255207
166635608000, 1.8866309, -4.156334, 8.24563
166656334000, 1.8100165, -4.1946416, 8.149862
166665982000, 1.7812861, -4.223372, 8.226477
166676673000, 1.8291701, -4.261679, 8.274361
166686746000, 1.9153614, -4.280833, 8.39886
166696866000, 1.982399, -4.261679, 8.494628
166707277000, 2.078167, -4.185065, 8.561666
166717858000, 2.135628, -4.10845, 8.590396
166727144000, 2.1930888, -4.0318356, 8.561666
166737501000, 2.2601264, -3.9360676, 8.494628
166747336000, 2.27928, -3.8881836, 8.446744
166757728000, 2.327164, -3.8307228, 8.437167
166768962000, 2.3750482, -3.7828386, 8.475474
166778307000, 2.4037786, -3.7253778, 8.494628
166788426000, 2.4516625, -3.715801, 8.39886
166798257000, 2.4420857, -3.7062242, 8.283937
166808300000, 2.384625, -3.6870706, 8.015787
166819009000, 2.2697031, -3.7541082, 7.833828
166829186000, 2.1452048, -3.8307228, 7.795521
166839234000, 2.0494366, -3.9264908, 7.8912888
166849487000, 1.8866309, -4.185065, 8.264784
166860659000, 1.8100165, -4.261679, 8.437167
166871123000, 1.7717092, -4.309563, 8.542512
166880820000, 1.8195933, -4.3478703, 8.532935
166891256000, 1.8004397, -4.357447, 8.513782
166901842000, 1.7812861, -4.3382936, 8.465898
166911922000, 1.7525556, -4.2904096, 8.37013
166922669000, 1.733402, -4.2521024, 8.350976
166934585000, 1.6759412, -4.223372, 8.293514
166944344000, 1.6472107, -4.175488, 8.360553
166954596000, 1.6663644, -4.098873, 8.379706
166964391000, 1.6950948, -4.10845, 8.418014
166974571000, 1.733402, -4.003105, 8.504205
166985582000, 1.8291701, -3.9743748, 8.590396
166995193000, 1.8100165, -3.9456444, 8.6095495
167005310000, 1.8004397, -3.8881836, 8.580819
167015844000, 1.8100165, -3.8786068, 8.513782
167025215000, 1.8387469, -3.8498764, 8.456321
167035337000, 1.8579005, -3.8307228, 8.408437
167045531000, 1.8674773, -3.8594532, 8.312668
167065688000, 1.9440918, -3.9264908, 8.149862
167075520000, 2.0111294, -4.0222588, 8.082825
167085612000, 2.27928, -4.2904096, 8.121132
167095609000, 2.3080103, -4.367024, 8.236053
167105764000, 2.3654714, -4.4340615, 8.312668
167115965000, 2.384625, -4.3957543, 8.408437
167126294000, 2.4133554, -4.357447, 8.465898
167136421000, 2.336741, -4.261679, 8.389283
167146874000, 2.2888567, -4.146757, 8.283937
167157236000, 2.2697031, -4.0414124, 8.207323
167167874000, 2.183512, -3.916914, 8.0924015
167178048000, 2.0973208, -3.8402996, 7.97748
167187242000, 2.030283, -3.8498764, 7.967903
167197375000, 2.0207062, -3.9073372, 8.034941
167207574000, 2.0494366, -3.9552212, 8.073248
167217564000, 2.0685902, -4.0414124, 8.1402855
167227934000, 2.078167, -4.0892963, 8.264784
167237784000, 2.0685902, -4.1276035, 8.350976
167248323000, 2.087744, -4.0797195, 8.39886
167258168000, 2.0685902, -4.060566, 8.42759
167268243000, 2.0590134, -4.0318356, 8.446744
167279154000, 2.078167, -3.9552212, 8.437167
167289367000, 2.087744, -3.9360676, 8.418014
167299311000, 2.0111294, -3.9264908, 8.39886
167309337000, 1.982399, -3.916914, 8.475474
167319428000, 1.8866309, -3.9264908, 8.456321
167329545000, 1.7908629, -3.964798, 8.437167
167341113000, 1.733402, -3.9935284, 8.408437
167350172000, 1.6472107, -4.0222588, 8.360553
167360291000, 1.5514427, -4.0797195, 8.331821
167380544000, 1.532289, -4.2425256, 8.293514
167400988000, 1.5514427, -4.3382936, 8.360553
167411116000, 1.541866, -4.3766007, 8.379706
167421312000, 1.5227122, -4.3957543, 8.360553
167431053000, 1.4939818, -4.3766007, 8.379706
167441833000, 1.5035586, -4.2999864, 8.331821
167452432000, 1.541866, -4.146757, 8.264784
167462139000, 1.6089035, -4.0318356, 8.197746
167472317000, 1.7046716, -3.9264908, 8.1402855
167482127000, 1.8291701, -3.8402996, 8.082825
167492219000, 1.9249382, -3.8498764, 8.063671
167512404000, 2.087744, -3.8786068, 8.169016
167522550000, 2.1643584, -3.8977604, 8.159439
167534719000, 2.183512, -3.9552212, 8.169016
167553877000, 2.1643584, -4.1276035, 8.293514
167564048000, 2.0685902, -4.2042184, 8.39886
167574418000, 2.0111294, -4.2425256, 8.494628
167585348000, 1.9440918, -4.271256, 8.590396
167594464000, 1.8674773, -4.31914, 8.628703
167604872000, 1.7812861, -4.3766007, 8.66701
167615215000, 1.7429788, -4.4723687, 8.686164
167625096000, 1.6376339, -4.548983, 8.647857
167635258000, 1.6280571, -4.596867, 8.571242
167645477000, 1.5610195, -4.6160207, 8.523358
167655745000, 1.4652514, -4.5777135, 8.446744
167666145000, 1.3599066, -4.510676, 8.465898
167675513000, 1.2162545, -4.414908, 8.513782
167686256000, 0.9576807, -4.2904096, 8.456321
167705938000, 0.93852705, -4.232949, 8.274361
167716195000, 1.091756, -4.213795, 8.149862
167726767000, 1.2641385, -4.1659107, 8.034941
167736476000, 1.4556746, -4.10845, 7.920019
167746315000, 1.6089035, -4.0414124, 7.8625584
167756623000, 1.7908629, -3.9935284, 7.795521
167766379000, 1.9728222, -3.8977604, 7.8050976
167776865000, 2.0685902, -3.8402996, 7.8625584
167786936000, 2.1739352, -3.8498764, 7.9966335
167797061000, 2.2218192, -3.86903, 8.255207
167807390000, 2.231396, -3.9360676, 8.456321
167818038000, 2.2218192, -4.0414124, 8.561666
167828256000, 2.1739352, -4.146757, 8.686164
167837486000, 2.0973208, -4.223372, 8.772355
167847610000, 2.0015526, -4.261679, 8.781932
167857984000, 1.8866309, -4.309563, 8.7053175
167868653000, 1.8004397, -4.31914, 8.571242
167878219000, 1.6950948, -4.2999864, 8.456321
167888136000, 1.5705963, -4.2521024, 8.389283
167898246000, 1.5227122, -4.2042184, 8.379706
167930502000, 1.3982137, -4.1946416, 8.66701
167940961000, 1.3503298, -4.213795, 8.772355
167950774000, 1.3311762, -4.232949, 8.791509
167961130000, 1.3215994, -4.223372, 8.714894
167970697000, 1.3599066, -4.213795, 8.542512
168002127000, 1.4652514, -4.232949, 8.054094
168012054000, 1.5131354, -4.309563, 8.063671
168032395000, 1.7525556, -4.2999864, 8.159439
168042500000, 1.8770541, -4.309563, 8.197746
168082796000, 2.1068976, -4.185065, 8.226477
168093057000, 2.0590134, -4.156334, 8.169016
168103081000, 1.9728222, -4.1371803, 8.034941
168113196000, 1.8866309, -4.175488, 7.9966335
168123398000, 1.8291701, -4.1946416, 7.929596
168143925000, 1.7429788, -4.367024, 7.97748
168153774000, 1.7908629, -4.453215, 8.0924015
168164177000, 1.7525556, -4.510676, 8.1402855
168174571000, 1.7621324, -4.5298295, 8.283937
168184878000, 1.7525556, -4.4915223, 8.39886
168195324000, 1.733402, -4.4244847, 8.465898
168205866000, 1.7046716, -4.3478703, 8.485051
168216185000, 1.7429788, -4.309563, 8.465898
168226310000, 1.7525556, -4.261679, 8.389283
168246396000, 1.9057846, -4.309563, 8.456321
168256408000, 1.9919758, -4.367024, 8.552089
168266334000, 2.0685902, -4.4340615, 8.6574335
168276354000, 2.1930888, -4.5202527, 8.724471
168296612000, 2.1739352, -4.548983, 8.6574335
168307131000, 1.9249382, -4.4340615, 8.504205
168317049000, 1.8004397, -4.31914, 8.264784
168326704000, 1.6472107, -4.213795, 7.9583263
168336962000, 1.541866, -4.0797195, 7.690176
168346944000, 1.5131354, -3.9264908, 7.441179
168357154000, 1.541866, -3.8115692, 7.2592196
168367097000, 1.5993267, -3.8307228, 7.1347213
168377203000, 1.6663644, -3.9552212, 7.1730285
168387512000, 1.7238252, -4.060566, 7.3549876
168397731000, 1.8004397, -4.185065, 7.680599
168408044000, 1.8195933, -4.3287168, 8.025364
168417981000, 1.8004397, -4.4915223, 8.418014
168428290000, 1.7812861, -4.596867, 8.734048
168438176000, 1.7046716, -4.7022123, 8.944737
168449087000, 1.6184803, -4.7500963, 9.040505
168458952000, 1.4652514, -4.76925, 9.002198
168469050000, 1.340753, -4.7022123, 8.810662
168478988000, 1.3024458, -4.6926355, 8.628703
168489273000, 1.283292, -4.663905, 8.37013
168499521000, 1.3790601, -4.5777135, 8.149862
168509876000, 1.5610195, -4.501099, 7.97748
168520716000, 1.7142484, -4.4436383, 7.872135
168530466000, 1.8770541, -4.357447, 7.785944
168541872000, 2.0494366, -4.232949, 7.73806
168551400000, 2.1930888, -4.10845, 7.843405
168561477000, 2.2984335, -4.0222588, 7.833828
168571615000, 2.327164, -3.9935284, 7.9487495
168581578000, 2.336741, -4.012682, 7.97748
168591678000, 2.231396, -4.050989, 8.034941
168602390000, 2.1643584, -4.357447, 8.283937
168611870000, 2.0590134, -4.5681367, 8.437167
168622072000, 1.9919758, -4.721366, 8.6574335
168631849000, 1.9728222, -4.807557, 8.848969
168642213000, 1.8962077, -4.7788267, 8.944737
168652140000, 1.7717092, -4.6351743, 8.954314
168662177000, 1.5897499, -4.4723687, 8.839393
168672807000, 1.4173675, -4.2425256, 8.571242
168682340000, 1.2737153, -3.9264908, 8.303091
168692704000, 1.1683705, -3.6296098, 8.015787
168702714000, 1.091756, -3.371036, 7.776367
168712629000, 1.1109096, -3.2465374, 7.6231384
168722860000, 1.1779473, -3.1986535, 7.632715
168735059000, 1.2737153, -3.2944214, 7.785944
168745127000, 1.3694834, -3.5051112, 7.9870567
168755324000, 1.4173675, -3.8115692, 8.236053
168765212000, 1.4652514, -4.156334, 8.542512
168775305000, 1.5514427, -4.453215, 8.820239
168785464000, 1.5897499, -4.644751, 9.078813
168795778000, 1.6567876, -4.7884035, 9.193734
168815770000, 1.685518, -4.8362875, 9.050082
168825880000, 1.6663644, -4.7500963, 8.810662
168836443000, 1.6184803, -4.6160207, 8.485051
168845964000, 1.5705963, -4.453215, 8.149862
168856365000, 1.6184803, -4.271256, 7.872135
168866337000, 1.685518, -4.0701427, 7.6710224
168876485000, 1.7621324, -3.9073372, 7.5944076
168886604000, 1.8100165, -3.8402996, 7.680599
168896715000, 1.8579005, -3.8307228, 7.824251
168907085000, 1.8674773, -3.8786068, 8.274361
168916897000, 1.8483237, -4.10845, 8.42759
168927088000, 1.8387469, -4.185065, 8.504205
168937161000, 1.7621324, -4.309563, 8.532935
168947435000, 1.7429788, -4.4340615, 8.552089
168968286000, 1.6950948, -4.6160207, 8.513782
168977835000, 1.6567876, -4.6255975, 8.504205
168998213000, 1.6280571, -4.453215, 8.408437
169008313000, 1.6567876, -4.3287168, 8.331821
169018368000, 1.6184803, -4.2042184, 8.197746
169038403000, 1.6472107, -4.0701427, 8.111555
169048527000, 1.6663644, -4.0414124, 8.207323
169069433000, 1.6759412, -4.098873, 8.2169
169079130000, 1.7046716, -4.1371803, 8.24563
169088930000, 1.7142484, -4.2042184, 8.293514
169098959000, 1.7238252, -4.2521024, 8.37013
169109276000, 1.7046716, -4.357447, 8.418014
169119168000, 1.6663644, -4.3766007, 8.494628
169139381000, 1.685518, -4.4819455, 8.465898
169160523000, 1.7238252, -4.4436383, 8.408437
169170808000, 1.7621324, -4.414908, 8.360553
169180717000, 1.7908629, -4.3861775, 8.283937
169201023000, 1.8291701, -4.280833, 8.24563
169221370000, 1.8483237, -4.146757, 8.226477
169231376000, 1.8291701, -4.1180267, 8.236053
169241869000, 1.8579005, -4.0892963, 8.226477
169252162000, 1.8866309, -4.012682, 8.24563
169271812000, 1.8962077, -3.9552212, 8.274361
169282016000, 1.8866309, -3.9264908, 8.236053
169292073000, 1.8579005, -3.9552212, 8.24563
169302175000, 1.8291701, -3.9935284, 8.283937
169312532000, 1.7621324, -4.060566, 8.293514
169322443000, 1.733402, -4.213795, 8.350976
169334684000, 1.6472107, -4.414908, 8.37013
169344878000, 1.5897499, -4.596867, 8.39886
169355522000, 1.5610195, -4.76925, 8.494628
169365585000, 1.5035586, -4.8362875, 8.504205
169375676000, 1.484405, -4.7788267, 8.475474
169385751000, 1.5131354, -4.644751, 8.37013
169395988000, 1.5897499, -4.4436383, 8.293514
169406068000, 1.6567876, -4.2521024, 8.1881695
169416274000, 1.733402, -4.10845, 8.169016
169426391000, 1.7525556, -4.0318356, 8.149862
169436822000, 1.8004397, -3.9935284, 8.1402855
169446494000, 1.7908629, -4.003105, 8.130709
169457073000, 1.7621324, -4.060566, 8.178593
169466494000, 1.7812861, -4.1180267, 8.1881695
169477217000, 1.7908629, -4.1659107, 8.274361
169487291000, 1.8004397, -4.213795, 8.24563
169507744000, 1.8962077, -4.2999864, 8.197746
169527703000, 1.8483237, -4.2521024, 8.283937
169537797000, 1.8004397, -4.261679, 8.303091
169547940000, 1.7429788, -4.2904096, 8.389283
169569000000, 1.7621324, -4.3766007, 8.475474
169578578000, 1.7812861, -4.414908, 8.485051
169588545000, 1.8100165, -4.4723687, 8.494628
169608847000, 1.7621324, -4.453215, 8.360553
169619404000, 1.7429788, -4.367024, 8.274361
169629236000, 1.7717092, -4.261679, 8.2169
169639633000, 1.7908629, -4.1946416, 8.073248
169649250000, 1.8579005, -4.1371803, 8.025364
169670674000, 1.8483237, -4.1371803, 7.97748
169680875000, 1.8291701, -4.1946416, 8.0445175
169691249000, 1.8195933, -4.309563, 8.063671
169701775000, 1.8004397, -4.367024, 8.169016
169711665000, 1.7046716, -4.453215, 8.149862
169746423000, 1.6567876, -4.453215, 8.159439
169756840000, 1.6472107, -4.3766007, 8.149862
169776734000, 1.6567876, -4.2999864, 8.178593
169786814000, 1.7046716, -4.309563, 8.207323
169807310000, 1.685518, -4.232949, 8.283937
169817199000, 1.6663644, -4.2425256, 8.331821
169827272000, 1.6376339, -4.2042184, 8.293514
169837324000, 1.6089035, -4.213795, 8.303091
169847696000, 1.5897499, -4.175488, 8.322245
169868451000, 1.6376339, -4.232949, 8.389283
169877905000, 1.6759412, -4.261679, 8.408437
169908194000, 1.6663644, -4.280833, 8.42759
169919062000, 1.6950948, -4.2904096, 8.408437
169929211000, 1.7046716, -4.31914, 8.389283
169949141000, 1.6663644, -4.3287168, 8.312668
169959244000, 1.6280571, -4.3382936, 8.236053
169969832000, 1.6376339, -4.3766007, 8.149862
169990395000, 1.6950948, -4.31914, 8.00621
170010861000, 1.8291701, -4.2425256, 7.97748
170020950000, 1.9249382, -4.2042184, 8.034941
170030956000, 1.9632454, -4.232949, 8.082825
170041055000, 1.9919758, -4.2521024, 8.149862
170051247000, 1.9728222, -4.309563, 8.207323
170061243000, 1.934515, -4.3287168, 8.1881695
170072277000, 1.8962077, -4.3957543, 8.197746
170081300000, 1.8674773, -4.357447, 8.236053
170091458000, 1.8770541, -4.3766007, 8.226477
170101947000, 1.8962077, -4.3861775, 8.2169
170111539000, 1.8483237, -4.3287168, 8.24563
170122503000, 1.7908629, -4.309563, 8.312668
170133908000, 1.7717092, -4.3287168, 8.331821
170143377000, 1.733402, -4.357447, 8.418014
170153000000, 1.7046716, -4.405331, 8.475474
170164451000, 1.685518, -4.357447, 8.532935
170174035000, 1.6663644, -4.3861775, 8.485051
170183922000, 1.7046716, -4.3478703, 8.42759
170204281000, 1.685518, -4.1946416, 8.226477
170214314000, 1.6567876, -4.1659107, 8.178593
170224450000, 1.685518, -4.10845, 8.121132
170235279000, 1.6950948, -4.0892963, 8.111555
170245416000, 1.7142484, -4.1276035, 8.1402855
170254812000, 1.7525556, -4.1371803, 8.169016
170265119000, 1.8004397, -4.185065, 8.255207
170308742000, 1.7908629, -4.309563, 8.331821
170318712000, 1.7525556, -4.3382936, 8.226477
170339441000, 1.733402, -4.3478703, 8.073248
170370693000, 1.8195933, -4.3382936, 8.149862
170380546000, 1.8100165, -4.2999864, 8.178593
170391265000, 1.8195933, -4.2904096, 8.1881695
170401119000, 1.8100165, -4.261679, 8.24563
170411097000, 1.7908629, -4.2425256, 8.293514
170431330000, 1.7429788, -4.2521024, 8.37013
170441966000, 1.733402, -4.232949, 8.360553
170451591000, 1.7238252, -4.223372, 8.37013
170492090000, 1.8291701, -4.271256, 8.236053
170501790000, 1.8100165, -4.280833, 8.255207
170511956000, 1.8387469, -4.261679, 8.24563
170521922000, 1.8579005, -4.2521024, 8.264784
170533700000, 1.8291701, -4.2999864, 8.255207
170542817000, 1.8195933, -4.2425256, 8.236053
170552901000, 1.8004397, -4.223372, 8.264784
170563179000, 1.8387469, -4.2521024, 8.236053
170573440000, 1.8866309, -4.223372, 8.264784
170583285000, 1.8770541, -4.2425256, 8.2169
170593953000, 1.8195933, -4.280833, 8.24563
170625590000, 1.733402, -4.309563, 8.197746
170645441000, 1.7812861, -4.309563, 8.236053
170655767000, 1.7621324, -4.2999864, 8.255207
170665529000, 1.7717092, -4.309563, 8.236053
170676032000, 1.7429788, -4.2999864, 8.24563
170685855000, 1.733402, -4.2904096, 8.255207
170696094000, 1.7429788, -4.31914, 8.178593
170706293000, 1.7046716, -4.280833, 8.149862
170729916000, 1.6950948, -4.2521024, 8.226477
170749161000, 1.733402, -4.280833, 8.255207
170759315000, 1.7525556, -4.2999864, 8.303091
170769476000, 1.7238252, -4.2904096, 8.350976
170779888000, 1.6950948, -4.261679, 8.37013
170800118000, 1.6759412, -4.213795, 8.39886
170820213000, 1.6759412, -4.1946416, 8.341399
170830445000, 1.6950948, -4.223372, 8.331821
170841767000, 1.7046716, -4.213795, 8.293514
170851287000, 1.6950948, -4.2425256, 8.283937
170871570000, 1.6759412, -4.309563, 8.24563
170881649000, 1.685518, -4.31914, 8.1881695
170901800000, 1.6567876, -4.2904096, 8.0924015
170912118000, 1.6472107, -4.280833, 8.121132
170934167000, 1.5801731, -4.2521024, 8.197746
170944135000, 1.5227122, -4.261679, 8.264784
170954361000, 1.5131354, -4.2999864, 8.322245
170964460000, 1.532289, -4.3287168, 8.341399
170975483000, 1.5897499, -4.3957543, 8.389283
170985660000, 1.6376339, -4.367024, 8.379706
171006021000, 1.6472107, -4.309563, 8.360553
171025913000, 1.6184803, -4.280833, 8.303091
171046403000, 1.5993267, -4.175488, 8.293514
171056510000, 1.5897499, -4.185065, 8.283937
171066271000, 1.541866, -4.2042184, 8.303091
171096103000, 1.5610195, -4.1946416, 8.379706
171106247000, 1.541866, -4.185065, 8.37013
171126500000, 1.5801731, -4.146757, 8.350976
171136459000, 1.5705963, -4.156334, 8.379706
171146846000, 1.5801731, -4.232949, 8.437167
171157062000, 1.5993267, -4.261679, 8.42759
171167101000, 1.6089035, -4.2521024, 8.446744
171177226000, 1.6663644, -4.232949, 8.379706
171197625000, 1.6089035, -4.213795, 8.341399
171217914000, 1.5514427, -4.213795, 8.331821
171228079000, 1.5227122, -4.223372, 8.303091
171238099000, 1.5131354, -4.2521024, 8.312668
171258549000, 1.484405, -4.271256, 8.379706
171269033000, 1.532289, -4.280833, 8.408437
171279436000, 1.541866, -4.2904096, 8.389283
171289475000, 1.5897499, -4.261679, 8.37013
171299425000, 1.6280571, -4.271256, 8.360553
171319835000, 1.8004397, -4.213795, 8.178593
171330491000, 1.7717092, -4.2425256, 8.2169
171341278000, 1.7908629, -4.213795, 8.274361
171350627000, 1.8004397, -4.232949, 8.197746
171370902000, 1.8387469, -4.2425256, 8.178593
171391416000, 1.7717092, -4.232949, 8.24563
171401085000, 1.6950948, -4.213795, 8.283937
171411220000, 1.6280571, -4.2425256, 8.255207
171421352000, 1.6184803, -4.261679, 8.283937
171441715000, 1.5227122, -4.261679, 8.293514
171472010000, 1.5705963, -4.271256, 8.350976
171481856000, 1.6089035, -4.223372, 8.418014
171492227000, 1.6567876, -4.1946416, 8.389283
171512398000, 1.8100165, -4.223372, 8.39886
171534253000, 1.7908629, -4.2521024, 8.446744
171544513000, 1.7621324, -4.261679, 8.37013
171553706000, 1.685518, -4.232949, 8.331821
171563781000, 1.6184803, -4.2521024, 8.236053
171574081000, 1.6089035, -4.232949, 8.159439
171583886000, 1.532289, -4.213795, 8.111555
171594126000, 1.4460979, -4.156334, 8.149862
171604234000, 1.4173675, -4.1659107, 8.207323
171614336000, 1.3503298, -4.156334, 8.197746
171625154000, 1.2354081, -4.1946416, 8.322245
171644839000, 1.1204864, -4.414908, 8.475474
171655195000, 1.091756, -4.5394063, 8.561666
171665107000, 0.9768343, -4.548983, 8.6574335
171675385000, 0.90979666, -4.4819455, 8.590396
171685261000, 0.8331822, -4.357447, 8.513782
171705604000, 0.92895025, -4.0892963, 8.341399
171715561000, 1.0821792, -4.060566, 8.283937
171735930000, 1.388637, -4.175488, 8.331821
171746124000, 1.5610195, -4.2521024, 8.379706
171756165000, 1.6759412, -4.3382936, 8.37013
171766070000, 1.7812861, -4.3766007, 8.341399
171786255000, 1.7621324, -4.31914, 8.312668
171806531000, 1.733402, -4.213795, 8.274361
171816719000, 1.7621324, -4.146757, 8.283937
171836762000, 1.7621324, -4.2042184, 8.331821
171846900000, 1.8004397, -4.261679, 8.303091
171857121000, 1.8100165, -4.31914, 8.341399
171867133000, 1.7717092, -4.3382936, 8.360553
171877259000, 1.7142484, -4.3478703, 8.341399
171887384000, 1.6663644, -4.3287168, 8.312668
171897614000, 1.5705963, -4.31914, 8.24563
171907999000, 1.5227122, -4.309563, 8.169016
171917733000, 1.532289, -4.3766007, 8.207323
171927910000, 1.5993267, -4.3957543, 8.274361
171937992000, 1.6567876, -4.462792, 8.283937
171948245000, 1.7429788, -4.4340615, 8.341399
171958476000, 1.7812861, -4.414908, 8.312668
171968998000, 1.8387469, -4.357447, 8.293514
171979319000, 1.8962077, -4.3382936, 8.283937
171989085000, 1.9249382, -4.2999864, 8.226477
171999566000, 2.087744, -4.185065, 8.1402855
172009880000, 2.1643584, -4.1276035, 8.121132
172020719000, 2.231396, -4.098873, 8.101978
172030533000, 2.2888567, -4.1180267, 8.111555
172041219000, 2.3463178, -4.156334, 8.159439
172051017000, 2.384625, -4.1946416, 8.149862
172061277000, 2.3080103, -4.261679, 8.159439
172071501000, 2.231396, -4.3287168, 8.0924015
172092135000, 2.1068976, -4.4915223, 8.063671
172102220000, 2.0207062, -4.510676, 7.97748
172121617000, 1.8962077, -4.5298295, 8.00621
172133482000, 1.8387469, -4.4915223, 8.0445175
172142654000, 1.8004397, -4.462792, 8.0924015
172152653000, 1.8100165, -4.4340615, 8.178593
172163030000, 1.8004397, -4.405331, 8.274361
172173056000, 1.7621324, -4.357447, 8.312668
172183931000, 1.7525556, -4.31914, 8.350976
172193231000, 1.733402, -4.280833, 8.418014
172203276000, 1.7046716, -4.2999864, 8.37013
172214011000, 1.6663644, -4.2904096, 8.312668
172224710000, 1.685518, -4.2521024, 8.293514
172245558000, 1.7525556, -4.2904096, 8.197746
172276012000, 1.7621324, -4.3478703, 8.111555
172286029000, 1.7525556, -4.357447, 8.121132
172295493000, 1.7238252, -4.3478703, 8.111555
172306095000, 1.6567876, -4.3382936, 8.130709
172326269000, 1.6280571, -4.3478703, 8.130709
172335919000, 1.5897499, -4.357447, 8.1402855
172356167000, 1.5705963, -4.3861775, 8.1881695
172376183000, 1.5514427, -4.4436383, 8.1881695
172406690000, 1.5993267, -4.462792, 8.101978
172416732000, 1.6376339, -4.4436383, 8.111555
172426755000, 1.6184803, -4.4819455, 8.1402855
172446890000, 1.7046716, -4.4436383, 8.226477
172457074000, 1.733402, -4.3861775, 8.207323
172467125000, 1.7429788, -4.405331, 8.255207
172477263000, 1.7621324, -4.3957543, 8.207323
172487333000, 1.7717092, -4.357447, 8.255207
172497483000, 1.8387469, -4.3287168, 8.236053
172507731000, 1.8100165, -4.3382936, 8.226477
172517684000, 1.7908629, -4.3287168, 8.255207
172527809000, 1.7717092, -4.2999864, 8.2169
172537918000, 1.7812861, -4.2904096, 8.207323
172568947000, 1.7908629, -4.309563, 8.169016
172579217000, 1.8387469, -4.280833, 8.226477
172598608000, 1.8579005, -4.3287168, 8.255207
172608886000, 1.8483237, -4.309563, 8.264784
172629830000, 1.8004397, -4.309563, 8.283937
172641040000, 1.8291701, -4.31914, 8.293514
172701337000, 1.7717092, -4.309563, 8.283937
172723458000, 1.7429788, -4.3382936, 8.303091
172733344000, 1.6950948, -4.309563, 8.322245
172754066000, 1.733402, -4.31914, 8.236053
172784222000, 1.7717092, -4.280833, 8.24563
172794323000, 1.7908629, -4.2999864, 8.255207
172814575000, 1.7429788, -4.31914, 8.255207
172825212000, 1.7717092, -4.280833, 8.236053
172835876000, 1.7812861, -4.31914, 8.178593
172845151000, 1.7429788, -4.367024, 8.130709
172855292000, 1.7525556, -4.3861775, 8.178593
172865205000, 1.7908629, -4.3766007, 8.197746
172875812000, 1.7621324, -4.31914, 8.1881695
172896097000, 1.733402, -4.31914, 8.236053
172906385000, 1.7812861, -4.2999864, 8.2169
172916206000, 1.8004397, -4.280833, 8.207323
172926606000, 1.7717092, -4.271256, 8.236053
172946192000, 1.7142484, -4.2904096, 8.293514
172956580000, 1.7046716, -4.261679, 8.283937
