#Acceleration force along the x y z axes (including gravity).
#timestamp(ns),x,y,z(m/s^2)
#Datetime: 14/05/2015 16:16:14
##########################################
#Activity: 9 - CSO - Car Step-out - 6s
#Subject ID: 52
#First Name: sub52
#Last Name: sub52
#Age: 20
#Height(cm): 179
#Weight(kg): 79
#Gender: Male
##########################################

@DATA
4743374161000, 9.241618, 0.019153614, -3.7253778
4743775236000, 9.279925, 0.047884032, -3.667917
4743975250000, 9.078813, 0.038307227, -3.7732618
4744175699000, 9.509769, 0.076614454, -3.4572272
4744374669000, 9.77792, -0.80445176, -3.5529952
4744575638000, 8.274361, 2.72939, -2.4612393
4744775865000, 6.339846, 6.435614, -1.8962077
4744975670000, 9.730036, -2.1547816, -3.8402996
4744986671000, 11.731588, -2.5570073, -3.514688
4744996272000, 12.191275, -2.078167, -2.1260512
4745006194000, 11.60709, -1.7525556, -2.1452048
4745016332000, 11.224017, -1.5610195, -2.5378537
4745026197000, 11.109096, -1.2066777, -2.566584
4745036264000, 10.927136, -0.7278373, -2.480393
4745046240000, 10.716447, -0.6607997, -2.030283
4745066386000, 10.745177, 0.15322891, -2.8921957
4745076500000, 10.984597, 0.06703765, -3.9743748
4745087493000, 10.840945, -1.8962077, -4.10845
4745096981000, 10.5440645, -2.9496565, -3.7541082
4745106901000, 10.266336, -3.3327289, -3.5817258
4745117293000, 9.931149, -3.1507695, -3.7828386
4745127090000, 9.509769, -2.6623523, -3.7732618
4745137217000, 9.002198, -2.3080103, -3.8019924
4745147312000, 8.418014, -2.336741, -3.7732618
4745167868000, 7.8050976, -2.7389667, -3.8402996
4745177925000, 7.8625584, -2.8921957, -3.916914
4745188250000, 8.101978, -3.074155, -4.003105
4745198528000, 8.331821, -2.72939, -4.050989
4745209116000, 8.379706, -2.2409728, -3.9264908
4745219096000, 8.446744, -2.0398598, -3.7349546
4745229617000, 8.331821, -2.1739352, -3.6391866
4745240260000, 8.1402855, -2.432509, -3.6966474
4745251456000, 8.015787, -2.681506, -3.7541082
4745261197000, 8.054094, -2.8634653, -4.0701427
4745271195000, 8.178593, -2.9400797, -4.3382936
4745302440000, 8.073248, -3.083732, -5.267244
4745311446000, 7.881712, -3.1603463, -5.5162406
4745321398000, 7.6710224, -3.2369606, -5.717354
4745331609000, 7.7572136, -3.5242648, -5.4204726
4745342099000, 7.833828, -3.4476504, -5.046977
4745351637000, 8.025364, -3.4763808, -4.7979803
4745361754000, 8.264784, -3.5529952, -4.596867
4745371811000, 8.475474, -3.5817258, -4.5298295
4745381967000, 8.6095495, -3.9456444, -4.2521024
4745392434000, 8.571242, -4.3957543, -3.8498764
4745402412000, 8.619126, -4.3478703, -3.4955344
4745412438000, 8.772355, -3.7732618, -3.3518825
4745422842000, 8.686164, -3.2944214, -3.2369606
4745432925000, 8.647857, -3.3997664, -2.834735
4745443084000, 8.676587, -3.8977604, -2.8921957
4745455758000, 8.686164, -4.5298295, -2.9400797
4745465082000, 8.810662, -4.721366, -2.7964275
4745475485000, 8.973468, -4.654328, -2.6431987
4745486135000, 9.030929, -4.405331, -2.3654714
4745495939000, 9.14585, -4.2521024, -2.384625
4745506097000, 9.375694, -4.4723687, -2.8634653
4745516158000, 9.605537, -4.6926355, -3.1794999
4745526217000, 9.902418, -4.951209, -3.0358477
4745536130000, 10.036493, -5.0661306, -3.3135753
4745546275000, 10.28549, -5.142745, -3.5529952
4745556762000, 10.505757, -5.257667, -3.6583402
4745566645000, 10.783484, -5.363012, -3.6391866
4745576520000, 10.927136, -5.5641246, -3.6774938
4745586788000, 10.994174, -5.889736, -3.8498764
4745596869000, 11.080365, -6.0238113, -3.667917
4745606981000, 11.118672, -6.3111157, -3.5434184
4745617371000, 11.070788, -6.789956, -3.3327289
4745627172000, 10.67814, -7.1347213, -3.2369606
4745637312000, 10.0748005, -7.4028716, -3.1411927
4745648121000, 9.136273, -7.249643, -3.1028855
4745657686000, 8.992621, -7.1826053, -3.2465374
4745667941000, 8.887277, -7.0102224, -3.3518825
4745677950000, 8.695741, -6.789956, -3.5625722
4745688015000, 8.39886, -6.7708025, -3.620033
4745698797000, 7.9870567, -6.6654577, -3.7541082
4745709051000, 7.967903, -6.397307, -3.5434184
4745730091000, 7.9870567, -5.746084, -3.371036
4745739222000, 7.8146744, -5.8226986, -2.7006595
4745750329000, 7.517793, -5.851429, -2.72939
4745759578000, 7.201759, -5.583278, -2.9113493
4745769835000, 6.991069, -5.2480903, -2.7964275
4745779833000, 6.895301, -4.9224787, -2.6623523
4745790266000, 6.6750345, -4.663905, -2.9592333
4745800694000, 6.5505357, -4.3478703, -3.0262709
4745811963000, 6.4068837, -4.146757, -3.0454245
4745821028000, 6.196194, -4.0797195, -3.2465374
4745831114000, 5.8705826, -4.1180267, -3.6296098
4745842135000, 5.45878, -4.10845, -3.9073372
4745851667000, 5.0374002, -4.232949, -4.098873
4745863169000, 4.6926355, -4.4436383, -4.2042184
4745872345000, 4.3766007, -4.6160207, -4.2999864
4745882574000, 3.9839516, -4.8362875, -4.5202527
4745892359000, 3.7924154, -5.2289367, -4.6351743
4745902959000, 3.6008794, -5.90889, -4.501099
4745912622000, 3.4284968, -6.83784, -4.012682
4745922867000, 3.2752678, -7.8912888, -3.6583402
4745933335000, 3.2369606, -8.887277, -3.3614593
4745943367000, 3.3806129, -9.615114, -3.0933087
4745954171000, 3.5242648, -9.471462, -3.122039
4745964120000, 3.7062242, -8.992621, -3.1124623
4745975597000, 3.9360676, -8.360553, -3.122039
4745985194000, 4.156334, -7.73806, -3.1603463
4745995922000, 4.223372, -7.240066, -3.169923
4746005946000, 4.175488, -6.885724, -3.2944214
4746016126000, 4.271256, -6.7229185, -3.4763808
4746025580000, 4.367024, -6.742072, -3.3806129
4746035592000, 4.462792, -6.9144545, -3.4380736
4746046795000, 4.4723687, -7.029376, -3.3614593
4746055883000, 4.3478703, -7.1730285, -3.41892
4746066475000, 3.9935284, -7.28795, -3.9264908
4746076570000, 3.7445314, -7.383718, -4.261679
4746086199000, 3.7732618, -7.4507556, -4.2521024
4746096476000, 3.8881836, -7.5465236, -3.9456444
4746106401000, 4.012682, -7.632715, -3.3901896
4746116675000, 3.8402996, -7.6135616, -3.169923
4746126635000, 3.4093432, -7.3166804, -3.0454245
4746136969000, 3.083732, -6.991069, -2.8060043
4746147189000, 2.873042, -6.4164605, -2.585738
4746156925000, 2.336741, -6.0621185, -2.9400797
4746167304000, 1.7812861, -6.742072, -3.2369606
4746177206000, 1.8674773, -8.255207, -3.7732618
4746187677000, 2.3558946, -9.672575, -3.3135753
4746197815000, 2.5474305, -10.5440645, -2.327164
4746207985000, 2.087744, -10.7356, -1.1300632
4746218471000, 1.4556746, -10.390836, -0.5554548
4746229083000, 1.2545617, -9.155427, -0.6607997
4746238737000, 1.532289, -8.676587, -0.6895301
4746258430000, 2.3463178, -8.6574335, -0.38307226
4746268549000, 2.7389667, -8.8777, -0.12449849
4746278744000, 2.9879637, -9.184157, 0.19153613
4746289136000, 2.8634653, -9.356541, 0.40222588
4746299220000, 2.4995465, -9.385271, 0.5650316
4746310280000, 1.982399, -9.165004, 0.80445176
4746319177000, 1.4652514, -8.954314, 1.0151415
4746329439000, 1.0534488, -8.781932, 1.2162545
4746339859000, 0.641646, -8.734048, 0.9672575
4746350353000, 0.22026655, -9.040505, 0.60333884
4746360501000, 0.0, -9.56723, 0.37349546
4746370778000, -0.095768064, -10.01734, -0.32561144
4746380299000, -0.39264908, -10.180145, -1.1300632
4746390962000, -0.7086837, -9.864111, -1.4173675
4746401241000, -0.9672575, -9.404425, -1.2545617
4746410692000, -1.0247183, -8.887277, -0.6895301
4746420559000, -1.1109096, -8.571242, -0.39264908
4746430701000, -1.0821792, -8.858546, 0.06703765
4746440784000, -0.9864111, -9.576807, 0.62249243
4746451369000, -0.7278373, -10.199299, 0.7661445
4746461365000, -0.48841715, -10.70687, 0.842759
4746471172000, -0.21068975, -11.042058, 0.92895025
4746481250000, 0.16280572, -10.955867, 1.1683705
4746491256000, 0.6991069, -10.754754, 1.4652514
4746501410000, 1.2449849, -10.486604, 1.7238252
4746512126000, 1.8195933, -10.132261, 2.078167
4746521474000, 2.2218192, -9.950302, 2.3463178
4746531569000, 2.480393, -9.32781, 1.9249382
4746541823000, 2.777274, -8.916007, 2.2601264
4746552079000, 2.920926, -8.791509, 2.7006595
4746562760000, 3.064578, -8.8777, 2.6623523
4746572189000, 3.1603463, -9.155427, 2.528277
4746582198000, 3.016694, -9.586384, 2.2505496
4746592377000, 2.8060043, -9.892841, 2.1164744
4746602755000, 2.5091233, -10.0269165, 1.8962077
4746613426000, 2.0111294, -9.940725, 1.7238252
4746624165000, 1.8579005, -9.9790325, 1.9057846
4746633751000, 1.7429788, -10.065224, 1.6950948
4746643532000, 1.7046716, -10.180145, 1.3599066
4746653927000, 1.7429788, -10.04607, 1.0534488
4746664367000, 1.7238252, -9.950302, 0.78529817
4746685383000, 1.7429788, -10.0748005, 0.94810385
4746695176000, 1.8004397, -10.1226845, 1.0534488
4746704960000, 1.7429788, -10.093954, 0.7182605
4746715751000, 1.340753, -9.758766, -0.047884032
4746725648000, 0.48841715, -9.615114, 0.009576807
4746735764000, -0.35434186, -9.030929, 0.45010993
4746746228000, -0.8810662, -8.408437, 0.5363012
4746755431000, -1.1683705, -8.293514, 0.34476504
4746765534000, -1.4269443, -8.7532015, 0.11492168
4746775618000, -1.5705963, -9.356541, -0.076614454
4746786743000, -1.6663644, -9.77792, 0.5363012
4746795800000, -1.6376339, -9.710882, 1.3120226
4746806047000, -1.3982137, -9.346964, 1.8962077
4746816076000, -0.81402856, -9.184157, 2.566584
4746826079000, 0.019153614, -9.155427, 3.2752678
4746836238000, 0.9576807, -9.002198, 3.7924154
4746846241000, 1.7142484, -8.6574335, 3.8881836
4746856776000, 2.183512, -8.178593, 3.4284968
4746866704000, 2.0973208, -7.843405, 2.6527755
4746876530000, 1.4652514, -7.4028716, 1.934515
4746887055000, 0.80445176, -7.1251445, 1.7812861
4746897174000, 0.37349546, -7.201759, 1.7717092
4746907294000, -0.095768064, -7.6614456, 1.436521
4746917888000, -0.60333884, -8.6095495, 0.7661445
4746927490000, -1.2737153, -10.534488, 0.16280572
4746937708000, -1.7525556, -11.980585, 0.23942018
4746948557000, -1.5514427, -13.771448, 1.0821792
4746958019000, -0.9672575, -14.15452, 1.0342951
4746968743000, -0.41180268, -14.039598, 0.9672575
4746978815000, 0.05746084, -12.871228, 0.90021986
4746989134000, 0.12449849, -11.741165, 0.7278373
4746998897000, 0.02873042, -10.984597, 0.51714754
4747009345000, -0.076614454, -10.304645, 0.47884035
4747019362000, -0.10534488, -9.414001, 0.63206923
4747029878000, 0.076614454, -8.446744, 0.92895025
4747039845000, 0.59376204, -7.7667904, 1.2545617
4747050861000, 1.2162545, -7.431602, 0.91937345
4747060866000, 1.4748282, -7.517793, 0.9768343
4747071249000, 1.532289, -7.8050976, 1.3120226
4747081086000, 1.3024458, -8.054094, 1.6759412
4747091027000, 1.091756, -8.283937, 1.9440918
4747101355000, 0.842759, -8.39886, 1.9919758
4747112923000, 0.79487497, -8.552089, 2.0973208
4747122395000, 1.0630256, -8.925584, 1.8866309
4747132276000, 1.3215994, -9.375694, 1.1971009
4747142683000, 1.3982137, -9.643845, 0.48841715
4747152942000, 1.3599066, -9.720459, 0.0
4747163384000, 1.13964, -9.653421, -0.24899697
4747173575000, 0.8714894, -9.586384, -0.30645782
4747183640000, 0.59376204, -9.5385, -0.10534488
4747204043000, 0.12449849, -9.835381, 0.06703765
4747213829000, 0.05746084, -10.1226845, -0.39264908
4747224293000, 0.16280572, -10.429143, -0.6991069
4747235058000, 0.37349546, -10.611102, -0.7278373
4747244212000, 0.50757074, -10.6877165, -0.5267244
4747256279000, 0.641646, -10.160992, -0.038307227
4747265915000, 0.7374141, -9.749189, 0.32561144
4747276056000, 0.7565677, -9.519346, 0.5650316
4747286296000, 0.79487497, -9.433155, 0.63206923
4747297227000, 0.842759, -9.289502, 0.58418524
4747306239000, 0.6799533, -9.509769, 0.641646
4747316193000, 0.5267244, -9.797073, 0.545878
4747326227000, 0.37349546, -10.01734, 0.47884035
4747336430000, 0.2873042, -10.170568, 0.33518824
4747346385000, 0.32561144, -10.237606, 0.22026655
4747356502000, 0.45010993, -10.132261, 0.019153614
4747367136000, 0.50757074, -10.0269165, -0.17238252
4747377104000, 0.4405331, -9.931149, -0.29688102
4747387100000, 0.36391866, -9.825804, -0.31603462
4747397466000, 0.25857377, -9.691729, -0.4405331
4747418150000, -0.18195933, -9.576807, -0.24899697
4747427958000, -0.40222588, -9.509769, -0.038307227
4747438038000, -0.6512229, -9.481039, 0.019153614
4747448549000, -0.8714894, -9.500193, 0.20111294
4747460503000, -0.91937345, -9.461885, 0.48841715
4747470508000, -0.842759, -9.299079, 0.50757074
4747480388000, -0.7374141, -9.385271, 0.45010993
4747491085000, -0.6607997, -9.433155, 0.41180268
4747501520000, -0.5746084, -9.481039, 0.36391866
4747511158000, -0.58418524, -9.56723, 0.25857377
4747521275000, -0.59376204, -9.490616, 0.20111294
4747531266000, -0.6512229, -9.519346, 0.11492168
4747541342000, -0.7661445, -9.528923, 0.06703765
4747552740000, -0.8714894, -9.519346, 0.095768064
4747561990000, -0.9672575, -9.490616, 0.047884032
4747572149000, -1.0534488, -9.471462, 0.076614454
4747582104000, -1.1109096, -9.481039, 0.11492168
4747602506000, -1.1204864, -9.56723, 0.11492168
4747622728000, -1.091756, -9.672575, 0.22026655
4747632974000, -1.043872, -9.749189, 0.2873042
4747642915000, -1.0630256, -9.768343, 0.29688102
4747656705000, -1.0342951, -9.787497, 0.33518824
4747666398000, -1.0630256, -9.816227, 0.32561144
4747676975000, -1.043872, -9.854534, 0.34476504
4747687233000, -0.9959879, -9.825804, 0.31603462
4747697351000, -0.9864111, -9.864111, 0.32561144
4747707276000, -0.89064306, -9.730036, 0.36391866
4747717688000, -0.79487497, -9.701305, 0.33518824
4747727477000, -0.7757214, -9.691729, 0.2681506
4747738412000, -0.7469909, -9.672575, 0.2777274
4747747914000, -0.7661445, -9.691729, 0.37349546
4747758109000, -0.7757214, -9.653421, 0.38307226
4747769637000, -0.82360536, -9.615114, 0.4213795
4747779670000, -0.8523358, -9.56723, 0.4309563
4747801034000, -0.8714894, -9.519346, 0.5746084
4747810979000, -0.842759, -9.490616, 0.61291564
4747821128000, -0.80445176, -9.452309, 0.62249243
4747832565000, -0.79487497, -9.490616, 0.60333884
4747852491000, -0.81402856, -9.481039, 0.5554548
4747861781000, -0.7757214, -9.452309, 0.545878
4747871850000, -0.7565677, -9.375694, 0.5650316
4747882074000, -0.82360536, -9.528923, 0.5554548
4747902478000, -0.8331822, -9.548077, 0.6607997
4747912786000, -0.81402856, -9.452309, 0.7182605
4747943200000, -1.043872, -9.643845, 0.6895301
4747953770000, -1.0726024, -9.710882, 0.7469909
4747963859000, -1.1013328, -9.758766, 0.7374141
4747974010000, -1.1300632, -9.749189, 0.7469909
4747994613000, -1.13964, -9.749189, 0.82360536
4748005287000, -1.1587936, -9.768343, 0.91937345
4748016281000, -1.2066777, -9.835381, 0.8331822
4748035983000, -1.1875241, -9.586384, 0.8714894
4748056463000, -1.1683705, -9.471462, 0.842759
4748066448000, -1.1492168, -9.461885, 0.82360536
4748087145000, -1.1300632, -9.452309, 0.8619126
4748097232000, -1.1204864, -9.394848, 0.842759
4748106738000, -1.1300632, -9.404425, 0.82360536
4748116740000, -1.1109096, -9.414001, 0.842759
4748126873000, -1.0821792, -9.433155, 0.8331822
4748147798000, -1.1204864, -9.490616, 0.8810662
4748167373000, -1.0726024, -9.481039, 0.91937345
4748177264000, -1.0534488, -9.442732, 0.9672575
4748197763000, -1.0726024, -9.481039, 1.0055647
4748208233000, -1.0534488, -9.394848, 1.0151415
4748218567000, -1.0821792, -9.299079, 1.1779473
4748229400000, -1.1300632, -9.375694, 1.0821792
4748238563000, -1.1683705, -9.500193, 1.0726024
4748250208000, -1.2066777, -9.634268, 1.0055647
4748259244000, -1.292869, -9.710882, 1.0151415
4748269603000, -1.3599066, -9.758766, 1.0247183
4748290076000, -1.4269443, -9.77792, 1.043872
4748300818000, -1.4652514, -9.825804, 1.0630256
4748320306000, -1.388637, -9.605537, 1.1013328
4748331067000, -1.3215994, -9.548077, 1.043872
4748340582000, -1.292869, -9.490616, 1.0630256
4748351023000, -1.1875241, -9.471462, 1.0342951
4748361131000, -1.1204864, -9.481039, 1.0630256
4748371298000, -1.0821792, -9.500193, 1.0151415
4748381367000, -1.043872, -9.5385, 0.9959879
4748391492000, -1.0247183, -9.56723, 0.9864111
4748401985000, -0.9672575, -9.548077, 1.0151415
4748411695000, -0.89064306, -9.56723, 1.0342951
4748421820000, -0.8619126, -9.586384, 0.9959879
4748442026000, -0.8810662, -9.586384, 0.9576807
4748452332000, -0.89064306, -9.548077, 0.91937345
4748464148000, -0.8331822, -9.519346, 0.92895025
4748474068000, -0.90021986, -9.557653, 0.9672575
4748484702000, -0.91937345, -9.586384, 1.0247183
4748494231000, -0.9768343, -9.557653, 1.0821792
4748505184000, -1.0055647, -9.500193, 1.0726024
4748515352000, -1.0151415, -9.481039, 1.0630256
4748525323000, -0.9768343, -9.500193, 1.043872
4748535688000, -1.043872, -9.481039, 1.0247183
4748545534000, -1.0821792, -9.500193, 1.0342951
4748555566000, -1.0726024, -9.452309, 1.0726024
4748565875000, -1.1109096, -9.509769, 1.0342951
4748575736000, -1.1683705, -9.557653, 1.0630256
4748586029000, -1.1779473, -9.586384, 1.0821792
4748605998000, -1.2545617, -9.56723, 1.13964
4748626129000, -1.3024458, -9.500193, 1.1587936
4748636249000, -1.3215994, -9.442732, 1.1779473
4748646810000, -1.3790601, -9.461885, 1.1971009
4748656383000, -1.3694834, -9.404425, 1.13964
4748666783000, -1.3599066, -9.251195, 1.0630256
4748676829000, -1.340753, -9.32781, 1.1109096
4748686682000, -1.3120226, -9.442732, 1.1300632
4748707055000, -1.2545617, -9.548077, 1.1779473
4748717232000, -1.1875241, -9.586384, 1.13964
4748738308000, -1.1683705, -9.605537, 1.1683705
4748747664000, -1.1300632, -9.519346, 1.1492168
4748758225000, -1.091756, -9.528923, 1.13964
4748779499000, -1.1300632, -9.5385, 1.1204864
4748788696000, -1.1492168, -9.605537, 1.1013328
4748798572000, -1.1683705, -9.595961, 1.13964
4748808907000, -1.2066777, -9.586384, 1.1492168
4748819230000, -1.2545617, -9.595961, 1.0342951
4748830182000, -1.3120226, -9.576807, 1.043872
4748839582000, -1.3311762, -9.56723, 1.0055647
4748849429000, -1.3599066, -9.490616, 1.0630256
4748859796000, -1.3503298, -9.461885, 1.0726024
4748869842000, -1.3790601, -9.528923, 1.091756
4748890069000, -1.3982137, -9.548077, 1.1013328
4748910116000, -1.4173675, -9.442732, 1.1492168
4748920222000, -1.3599066, -9.394848, 1.1971009
4748930753000, -1.3790601, -9.423578, 1.1683705
4748940360000, -1.436521, -9.414001, 1.1300632
4748950647000, -1.484405, -9.481039, 1.0726024
4748960596000, -1.5131354, -9.56723, 1.0821792
4748981016000, -1.5131354, -9.500193, 1.091756
4749001593000, -1.4269443, -9.490616, 1.043872
4749011112000, -1.388637, -9.528923, 1.0630256
4749021253000, -1.3694834, -9.548077, 1.0247183
4749031243000, -1.292869, -9.528923, 1.0630256
4749041426000, -1.2737153, -9.500193, 1.13964
4749063364000, -1.2066777, -9.509769, 1.1683705
4749073375000, -1.2162545, -9.519346, 1.1779473
4749083443000, -1.1779473, -9.5385, 1.1971009
4749093624000, -1.1971009, -9.490616, 1.2258313
4749103831000, -1.1492168, -9.500193, 1.2066777
4749113763000, -1.1587936, -9.490616, 1.1683705
4749123901000, -1.1683705, -9.509769, 1.13964
4749134369000, -1.1779473, -9.528923, 1.1013328
4749164315000, -1.13964, -9.519346, 1.0726024
4749174624000, -1.1013328, -9.56723, 1.043872
4749194829000, -1.1971009, -9.557653, 1.0630256
