#Acceleration force along the x y z axes (including gravity).
#timestamp(ns),x,y,z(m/s^2)
#Datetime: 05/06/2014 10:44:42
##########################################
#Activity: 9 - CSO - Car Step-out - 6s
#Subject ID: 24
#First Name: sub24
#Last Name: sub24
#Age: 21
#Height(cm): 193
#Weight(kg): 112
#Gender: Male
##########################################

@DATA
121619482433000, -0.29688102, -4.9895163, 7.7189064
121619682764000, -1.9536686, -6.742072, 5.889736
121619883565000, -1.4460979, -5.9759274, 7.6614456
121620083374000, -3.6870706, -5.00867, 7.029376
121620283103000, 1.6567876, -0.80445176, 9.500193
121620294681000, 1.8866309, -0.79487497, 9.442732
121620304165000, 1.7908629, -0.641646, 9.107543
121620314157000, 1.436521, -0.5363012, 8.944737
121620324285000, 0.94810385, -0.5554548, 9.241618
121620334102000, 0.61291564, -0.6512229, 9.854534
121620344191000, 0.41180268, -0.7565677, 10.860099
121620354058000, 0.31603462, -0.80445176, 11.789049
121620374148000, 0.2681506, -0.82360536, 12.469003
121620384251000, 0.36391866, -0.9768343, 11.358093
121620394527000, 0.15322891, -0.94810385, 9.548077
121620404727000, -0.12449849, -0.78529817, 8.236053
121620414957000, -0.40222588, -0.50757074, 7.824251
121620425595000, -0.5650316, -0.22984336, 8.149862
121620435353000, -0.61291564, 0.019153614, 8.944737
121620445984000, -0.60333884, 0.39264908, 10.01734
121620457583000, -0.90979666, 0.21068975, 10.6398325
121620467666000, -1.091756, -0.16280572, 10.563218
121620477619000, -1.0821792, -0.2681506, 10.371682
121620487537000, -0.7565677, 0.076614454, 10.342952
121620497908000, -0.50757074, 0.7757214, 10.67814
121620507851000, -0.41180268, 1.2354081, 11.089942
121620518904000, -0.5746084, 1.5897499, 11.243171
121620528845000, -0.94810385, 1.8195933, 11.109096
121620548411000, -1.436521, 1.5801731, 10.429143
121620558136000, -1.3599066, 1.2258313, 10.1226845
121620568118000, -1.2354081, 0.5267244, 9.548077
121620578254000, -1.0726024, 0.019153614, 9.165004
121620588280000, -0.90979666, -0.15322891, 9.126697
121620598521000, -0.82360536, -0.24899697, 9.394848
121620608979000, -0.63206923, -0.095768064, 9.385271
121620620252000, -0.36391866, 0.4213795, 9.299079
121620629536000, -0.17238252, 0.6703765, 9.260772
121620639555000, -0.02873042, 1.091756, 9.126697
121620649664000, 0.047884032, 1.5610195, 9.165004
121620659820000, 0.22984336, 2.1068976, 9.461885
121620669959000, 0.33518824, 2.1260512, 9.988609
121620680848000, 0.21068975, 2.1547816, 10.716447
121620690347000, 0.10534488, 2.1164744, 11.243171
121620701196000, -0.076614454, 1.8579005, 11.224017
121620711286000, -0.50757074, 1.484405, 10.821792
121620731511000, -0.6512229, 0.90021986, 10.103531
121620741853000, -0.6607997, 0.48841715, 9.787497
121620763025000, -0.4405331, 0.15322891, 9.394848
121620777496000, -0.31603462, 0.20111294, 9.308656
121620786822000, 0.0, 0.6512229, 9.595961
121620798390000, 0.38307226, 0.9576807, 9.950302
121620808156000, 0.25857377, 0.91937345, 9.988609
121620818365000, -0.1436521, 0.58418524, 9.998186
121620828762000, -0.4213795, 0.37349546, 9.854534
121620838793000, -0.40222588, 0.5650316, 9.797073
121620848838000, -0.15322891, 1.1013328, 9.5385
121620859221000, 0.2777274, 1.3982137, 9.586384
121620868978000, 0.51714754, 1.733402, 9.634268
121620879417000, 0.63206923, 1.6759412, 10.04607
121620890127000, 0.6607997, 1.4748282, 11.291056
121620909456000, 0.94810385, 1.7046716, 11.836933
121620919619000, 1.9249382, 1.9632454, 11.300632
121620929928000, 2.3558946, 1.8962077, 10.611102
121620939726000, 2.777274, 1.8674773, 10.429143
121620949914000, 2.8921957, 1.6184803, 10.601525
121620960241000, 2.3942018, 1.340753, 10.773908
121620970248000, 2.231396, 1.2066777, 10.97502
121620980534000, 2.135628, 1.1204864, 10.840945
121620990866000, 2.1260512, 1.1109096, 10.362105
121621001331000, 2.566584, 1.3982137, 10.007763
121621011055000, 2.585738, 1.9057846, 9.634268
121621021140000, 2.9975405, 2.1452048, 9.442732
121621031371000, 3.466804, 2.2505496, 9.404425
121621041373000, 3.7445314, 2.183512, 9.356541
121621052403000, 4.223372, 1.8100165, 9.260772
121621062048000, 4.721366, 1.5514427, 9.050082
121621082106000, 4.855441, 1.7046716, 8.772355
121621092077000, 4.596867, 1.9153614, 8.762778
121621102182000, 4.2521024, 2.1739352, 8.599973
121621112753000, 3.9264908, 2.384625, 8.6095495
121621122889000, 3.5529952, 2.4516625, 8.695741
121621132384000, 3.1411927, 2.4612393, 8.935161
121621153567000, 2.8060043, 2.5570073, 8.887277
121621163193000, 2.9113493, 2.6527755, 9.088389
121621173363000, 2.825158, 2.8634653, 8.868123
121621183451000, 2.7102363, 2.9783869, 8.504205
121621193441000, 2.585738, 3.2273839, 8.207323
121621213413000, 2.873042, 3.2369606, 8.66701
121621223457000, 2.96881, 3.0933087, 8.963891
121621233711000, 2.9975405, 2.9113493, 8.743625
121621243645000, 2.96881, 2.825158, 8.207323
121621253956000, 2.9783869, 2.8921957, 7.824251
121621264207000, 3.016694, 3.0358477, 7.6231384
121621274032000, 3.217807, 3.083732, 7.8625584
121621285077000, 3.4093432, 3.2561142, 8.207323
121621294247000, 3.3614593, 3.4476504, 7.9487495
121621304284000, 3.3901896, 3.7924154, 7.4603324
121621314378000, 3.5434184, 4.1946416, 7.038953
121621324701000, 3.8594532, 4.721366, 7.1059904
121621334557000, 4.1946416, 5.142745, 6.83784
121621344642000, 4.606444, 5.5737014, 6.5122285
121621354930000, 4.9320555, 5.765238, 5.6120086
121621365158000, 5.439626, 5.9567738, 5.305551
121621375039000, 5.8705826, 5.7748146, 5.1235914
121621385246000, 6.2728086, 5.6886234, 5.142745
121621395268000, 6.646304, 5.5258174, 5.046977
121621405301000, 6.991069, 5.401319, 4.8745947
121621415966000, 7.1251445, 5.1235914, 4.9320555
121621426136000, 7.192182, 4.8362875, 4.807557
121621436357000, 7.374141, 4.5777135, 4.8937483
121621447200000, 7.575254, 4.31914, 4.711789
121621456399000, 7.8050976, 4.0892963, 4.2042184
121621467332000, 7.9870567, 3.9073372, 4.10845
121621477385000, 8.207323, 3.9935284, 4.0414124
121621487717000, 8.37013, 4.223372, 3.4380736
121621497756000, 8.532935, 4.7309427, 3.074155
121621510194000, 8.810662, 5.4779334, 3.2944214
121621519362000, 8.801085, 6.1100025, 3.3135753
121621529175000, 8.571242, 6.3206925, 3.1028855
121621539276000, 7.881712, 5.9280434, 3.0071173
121621549286000, 7.3645644, 5.803545, 2.96881
121621559379000, 6.751649, 5.659893, 3.0454245
121621569441000, 5.4683566, 5.209783, 2.834735
121621580169000, 5.1523223, 4.6926355, 2.6910827
121621590187000, 4.912902, 4.1946416, 2.3175871
121621600271000, 4.807557, 3.4763808, 1.5801731
121621610961000, 4.6255975, 2.633622, 0.81402856
121621621584000, 4.5681367, 1.8195933, 0.08619126
121621631360000, 4.2999864, 1.1779473, -0.24899697
121621641434000, 3.9935284, 0.6895301, -0.545878
121621651433000, 3.7253778, 0.095768064, -0.62249243
121621661540000, 3.5913026, -0.62249243, -0.80445176
121621671829000, 3.6487634, -1.5705963, -1.7621324
121621682534000, 3.7828386, -2.327164, -2.2984335
121621692574000, 3.8594532, -2.7868507, -2.4037786
121621702610000, 3.6870706, -2.327164, -1.9728222
121621713755000, 3.6008794, -2.231396, -1.436521
121621723126000, 3.7924154, -2.4899697, -0.6607997
121621733369000, 3.9935284, -2.5187001, 0.49799395
121621743446000, 4.4436383, -2.528277, 1.5131354
121621753586000, 4.7309427, -2.3558946, 1.4556746
121621764073000, 5.1235914, -2.5570073, 0.35434186
121621773972000, 5.363012, -2.6048915, -1.0151415
121621784662000, 5.353435, -2.4516625, -1.9249382
121621793989000, 5.1140146, -2.0398598, -2.7389667
121621804346000, 6.167464, -0.047884032, -4.1946416
121621814413000, 12.650962, 7.086837, -7.8625584
121621824439000, 16.098612, 13.311762, -12.105083
121621834673000, 17.822437, 16.424223, -14.499286
121621844564000, 18.684351, 17.803284, -9.222465
121621854630000, 19.115307, 11.224017, -1.541866
121621864869000, 13.838486, 2.633622, 12.344504
121621874786000, 11.60709, 3.667917, 8.868123
121621885167000, 10.70687, 4.912902, 3.7062242
121621895522000, 9.749189, 5.2863975, -1.5705963
121621906075000, 8.590396, 4.548983, -4.2521024
121621915998000, 7.479486, 3.4572272, -4.548983
121621926351000, 6.703765, 2.6910827, -3.8307228
121621935733000, 5.9280434, 2.231396, -2.825158
121621947236000, 5.506664, 1.982399, -2.0111294
121621956323000, 5.889736, 2.3558946, -1.532289
121621966438000, 6.5601125, 2.920926, -0.9864111
121621976535000, 7.067683, 3.1411927, -0.33518824
121621986845000, 7.3645644, 3.064578, 0.076614454
121621997177000, 7.8050976, 3.016694, 0.009576807
121622007072000, 8.456321, 2.9783869, -0.076614454
121622017242000, 9.097966, 2.7964275, -0.41180268
121622028058000, 9.461885, 2.480393, -0.8714894
121622037869000, 9.624691, 2.2122424, -1.1779473
121622048407000, 9.672575, 2.0207062, -1.2737153
121622058313000, 9.662998, 1.934515, -1.2162545
121622068563000, 9.615114, 1.9249382, -1.0821792
121622078642000, 9.471462, 1.982399, -0.8619126
121622088413000, 9.299079, 1.9632454, -0.7374141
121622098473000, 9.222465, 1.8579005, -0.5650316
121622108499000, 9.270349, 1.8387469, -0.095768064
121622118467000, 9.260772, 2.0015526, -0.19153613
121622128870000, 9.14585, 2.030283, -0.48841715
121622148896000, 8.724471, 1.9728222, -0.1340753
121622159199000, 8.561666, 2.0207062, 0.23942018
121622168955000, 8.494628, 2.2409728, 0.6512229
121622179503000, 8.829816, 2.6048915, 0.41180268
121622189299000, 9.32781, 2.9017725, -0.2873042
121622199284000, 9.921572, 3.074155, -1.1875241
121622209373000, 10.400413, 3.169923, -1.9153614
121622219485000, 10.888829, 3.5529952, -2.0590134
121622229975000, 10.869676, 3.667917, -1.8387469
121622239669000, 10.620679, 3.6104562, -1.8004397
121622249792000, 10.314221, 3.466804, -1.8100165
121622260244000, 10.065224, 3.3327289, -1.9249382
121622270938000, 9.873688, 3.2273839, -1.9919758
121622280611000, 9.691729, 3.1794999, -1.9536686
121622291106000, 9.56723, 3.2273839, -1.8387469
121622301368000, 9.615114, 3.3423057, -1.5705963
121622311634000, 9.701305, 3.4763808, -1.3694834
121622331556000, 9.883265, 3.763685, -1.3982137
121622342719000, 9.931149, 4.0892963, -1.436521
121622352859000, 10.007763, 4.6160207, -1.4460979
121622362333000, 10.084377, 5.2002063, -1.1971009
121622372254000, 10.113108, 5.6886234, -0.8714894
121622382732000, 10.0269165, 5.9759274, -0.641646
121622392563000, 9.5385, 6.042965, -0.9672575
121622403006000, 8.925584, 6.0621185, -1.7046716
121622413567000, 8.178593, 6.042965, -2.6144683
121622422896000, 7.431602, 5.889736, -2.6240451
121622434105000, 6.7612257, 5.707777, -2.0685902
121622443218000, 6.244078, 5.4204726, -0.9864111
121622453601000, 5.793968, 4.453215, 4.5777135
121622463660000, 6.531382, 3.4955344, 8.418014
121622474359000, 8.255207, 3.064578, 6.1866174
121622483569000, 9.825804, 2.72939, 1.0534488
121622493686000, 9.969456, 2.0685902, -2.0015526
121622504215000, 9.672575, 1.9440918, -2.2601264
121622514202000, 9.77792, 2.8921957, -0.46926352
121622524795000, 10.448297, 4.6926355, 1.8291701
121622544397000, 10.620679, 5.6407394, 2.0398598
121622554380000, 9.595961, 7.3071036, 0.38307226
121622564699000, 9.337387, 8.149862, -0.17238252
121622575178000, 9.222465, 8.389283, -0.48841715
121622585046000, 8.963891, 7.9870567, -0.50757074
121622595174000, 8.676587, 7.4124484, -0.22026655
121622605574000, 8.39886, 6.8569937, 0.0
121622615259000, 8.178593, 6.3781533, -0.1436521
121622625615000, 7.97748, 5.765238, -0.36391866
121622635517000, 7.833828, 5.0374002, -0.34476504
121622645691000, 7.795521, 4.309563, -0.47884035
121622655781000, 7.8625584, 3.620033, -0.90021986
121622666661000, 8.015787, 3.0454245, -1.5610195
121622676231000, 8.207323, 2.6910827, -1.9728222
121622686358000, 8.312668, 2.3463178, -2.2888567
121622696984000, 8.24563, 1.982399, -2.528277
121622706475000, 8.178593, 1.6184803, -2.5953147
121622716594000, 8.130709, 1.4748282, -2.231396
121622726860000, 8.121132, 1.4556746, -1.5801731
121622737105000, 8.015787, 1.5993267, -0.8523358
121622747438000, 7.920019, 1.8004397, -0.23942018
121622757144000, 7.824251, 1.9440918, 0.15322891
121622767842000, 7.747637, 1.9536686, 0.29688102
121622777732000, 7.8050976, 1.9728222, 0.30645782
121622787941000, 7.967903, 1.934515, 0.34476504
121622798047000, 8.111555, 2.0494366, 0.37349546
121622808074000, 8.331821, 2.231396, 0.41180268
121622818174000, 8.6095495, 2.4516625, 0.34476504
121622829038000, 8.858546, 2.767697, 0.36391866
121622838386000, 9.107543, 3.1316159, 0.49799395
121622848558000, 9.346964, 3.3518825, 0.79487497
121622858591000, 9.528923, 3.3327289, 1.1204864
121622868734000, 9.481039, 3.1124623, 1.283292
121622879030000, 9.241618, 2.815581, 1.4556746
121622889090000, 9.050082, 2.5091233, 1.7717092
121622899187000, 9.3182335, 2.27928, 1.6280571
121622909583000, 9.797073, 2.183512, 1.388637
121622919976000, 10.28549, 2.2505496, 1.0726024
121622930693000, 10.6398325, 2.4612393, 0.8523358
121622941350000, 10.70687, 2.8443117, 0.5554548
121622950807000, 10.457873, 3.2752678, 0.23942018
121622960564000, 10.113108, 3.4380736, -0.19153613
121622970812000, 9.998186, 3.5817258, -0.63206923
121622980685000, 10.295067, 3.821146, -1.1492168
121622991427000, 10.821792, 4.156334, -1.6280571
121623001054000, 11.33894, 4.462792, -1.8866309
121623011053000, 11.722012, 4.759673, -1.9919758
121623021123000, 11.87524, 5.046977, -2.0111294
121623031278000, 11.645397, 5.267244, -1.8004397
121623042476000, 11.013328, 5.4779334, -1.4077905
121623051797000, 10.1226845, 5.8226986, -0.2873042
121623062836000, 8.791509, 6.847417, 2.825158
121623072610000, 7.3645644, 8.0924015, 5.363012
121623082707000, 6.244078, 8.6574335, 4.3287168
121623093255000, 5.535394, 8.973468, 0.8714894
121623103116000, 5.363012, 8.963891, -3.2848446
121623113705000, 5.861006, 8.159439, -4.76925
121623123256000, 6.7803793, 6.943185, -4.309563
121623133396000, 8.073248, 5.9184666, -3.2369606
121623143440000, 9.404425, 4.9416323, -2.3750482
121623154099000, 10.400413, 3.8498764, -1.9249382
121623163970000, 11.022904, 2.9400797, -1.7621324
121623173386000, 11.18571, 2.1547816, -1.8291701
121623183476000, 10.994174, 1.4173675, -1.8387469
121623193805000, 10.611102, 0.80445176, -1.6472107
121623203806000, 10.28549, 0.51714754, -1.3694834
121623214133000, 9.959879, 0.58418524, -0.59376204
121623224152000, 9.921572, 0.6799533, -0.2873042
121623234118000, 9.883265, 0.842759, -0.15322891
121623244094000, 9.902418, 1.1300632, -0.20111294
121623256287000, 9.921572, 1.5035586, -0.41180268
121623266340000, 9.911995, 1.8387469, -0.6607997
121623276342000, 9.844957, 2.1930888, -0.8810662
121623286364000, 9.749189, 2.6240451, -1.1683705
121623297767000, 9.56723, 3.0550013, -1.292869
121623307621000, 9.289502, 3.5625722, -1.3982137
121623317690000, 8.954314, 4.050989, -1.4939818
121623327933000, 8.571242, 4.5394063, -1.4652514
121623338073000, 8.1881695, 4.9703627, -1.4269443
121623348578000, 7.8912888, 5.363012, -1.340753
121623378747000, 7.422025, 6.129156, -1.532289
121623388849000, 7.536947, 5.9663506, -2.0015526
121623399095000, 7.8050976, 5.7269306, -2.3750482
121623409760000, 7.9966335, 5.4204726, -2.4516625
121623419184000, 8.2169, 5.171476, -2.2888567
121623429553000, 8.485051, 4.903325, -2.0111294
121623439423000, 8.734048, 4.6255975, -1.7429788
121623449518000, 9.078813, 4.4244847, -1.5035586
121623459703000, 9.423578, 4.2042184, -1.340753
121623469782000, 9.701305, 3.9935284, -1.1492168
121623480348000, 10.141838, 3.4859576, -0.90021986
121623490527000, 10.314221, 3.1986535, -0.8619126
121623500177000, 10.429143, 2.834735, -0.8523358
121623511426000, 10.409989, 2.5474305, -0.90979666
121623522532000, 10.295067, 2.3558946, -1.0342951
121623532531000, 10.160992, 2.231396, -1.0726024
121623542599000, 9.988609, 2.2601264, -1.1300632
121623552692000, 9.816227, 2.336741, -1.1109096
121623563344000, 9.643845, 2.5953147, -1.0726024
121623573155000, 9.423578, 3.0071173, -0.94810385
121623583457000, 9.260772, 3.4476504, -0.82360536
121623593387000, 9.088389, 3.821146, -0.78529817
121623603430000, 8.954314, 4.0414124, -0.8714894
121623614000000, 8.887277, 4.098873, -1.0151415
121623623470000, 8.858546, 4.050989, -1.1683705
121623633608000, 8.868123, 4.0318356, -1.2449849
121623643763000, 8.848969, 4.0414124, -1.2737153
121623653969000, 8.801085, 4.0701427, -1.1587936
121623664811000, 8.743625, 4.1371803, -1.0726024
121623684352000, 8.801085, 4.31914, -1.0534488
121623704753000, 8.887277, 4.280833, -1.1779473
121623714731000, 8.963891, 4.146757, -1.1204864
121623724797000, 9.059659, 3.9743748, -1.0821792
121623735156000, 9.212888, 3.8402996, -0.9864111
121623744875000, 9.3661175, 3.6104562, -0.93852705
121623755126000, 9.433155, 3.4859576, -0.94810385
121623767083000, 9.461885, 3.2273839, -0.93852705
121623786250000, 9.433155, 3.1890767, -0.94810385
121623797127000, 9.394848, 3.2369606, -0.9576807
121623806848000, 9.346964, 3.323152, -0.9672575
121623817662000, 9.241618, 3.3997664, -1.0342951
121623828194000, 9.136273, 3.4955344, -1.1779473
121623838040000, 9.030929, 3.572149, -1.2162545
121623848402000, 8.954314, 3.6487634, -1.2449849
121623858277000, 8.935161, 3.715801, -1.2354081
121623878078000, 9.002198, 3.7062242, -1.283292
121623888321000, 9.050082, 3.6870706, -1.3120226
121623898169000, 9.11712, 3.6774938, -1.3024458
121623918618000, 9.136273, 3.715801, -1.3311762
121623928536000, 9.155427, 3.6966474, -1.3503298
121623938578000, 9.222465, 3.6870706, -1.340753
121623958850000, 9.289502, 3.6391866, -1.3982137
121623968903000, 9.279925, 3.620033, -1.388637
121623989824000, 9.289502, 3.715801, -1.3215994
121623999442000, 9.32781, 3.7445314, -1.2737153
121624009360000, 9.260772, 3.8307228, -1.2258313
121624019449000, 9.212888, 3.8881836, -1.13964
121624029829000, 9.136273, 3.916914, -1.0055647
121624039639000, 9.088389, 3.9360676, -0.8523358
121624051117000, 9.050082, 3.9264908, -0.7565677
121624071649000, 8.992621, 3.964798, -0.7182605
121624083117000, 9.002198, 3.9456444, -0.6895301
121624093542000, 8.963891, 3.9073372, -0.6607997
121624103149000, 9.021352, 3.8594532, -0.63206923
121624113792000, 9.050082, 3.7924154, -0.6607997
121624123329000, 9.107543, 3.7062242, -0.6991069
121624133773000, 9.165004, 3.620033, -0.78529817
121624143846000, 9.251195, 3.5817258, -0.8331822
121624154270000, 9.289502, 3.514688, -0.94810385
121624175132000, 9.3182335, 3.3518825, -1.1492168
121624184588000, 9.32781, 3.323152, -1.2641385
121624194480000, 9.308656, 3.2848446, -1.3503298
121624204675000, 9.279925, 3.1890767, -1.436521
121624214907000, 9.241618, 3.1316159, -1.4748282
121624234903000, 9.260772, 3.1124623, -1.4460979
121624245893000, 9.251195, 3.1986535, -1.4077905
121624254935000, 9.241618, 3.2561142, -1.3120226
121624265205000, 9.222465, 3.3327289, -1.2641385
121624275427000, 9.212888, 3.4476504, -1.2545617
121624285581000, 9.193734, 3.5529952, -1.1875241
121624295639000, 9.174581, 3.620033, -1.1587936
121624305675000, 9.203311, 3.7541082, -1.0630256
121624318214000, 9.241618, 4.0318356, -0.92895025
121624328354000, 9.193734, 4.175488, -0.8810662
121624338762000, 9.14585, 4.280833, -0.8714894
121624348916000, 9.059659, 4.357447, -0.94810385
121624359291000, 9.002198, 4.3766007, -0.9768343
121624368624000, 8.944737, 4.367024, -0.9959879
121624378856000, 8.935161, 4.3478703, -1.0534488
121624388637000, 8.944737, 4.2999864, -1.1013328
121624399031000, 8.963891, 4.223372, -1.091756
121624409389000, 9.030929, 4.1276035, -1.1109096
121624419124000, 9.069236, 4.0414124, -1.1492168
121624429442000, 9.097966, 3.9839516, -1.1109096
121624439389000, 9.126697, 3.86903, -1.1204864
121624451353000, 9.184157, 3.7732618, -1.1013328
121624461082000, 9.232041, 3.6966474, -1.13964
121624482537000, 9.241618, 3.572149, -1.1683705
121624493348000, 9.260772, 3.5529952, -1.1492168
121624503033000, 9.279925, 3.5242648, -1.1204864
121624533850000, 9.308656, 3.620033, -1.1013328
121624554272000, 9.174581, 3.715801, -1.1204864
121624564239000, 9.136273, 3.7828386, -1.1875241
121624574950000, 9.126697, 3.8115692, -1.2449849
121624584392000, 9.069236, 3.86903, -1.2641385
121624594372000, 9.011775, 3.8977604, -1.292869
121624614828000, 8.963891, 3.964798, -1.2737153
121624625445000, 8.954314, 4.003105, -1.283292
121624634824000, 8.983045, 4.050989, -1.3024458
121624646017000, 9.030929, 4.0318356, -1.2641385
121624655093000, 9.050082, 4.0222588, -1.2258313
121624665244000, 9.069236, 3.964798, -1.2162545
121624685590000, 9.126697, 3.916914, -1.1492168
121624695716000, 9.165004, 3.8594532, -1.1683705
121624715712000, 9.193734, 3.763685, -1.1779473
121624726473000, 9.222465, 3.7349546, -1.2066777
121624736054000, 9.193734, 3.6870706, -1.1875241
121624746728000, 9.165004, 3.6391866, -1.2545617
121624767290000, 9.193734, 3.6296098, -1.2258313
121624776573000, 9.232041, 3.6008794, -1.2354081
121624787334000, 9.222465, 3.620033, -1.2641385
121624797209000, 9.212888, 3.6391866, -1.2162545
121624807040000, 9.174581, 3.6104562, -1.1300632
121624828650000, 9.174581, 3.6487634, -1.13964
121624838435000, 9.165004, 3.6870706, -1.091756
121624848825000, 9.203311, 3.7445314, -1.0630256
121624859374000, 9.174581, 3.7924154, -1.0726024
121624879247000, 9.165004, 3.7541082, -1.043872
121624889331000, 9.184157, 3.7062242, -1.1013328
121624899189000, 9.222465, 3.715801, -1.1492168
121624909601000, 9.193734, 3.6487634, -1.1971009
121624919554000, 9.174581, 3.6296098, -1.2449849
121624929513000, 9.155427, 3.5913026, -1.283292
121624970184000, 9.212888, 3.572149, -1.2641385
121624980790000, 9.203311, 3.620033, -1.2066777
121625010988000, 9.174581, 3.6296098, -1.1204864
121625031567000, 9.136273, 3.7445314, -1.0821792
121625042525000, 9.14585, 3.7924154, -1.1109096
121625062168000, 9.165004, 3.8307228, -1.1683705
121625072060000, 9.14585, 3.8594532, -1.1779473
121625093076000, 9.097966, 3.8498764, -1.1971009
121625102810000, 9.069236, 3.821146, -1.2258313
121625112711000, 9.097966, 3.8402996, -1.2162545
121625122450000, 9.088389, 3.7924154, -1.2737153
121625132566000, 9.11712, 3.8307228, -1.2449849
121625143138000, 9.097966, 3.8498764, -1.283292
121625152864000, 9.078813, 3.8594532, -1.292869
121625162977000, 9.050082, 3.9073372, -1.283292
121625172962000, 9.069236, 3.9264908, -1.2354081
121625203498000, 9.078813, 3.9743748, -1.2354081
121625213901000, 9.097966, 4.0222588, -1.1587936
121625223714000, 9.088389, 3.9935284, -1.13964
121625233881000, 9.107543, 3.9839516, -1.1204864
121625243936000, 9.11712, 3.8977604, -1.1300632
121625254332000, 9.155427, 3.86903, -1.1013328
121625264228000, 9.11712, 3.8594532, -1.1300632
121625274947000, 9.107543, 3.8307228, -1.1587936
