#Acceleration force along the x y z axes (including gravity).
#timestamp(ns),x,y,z(m/s^2)
#Datetime: 15/12/2015 14:33:58
##########################################
#Activity: 9 - CSO - Car Step-out - 6s
#Subject ID: 59
#First Name: sub59
#Last Name: sub59
#Age: 26
#Height(cm): 175
#Weight(kg): 70
#Gender: Male
##########################################

@DATA
9066897779000, -4.3382936, -2.6144683, -8.42759
9067097760000, -4.309563, -2.5953147, -8.073248
9067298095000, -4.261679, -2.5474305, -8.37013
9067498020000, -4.673482, -2.566584, -8.111555
9067698269000, -4.2425256, -3.2752678, -7.536947
9067708414000, -4.3861775, -3.6008794, -7.52737
9067718400000, -4.5202527, -3.9552212, -7.575254
9067728597000, -4.6160207, -4.261679, -7.5944076
9067738545000, -4.721366, -4.501099, -7.4986396
9067748853000, -4.6926355, -4.5394063, -7.374141
9067758920000, -4.6160207, -4.462792, -7.326257
9067769339000, -4.5394063, -4.3382936, -7.2687964
9067779551000, -4.55856, -4.10845, -7.383718
9067789650000, -4.606444, -3.9264908, -7.5465236
9067820126000, -4.654328, -3.3518825, -8.322245
9067829719000, -4.6351743, -3.0071173, -8.437167
9067839725000, -4.606444, -2.7868507, -8.42759
9067849833000, -4.4436383, -2.6527755, -8.465898
9067860378000, -4.146757, -2.4708161, -8.628703
9067870474000, -3.7924154, -2.1643584, -8.925584
9067880369000, -3.6487634, -1.934515, -9.500193
9067900751000, -3.5913026, -2.4995465, -9.844957
9067911080000, -3.3614593, -3.1028855, -9.260772
9067922142000, -3.3039982, -3.9743748, -8.590396
9067941604000, -3.572149, -4.1659107, -7.795521
9067952011000, -3.821146, -4.012682, -7.536947
9067962244000, -4.10845, -3.86903, -7.28795
9067972327000, -4.405331, -3.620033, -7.393295
9067983247000, -4.7500963, -3.4380736, -7.833828
9067992648000, -5.046977, -3.3423057, -8.465898
9068002781000, -5.171476, -3.2465374, -9.078813
9068012946000, -5.085284, -3.1603463, -9.490616
9068023694000, -4.8745947, -3.2848446, -9.634268
9068033363000, -4.5681367, -3.5242648, -9.557653
9068043686000, -4.156334, -3.821146, -9.184157
9068053596000, -3.916914, -4.1180267, -8.772355
9068063603000, -3.8402996, -4.3382936, -8.255207
9068073594000, -3.8786068, -4.4915223, -7.785944
9068084715000, -3.86903, -4.462792, -7.3549876
9068094398000, -3.821146, -4.4340615, -7.2304893
9068104668000, -3.763685, -4.453215, -7.383718
9068114387000, -3.8786068, -4.414908, -7.7189064
9068124471000, -3.8498764, -4.0318356, -8.178593
9068134743000, -3.6870706, -3.6487634, -8.676587
9068145758000, -3.3327289, -3.1507695, -8.954314
9068154817000, -3.016694, -2.873042, -9.11712
9068164981000, -2.5761611, -2.777274, -8.963891
9068175553000, -2.1643584, -2.5570073, -9.002198
9068186038000, -2.0015526, -2.6910827, -9.078813
9068196469000, -1.7429788, -2.6144683, -8.887277
9068205757000, -1.7238252, -2.7102363, -8.781932
9068215749000, -1.9153614, -2.882619, -8.580819
9068225890000, -2.2888567, -2.9592333, -8.561666
9068236005000, -2.920926, -2.9783869, -8.7053175
9068246767000, -4.2521024, -2.9592333, -9.174581
9068266262000, -4.548983, -3.016694, -9.184157
9068276590000, -4.175488, -3.083732, -8.580819
9068286762000, -3.8307228, -3.667917, -8.149862
9068296399000, -3.5338416, -3.6391866, -7.795521
9068307671000, -3.6583402, -3.9552212, -7.967903
9068316859000, -3.3901896, -3.0454245, -8.599973
9068326978000, -3.2082303, -2.6431987, -9.126697
9068339239000, -3.1507695, -2.6240451, -9.739613
9068349274000, -2.9113493, -2.96881, -9.77792
9068359107000, -2.873042, -3.41892, -9.605537
9068368986000, -2.7006595, -3.7349546, -9.050082
9068379305000, -2.6910827, -3.8977604, -8.341399
9068389158000, -2.8060043, -3.9552212, -8.073248
9068401011000, -2.8921957, -3.265691, -8.341399
9068410589000, -3.0933087, -2.9975405, -8.858546
9068420835000, -3.3806129, -3.2273839, -9.509769
9068430450000, -3.3518825, -3.217807, -9.739613
9068441488000, -3.3997664, -3.6391866, -9.452309
9068450486000, -3.7062242, -4.223372, -8.90643
9068461088000, -3.6487634, -4.1276035, -8.101978
9068471203000, -3.2848446, -4.175488, -7.929596
9068481008000, -3.122039, -3.5817258, -7.9008656
9068491346000, -3.0454245, -3.0933087, -8.762778
9068501908000, -2.5570073, -2.566584, -9.394848
9068511441000, -2.231396, -2.815581, -9.854534
9068521555000, -1.982399, -2.920926, -9.471462
9068531481000, -2.0494366, -3.3518825, -8.963891
9068541698000, -2.087744, -3.3901896, -8.504205
9068552541000, -2.0494366, -2.8921957, -9.011775
9068563454000, -1.8195933, -2.873042, -9.32781
9068573082000, -1.4939818, -2.9496565, -9.691729
9068583024000, -1.283292, -2.777274, -9.80665
9068593333000, -1.2737153, -3.1507695, -9.701305
9068603354000, -1.2449849, -3.4284968, -9.289502
9068613507000, -1.340753, -3.5338416, -8.801085
9068624462000, -1.5227122, -3.4093432, -8.63828
9068634154000, -1.7525556, -3.016694, -8.714894
9068644171000, -1.6759412, -3.1028855, -8.954314
9068654092000, -1.541866, -2.2409728, -8.848969
9068665279000, -1.7717092, -2.432509, -9.375694
9068675425000, -1.9728222, -2.5378537, -9.433155
9068685625000, -2.1643584, -1.7238252, -8.935161
9068695628000, -1.9728222, -2.6910827, -9.021352
9068705755000, -1.3311762, -2.0398598, -8.39886
9068715773000, -1.283292, -2.183512, -8.8777
9068726989000, -1.388637, -1.6759412, -9.414001
9068736147000, -1.5035586, -1.5993267, -10.601525
9068746230000, -1.4652514, -1.934515, -11.386824
9068756362000, -1.3790601, -1.3790601, -10.879252
9068766318000, -1.2545617, -2.9113493, -10.381259
9068776382000, -1.0534488, -3.0933087, -9.404425
9068786448000, -1.3120226, -3.0262709, -8.935161
9068796647000, -1.5035586, -3.2369606, -9.241618
9068807172000, -1.3694834, -3.5434184, -9.423578
9068816462000, -1.5610195, -3.4763808, -9.835381
9068840132000, -1.2258313, -2.873042, -9.691729
9068849065000, -0.9576807, -2.882619, -9.662998
9068861809000, -1.1875241, -2.8634653, -9.758766
9068872916000, -1.2354081, -3.217807, -9.557653
9068882348000, -1.7525556, -3.8498764, -9.404425
9068892876000, -2.078167, -4.462792, -9.174581
9068902065000, -2.3463178, -4.865018, -9.184157
9068912440000, -2.2218192, -4.8362875, -9.404425
9068922510000, -2.1930888, -4.3287168, -9.653421
9068932223000, -2.4420857, -3.916914, -10.247183
9068943775000, -2.1643584, -3.217807, -10.323798
9068952659000, -1.9153614, -2.7389667, -10.716447
9068962734000, -1.8579005, -2.5761611, -11.329363
9068973100000, -1.8962077, -2.6910827, -12.440272
9068983006000, -2.0398598, -2.9400797, -12.698846
9068993170000, -2.3558946, -3.572149, -11.18571
9069003170000, -2.719813, -4.2521024, -9.80665
9069015406000, -3.074155, -4.817134, -9.682152
9069024863000, -2.8443117, -4.8267107, -9.385271
9069035489000, -2.2026656, -3.9456444, -8.724471
9069045733000, -2.1643584, -3.3327289, -8.561666
9069055586000, -2.5378537, -2.7485435, -8.456321
9069065799000, -2.9975405, -2.0207062, -8.504205
9069075486000, -3.1890767, -1.2545617, -8.714894
9069095774000, -3.3135753, 0.22026655, -8.868123
9069106041000, -2.9496565, 0.8619126, -8.7053175
9069116239000, -2.5474305, 1.4269443, -9.050082
9069127631000, -2.336741, 1.9153614, -9.270349
9069137595000, -2.4708161, 2.183512, -9.442732
9069147365000, -2.777274, 2.5570073, -9.624691
9069157294000, -3.1603463, 3.074155, -9.816227
9069167638000, -3.6487634, 3.5051112, -9.892841
9069178381000, -4.2425256, 3.8881836, -9.509769
9069188558000, -4.76925, 4.060566, -9.442732
9069198148000, -6.9048777, 6.83784, 4.9895163
9069208335000, -6.435614, 5.449203, -3.3901896
9069218111000, -5.851429, 4.510676, -7.441179
9069228498000, -5.7843914, 3.5625722, -8.197746
9069238891000, -5.583278, 2.1260512, -10.793061
9069249163000, -5.6886234, 1.1300632, -11.271901
9069259467000, -5.305551, 1.2449849, -11.587936
9069272586000, -4.8841715, 2.7485435, -7.297527
9069281908000, -4.5872903, 3.4572272, -6.244078
9069292255000, -4.3766007, 3.964798, -6.6271505
9069303028000, -4.5202527, 4.156334, -7.2304893
9069313306000, -4.8458643, 4.213795, -7.728483
9069323454000, -5.133168, 4.2425256, -7.872135
9069333703000, -5.363012, 4.175488, -8.025364
9069344555000, -5.48751, 4.0701427, -7.9966335
9069356226000, -5.506664, 3.916914, -8.0445175
9069366157000, -5.4204726, 3.8307228, -8.2169
9069375748000, -5.1523223, 3.964798, -7.920019
9069386680000, -4.8362875, 4.175488, -7.9870567
9069396617000, -4.5681367, 4.4723687, -8.283937
9069406948000, -4.6255975, 5.00867, -7.5465236
9069416890000, -4.3287168, 5.0661306, -7.0964136
9069427339000, -3.821146, 5.257667, -6.8091097
9069437104000, -3.6870706, 5.353435, -6.531382
9069447303000, -3.6583402, 5.439626, -6.8091097
9069458184000, -3.6391866, 6.1195793, -7.297527
9069467991000, -3.9360676, 6.991069, -7.086837
9069478052000, -4.2521024, 7.517793, -7.1347213
9069488817000, -4.185065, 7.699753, -7.3549876
9069498520000, -4.0414124, 7.872135, -7.5848308
9069508609000, -3.916914, 7.881712, -7.1347213
9069519266000, -3.8307228, 7.6614456, -6.0142345
9069529312000, -3.8977604, 7.2687964, -5.1523223
9069539033000, -4.060566, 6.7133417, -4.5681367
9069549067000, -4.175488, 6.2728086, -3.9073372
9069559046000, -4.1946416, 5.947197, -3.371036
9069569139000, -4.2042184, 5.889736, -2.6910827
9069579684000, -4.0797195, 6.0142345, -1.6759412
9069590301000, -3.9743748, 6.205771, -0.31603462
9069600898000, -3.821146, 6.5122285, 0.46926352
9069611279000, -3.7732618, 6.703765, 0.545878
9069621462000, -3.7445314, 7.1347213, -0.41180268
9069631384000, -3.6870706, 7.8625584, -1.7429788
9069640691000, -3.4380736, 9.232041, -3.8881836
9069652033000, -2.834735, 11.233594, -7.7189064
9069661517000, -1.8004397, 13.043611, -9.088389
9069671859000, -0.61291564, 13.9438305, -7.795521
9069681739000, 0.22984336, 13.934254, -5.90889
9069691964000, 0.50757074, 13.129802, -4.9416323
9069702027000, 0.63206923, 12.152967, -5.0182467
9069712598000, 0.79487497, 11.195287, -4.8841715
9069722492000, 0.80445176, 10.352529, -4.5872903
9069732202000, 0.59376204, 9.624691, -4.1946416
9069744086000, 0.11492168, 9.078813, -3.8307228
9069753184000, -0.63206923, 8.686164, -3.4763808
9069763234000, -2.1068976, 8.312668, -3.6391866
9069773597000, -5.5258174, 8.034941, -4.31914
9069783590000, -6.646304, 8.303091, -5.6982
9069814683000, -4.414908, 9.3661175, -6.6271505
9069824426000, -3.3327289, 9.107543, -5.813122
9069834275000, -2.27928, 8.820239, -5.315128
9069844354000, -1.3024458, 8.39886, -5.0661306
9069854775000, -0.36391866, 8.063671, -4.5681367
9069864515000, 0.37349546, 7.843405, -4.3382936
9069875415000, 0.9768343, 7.479486, -3.9935284
9069884807000, 1.3599066, 7.0581064, -3.5913026
9069895499000, 1.5705963, 6.5122285, -3.5529952
9069905598000, 1.5801731, 6.0621185, -3.620033
9069915581000, 1.5035586, 5.659893, -3.6391866
9069926133000, 1.1109096, 5.267244, -3.8498764
9069935828000, 0.12449849, 4.8362875, -3.9456444
9069946608000, -0.6895301, 4.711789, -3.6966474
9069956240000, -1.5131354, 4.606444, -3.4476504
9069966032000, -2.0685902, 4.4436383, -3.3806129
9069977094000, -2.432509, 4.367024, -3.5817258
9069986654000, -2.8538885, 4.4819455, -4.0318356
9069996781000, -3.7349546, 4.4340615, -4.462792
9070006846000, -4.232949, 4.3861775, -4.6160207
9070016971000, -4.357447, 4.3382936, -4.606444
9070027516000, -4.232949, 4.357447, -4.5298295
9070037787000, -4.1180267, 4.4244847, -4.0797195
9070047758000, -4.280833, 4.462792, -3.3614593
9070059059000, -5.6215854, 4.1946416, -3.016694
9070078155000, -6.445191, 4.098873, -2.873042
9070089252000, -6.655881, 4.7884035, -3.466804
9070098539000, -6.081272, 5.554548, -4.1659107
9070109015000, -5.3342814, 6.349423, -4.8267107
9070119534000, -4.6160207, 7.1730285, -4.9224787
9070129514000, -3.9935284, 7.8529816, -4.501099
9070139666000, -3.5242648, 8.465898, -3.763685
9070150971000, -3.4572272, 9.11712, -4.1371803
9070161342000, -3.7924154, 9.701305, -5.267244
9070171386000, -4.223372, 10.141838, -6.033388
9070181394000, -4.5202527, 10.582372, -5.9663506
9070191503000, -4.654328, 10.812215, -5.592855
9070201492000, -4.4723687, 10.91756, -4.8937483
9070211844000, -4.232949, 10.697293, -4.309563
9070222394000, -4.5202527, 10.754754, -4.213795
9070232272000, -5.0182467, 10.869676, -4.0892963
9070242340000, -5.583278, 10.793061, -3.4476504
9070252421000, -6.0621185, 10.534488, -2.4612393
9070264005000, -6.531382, 10.927136, -2.0590134
9070272942000, -6.4643445, 11.15698, -2.8060043
9070283531000, -6.2823853, 11.702858, -5.4300494
9070294426000, -6.3781533, 12.124237, -7.5944076
9070303537000, -7.2113357, 13.215993, -9.069236
9070314075000, -8.418014, 13.771448, -10.275913
9070323960000, -9.624691, 12.392388, -9.030929
9070334291000, -9.730036, 9.11712, -5.793968
9070344713000, -8.896853, 4.855441, 0.35434186
9070355526000, -8.169016, 4.003105, 0.51714754
9070375891000, -6.167464, 4.903325, -0.82360536
9070384932000, -5.6215854, 6.291962, -1.0342951
9070395169000, -5.305551, 7.9487495, -1.5514427
9070406175000, -4.146757, 10.103531, -5.3247046
9070415483000, -2.183512, 11.856087, -8.523358
9070426077000, -1.3982137, 11.252748, -5.9567738
9070436043000, -1.4556746, 10.314221, -2.2409728
9070446165000, -1.8195933, 9.873688, -0.5746084
9070456241000, -2.3080103, 9.356541, -0.641646
9070466430000, -2.681506, 9.14585, -0.9864111
9070476644000, -3.0933087, 9.32781, -1.2354081
9070486024000, -3.7828386, 9.433155, -1.0726024
9070496188000, -4.4723687, 9.423578, -0.6607997
9070506257000, -4.9416323, 9.165004, -0.49799395
9070516610000, -5.104438, 8.762778, -0.62249243
9070526786000, -5.00867, 8.513782, -0.90979666
9070546812000, -4.1659107, 8.801085, -2.3654714
9070557229000, -3.8115692, 9.165004, -2.681506
9070567346000, -3.6870706, 9.385271, -2.3654714
9070577620000, -3.572149, 9.528923, -1.6950948
9070587634000, -3.41892, 9.595961, -1.1204864
9070597672000, -3.1794999, 9.662998, -0.9672575
9070607939000, -3.064578, 9.528923, -0.9576807
9070618759000, -3.2561142, 9.356541, -0.9864111
9070628147000, -3.5242648, 9.011775, -0.91937345
9070638342000, -3.8402996, 8.810662, -0.82360536
9070648575000, -4.156334, 8.686164, -0.63206923
9070669671000, -4.76925, 8.561666, -1.3311762
9070679779000, -4.855441, 8.571242, -1.8100165
9070689890000, -4.8745947, 8.561666, -2.0015526
9070699970000, -4.8458643, 8.66701, -1.8674773
9070711287000, -4.7500963, 8.772355, -1.5993267
9070720532000, -4.644751, 8.791509, -1.3311762
9070730785000, -4.510676, 8.7053175, -1.0055647
9070740760000, -4.3766007, 8.66701, -0.7757214
9070750800000, -4.213795, 8.724471, -0.6799533
9070760981000, -4.146757, 8.734048, -0.62249243
9070771078000, -4.098873, 8.686164, -0.59376204
9070781773000, -4.003105, 8.714894, -0.7757214
9070811102000, -3.5913026, 8.858546, -1.5514427
9070821555000, -3.4476504, 8.973468, -1.5801731
9070831025000, -3.265691, 9.002198, -1.3311762
9070841277000, -3.0933087, 8.925584, -0.89064306
9070851542000, -2.9592333, 8.762778, -0.50757074
9070861607000, -2.8634653, 8.676587, -0.095768064
9070882012000, -2.9496565, 8.772355, 0.39264908
9070892445000, -3.074155, 8.896853, 0.5363012
9070902605000, -3.1603463, 8.954314, 0.63206923
9070912756000, -3.3135753, 8.935161, 0.545878
9070922524000, -3.4284968, 8.90643, 0.45010993
9070932858000, -3.5242648, 8.916007, 0.37349546
9070943885000, -3.5913026, 8.896853, 0.19153613
9070964150000, -3.5338416, 8.887277, 0.15322891
9070975620000, -3.265691, 9.126697, 0.038307227
9070984632000, -3.1316159, 9.346964, -0.12449849
9070995214000, -2.9017725, 9.519346, -0.33518824
9071006088000, -2.7102363, 9.653421, -0.61291564
9071015515000, -2.5091233, 9.749189, -0.6991069
9071025865000, -2.585738, 9.816227, -0.78529817
9071036024000, -2.96881, 10.160992, -1.0821792
9071045638000, -3.5817258, 10.46745, -1.6759412
9071056258000, -4.3766007, 10.496181, -2.1930888
9071065974000, -5.104438, 10.477027, -2.5091233
9071076280000, -5.765238, 10.5919485, -3.0262709
9071086127000, -6.0621185, 10.965444, -3.763685
9071096798000, -6.2632318, 11.587936, -4.606444
9071106881000, -6.646304, 12.0093155, -5.267244
9071116058000, -7.1634517, 11.884817, -5.3247046
9071126336000, -7.5848308, 11.176133, -5.1810527
9071136318000, -7.690176, 10.103531, -4.7884035
9071146985000, -7.4986396, 8.983045, -4.453215
9071157057000, -6.991069, 8.082825, -4.175488
9071167413000, -6.4739213, 7.374141, -3.7349546
9071177961000, -6.033388, 6.7612257, -3.217807
9071188559000, -5.889736, 6.445191, -2.719813
9071198466000, -6.129156, 6.2823853, -2.5570073
9071207784000, -6.6079965, 6.1770406, -3.0358477
9071218466000, -7.067683, 5.9759274, -3.7732618
9071228487000, -7.3549876, 5.793968, -4.0701427
9071239096000, -7.326257, 5.93762, -3.9360676
9071248794000, -7.0964136, 6.205771, -4.012682
9071258947000, -6.655881, 6.4643445, -4.55856
9071281016000, -5.3342814, 6.2632318, -3.4284968
9071291780000, -4.999093, 6.1770406, -2.777274
9071301703000, -4.7309427, 6.1195793, -2.3750482
9071311320000, -4.4819455, 6.129156, -2.231396
9071322092000, -4.357447, 6.081272, -2.2697031
9071331907000, -4.261679, 6.205771, -2.4516625
9071342054000, -4.185065, 6.540959, -2.815581
9071351558000, -4.261679, 6.9623384, -3.1890767
9071362020000, -4.3766007, 7.297527, -3.265691
9071371737000, -4.4436383, 7.4986396, -3.2369606
9071381858000, -4.4244847, 7.52737, -3.1890767
9071392030000, -4.2904096, 7.5082164, -3.2273839
9071402472000, -4.0892963, 7.4507556, -3.5434184
9071412212000, -3.8594532, 7.52737, -4.012682
9071422434000, -3.5434184, 7.747637, -4.4723687
9071432638000, -3.3135753, 8.00621, -4.7884035
9071442998000, -3.3327289, 8.207323, -4.912902
9071452643000, -3.4572272, 8.283937, -4.759673
9071462929000, -3.3901896, 8.456321, -4.5298295
9071473276000, -3.4093432, 8.532935, -3.9743748
9071483250000, -3.5817258, 8.513782, -3.064578
9071493826000, -3.4476504, 8.6095495, -2.2218192
9071503622000, -3.3327289, 8.532935, -1.8100165
9071513837000, -3.169923, 8.226477, -1.8004397
9071524809000, -3.1603463, 7.8625584, -2.0494366
9071534099000, -3.122039, 7.5944076, -2.432509
9071545460000, -2.9879637, 7.489063, -2.96881
9071554518000, -2.930503, 7.5465236, -3.1794999
9071564557000, -2.8921957, 7.747637, -2.825158
9071574793000, -2.6527755, 8.226477, -2.5570073
9071584882000, -2.4420857, 8.6574335, -2.3463178
9071595268000, -1.8387469, 8.762778, -1.5897499
9071605667000, -1.3503298, 8.734048, -1.2258313
9071616760000, -1.1109096, 8.619126, -1.2737153
9071627686000, -0.8331822, 8.590396, -1.6280571
9071637106000, -0.8810662, 8.63828, -2.231396
9071647211000, -1.2162545, 8.781932, -3.122039
9071657305000, -1.7908629, 9.9790325, -4.5872903
9071667401000, -2.9975405, 12.555194, -6.7803793
9071677885000, -4.9416323, 15.610195, -8.887277
9071687783000, -7.5082164, 17.57344, -9.442732
9071698071000, -9.624691, 18.08101, -7.632715
9071707812000, -9.940725, 15.667656, -4.606444
9071719570000, -8.121132, 11.252748, -2.4516625
9071731056000, -5.813122, 7.680599, -0.90021986
9071741115000, -4.060566, 5.1906295, -0.076614454
9071751113000, -3.0550013, 3.2944214, 0.21068975
9071761472000, -2.9400797, 2.2218192, 0.46926352
9071771306000, -3.7253778, 2.3463178, 1.0055647
9071781864000, -5.3725886, 3.715801, 1.3215994
9071792091000, -7.565677, 7.680599, 0.40222588
9071802292000, -7.469909, 8.887277, -0.7757214
9071811770000, -6.8569937, 9.509769, -1.3982137
9071821857000, -6.033388, 9.758766, -1.4748282
9071832090000, -5.3438582, 9.787497, -0.94810385
9071841918000, -4.76925, 9.615114, -0.2777274
9071851804000, -4.3766007, 9.32781, 0.4309563
9071862062000, -4.060566, 9.203311, 0.9576807
9071872101000, -3.7924154, 9.165004, 1.0534488
9071882138000, -3.3901896, 9.078813, 0.39264908
9071892542000, -3.0550013, 9.165004, -0.6895301
9071902430000, -3.064578, 9.222465, -1.4652514
9071912472000, -3.4284968, 9.174581, -1.7142484
9071932674000, -4.146757, 8.954314, -1.5131354
9071944533000, -4.3861775, 8.781932, -1.2258313
9071953497000, -4.6255975, 8.561666, -0.7757214
9071964440000, -4.8937483, 8.456321, -0.29688102
9071974368000, -5.267244, 8.389283, -0.17238252
9071985256000, -5.554548, 8.360553, -0.22026655
9071995952000, -5.66947, 8.446744, -0.5554548
9072006076000, -5.592855, 8.504205, -1.1204864
9072015800000, -5.2959743, 8.647857, -1.6759412
9072026006000, -4.960786, 8.887277, -1.8579005
9072035865000, -4.6160207, 9.11712, -1.6472107
9072045992000, -4.309563, 9.184157, -1.3694834
9072056168000, -4.223372, 8.983045, -1.091756
9072067145000, -4.2042184, 8.676587, -0.842759
9072076406000, -4.271256, 8.475474, -0.59376204
9072086374000, -4.4244847, 8.350976, -0.34476504
9072096526000, -4.6160207, 8.283937, -0.12449849
9072106761000, -4.7309427, 8.360553, 0.019153614
9072116699000, -4.721366, 8.628703, 0.08619126
9072126851000, -4.4819455, 9.011775, -0.37349546
9072136905000, -4.3478703, 9.14585, -0.62249243
9072147028000, -4.1946416, 9.136273, -0.61291564
9072157119000, -4.1180267, 9.11712, -0.46926352
9072167242000, -4.060566, 9.107543, -0.20111294
9072178790000, -4.003105, 9.126697, -0.009576807
9072198770000, -3.8115692, 9.050082, 0.18195933
9072208705000, -3.8402996, 8.868123, 0.2873042
9072219388000, -3.9839516, 8.628703, 0.34476504
9072229204000, -4.175488, 8.523358, 0.41180268
9072239429000, -4.367024, 8.494628, 0.5267244
9072249037000, -4.5872903, 8.580819, 0.58418524
9072259471000, -4.673482, 8.7053175, 0.63206923
9072281178000, -4.510676, 8.887277, 0.6512229
9072291130000, -4.2042184, 8.944737, 0.6895301
9072301129000, -3.8402996, 9.11712, 0.60333884
9072311821000, -3.5529952, 9.279925, 0.37349546
9072322506000, -3.4380736, 9.442732, 0.18195933
9072331940000, -3.371036, 9.500193, 0.02873042
9072342331000, -3.41892, 9.471462, 0.0
9072352178000, -3.4859576, 9.423578, 0.06703765
9072362257000, -3.6008794, 9.251195, 0.1340753
9072372948000, -3.7541082, 8.992621, 0.18195933
9072382525000, -3.8786068, 8.801085, 0.21068975
9072392660000, -4.357447, 8.686164, 0.36391866
9072412964000, -4.6830587, 8.772355, 0.10534488
9072423071000, -4.711789, 8.887277, -0.05746084
9072432980000, -4.6351743, 9.069236, -0.06703765
9072444760000, -4.5394063, 9.270349, -0.047884032
9072455627000, -4.3382936, 9.404425, -0.02873042
9072466185000, -4.1946416, 9.385271, -0.1436521
9072476332000, -4.060566, 9.308656, -0.33518824
9072486118000, -3.916914, 9.212888, -0.58418524
9072506480000, -3.8881836, 9.174581, -0.89064306
9072516199000, -4.060566, 9.107543, -0.7661445
9072525937000, -4.280833, 8.954314, -0.51714754
9072537229000, -4.606444, 8.896853, -0.20111294
9072546815000, -4.8458643, 8.772355, 0.18195933
9072556887000, -4.960786, 8.743625, 0.49799395
9072566944000, -4.9416323, 8.686164, 0.6512229
9072576947000, -4.817134, 8.6574335, 0.61291564
9072586954000, -4.6160207, 8.66701, 0.4213795
9072597151000, -4.4436383, 8.848969, 0.21068975
9072607169000, -4.2904096, 9.078813, 0.019153614
9072617289000, -4.0701427, 9.251195, -0.10534488
9072627476000, -3.8498764, 9.375694, -0.18195933
9072637661000, -3.6296098, 9.442732, -0.22026655
9072647794000, -3.514688, 9.423578, -0.08619126
9072657705000, -3.3997664, 9.356541, 0.11492168
9072667858000, -3.41892, 9.155427, 0.45010993
9072678103000, -3.5338416, 9.021352, 0.7374141
9072688426000, -3.6583402, 8.973468, 0.6991069
9072708355000, -3.5817258, 9.021352, 0.5554548
