#Angle around the z x y axes.
#timestamp(ns), Azimuth , Pitch, Roll (degrees)
#Datetime: 07/05/2015 12:52:51
##########################################
#Activity: 7 - SCH - Sit chair - 6s
#Subject ID: 50
#First Name: sub50
#Last Name: sub50
#Age: 23
#Height(cm): 165
#Weight(kg): 50
#Gender: Female
##########################################

@DATA
9427331897000, 79.897125, -29.461372, 34.61736
9427336912000, 81.0232, -30.160429, 34.05637
9427341901000, 79.8376, -29.91085, 34.345432
9427346880000, 79.78524, -29.936205, 34.06958
9427351878000, 79.738945, -30.39318, 33.789406
9427356891000, 79.70599, -30.842821, 33.521507
9427361878000, 79.676346, -31.297947, 33.236034
9427366878000, 79.65134, -31.7563, 32.957443
9427371875000, 79.63433, -32.205, 32.6741
9427376943000, 79.61812, -32.656834, 32.390057
9427381922000, 79.6086, -33.10771, 32.105984
9427386923000, 79.58983, -33.552536, 31.813622
9427391940000, 79.58383, -33.98782, 31.52939
9427396939000, 79.57451, -34.42438, 31.240843
9427401952000, 79.56818, -34.848675, 30.960476
9427406964000, 79.56662, -35.27329, 30.681883
9427411828000, 79.5671, -35.689186, 30.407026
9427416824000, 79.57798, -36.10281, 30.14291
9427421811000, 79.59653, -36.51993, 29.887781
9427426828000, 79.62681, -36.944374, 29.642378
9427431823000, 79.69071, -37.390583, 29.403921
9427437165000, 79.77025, -37.85515, 29.176516
9427441837000, 79.863144, -38.344433, 28.959297
9427446821000, 80.008095, -38.862617, 28.772646
9427451906000, 80.15812, -39.4521, 28.580938
9427456924000, 80.32964, -40.067646, 28.410997
9427461881000, 80.52002, -40.6805, 28.240248
9427466901000, 80.72576, -41.34837, 28.080545
9427471894000, 80.93169, -42.016785, 27.92018
9427476916000, 81.129234, -42.67253, 27.751173
9427481898000, 81.32455, -43.3131, 27.586195
9427486905000, 81.51983, -43.945534, 27.416576
9427491923000, 81.714424, -44.57051, 27.247164
9427496899000, 81.90564, -45.188057, 27.077059
9427501901000, 82.08668, -45.79185, 26.904055
9427507696000, 82.27314, -46.393585, 26.730743
9427511944000, 82.45634, -46.98186, 26.558823
9427516934000, 82.63151, -47.561344, 26.384382
9427521897000, 82.806885, -48.13351, 26.210691
9427526918000, 82.98241, -48.698544, 26.036022
9427531921000, 83.15198, -49.249622, 25.864113
9427536905000, 83.32269, -49.800827, 25.687819
9427541974000, 83.487206, -50.33369, 25.51959
9427546923000, 83.65003, -50.865433, 25.34422
9427551901000, 83.80869, -51.384804, 25.175268
9427556948000, 83.96406, -51.89417, 25.00495
9427561915000, 84.112335, -52.394333, 24.83456
9427566902000, 84.25688, -52.886257, 24.663782
9427571893000, 84.39335, -53.368942, 24.494362
9427577045000, 84.528465, -53.84206, 24.32516
9427581908000, 84.654884, -54.3082, 24.154709
9427586914000, 84.77848, -54.764378, 23.986681
9427591918000, 84.89938, -55.21693, 23.819815
9427596938000, 85.015, -55.6589, 23.650476
9427601941000, 85.12956, -56.093792, 23.484966
9427606920000, 85.23698, -56.52452, 23.318726
9427611909000, 85.343285, -56.94735, 23.151129
9427616903000, 85.4441, -57.363327, 22.987946
9427622135000, 85.54222, -57.77071, 22.82359
9427626893000, 85.63756, -58.174114, 22.662415
9427631908000, 85.74857, -58.583355, 22.4927
9427636903000, 85.85664, -58.985477, 22.327267
9427641932000, 85.957855, -59.380196, 22.160458
9427647105000, 86.054146, -59.770084, 21.995089
9427651904000, 86.14971, -60.14943, 21.83122
9427656919000, 86.23466, -60.526196, 21.668167
9427661909000, 86.31875, -60.89075, 21.507742
9427666900000, 86.402466, -61.2545, 21.348316
9427671889000, 86.47806, -61.605274, 21.191845
9427676915000, 86.55461, -61.95203, 21.036879
9427681906000, 86.62463, -62.294018, 20.882376
9427686896000, 86.69212, -62.625736, 20.732561
9427691924000, 86.75474, -62.952858, 20.582779
9427696912000, 86.81749, -63.275036, 20.433361
9427701902000, 86.870895, -63.589943, 20.287125
9427706855000, 86.92611, -63.899166, 20.142815
9427711941000, 86.9765, -64.20208, 20.00135
9427716985000, 87.02804, -64.49997, 19.862808
9427721888000, 87.07371, -64.7931, 19.723284
9427726915000, 87.11969, -65.07471, 19.591864
9427731900000, 87.161385, -65.35587, 19.460958
9427736897000, 87.20478, -65.62794, 19.330837
9427741918000, 87.24434, -65.89256, 19.20586
9427746917000, 87.27939, -66.15449, 19.0829
9427751901000, 87.30935, -66.40804, 18.959173
9427756889000, 87.343185, -66.65599, 18.840595
9427762693000, 87.36641, -66.89882, 18.721985
9427766908000, 87.38878, -67.13698, 18.604233
9427771893000, 87.40595, -67.36926, 18.487572
9427776915000, 87.42147, -67.597275, 18.372623
9427781901000, 87.43637, -67.818825, 18.26078
9427786887000, 87.44608, -68.03986, 18.146547
9427791967000, 87.45621, -68.25123, 18.039148
9427796953000, 87.46554, -68.46156, 17.931957
9427801903000, 87.472855, -68.66504, 17.827879
9427806947000, 87.481606, -68.86612, 17.725138
9427811912000, 87.48854, -69.05846, 17.628359
9427816902000, 87.49326, -69.24831, 17.533627
9427822226000, 87.49916, -69.43363, 17.44054
9427826916000, 87.505455, -69.6106, 17.352392
9427832583000, 87.53044, -69.79859, 17.256254
9427836899000, 87.55707, -69.97872, 17.16457
9427841920000, 87.58112, -70.1579, 17.07157
9427846907000, 87.604164, -70.3259, 16.985268
9427851900000, 87.62702, -70.490074, 16.89953
9427856906000, 87.64729, -70.653336, 16.813442
9427861910000, 87.664215, -70.806404, 16.732927
9427866904000, 87.67967, -70.96016, 16.650087
9427871880000, 87.6923, -71.103615, 16.57491
9427876915000, 87.70437, -71.24639, 16.49812
9427881890000, 87.71524, -71.38323, 16.42557
9427886927000, 87.72144, -71.51142, 16.358564
9427891995000, 87.72743, -71.63861, 16.290918
9427896986000, 87.7303, -71.75706, 16.227316
9427902108000, 87.73096, -71.87633, 16.162394
9427906937000, 87.72866, -71.98867, 16.10105
9427911897000, 87.72309, -72.10175, 16.037285
9427916867000, 87.71614, -72.20886, 15.975948
9427921886000, 87.70601, -72.315765, 15.915309
9427926927000, 87.69837, -72.419304, 15.853687
9427931920000, 87.68413, -72.51894, 15.796369
9427936963000, 87.672516, -72.61688, 15.737698
9427941922000, 87.66037, -72.711296, 15.683655
9427946999000, 87.6449, -72.80381, 15.628242
9427951896000, 87.62876, -72.89215, 15.577281
9427956857000, 87.61199, -72.98122, 15.52606
9427961826000, 87.59131, -73.06501, 15.477059
9427966824000, 87.57103, -73.149414, 15.429342
9427971811000, 87.54585, -73.230865, 15.380726
9427976829000, 87.52211, -73.31211, 15.334723
9427981821000, 87.49669, -73.3933, 15.28545
9427986811000, 87.472595, -73.47124, 15.239289
9427991828000, 87.445076, -73.54855, 15.192048
9427996828000, 87.41799, -73.62589, 15.143106
9428001935000, 87.389366, -73.700096, 15.097525
9428006922000, 87.362015, -73.774, 15.050489
9428011917000, 87.3318, -73.84587, 15.003756
9428016903000, 87.30291, -73.91534, 14.960362
9428021873000, 87.27465, -73.9831, 14.917158
9428026908000, 87.24601, -74.04988, 14.872776
9428031906000, 87.22024, -74.111595, 14.834862
9428036894000, 87.21682, -74.20231, 14.7702055
9428041894000, 87.21425, -74.28919, 14.710345
9428046889000, 87.21295, -74.371414, 14.653873
9428051900000, 87.21257, -74.45181, 14.598219
9428056907000, 87.213905, -74.52434, 14.549577
9428061906000, 87.218185, -74.596954, 14.501086
9428066911000, 87.222565, -74.65968, 14.460289
9428071890000, 87.230225, -74.71891, 14.422562
9428076907000, 87.23717, -74.77432, 14.3867
9428081900000, 87.2444, -74.8224, 14.356602
9428086924000, 87.24697, -74.86631, 14.329623
9428091902000, 87.244736, -74.90638, 14.303964
9428096909000, 87.240105, -74.94062, 14.282124
9428101903000, 87.228836, -74.97385, 14.260564
9428106893000, 87.209724, -74.99956, 14.24367
9428111907000, 87.18792, -75.01831, 14.231402
9428116904000, 87.156425, -75.032455, 14.221907
9428121895000, 87.12389, -75.03995, 14.215999
9428126915000, 87.08065, -75.03873, 14.215235
9428131901000, 87.03508, -75.030014, 14.220446
9428136902000, 86.98321, -75.01346, 14.229739
9428141917000, 86.931435, -74.99596, 14.240076
9428146905000, 86.881996, -74.96459, 14.262204
9428151901000, 86.83428, -74.931015, 14.286271
9428157650000, 86.806206, -74.89007, 14.317872
9428161890000, 86.76806, -74.84189, 14.351462
9428166905000, 86.756454, -74.78432, 14.399162
9428171892000, 86.75023, -74.7189, 14.446583
9428176913000, 86.74657, -74.64364, 14.503049
9428181914000, 86.74864, -74.55578, 14.567273
9428186896000, 86.752205, -74.45748, 14.637507
9428192043000, 86.74586, -74.34866, 14.710631
9428196958000, 86.731155, -74.2333, 14.785766
9428201902000, 86.69996, -74.109566, 14.862424
9428206897000, 86.64922, -73.986885, 14.930953
9428211913000, 86.582405, -73.86259, 14.999725
9428216903000, 86.49711, -73.741684, 15.060777
9428221872000, 86.39331, -73.62761, 15.11735
9428227201000, 86.278915, -73.51667, 15.171762
9428231906000, 86.15661, -73.41135, 15.224969
9428236900000, 86.04371, -73.31645, 15.268181
9428241937000, 85.92751, -73.22259, 15.3145075
9428246908000, 85.814644, -73.131325, 15.359782
9428251909000, 85.705795, -73.038994, 15.403127
9428256967000, 85.60681, -72.9443, 15.448506
9428261909000, 85.51426, -72.84957, 15.4915905
9428266904000, 85.43283, -72.757225, 15.529328
9428271889000, 85.3598, -72.66744, 15.567729
9428276888000, 85.2856, -72.58094, 15.599666
9428281907000, 85.21877, -72.499664, 15.628134
9428286898000, 85.14115, -72.423485, 15.653425
9428291952000, 85.05446, -72.34899, 15.676386
9428296898000, 84.964386, -72.27291, 15.70038
9428301909000, 84.869354, -72.198654, 15.7196455
9428306900000, 84.772865, -72.12838, 15.729403
9428311883000, 84.67836, -72.05734, 15.731502
9428316906000, 84.57409, -71.99294, 15.719946
9428321887000, 84.47434, -71.93177, 15.7015505
9428326893000, 84.37464, -71.877945, 15.674032
9428331907000, 84.26738, -71.82492, 15.645708
9428336898000, 84.15142, -71.77577, 15.617142
9428341925000, 84.03814, -71.72781, 15.603503
9428346916000, 83.92118, -71.68149, 15.597887
9428351897000, 83.81092, -71.63635, 15.606878
9428356937000, 83.7174, -71.587456, 15.635991
9428361869000, 83.63779, -71.53481, 15.679474
9428366925000, 83.57931, -71.47645, 15.742042
9428371879000, 83.55378, -71.40984, 15.8175955
9428376928000, 83.539246, -71.341446, 15.897803
9428381921000, 83.54972, -71.26946, 15.9790945
9428386926000, 83.5714, -71.19762, 16.054895
9428391937000, 83.60369, -71.12864, 16.123596
9428396952000, 83.647736, -71.0642, 16.18665
9428401967000, 83.696754, -71.00001, 16.24565
9428406932000, 83.74947, -70.943665, 16.302486
9428411910000, 83.81566, -70.88168, 16.364592
9428416934000, 83.87795, -70.82063, 16.430695
9428421822000, 83.942085, -70.764694, 16.495586
9428426824000, 84.00484, -70.70891, 16.559422
9428431789000, 84.063965, -70.655655, 16.622622
9428436819000, 84.27224, -70.34624, 16.927225
9428441806000, 84.46629, -70.05213, 17.210829
9428446846000, 84.73809, -69.83361, 17.437923
9428451769000, 84.98925, -69.629974, 17.643978
9428456908000, 85.28628, -69.493164, 17.778278
9428461822000, 85.573746, -69.36205, 17.9025
9428466875000, 85.87188, -69.299995, 17.92968
9428471864000, 86.154076, -69.2327, 17.953594
9428476884000, 86.46424, -69.23857, 17.889198
9428482324000, 86.75015, -69.23158, 17.829313
9428486856000, 87.06178, -69.305405, 17.691502
9428491887000, 87.36176, -69.36064, 17.567709
9428496878000, 87.678505, -69.44764, 17.410368
9428501896000, 87.990776, -69.522446, 17.263151
9428508102000, 88.33376, -69.63187, 17.081264
9428511886000, 88.68251, -69.73474, 16.910501
9428516868000, 89.09082, -69.87288, 16.67522
9428521895000, 89.503006, -69.995, 16.454803
9428526889000, 89.91524, -70.10115, 16.25277
9428531909000, 90.394, -70.22718, 16.007107
9428536898000, 90.8723, -70.32669, 15.7814045
9428541924000, 91.394264, -70.43071, 15.51522
9428546954000, 91.91667, -70.49975, 15.2728195
9428552103000, 92.38088, -70.461075, 15.103684
9428556954000, 92.83336, -70.40366, 14.941451
9428561944000, 93.22464, -70.29587, 14.842074
9428566940000, 93.59472, -70.17118, 14.745917
9428571891000, 93.83675, -69.97999, 14.764516
9428576965000, 94.0738, -69.77944, 14.790419
9428582021000, 94.261215, -69.54989, 14.823885
9428586884000, 94.42678, -69.30181, 14.872439
9428591922000, 94.54251, -68.95635, 15.013816
9428596909000, 94.6428, -68.61942, 15.146417
9428601900000, 94.71215, -68.27725, 15.276945
9428606916000, 94.75966, -67.95, 15.397731
9428611903000, 94.79044, -67.629654, 15.511005
9428616901000, 94.815216, -67.325516, 15.611175
9428622277000, 94.82566, -66.99297, 15.737155
9428626890000, 94.82448, -66.67361, 15.850099
9428632246000, 94.828384, -66.33318, 15.966261
9428636894000, 94.83013, -65.990906, 16.076717
9428641931000, 94.84259, -65.65809, 16.139797
9428646900000, 94.85856, -65.302666, 16.214916
9428651835000, 94.8703, -64.965485, 16.272627
9428656924000, 94.88492, -64.626434, 16.324766
9428661896000, 94.90078, -64.29409, 16.376925
9428666902000, 94.91536, -63.96837, 16.41121
9428671920000, 94.94651, -63.64801, 16.448593
9428676917000, 94.99143, -63.328346, 16.485384
9428681906000, 95.051216, -63.01014, 16.524492
9428686885000, 95.12265, -62.69535, 16.568403
9428691992000, 95.2056, -62.391216, 16.616858
9428696907000, 95.28191, -62.068005, 16.672178
9428701901000, 95.37921, -61.755066, 16.735245
9428706887000, 95.46847, -61.445347, 16.7998
9428711911000, 95.56067, -61.138203, 16.86515
9428716944000, 95.674545, -60.801098, 16.935247
9428721897000, 95.79738, -60.478817, 16.992653
9428727178000, 95.93107, -60.125202, 17.078472
9428731900000, 96.05324, -59.781956, 17.140182
9428736889000, 96.21488, -59.42832, 17.184723
9428741884000, 96.39357, -59.07067, 17.231108
9428746936000, 96.54098, -58.7115, 17.26834
9428751901000, 96.66088, -58.313347, 17.316914
9428756940000, 96.78832, -57.899952, 17.388515
9428761912000, 96.9162, -57.462006, 17.476236
9428766898000, 97.03787, -57.010414, 17.579327
9428771880000, 97.154076, -56.512157, 17.733725
9428776915000, 97.28668, -56.032635, 17.898579
9428781901000, 97.409454, -55.538845, 18.1024
9428786902000, 97.507576, -55.06819, 18.299603
9428791900000, 97.589455, -54.5749, 18.519787
9428796932000, 97.650894, -54.107197, 18.726555
9428801901000, 97.69121, -53.60793, 18.953508
9428807588000, 97.73256, -53.132114, 19.17891
9428811877000, 97.76001, -52.66905, 19.382544
9428816902000, 97.78344, -52.23649, 19.578865
9428821861000, 97.80687, -51.835903, 19.778917
9428826919000, 97.83812, -51.447865, 19.98817
9428831956000, 97.875595, -51.08807, 20.222519
9428836901000, 97.92146, -50.738194, 20.452269
9428841970000, 97.94181, -50.381805, 20.703304
9428846980000, 97.960884, -50.04425, 20.947332
9428851839000, 97.97619, -49.735638, 21.158207
9428856885000, 97.973015, -49.461426, 21.381792
9428861918000, 97.94729, -49.209167, 21.579586
9428866903000, 97.903725, -48.990826, 21.765734
9428871896000, 97.811165, -48.75473, 22.008904
9428877706000, 97.62867, -48.49323, 22.31298
9428881900000, 97.44785, -48.23324, 22.585423
9428886897000, 97.16635, -48.04801, 22.850147
9428891982000, 96.85917, -47.828083, 23.13038
9428896922000, 96.55455, -47.68294, 23.35549
9428901910000, 96.29683, -47.5585, 23.548796
9428906848000, 96.10322, -47.06353, 23.947914
9428911905000, 95.95142, -46.598034, 24.307262
9428916876000, 95.85919, -46.16331, 24.633062
9428921893000, 95.792595, -45.748554, 24.930363
9428926889000, 95.74548, -45.25766, 25.230852
9428931990000, 95.677155, -44.768612, 25.517889
9428936908000, 95.6232, -44.39359, 25.782013
9428941977000, 95.54506, -44.028954, 26.018284
9428947141000, 95.447136, -43.746563, 26.190025
9428951903000, 95.34058, -43.466778, 26.355547
9428956936000, 95.238464, -43.185394, 26.516872
9428961911000, 95.13051, -42.95889, 26.633097
9428966913000, 95.0113, -42.75814, 26.718327
9428971896000, 94.89774, -42.574287, 26.790188
9428977282000, 94.77904, -42.403492, 26.832645
9428981893000, 94.666824, -42.25396, 26.862349
9428986882000, 94.54473, -42.105007, 26.863665
9428991931000, 94.43013, -41.96963, 26.860157
9428997458000, 94.32391, -41.836983, 26.853632
9429001902000, 94.22188, -41.69858, 26.823793
9429006887000, 94.108955, -41.56319, 26.77351
9429011907000, 94.00549, -41.42185, 26.727974
9429017019000, 93.90571, -41.2848, 26.685259
9429021892000, 93.795784, -41.1651, 26.637175
9429026857000, 93.68773, -41.042904, 26.599741
9429031926000, 93.587494, -40.929935, 26.557543
9429036884000, 93.4908, -40.81545, 26.52239
9429041930000, 93.37338, -40.72449, 26.49294
9429046907000, 93.265335, -40.638298, 26.460402
9429051895000, 93.16052, -40.5515, 26.429485
9429056915000, 93.05983, -40.465588, 26.401262
9429061934000, 92.939, -40.3751, 26.390148
9429066907000, 92.816, -40.287853, 26.377892
9429071891000, 92.68643, -40.19205, 26.378761
9429076915000, 92.567986, -40.10515, 26.380621
9429081902000, 92.43657, -40.018246, 26.384706
9429086892000, 92.31067, -39.929653, 26.398796
9429091928000, 92.18988, -39.837467, 26.415266
9429096924000, 92.0812, -39.744076, 26.439173
9429101899000, 91.97389, -39.646645, 26.467407
9429106884000, 91.87829, -39.545933, 26.501225
9429111832000, 91.78752, -39.44396, 26.534042
9429116902000, 91.710304, -39.343678, 26.574697
9429121874000, 91.61331, -39.238853, 26.61261
9429126912000, 91.52587, -39.138363, 26.651163
9429132610000, 91.436165, -39.033813, 26.704899
9429136891000, 91.35392, -38.93318, 26.754225
9429141946000, 91.27674, -38.82689, 26.820076
9429146980000, 91.195526, -38.722576, 26.883614
9429151836000, 91.119736, -38.628517, 26.937235
9429156912000, 91.04192, -38.51087, 27.01148
9429161932000, 90.96398, -38.401665, 27.074877
9429166901000, 90.874115, -38.28211, 27.13716
9429171892000, 90.78799, -38.167194, 27.188515
9429176910000, 90.7057, -38.04883, 27.224277
9429181901000, 90.63354, -37.934227, 27.25501
9429186889000, 90.54986, -37.819656, 27.281227
9429191954000, 90.46149, -37.701836, 27.298687
9429196923000, 90.394585, -37.5843, 27.309343
9429202563000, 90.325096, -37.46472, 27.323603
9429206879000, 90.247696, -37.337955, 27.336082
9429211910000, 90.17836, -37.216766, 27.35319
9429216904000, 90.11626, -37.095203, 27.387413
9429221897000, 90.05859, -36.981754, 27.423538
9429226915000, 90.00131, -36.861073, 27.47374
9429231905000, 89.94527, -36.746292, 27.527512
9429237566000, 89.89455, -36.614254, 27.589043
9429242010000, 89.84779, -36.485634, 27.650383
9429246896000, 89.80359, -36.355244, 27.715439
9429251900000, 89.759605, -36.231567, 27.776295
9429256924000, 89.72637, -36.105896, 27.83464
9429261905000, 89.66851, -35.99672, 27.887287
9429266903000, 89.622604, -35.89432, 27.933374
9429272446000, 89.57484, -35.79139, 27.96809
9429276919000, 89.530205, -35.69213, 27.9946
9429281898000, 89.49081, -35.604736, 28.012545
9429286887000, 89.45089, -35.52084, 28.025173
9429291904000, 89.40374, -35.429787, 28.040956
9429296940000, 89.361664, -35.34, 28.056517
9429301901000, 89.31707, -35.25653, 28.073776
9429306907000, 89.2796, -35.171833, 28.09381
9429311908000, 89.23543, -35.103065, 28.116117
9429316904000, 89.19589, -35.039146, 28.136818
9429321866000, 89.1594, -34.986122, 28.150274
9429326893000, 89.124626, -34.94132, 28.15947
9429331834000, 89.08419, -34.893337, 28.189827
9429336918000, 89.044846, -34.845463, 28.220612
9429342191000, 88.998436, -34.798737, 28.2529
9429346938000, 88.95059, -34.745506, 28.288752
9429352257000, 88.91097, -34.703342, 28.335136
9429356915000, 88.86713, -34.659767, 28.379807
9429361888000, 88.8189, -34.611237, 28.433668
9429366873000, 88.76877, -34.567966, 28.485619
9429371894000, 88.722824, -34.527977, 28.533798
9429376869000, 88.67653, -34.491417, 28.58334
9429381865000, 88.62626, -34.455624, 28.630798
9429386884000, 88.587166, -34.42027, 28.67309
9429391877000, 88.53874, -34.385883, 28.713324
9429396884000, 88.49651, -34.349606, 28.741499
9429401972000, 88.45139, -34.312584, 28.772118
9429406833000, 88.4078, -34.27651, 28.792128
9429411835000, 88.37237, -34.24338, 28.812235
9429416831000, 88.33405, -34.206413, 28.829454
9429421819000, 88.2961, -34.169613, 28.844063
9429426824000, 88.26388, -34.132584, 28.867393
9429431821000, 88.22869, -34.099785, 28.883425
9429436816000, 88.18648, -34.065502, 28.899115
9429441846000, 88.14413, -34.032627, 28.912731
9429446825000, 88.10777, -34.003952, 28.927956
9429451933000, 88.066055, -33.975662, 28.943552
9429457021000, 88.02918, -33.952732, 28.95941
9429461915000, 87.99505, -33.928047, 28.974163
9429467745000, 87.960266, -33.8988, 28.990564
9429471913000, 87.927315, -33.877247, 29.000725
9429476945000, 87.892654, -33.836914, 29.016905
9429482024000, 87.85709, -33.801495, 29.029808
9429486981000, 87.82852, -33.767937, 29.040035
9429492632000, 87.794785, -33.723167, 29.040087
9429497440000, 87.77003, -33.679623, 29.037489
9429501888000, 87.74732, -33.637276, 29.044178
9429507403000, 87.73473, -33.59873, 29.049809
9429511886000, 87.7214, -33.56353, 29.05678
9429521904000, 87.712234, -33.532734, 29.061428
9429527033000, 87.70413, -33.48993, 29.06897
9429531877000, 87.70226, -33.455982, 29.073954
9429536916000, 87.69241, -33.420006, 29.079805
9429541897000, 87.70096, -33.41672, 29.085443
9429546916000, 87.70439, -33.41373, 29.09041
9429551840000, 87.70422, -33.414997, 29.096548
9429556827000, 87.70232, -33.41699, 29.099785
9429562087000, 87.70613, -33.42318, 29.104126
9429566823000, 87.70242, -33.426884, 29.109049
9429571807000, 87.707794, -33.428417, 29.115063
9429576839000, 87.71161, -33.434284, 29.121883
9429581833000, 87.71167, -33.443935, 29.119719
9429586808000, 87.71672, -33.46091, 29.117907
9429591813000, 87.7116, -33.476143, 29.110365
9429596798000, 87.71172, -33.496273, 29.108173
9429601858000, 87.711494, -33.51908, 29.090551
9429606895000, 87.717384, -33.54736, 29.077724
9429611874000, 87.71821, -33.577637, 29.062813
9429616871000, 87.72365, -33.609097, 29.049711
9429621864000, 87.72178, -33.635784, 29.045547
9429626920000, 87.72296, -33.66714, 29.040035
9429632432000, 87.722015, -33.695267, 29.036198
9429636935000, 87.722, -33.733284, 29.032295
9429641966000, 87.714966, -33.769077, 29.030777
9429647041000, 87.720345, -33.809464, 29.031933
9429651817000, 87.718925, -33.846027, 29.037748
9429656839000, 87.71583, -33.876846, 29.036703
9429661823000, 87.71871, -33.911427, 29.035267
9429666818000, 87.723434, -33.940224, 29.03379
9429671812000, 87.72891, -33.96979, 29.033894
9429676818000, 87.73376, -33.995113, 29.025269
9429681816000, 87.740265, -34.020115, 29.021349
9429686806000, 87.73495, -34.04705, 29.00521
9429691842000, 87.73239, -34.076878, 28.99027
9429696815000, 87.72798, -34.10225, 28.981853
9429701848000, 87.72294, -34.132706, 28.970953
9429706827000, 87.72249, -34.156975, 28.965296
9429711864000, 87.724434, -34.18668, 28.956274
9429716846000, 87.71752, -34.204754, 28.944036
9429721835000, 87.715126, -34.230057, 28.92599
9429726851000, 87.70811, -34.249058, 28.916548
9429731847000, 87.700806, -34.268024, 28.90568
9429736835000, 87.68729, -34.289227, 28.888264
9429741883000, 87.68114, -34.30794, 28.8741
9429746847000, 87.67134, -34.321827, 28.863895
9429751864000, 87.65974, -34.336674, 28.853413
9429756850000, 87.65388, -34.34796, 28.847818
9429761892000, 87.64748, -34.365543, 28.842165
9429766888000, 87.64027, -34.37904, 28.836193
9429771852000, 87.63362, -34.39028, 28.831022
9429776835000, 87.63067, -34.40475, 28.83115
9429781863000, 87.620636, -34.416466, 28.827919
9429786840000, 87.61098, -34.425743, 28.824575
9429791876000, 87.59638, -34.44305, 28.813908
9429796843000, 87.58547, -34.45522, 28.808126
9429801979000, 87.571236, -34.471092, 28.8039
9429806876000, 87.55747, -34.48022, 28.799843
9429811956000, 87.54588, -34.48918, 28.794607
9429816849000, 87.52706, -34.511105, 28.771652
9429821890000, 87.50865, -34.5301, 28.751852
9429826844000, 87.49103, -34.552544, 28.731022
9429831908000, 87.47282, -34.573105, 28.712488
9429836925000, 87.45388, -34.595287, 28.688505
9429841900000, 87.43652, -34.61338, 28.668266
9429846872000, 87.42581, -34.642315, 28.652273
9429852041000, 87.418495, -34.66207, 28.640594
9429856887000, 87.4082, -34.683628, 28.625864
9429861916000, 87.40031, -34.705086, 28.61239
9429866889000, 87.39225, -34.725212, 28.600714
9429871882000, 87.38514, -34.742718, 28.588053
9429877173000, 87.37607, -34.758274, 28.576601
9429881945000, 87.37225, -34.77474, 28.563046
9429887573000, 87.36507, -34.787907, 28.553606
9429891898000, 87.35721, -34.799892, 28.545193
9429896898000, 87.35078, -34.816395, 28.533175
9429901904000, 87.344986, -34.828102, 28.52618
9429906875000, 87.3355, -34.841114, 28.516422
9429911890000, 87.33041, -34.853676, 28.510437
9429916909000, 87.31879, -34.86307, 28.500677
9429921893000, 87.31693, -34.878876, 28.49857
9429926886000, 87.308945, -34.890953, 28.492958
9429931839000, 87.30751, -34.902687, 28.489042
9429936894000, 87.2983, -34.91487, 28.487566
9429941930000, 87.294426, -34.929123, 28.486746
9429946900000, 87.287415, -34.938053, 28.484663
9429951862000, 87.28136, -34.947277, 28.483664
9429956885000, 87.28001, -34.957302, 28.483904
9429961895000, 87.273544, -34.964542, 28.484932
9429966995000, 87.27295, -34.972034, 28.490454
9429971889000, 87.26716, -34.978165, 28.494339
9429976897000, 87.26208, -34.985256, 28.499556
9429981907000, 87.25947, -34.99296, 28.50633
9429986923000, 87.26575, -35.005383, 28.512617
9429991975000, 87.27098, -35.012043, 28.519983
9429996891000, 87.27496, -35.02776, 28.52691
9430001950000, 87.28045, -35.04647, 28.530884
9430006833000, 87.28304, -35.05609, 28.539259
9430011825000, 87.28508, -35.07417, 28.542702
9430016820000, 87.2937, -35.091183, 28.54792
9430021825000, 87.29791, -35.107204, 28.551264
9430026823000, 87.30721, -35.122753, 28.552244
9430031821000, 87.310104, -35.133503, 28.556997
9430036795000, 87.316795, -35.147278, 28.559288
9430041856000, 87.321724, -35.159557, 28.562246
9430046818000, 87.33055, -35.180313, 28.56419
9430051899000, 87.34057, -35.19784, 28.56884
9430056874000, 87.348015, -35.214592, 28.576025
9430061914000, 87.3581, -35.231327, 28.584187
9430066856000, 87.36935, -35.247734, 28.585333
9430071889000, 87.383965, -35.2616, 28.59596
9430076847000, 87.39418, -35.282898, 28.596975
9430081906000, 87.40638, -35.297688, 28.601759
9430086891000, 87.417404, -35.31719, 28.602364
9430092011000, 87.42664, -35.33568, 28.600529
9430096933000, 87.43581, -35.3494, 28.601482
9430101900000, 87.44594, -35.363808, 28.601398
9430107179000, 87.454605, -35.380245, 28.600286
9430111903000, 87.47033, -35.39456, 28.59792
9430116901000, 87.486626, -35.41291, 28.596025
9430121873000, 87.503296, -35.4282, 28.593393
9430126918000, 87.51713, -35.44354, 28.593058
9430131836000, 87.53007, -35.456787, 28.594494
9430136872000, 87.54551, -35.47188, 28.592772
9430142712000, 87.56101, -35.485176, 28.589708
9430146935000, 87.57365, -35.49744, 28.585232
9430151929000, 87.58913, -35.513393, 28.577906
9430156891000, 87.59956, -35.5292, 28.566467
9430161864000, 87.605354, -35.542103, 28.554832
9430166909000, 87.608826, -35.559475, 28.542894
9430172236000, 87.61681, -35.57306, 28.529015
9430176891000, 87.6186, -35.586594, 28.517958
9430181882000, 87.63087, -35.59829, 28.514488
9430186869000, 87.64009, -35.609615, 28.512741
9430191988000, 87.64844, -35.620323, 28.506975
9430196955000, 87.65906, -35.631905, 28.508537
9430201868000, 87.66627, -35.645466, 28.504978
9430206889000, 87.67548, -35.657753, 28.50765
9430212596000, 87.68023, -35.670834, 28.507334
9430216904000, 87.68755, -35.683044, 28.508675
9430221894000, 87.69, -35.698967, 28.50832
9430226878000, 87.69275, -35.710514, 28.507053
9430231910000, 87.696915, -35.72283, 28.50764
9430236875000, 87.69806, -35.733585, 28.505531
9430241961000, 87.70005, -35.746666, 28.50503
9430246980000, 87.705444, -35.76331, 28.497322
9430251894000, 87.71026, -35.777607, 28.491278
9430256876000, 87.71745, -35.79415, 28.487581
9430261911000, 87.72026, -35.805122, 28.488247
9430266884000, 87.72276, -35.815166, 28.488165
9430271887000, 87.72513, -35.82695, 28.488667
9430276852000, 87.72948, -35.833275, 28.488827
9430282466000, 87.72986, -35.841015, 28.491385
9430286876000, 87.729385, -35.84597, 28.494638
9430291921000, 87.72997, -35.851517, 28.49916
9430296887000, 87.73128, -35.854374, 28.503193
9430301902000, 87.73587, -35.86231, 28.508806
9430307467000, 87.73735, -35.868004, 28.508898
9430311906000, 87.73944, -35.872437, 28.515076
9430316904000, 87.7429, -35.87919, 28.51857
9430321877000, 87.74723, -35.88095, 28.520924
9430326921000, 87.74735, -35.880375, 28.524384
9430331865000, 87.76378, -35.88374, 28.529749
9430336913000, 87.77133, -35.8872, 28.53466
9430341952000, 87.78033, -35.884335, 28.544188
9430346927000, 87.78947, -35.883038, 28.551224
9430352066000, 87.799164, -35.8804, 28.560886
9430356888000, 87.80574, -35.87927, 28.56953
9430361896000, 87.80611, -35.874447, 28.569963
9430366862000, 87.81044, -35.87139, 28.57455
9430371895000, 87.81157, -35.870647, 28.575092
9430376869000, 87.8133, -35.868767, 28.58055
9430382204000, 87.81437, -35.867706, 28.579708
9430386947000, 87.8115, -35.864372, 28.582071
9430391894000, 87.81003, -35.860664, 28.589993
9430396926000, 87.80652, -35.85684, 28.593136
9430401871000, 87.80702, -35.855217, 28.598818
9430406954000, 87.80348, -35.849403, 28.605856
9430411780000, 87.80568, -35.850433, 28.610601
9430416820000, 87.79875, -35.848152, 28.604074
9430421799000, 87.795715, -35.851295, 28.596085
9430426824000, 87.78618, -35.85031, 28.586065
9430431769000, 87.7835, -35.852684, 28.573528
9430436799000, 87.7742, -35.853745, 28.564177
9430441804000, 87.774765, -35.857388, 28.554081
9430446822000, 87.76314, -35.858616, 28.544703
9430451893000, 87.76373, -35.863266, 28.536478
9430456884000, 87.75402, -35.870815, 28.534172
9430461910000, 87.74274, -35.87313, 28.532934
9430466898000, 87.726, -35.86837, 28.536543
9430471887000, 87.70869, -35.86655, 28.535378
9430476907000, 87.69475, -35.862354, 28.53593
9430481914000, 87.67686, -35.859806, 28.539122
9430486914000, 87.65154, -35.853497, 28.541195
9430492015000, 87.628456, -35.85369, 28.544868
9430496984000, 87.60366, -35.848476, 28.54739
9430507999000, 87.57916, -35.845043, 28.548922
9430511908000, 87.554985, -35.84346, 28.550352
9430516854000, 87.53238, -35.84233, 28.544106
9430521899000, 87.51029, -35.842, 28.539026
9430526848000, 87.49079, -35.843704, 28.537365
9430531901000, 87.47313, -35.848583, 28.528921
9430537534000, 87.45919, -35.85328, 28.527603
9430541943000, 87.44456, -35.85988, 28.521582
9430546965000, 87.427826, -35.864693, 28.519524
9430551905000, 87.42329, -35.87176, 28.51623
9430561907000, 87.41332, -35.876423, 28.51666
9430566903000, 87.40469, -35.882294, 28.51257
9430571912000, 87.408295, -35.888653, 28.515566
9430576946000, 87.409325, -35.897266, 28.51959
9430581859000, 87.413864, -35.901604, 28.522425
9430586934000, 87.41937, -35.9128, 28.527473
9430591964000, 87.423584, -35.922188, 28.535427
9430596940000, 87.42959, -35.93014, 28.540962
9430601834000, 87.431366, -35.938633, 28.550745
9430607600000, 87.43419, -35.941036, 28.560686
9430611835000, 87.4385, -35.95053, 28.569765
9430616902000, 87.44189, -35.952995, 28.580427
9430621907000, 87.44126, -35.955257, 28.5891
9430626917000, 87.44382, -35.96086, 28.597446
9430632095000, 87.44525, -35.96137, 28.60511
9430636939000, 87.44673, -35.964836, 28.610508
9430641948000, 87.448006, -35.960445, 28.616415
9430646925000, 87.448166, -35.955093, 28.622618
9430651871000, 87.45131, -35.951893, 28.627766
9430656880000, 87.4621, -35.955574, 28.633827
9430661914000, 87.47521, -35.952053, 28.644432
9430666899000, 87.48684, -35.956173, 28.651539
9430671889000, 87.49566, -35.958534, 28.658426
9430677338000, 87.49964, -35.96219, 28.65738
9430681905000, 87.4992, -35.96482, 28.65816
9430686941000, 87.500244, -35.967533, 28.658833
9430692064000, 87.49953, -35.967922, 28.665142
9430696913000, 87.50271, -35.96905, 28.668428
9430701904000, 87.50004, -35.96042, 28.677853
9430707129000, 87.503044, -35.959988, 28.68054
9430711919000, 87.50216, -35.95048, 28.684746
9430716860000, 87.5064, -35.94643, 28.690456
9430721891000, 87.507385, -35.943123, 28.699293
9430726855000, 87.509865, -35.93663, 28.707542
9430731903000, 87.5145, -35.92663, 28.72169
9430736909000, 87.51511, -35.915203, 28.735756
9430746947000, 87.51496, -35.904053, 28.745659
9430751902000, 87.52117, -35.89461, 28.759497
9430756909000, 87.51354, -35.88604, 28.775335
9430761904000, 87.508766, -35.877327, 28.794632
9430766900000, 87.50591, -35.873684, 28.812195
9430771900000, 87.50106, -35.86884, 28.826439
9430776961000, 87.49665, -35.86346, 28.837952
9430781864000, 87.5006, -35.862747, 28.848097
9430786963000, 87.50004, -35.86063, 28.853521
9430796919000, 87.49981, -35.858364, 28.857529
9430801836000, 87.50123, -35.858616, 28.861286
9430806897000, 87.49937, -35.86207, 28.860996
9430811838000, 87.505325, -35.86857, 28.859789
9430816908000, 87.508545, -35.874634, 28.86149
9430821899000, 87.512695, -35.881504, 28.85778
9430826988000, 87.51724, -35.89079, 28.856594
9430831931000, 87.51856, -35.890873, 28.852842
9430836984000, 87.52309, -35.892445, 28.850348
9430842384000, 87.52667, -35.891727, 28.852144
9430846925000, 87.52931, -35.889164, 28.854006
9430851844000, 87.533646, -35.88601, 28.858084
9430856895000, 87.535965, -35.882954, 28.862263
9430862515000, 87.54089, -35.880424, 28.866861
9430866902000, 87.54534, -35.87618, 28.875368
9430871886000, 87.54886, -35.8747, 28.88007
9430876961000, 87.54616, -35.875576, 28.884579
9430886925000, 87.54711, -35.87557, 28.890877
9430892015000, 87.53993, -35.871826, 28.895922
9430897017000, 87.53723, -35.87182, 28.894798
9430901918000, 87.53023, -35.875393, 28.8879
9430908097000, 87.52789, -35.87462, 28.886732
9430911915000, 87.52242, -35.877872, 28.883133
9430916899000, 87.52071, -35.87645, 28.8869
9430921883000, 87.519646, -35.87752, 28.886559
9430926868000, 87.51478, -35.876312, 28.890123
9430932482000, 87.51786, -35.878784, 28.88341
9430936879000, 87.51529, -35.879547, 28.875502
9430941916000, 87.51646, -35.880386, 28.876186
9430946868000, 87.52073, -35.88313, 28.874344
9430951904000, 87.52155, -35.88308, 28.874565
9430956903000, 87.522, -35.884872, 28.87348
9430961907000, 87.52255, -35.881588, 28.876837
9430966881000, 87.52173, -35.883408, 28.875341
9430971886000, 87.52104, -35.88129, 28.88032
9430976922000, 87.5212, -35.87993, 28.883007
9430981907000, 87.519005, -35.881638, 28.879845
9430986925000, 87.51628, -35.882915, 28.88193
9430991968000, 87.50973, -35.880028, 28.880802
9430996955000, 87.51051, -35.879345, 28.884245
9431002254000, 87.50709, -35.87752, 28.88761
9431006896000, 87.51004, -35.875694, 28.88872
9431011908000, 87.506966, -35.868164, 28.895033
9431016902000, 87.511475, -35.861504, 28.903025
9431021878000, 87.5116, -35.858482, 28.906866
9431026923000, 87.5169, -35.85296, 28.913616
9431031899000, 87.52512, -35.85195, 28.920332
9431036892000, 87.524765, -35.850113, 28.923784
9431041960000, 87.53171, -35.846935, 28.92993
9431046964000, 87.536964, -35.84829, 28.933249
9431051866000, 87.53422, -35.841034, 28.94037
9431056894000, 87.53312, -35.839146, 28.944292
9431061851000, 87.538925, -35.828983, 28.952684
9431066901000, 87.54192, -35.823032, 28.960434
9431072005000, 87.54813, -35.8175, 28.96059
9431076906000, 87.55412, -35.811268, 28.964863
9431082016000, 87.56155, -35.814827, 28.962774
9431086905000, 87.56428, -35.81327, 28.965601
9431091965000, 87.56811, -35.81064, 28.970675
9431096929000, 87.56972, -35.809357, 28.973707
9431101901000, 87.5694, -35.806286, 28.980017
9431106864000, 87.578636, -35.808075, 28.973999
9431111908000, 87.581924, -35.8065, 28.968636
9431116838000, 87.58796, -35.805664, 28.96455
9431121889000, 87.591484, -35.80524, 28.958971
9431126931000, 87.59854, -35.805714, 28.953232
9431131906000, 87.60733, -35.80778, 28.95294
9431136930000, 87.618805, -35.811687, 28.949026
9431141926000, 87.629486, -35.81532, 28.952229
9431146990000, 87.63872, -35.818436, 28.950922
9431152024000, 87.652405, -35.82417, 28.95104
9431156899000, 87.65992, -35.828793, 28.952526
9431161911000, 87.68316, -35.8302, 28.959454
9431166902000, 87.702194, -35.83337, 28.965048
9431171878000, 87.7124, -35.83235, 28.9714
9431176925000, 87.72724, -35.830498, 28.98024
9431181899000, 87.73621, -35.831207, 28.985186
9431187574000, 87.74951, -35.826344, 28.994043
9431191910000, 87.74781, -35.82191, 28.997458
9431196917000, 87.75095, -35.821186, 29.00301
9431201864000, 87.75272, -35.816288, 29.007702
9431206894000, 87.75286, -35.8095, 29.011587
9431211843000, 87.75516, -35.808144, 29.01856
9431216902000, 87.757645, -35.801662, 29.023039
9431221918000, 87.76904, -35.80275, 29.02372
9431226909000, 87.78291, -35.807602, 29.025105
9431231947000, 87.79525, -35.79853, 29.03273
9431236892000, 87.80859, -35.791435, 29.038929
9431241982000, 87.82165, -35.788933, 29.048244
9431246955000, 87.830505, -35.781006, 29.05578
9431251904000, 87.8425, -35.77687, 29.06855
9431257591000, 87.85347, -35.773087, 29.075943
9431261909000, 87.861244, -35.770153, 29.089052
9431266902000, 87.87229, -35.76822, 29.099089
9431271892000, 87.885475, -35.76275, 29.114563
9431276938000, 87.88825, -35.75368, 29.134514
9431281908000, 87.897705, -35.74407, 29.155418
9431286903000, 87.900185, -35.73744, 29.176352
9431292000000, 87.90672, -35.729546, 29.198769
9431296995000, 87.913475, -35.718727, 29.218035
9431301904000, 87.91665, -35.707977, 29.239866
9431307142000, 87.909874, -35.70035, 29.252174
9431316902000, 87.90113, -35.689438, 29.266869
9431321899000, 87.89703, -35.683865, 29.27881
9431326860000, 87.883606, -35.671284, 29.291048
9431331898000, 87.87529, -35.66397, 29.300396
9431336915000, 87.8618, -35.651073, 29.311012
9431341898000, 87.85354, -35.642754, 29.320148
9431346911000, 87.845825, -35.633266, 29.331182
9431351843000, 87.851555, -35.62373, 29.355824
9431356881000, 87.85949, -35.61472, 29.380508
9431361844000, 87.86768, -35.60835, 29.404415
9431366859000, 87.879364, -35.59899, 29.430668
9431371861000, 87.88255, -35.590794, 29.451818
9431376877000, 87.8953, -35.582466, 29.47609
9431381866000, 87.89437, -35.57392, 29.504171
9431386905000, 87.90086, -35.563427, 29.529772
9431391880000, 87.89904, -35.554253, 29.554668
9431397044000, 87.90273, -35.54159, 29.57995
9431401956000, 87.90258, -35.53043, 29.602211
9431406866000, 87.90315, -35.51538, 29.62679
9431411809000, 87.89661, -35.50014, 29.64078
9431416834000, 87.8905, -35.49074, 29.655567
9431421810000, 87.891495, -35.48048, 29.667294
9431426830000, 87.893074, -35.47209, 29.680206
9431431829000, 87.897995, -35.465027, 29.694626
9431436827000, 87.89801, -35.457985, 29.707409
9431446822000, 87.902245, -35.452427, 29.724104
9431456864000, 87.9024, -35.446556, 29.744873
9431461860000, 87.91246, -35.442726, 29.759604
9431466883000, 87.91688, -35.441433, 29.775692
9431472207000, 87.92049, -35.432365, 29.792643
9431476887000, 87.922455, -35.422947, 29.80743
9431481880000, 87.93045, -35.417824, 29.822037
9431486885000, 87.938446, -35.407097, 29.839924
9431491910000, 87.93875, -35.395794, 29.850744
9431496880000, 87.94114, -35.386253, 29.86467
9431501846000, 87.94296, -35.373882, 29.877167
9431506881000, 87.943665, -35.364872, 29.887524
9431512582000, 87.945564, -35.355507, 29.900055
9431516906000, 87.94467, -35.352936, 29.907892
9431521877000, 87.93942, -35.352585, 29.910532
9431526910000, 87.93802, -35.349655, 29.920458
9431531906000, 87.93515, -35.350986, 29.928993
9431536936000, 87.93208, -35.354668, 29.92764
9431542022000, 87.9283, -35.359306, 29.926508
9431546934000, 87.93085, -35.357216, 29.924143
9431551902000, 87.92838, -35.358463, 29.921144
9431556888000, 87.92131, -35.354282, 29.91523
9431561908000, 87.91848, -35.349277, 29.91157
9431566903000, 87.90734, -35.34133, 29.911642
9431576916000, 87.89467, -35.334667, 29.911755
9431582596000, 87.88856, -35.32497, 29.910252
9431586939000, 87.87674, -35.314407, 29.908442
9431591995000, 87.86688, -35.30596, 29.90023
9431601899000, 87.84991, -35.29719, 29.89691
9431606914000, 87.83306, -35.291756, 29.887877
9431611912000, 87.812546, -35.286526, 29.877953
9431616950000, 87.790634, -35.281235, 29.8605
9431621883000, 87.7604, -35.272102, 29.845715
9431627121000, 87.74412, -35.271694, 29.83292
9431631909000, 87.72282, -35.27029, 29.818357
9431636886000, 87.70535, -35.26654, 29.812042
9431641952000, 87.68675, -35.261375, 29.807648
9431646954000, 87.66816, -35.25737, 29.799585
9431652396000, 87.65042, -35.251457, 29.796234
9431656926000, 87.63359, -35.24684, 29.791157
9431661905000, 87.61208, -35.24142, 29.784805
9431666903000, 87.5886, -35.232353, 29.77591
9431671883000, 87.56921, -35.228386, 29.76959
9431676965000, 87.54725, -35.22379, 29.762812
9431681903000, 87.53066, -35.223423, 29.754496
9431686939000, 87.51224, -35.22232, 29.745262
9431691997000, 87.49131, -35.22134, 29.73788
9431696909000, 87.47707, -35.220154, 29.730455
9431701903000, 87.4573, -35.218437, 29.725965
9431706920000, 87.43973, -35.216427, 29.722195
9431711905000, 87.42389, -35.21016, 29.72749
9431716901000, 87.409966, -35.20726, 29.736254
9431722101000, 87.3941, -35.204773, 29.733128
9431726927000, 87.38284, -35.205666, 29.735186
9431731838000, 87.37621, -35.208378, 29.735786
9431736940000, 87.37173, -35.211906, 29.734743
9431741973000, 87.36291, -35.214123, 29.733812
9431746987000, 87.35217, -35.215305, 29.730577
9431751866000, 87.344894, -35.217278, 29.730648
9431756889000, 87.33701, -35.21697, 29.734392
9431761893000, 87.32926, -35.214912, 29.732368
9431766903000, 87.32493, -35.211807, 29.734653
9431771858000, 87.320656, -35.202, 29.7407
9431776951000, 87.31974, -35.194202, 29.749352
9431781898000, 87.31739, -35.185474, 29.753624
9431786938000, 87.326195, -35.178368, 29.765604
9431792011000, 87.33007, -35.17048, 29.77344
9431796960000, 87.33989, -35.165813, 29.781296
9431801890000, 87.34428, -35.15578, 29.79334
9431806918000, 87.34911, -35.153397, 29.79949
9431811895000, 87.35227, -35.149727, 29.8086
9431816857000, 87.361046, -35.147095, 29.819456
9431821880000, 87.35951, -35.141026, 29.825672
9431826933000, 87.36352, -35.13856, 29.83502
9431831887000, 87.371475, -35.1413, 29.843174
9431837744000, 87.37609, -35.143997, 29.849426
9431841925000, 87.3772, -35.144775, 29.856056
9431846890000, 87.387474, -35.15174, 29.861336
9431851849000, 87.38881, -35.156322, 29.8639
9431856838000, 87.39184, -35.160984, 29.868877
9431861824000, 87.39959, -35.16757, 29.87057
9431866822000, 87.40134, -35.16928, 29.871492
9431871846000, 87.40946, -35.17708, 29.876125
9431876828000, 87.41608, -35.177345, 29.879763
9431881790000, 87.42605, -35.18367, 29.87958
9431886839000, 87.433784, -35.1897, 29.877413
9431891792000, 87.44346, -35.19694, 29.879625
9431896824000, 87.44977, -35.205482, 29.878498
9431901813000, 87.45203, -35.206676, 29.88858
9431907278000, 87.45244, -35.209423, 29.895756
9431911816000, 87.45477, -35.21034, 29.906876
9431916878000, 87.45441, -35.212807, 29.916437
9431921845000, 87.45896, -35.213734, 29.921896
9431926928000, 87.46024, -35.218292, 29.928125
9431931856000, 87.45905, -35.222042, 29.93125
9431936879000, 87.4558, -35.218964, 29.936468
9431941980000, 87.462006, -35.217613, 29.935574
9431946883000, 87.46658, -35.214256, 29.93172
9431952362000, 87.47604, -35.204735, 29.93654
9431956888000, 87.48165, -35.19854, 29.935162
9431961914000, 87.49038, -35.1909, 29.934975
9431966933000, 87.498116, -35.185795, 29.93246
9431971914000, 87.507576, -35.180374, 29.930235
9431977451000, 87.51557, -35.166912, 29.930513
9431981907000, 87.52937, -35.16172, 29.929398
9431986908000, 87.53279, -35.14295, 29.934671
9431991963000, 87.54485, -35.12756, 29.942049
9431996969000, 87.55361, -35.11464, 29.94818
9432001907000, 87.56277, -35.09218, 29.954578
9432006892000, 87.57348, -35.084362, 29.965002
9432011912000, 87.5831, -35.07534, 29.97407
9432016902000, 87.59292, -35.062115, 29.986214
9432021886000, 87.60333, -35.05833, 29.997683
9432026997000, 87.60351, -35.041927, 30.012413
9432031902000, 87.60433, -35.030758, 30.029083
9432036871000, 87.60288, -35.02264, 30.036089
9432041965000, 87.60556, -35.012943, 30.04643
9432047228000, 87.599884, -35.00624, 30.055218
9432051904000, 87.59351, -34.995934, 30.062222
9432056923000, 87.58938, -34.988346, 30.067627
9432061913000, 87.58318, -34.98213, 30.074287
9432066839000, 87.58184, -34.975006, 30.085522
9432071890000, 87.573906, -34.966312, 30.095486
9432076908000, 87.57452, -34.961903, 30.106005
9432081906000, 87.56904, -34.96803, 30.10491
9432086856000, 87.56946, -34.97507, 30.104156
9432091982000, 87.56307, -34.982613, 30.10766
9432097003000, 87.56173, -34.989586, 30.111984
9432101901000, 87.55623, -35.00152, 30.113832
9432106885000, 87.55102, -35.01161, 30.117483
9432111927000, 87.53928, -35.023216, 30.114182
9432116912000, 87.52465, -35.02925, 30.115383
9432121889000, 87.51463, -35.04308, 30.113134
9432126921000, 87.49906, -35.050808, 30.11147
9432131862000, 87.482956, -35.05986, 30.110859
9432136895000, 87.46654, -35.069283, 30.110739
9432141967000, 87.44981, -35.075832, 30.11215
9432146908000, 87.43252, -35.088287, 30.111057
9432152134000, 87.41489, -35.096672, 30.11292
9432156893000, 87.397415, -35.10479, 30.113527
9432162787000, 87.38616, -35.11725, 30.110077
9432166905000, 87.37366, -35.128487, 30.102362
9432171890000, 87.3604, -35.13735, 30.102066
9432176992000, 87.34289, -35.13921, 30.10312
9432181918000, 87.3311, -35.143585, 30.102322
9432186944000, 87.31274, -35.15051, 30.100668
9432191966000, 87.29288, -35.152817, 30.098804
9432197060000, 87.28116, -35.153088, 30.094294
9432201902000, 87.27301, -35.158672, 30.087942
9432206893000, 87.25896, -35.15571, 30.083078
9432211911000, 87.251, -35.1536, 30.075052
9432216902000, 87.24372, -35.15249, 30.073664
9432221882000, 87.23812, -35.147972, 30.071123
9432226928000, 87.23174, -35.148003, 30.066908
9432232487000, 87.229324, -35.145214, 30.064875
9432236922000, 87.223175, -35.138992, 30.066908
9432241927000, 87.21987, -35.13696, 30.072369
9432246996000, 87.21692, -35.131016, 30.073647
9432251901000, 87.21693, -35.127068, 30.07888
9432256859000, 87.21757, -35.12503, 30.081808
9432261911000, 87.214966, -35.11749, 30.087248
9432266901000, 87.226944, -35.108955, 30.099253
9432271882000, 87.233406, -35.09448, 30.110756
9432276925000, 87.24813, -35.086926, 30.127064
9432281910000, 87.2593, -35.07545, 30.141764
9432286924000, 87.27071, -35.06647, 30.159048
9432291923000, 87.28535, -35.05651, 30.171108
9432296957000, 87.29618, -35.051456, 30.177454
9432302557000, 87.30748, -35.04605, 30.177326
9432306870000, 87.318344, -35.0423, 30.180801
9432311908000, 87.32202, -35.034733, 30.184624
9432316906000, 87.32148, -35.028027, 30.186338
9432321894000, 87.330124, -35.025936, 30.187862
9432326969000, 87.32813, -35.022415, 30.1921
9432331843000, 87.32753, -35.015247, 30.195536
9432336938000, 87.32599, -35.01191, 30.200678
9432341875000, 87.32375, -35.00373, 30.20603
9432346912000, 87.32122, -34.99793, 30.21146
9432351832000, 87.31908, -34.992035, 30.222149
9432356891000, 87.31833, -34.98988, 30.22814
9432361842000, 87.31712, -34.987885, 30.233244
9432366902000, 87.31665, -34.985466, 30.235977
9432372470000, 87.315186, -34.98659, 30.239578
9432377016000, 87.315506, -34.987633, 30.24239
9432381837000, 87.31875, -34.992496, 30.242134
9432386912000, 87.32241, -34.99612, 30.241608
9432391919000, 87.3288, -35.001396, 30.241987
9432396984000, 87.33176, -35.008003, 30.239328
9432401882000, 87.33606, -35.011543, 30.241812
9432406884000, 87.33792, -35.025913, 30.229626
9432411912000, 87.336655, -35.038452, 30.221375
9432416904000, 87.33951, -35.051685, 30.210825
9432421893000, 87.338036, -35.06427, 30.201777
9432426918000, 87.33719, -35.0718, 30.19553
9432431908000, 87.332596, -35.077614, 30.19222
9432436923000, 87.3331, -35.085575, 30.188704
9432441985000, 87.327515, -35.092087, 30.18445
9432446986000, 87.321144, -35.101818, 30.17251
9432451902000, 87.31349, -35.11125, 30.161907
9432456881000, 87.307755, -35.11923, 30.149132
9432461913000, 87.297844, -35.129017, 30.140066
9432466904000, 87.29249, -35.13478, 30.134804
9432471883000, 87.28752, -35.137623, 30.130117
9432476913000, 87.28129, -35.143105, 30.129143
9432481906000, 87.27298, -35.14122, 30.121592
9432486927000, 87.28256, -35.150818, 30.118258
9432492001000, 87.285675, -35.160378, 30.111689
9432496996000, 87.29363, -35.167522, 30.105196
9432501903000, 87.29609, -35.174747, 30.099258
9432506882000, 87.29837, -35.17826, 30.096737
9432511910000, 87.295044, -35.18244, 30.09275
9432516900000, 87.298294, -35.187588, 30.089098
9432521882000, 87.292625, -35.188942, 30.089275
9432527024000, 87.29629, -35.190723, 30.08605
9432531906000, 87.30301, -35.194427, 30.08902
9432536909000, 87.31375, -35.199665, 30.088566
9432541946000, 87.32468, -35.202305, 30.089804
9432546954000, 87.332344, -35.205708, 30.091797
9432551903000, 87.33556, -35.204735, 30.098412
9432556888000, 87.336174, -35.20252, 30.10618
9432566899000, 87.3352, -35.195633, 30.117567
9432571878000, 87.339264, -35.194004, 30.126722
9432576925000, 87.336426, -35.184036, 30.139673
9432581887000, 87.335686, -35.174156, 30.148495
9432586918000, 87.33628, -35.16653, 30.159475
9432591904000, 87.338165, -35.16536, 30.162373
9432596961000, 87.338875, -35.16215, 30.163183
9432601839000, 87.33822, -35.160686, 30.163473
9432606894000, 87.34153, -35.160957, 30.165497
9432611839000, 87.34756, -35.165855, 30.175787
9432616904000, 87.35504, -35.166256, 30.190197
9432626943000, 87.36746, -35.17035, 30.195524
9432631905000, 87.3822, -35.17263, 30.204008
9432636901000, 87.389046, -35.173485, 30.211275
9432642067000, 87.39471, -35.17065, 30.21623
9432646908000, 87.40336, -35.17047, 30.226398
9432651860000, 87.4098, -35.16696, 30.23044
9432656882000, 87.41631, -35.163933, 30.23579
9432661913000, 87.42378, -35.16064, 30.24054
9432666905000, 87.42021, -35.154907, 30.245459
9432671885000, 87.41904, -35.148132, 30.248323
9432676925000, 87.415985, -35.149643, 30.251972
9432681907000, 87.41334, -35.143425, 30.259274
9432686913000, 87.411575, -35.141636, 30.262161
9432696902000, 87.40984, -35.135452, 30.267311
9432701901000, 87.39335, -35.13237, 30.267054
9432706894000, 87.38183, -35.127598, 30.268976
9432711916000, 87.36324, -35.12214, 30.267986
9432716869000, 87.35208, -35.11987, 30.268608
9432721885000, 87.33686, -35.118553, 30.269304
9432726903000, 87.323265, -35.115517, 30.269617
9432731908000, 87.31137, -35.112183, 30.267292
9432736846000, 87.29978, -35.1141, 30.265072
9432741912000, 87.28521, -35.108932, 30.260077
9432746890000, 87.27598, -35.105755, 30.257206
9432751903000, 87.265274, -35.102036, 30.252552
9432756909000, 87.25284, -35.0977, 30.249416
9432761908000, 87.23953, -35.092163, 30.253836
9432766902000, 87.22789, -35.080723, 30.258709
9432771884000, 87.213135, -35.078716, 30.262278
9432776932000, 87.2003, -35.07174, 30.2694
9432781902000, 87.186386, -35.070644, 30.270424
9432786900000, 87.17048, -35.064915, 30.272156
9432791921000, 87.16003, -35.066315, 30.274673
9432796999000, 87.1462, -35.064327, 30.275549
9432801900000, 87.14082, -35.063007, 30.28332
9432806892000, 87.13363, -35.062855, 30.288696
9432811905000, 87.12883, -35.060265, 30.299706
9432816903000, 87.12306, -35.058674, 30.31182
9432821888000, 87.1161, -35.049236, 30.328485
9432826948000, 87.1078, -35.04024, 30.338558
9432831837000, 87.10639, -35.03624, 30.354403
9432836941000, 87.09636, -35.02895, 30.364008
9432841875000, 87.102234, -35.02574, 30.372509
9432846910000, 87.1094, -35.02245, 30.380938
9432851831000, 87.106964, -35.018982, 30.385885
9432856908000, 87.10569, -35.01203, 30.392977
9432861861000, 87.10564, -35.0075, 30.398249
9432866902000, 87.10549, -35.004738, 30.403576
9432871913000, 87.10756, -34.999615, 30.413347
9432876943000, 87.117424, -34.998726, 30.423174
9432881933000, 87.11939, -34.994225, 30.43112
9432886920000, 87.12674, -34.99161, 30.442482
9432892327000, 87.13075, -34.990314, 30.450373
9432896905000, 87.135445, -34.987106, 30.460672
9432901835000, 87.14045, -34.98569, 30.469803
9432906886000, 87.15025, -34.981953, 30.48783
9432911915000, 87.16323, -34.978336, 30.504622
9432916922000, 87.17094, -34.973446, 30.52573
9432921880000, 87.181366, -34.97067, 30.545338
9432926920000, 87.19104, -34.961334, 30.571367
9432931905000, 87.19966, -34.951797, 30.595858
9432936926000, 87.2089, -34.94575, 30.6207
9432941925000, 87.21476, -34.939655, 30.641169
9432947000000, 87.222115, -34.932674, 30.664448
9432951902000, 87.22892, -34.924526, 30.685295
9432956899000, 87.23272, -34.924458, 30.697605
9432961912000, 87.23605, -34.921906, 30.710108
9432966904000, 87.2441, -34.922726, 30.720013
9432971884000, 87.25306, -34.926155, 30.728464
9432976919000, 87.26393, -34.929802, 30.731205
9432981904000, 87.27643, -34.93565, 30.733507
9432986939000, 87.28934, -34.94451, 30.737474
9432991930000, 87.30707, -34.950626, 30.740522
9432996906000, 87.316605, -34.94495, 30.749939
9433001902000, 87.337, -34.941353, 30.760803
9433006880000, 87.3523, -34.936382, 30.772509
9433011913000, 87.37048, -34.93437, 30.784195
9433016903000, 87.3923, -34.93049, 30.79814
9433021882000, 87.41361, -34.92479, 30.807703
9433026975000, 87.43778, -34.928932, 30.82222
9433031904000, 87.45763, -34.931164, 30.834341
9433036943000, 87.47716, -34.931984, 30.843988
9433041923000, 87.49464, -34.932354, 30.856152
9433046880000, 87.51157, -34.934864, 30.865326
9433051902000, 87.52628, -34.93648, 30.87206
9433056857000, 87.53407, -34.939613, 30.871935
9433061921000, 87.53958, -34.940037, 30.872625
9433066830000, 87.542404, -34.939823, 30.87385
9433071887000, 87.5507, -34.93999, 30.874973
9433076937000, 87.55323, -34.939743, 30.8794
9433081907000, 87.55801, -34.938686, 30.880722
9433086928000, 87.56907, -34.944275, 30.879053
9433091925000, 87.58155, -34.948643, 30.877619
9433096862000, 87.59408, -34.95426, 30.875475
9433101920000, 87.60197, -34.957546, 30.874456
9433106892000, 87.61325, -34.962547, 30.871777
9433111912000, 87.623924, -34.9627, 30.873262
9433116903000, 87.63064, -34.962845, 30.872765
9433121877000, 87.63828, -34.96779, 30.8721
9433126914000, 87.648056, -34.9726, 30.872746
9433131922000, 87.64926, -34.976448, 30.872318
9433136938000, 87.64791, -34.977016, 30.872013
9433141879000, 87.65453, -34.98397, 30.873985
9433146908000, 87.65225, -34.990776, 30.875933
9433151832000, 87.65153, -34.99694, 30.87736
9433156887000, 87.655685, -35.005028, 30.879515
9433166901000, 87.65205, -35.010628, 30.88566
9433171914000, 87.65263, -35.020092, 30.886957
9433176930000, 87.651726, -35.022305, 30.892649
9433181929000, 87.64913, -35.0226, 30.894014
9433186923000, 87.64949, -35.024376, 30.894081
9433192300000, 87.648636, -35.027275, 30.895332
9433196906000, 87.644066, -35.027477, 30.89489
9433201836000, 87.64226, -35.02766, 30.893444
9433206911000, 87.643715, -35.02704, 30.899796
9433211914000, 87.63933, -35.024445, 30.902058
9433216901000, 87.637024, -35.020363, 30.905708
9433221887000, 87.637024, -35.01678, 30.910433
9433226917000, 87.634995, -35.01146, 30.914532
9433231908000, 87.634674, -35.009445, 30.919762
9433236930000, 87.636795, -35.00489, 30.920847
9433241927000, 87.6401, -35.00309, 30.922508
9433246904000, 87.64285, -34.99883, 30.920204
9433251902000, 87.645775, -34.99633, 30.914726
9433256888000, 87.64537, -34.987175, 30.917974
9433266899000, 87.6423, -34.98112, 30.919952
9433271871000, 87.64465, -34.974583, 30.92133
9433276916000, 87.6359, -34.96433, 30.926907
9433281907000, 87.62542, -34.954643, 30.927938
9433286948000, 87.618355, -34.94624, 30.940613
9433291920000, 87.60892, -34.934574, 30.950705
9433296906000, 87.60184, -34.923767, 30.96457
9433301903000, 87.59959, -34.914803, 30.976196
9433307689000, 87.58766, -34.903404, 30.987856
9433311917000, 87.58294, -34.89428, 31.00213
9433316906000, 87.5701, -34.884182, 31.012865
9433321876000, 87.56168, -34.877804, 31.025703
