#Angle around the z x y axes.
#timestamp(ns), Azimuth , Pitch, Roll (degrees)
#Datetime: 07/05/2015 16:29:08
##########################################
#Activity: 7 - SCH - Sit chair - 6s
#Subject ID: 51
#First Name: sub51
#Last Name: sub51
#Age: 23
#Height(cm): 171
#Weight(kg): 70
#Gender: Male
##########################################

@DATA
22197031223000, 100.35311, -11.311595, 18.401558
22197036182000, 100.35607, -11.312589, 18.395592
22197041167000, 100.13166, -11.915251, 18.095963
22197046156000, 99.91003, -12.53145, 17.79445
22197051197000, 99.69616, -13.139998, 17.49323
22197056182000, 99.48966, -13.74816, 17.200855
22197061168000, 99.28809, -14.358784, 16.910872
22197066179000, 99.09101, -14.975013, 16.617403
22197071172000, 98.89947, -15.584601, 16.336151
22197076157000, 98.715675, -16.198355, 16.05653
22197081192000, 98.53347, -16.820557, 15.785619
22197086163000, 98.34129, -17.437881, 15.491028
22197091174000, 98.16716, -18.02237, 15.235613
22197096186000, 97.98539, -18.644821, 14.960436
22197101262000, 97.800934, -19.236383, 14.690894
22197106098000, 97.62197, -19.821573, 14.430801
22197111103000, 97.44101, -20.40895, 14.175481
22197116113000, 97.264854, -20.98961, 13.9323845
22197121098000, 97.09254, -21.571594, 13.704036
22197126088000, 96.92241, -22.165657, 13.489987
22197131082000, 96.7817, -22.787231, 13.306065
22197136111000, 96.64512, -23.42444, 13.137479
22197141083000, 96.52308, -24.092453, 12.993374
22197146354000, 96.416084, -24.791075, 12.868879
22197151211000, 96.35742, -25.533932, 12.800366
22197156161000, 96.274796, -26.394693, 12.706843
22197161152000, 96.23158, -27.18933, 12.655054
22197166186000, 96.200165, -28.077803, 12.611451
22197171242000, 96.17193, -28.981062, 12.57005
22197176160000, 96.14609, -29.880297, 12.521888
22197181149000, 96.11888, -30.764692, 12.472645
22197186235000, 96.09461, -31.635633, 12.421807
22197191157000, 96.076004, -32.499443, 12.370477
22197196165000, 96.05399, -33.36166, 12.31581
22197201181000, 96.0361, -34.20814, 12.260409
22197206163000, 96.01724, -35.053207, 12.205445
22197211155000, 95.99847, -35.88575, 12.146168
22197216547000, 95.97843, -36.71428, 12.086311
22197221278000, 95.96495, -37.5324, 12.029514
22197226237000, 95.94397, -38.344982, 11.968027
22197231148000, 95.926735, -39.14012, 11.910121
22197236229000, 95.91106, -39.937847, 11.846627
22197241164000, 95.89187, -40.716267, 11.79001
22197246153000, 95.874, -41.4901, 11.72668
22197251180000, 95.85442, -42.253113, 11.66451
22197256163000, 95.83481, -43.009636, 11.602168
22197261149000, 95.81324, -43.754208, 11.537391
22197266201000, 95.79102, -44.491676, 11.473275
22197271257000, 95.767456, -45.21861, 11.406737
22197276171000, 95.74573, -45.938053, 11.342197
22197281146000, 95.71895, -46.64844, 11.272741
22197286304000, 95.69457, -47.347668, 11.207447
22197291161000, 95.66622, -48.039787, 11.136868
22197296153000, 95.63836, -48.724487, 11.068693
22197301175000, 95.606804, -49.39685, 10.998852
22197306162000, 95.57277, -50.064045, 10.927112
22197311164000, 95.537476, -50.721287, 10.857683
22197316249000, 95.502106, -51.368656, 10.7877
22197321297000, 95.46166, -52.010677, 10.715925
22197326275000, 95.420334, -52.64034, 10.646364
22197331205000, 95.398224, -53.279736, 10.590367
22197336209000, 95.373566, -53.90982, 10.531226
22197341204000, 95.34395, -54.527237, 10.474904
22197346201000, 95.31562, -55.134464, 10.416699
22197351224000, 95.28063, -55.73652, 10.357985
22197356443000, 95.2457, -56.324665, 10.298173
22197361205000, 95.20801, -56.906876, 10.238169
22197366230000, 95.16734, -57.47736, 10.178447
22197371249000, 95.124, -58.04, 10.115912
22197376230000, 95.07734, -58.595985, 10.054617
22197381207000, 95.025345, -59.140205, 9.992254
22197386264000, 94.97538, -59.674286, 9.929351
22197391203000, 94.918434, -60.203922, 9.867665
22197396197000, 94.860886, -60.72118, 9.80379
22197401201000, 94.80031, -61.23269, 9.741147
22197406210000, 94.73588, -61.737305, 9.679261
22197411200000, 94.67301, -62.23052, 9.6158
22197416223000, 94.60359, -62.718475, 9.554367
22197421371000, 94.53151, -63.200962, 9.492475
22197426251000, 94.46071, -63.67305, 9.428288
22197431202000, 94.380745, -64.139626, 9.36769
22197436214000, 94.30415, -64.598236, 9.305732
22197441196000, 94.2215, -65.04803, 9.242553
22197446200000, 94.135925, -65.494156, 9.181936
22197451181000, 94.05144, -65.92847, 9.119788
22197461152000, 93.964745, -66.358284, 9.061417
22197466187000, 93.87501, -66.77671, 9.000897
22197472002000, 93.78433, -67.1938, 8.941703
22197481145000, 93.690865, -67.59573, 8.885996
22197486229000, 93.596695, -67.992966, 8.828986
22197491155000, 93.497536, -68.38498, 8.77266
22197496169000, 93.39614, -68.76566, 8.719622
22197501180000, 93.29542, -69.13644, 8.667097
22197506164000, 93.18839, -69.508575, 8.614164
22197511151000, 93.07992, -69.8666, 8.563936
22197516181000, 92.969734, -70.22157, 8.514103
22197521257000, 92.85931, -70.565796, 8.464915
22197526199000, 92.74363, -70.90843, 8.417097
22197531151000, 92.653076, -71.254974, 8.370438
22197536236000, 92.55953, -71.596054, 8.322174
22197541704000, 92.467705, -71.930664, 8.2791605
22197546159000, 92.37315, -72.26053, 8.233
22197551177000, 92.27678, -72.58052, 8.190666
22197556164000, 92.18058, -72.899284, 8.147072
22197561149000, 92.08276, -73.2094, 8.1040535
22197566191000, 91.98296, -73.51293, 8.063626
22197571284000, 91.88105, -73.81125, 8.0202
22197576261000, 91.778366, -74.10397, 7.9804993
22197581148000, 91.6727, -74.39253, 7.9386725
22197586228000, 91.56621, -74.67194, 7.8999023
22197591163000, 91.45835, -74.945595, 7.8637757
22197596155000, 91.34619, -75.215996, 7.82487
22197601186000, 91.23771, -75.47938, 7.7875667
22197606166000, 91.122116, -75.73547, 7.753926
22197611309000, 91.012596, -75.98843, 7.7171326
22197616195000, 90.898056, -76.23783, 7.6816206
22197621253000, 90.78288, -76.47795, 7.6471453
22197626246000, 90.671844, -76.71573, 7.613378
22197631152000, 90.55442, -76.947235, 7.5815477
22197636214000, 90.439575, -77.17298, 7.5496964
22197641160000, 90.32406, -77.3943, 7.5167785
22197646153000, 90.20563, -77.609215, 7.4907413
22197651179000, 90.08721, -77.82208, 7.457056
22197656167000, 89.96935, -78.02714, 7.430187
22197661155000, 89.84638, -78.23063, 7.399654
22197666189000, 89.72816, -78.42666, 7.3722477
22197671229000, 89.604416, -78.61999, 7.3429027
22197676186000, 89.48307, -78.807, 7.3174295
22197681179000, 89.35992, -78.98944, 7.2895126
22197686238000, 89.23478, -79.168976, 7.264436
22197691164000, 89.11269, -79.34347, 7.238717
22197696157000, 88.983734, -79.51083, 7.2170043
22197701182000, 88.85994, -79.67792, 7.1924458
22197706170000, 88.73543, -79.837265, 7.1717663
22197711153000, 88.60806, -79.99425, 7.1495
22197716189000, 88.4846, -80.14509, 7.1300635
22197721212000, 88.360634, -80.29396, 7.108101
22197726164000, 88.235985, -80.43614, 7.0884166
22197731164000, 88.13773, -80.58794, 7.058398
22197736240000, 88.04005, -80.736084, 7.02541
22197741162000, 87.940216, -80.87887, 6.997569
22197751198000, 87.84264, -81.019844, 6.966382
22197756171000, 87.740135, -81.15314, 6.9385014
22197761154000, 87.64531, -81.28616, 6.90805
22197766186000, 87.54659, -81.415726, 6.8790584
22197771206000, 87.44811, -81.539375, 6.850371
22197776165000, 87.353745, -81.6591, 6.8229413
22197781157000, 87.25786, -81.77802, 6.7935467
22197786220000, 87.16384, -81.888596, 6.766464
22197791161000, 87.072426, -81.99955, 6.7394514
22197796880000, 86.97972, -82.10483, 6.710721
22197801193000, 86.89054, -82.2052, 6.685099
22197806166000, 86.79955, -82.30345, 6.6564374
22197811156000, 86.71063, -82.39844, 6.6309423
22197816185000, 86.62136, -82.488174, 6.6038833
22197821253000, 86.53015, -82.574326, 6.5782924
22197826165000, 86.44373, -82.65594, 6.555539
22197831155000, 86.35447, -82.736176, 6.531465
22197836221000, 86.269035, -82.80846, 6.509204
22197841160000, 86.18649, -82.88047, 6.4882107
22197846159000, 86.1013, -82.94682, 6.468623
22197851184000, 86.02057, -83.00968, 6.4494896
22197856168000, 85.94058, -83.0697, 6.431273
22197861153000, 85.86335, -83.12344, 6.415602
22197866896000, 85.78941, -83.17733, 6.3996453
22197871273000, 85.715546, -83.223434, 6.387515
22197876223000, 85.64687, -83.26735, 6.3761573
22197881168000, 85.581635, -83.30958, 6.364545
22197886247000, 85.514725, -83.344826, 6.3568134
22197891164000, 85.45056, -83.38058, 6.3480325
22197896156000, 85.38314, -83.410934, 6.3413973
22197901174000, 85.31962, -83.441925, 6.3324914
22197906168000, 85.252884, -83.46701, 6.327351
22197911154000, 85.1859, -83.49315, 6.3196344
22197916191000, 85.11959, -83.51537, 6.3137913
22197921251000, 85.05516, -83.53766, 6.3067026
22197926253000, 84.9924, -83.55649, 6.300013
22197931154000, 84.9605, -83.61943, 6.262205
22197936428000, 84.933815, -83.678116, 6.223276
22197941178000, 84.94267, -83.7421, 6.1806283
22197946161000, 84.948235, -83.80217, 6.1377864
22197951175000, 85.00281, -83.871414, 6.0875487
22197956166000, 85.05232, -83.93991, 6.0332165
22197961144000, 85.15205, -84.024994, 5.9614124
22197966170000, 85.24842, -84.1042, 5.8905916
22197971204000, 85.42702, -84.19884, 5.8010306
22197976245000, 85.59725, -95.717896, 5.7156215
22197981139000, 85.87838, -95.598816, 5.5833554
22197986192000, 86.14556, -95.49726, 5.4582815
22197991153000, 86.57908, -95.35454, 5.264336
22197996154000, 86.98052, -95.239174, 5.0805187
22198001172000, 87.46357, -95.108665, 4.847492
22198006201000, 87.91669, -95.01325, 4.632507
22198011169000, 88.42516, -94.90053, 4.359001
22198016194000, 88.901146, -94.82481, 4.1043377
22198021426000, 89.44192, -94.754135, 3.7996523
22198026162000, 89.95041, -94.7162, 3.509949
22198031164000, 90.50237, -94.6937, 3.168064
22198036185000, 91.01649, -94.70162, 2.8429947
22198041171000, 91.47679, -94.72614, 2.540884
22198046152000, 91.908455, -94.76706, 2.2506447
22198051383000, 92.326355, -94.82314, 1.973372
22198056166000, 92.72808, -94.88639, 1.7048618
22198061186000, 93.10922, -94.95068, 1.4592226
22198066567000, 93.47535, -95.02499, 1.2215217
22198071217000, 93.82811, -95.09328, 0.99656445
22198076321000, 94.162994, -95.16077, 0.78426325
22198081199000, 94.48689, -95.219925, 0.5877053
22198086383000, 94.778595, -95.26133, 0.39510733
22198091269000, 95.05515, -95.29551, 0.2159677
22198096456000, 95.33115, -95.3238, 0.03790243
22198101208000, 95.59381, -95.34102, -0.12773831
22198131145000, 96.83421, -95.26877, -0.8594748
22198136174000, 96.971176, -95.22621, -0.9383529
22198141160000, 97.082, -95.19357, -1.020578
22198146180000, 97.15872, -95.15232, -1.091368
22198151779000, 97.223236, -95.09086, -1.1749568
22198156113000, 97.28925, -95.011894, -1.2555797
22198161132000, 97.35781, -94.90945, -1.3427979
22198166119000, 97.43622, -94.77504, -1.4264565
22198171273000, 97.55969, -94.59786, -1.5278739
22198176082000, 97.70384, -94.41041, -1.6314985
22198181262000, 97.89922, -94.19088, -1.724036
22198186152000, 98.12389, -93.967804, -1.8170664
22198191300000, 98.343605, -93.71917, -1.8969942
22198196083000, 98.57672, -93.47698, -1.9738421
22198201249000, 98.813805, -93.24673, -2.0508263
22198206178000, 99.046455, -93.021225, -2.1206226
22198211214000, 99.26224, -92.82905, -2.193525
22198216229000, 99.44687, -92.69737, -2.2824516
22198221222000, 99.61971, -92.614, -2.3770978
22198226192000, 99.77881, -92.61765, -2.5101173
22198231253000, 99.941765, -92.67633, -2.6473792
22198236186000, 100.10112, -92.79416, -2.7938511
22198241217000, 100.283844, -87.02837, -2.94994
22198246184000, 100.48619, -86.79172, -3.1172035
22198251275000, 100.694084, -86.489044, -3.3031309
22198256092000, 100.91924, -86.14399, -3.4953296
22198261123000, 101.135086, -85.74857, -3.7092195
22198266121000, 101.36753, -85.325386, -3.9233701
22198271110000, 101.54991, -84.86461, -4.159392
22198276082000, 101.73529, -84.38531, -4.399682
22198281083000, 101.9047, -83.88392, -4.638008
22198286151000, 102.07481, -83.37796, -4.876376
22198291087000, 102.224014, -82.860214, -5.115685
22198296079000, 102.39063, -82.35031, -5.34563
22198301265000, 102.57488, -81.826065, -5.549808
22198306162000, 102.786255, -81.31379, -5.73548
22198311177000, 103.0642, -80.78095, -5.878791
22198316189000, 103.364456, -80.265, -5.9996905
22198321288000, 103.692635, -79.74534, -6.0742354
22198326249000, 104.026695, -79.24274, -6.1328454
22198331196000, 104.34593, -78.76679, -6.1748204
22198336180000, 104.67646, -78.30423, -6.1535926
22198341185000, 104.975296, -77.859695, -6.1296363
22198346150000, 105.26571, -77.41476, -6.044019
22198351195000, 105.53427, -76.97484, -5.9515004
22198356168000, 105.80998, -76.50029, -5.7785673
22198361154000, 106.07588, -76.03267, -5.5906644
22198366202000, 106.37379, -75.523506, -5.3491235
22198371244000, 106.673676, -75.00889, -5.0967484
22198376151000, 106.991554, -74.38338, -4.824433
22198381164000, 107.32667, -73.76697, -4.538898
22198386194000, 107.71782, -73.08943, -4.233824
22198391156000, 108.111755, -72.42659, -3.9332492
22198396142000, 108.46422, -71.77413, -3.6435094
22198401286000, 108.7987, -71.15009, -3.3712258
22198406141000, 109.103836, -70.5128, -3.1104481
22198411155000, 109.38725, -69.883675, -2.8768325
22198416163000, 109.63521, -69.26114, -2.6472113
22198421295000, 109.86701, -68.63684, -2.4417665
22198426296000, 110.11782, -67.971535, -2.2186003
22198431204000, 110.36794, -67.29687, -2.0124116
22198436214000, 110.63683, -66.54881, -1.7835153
22198441200000, 110.91136, -65.80196, -1.5659201
22198446327000, 111.20456, -65.0055, -1.3317268
22198451246000, 111.50339, -64.227196, -1.0910759
22198456219000, 111.8023, -63.468956, -0.8564403
22198461202000, 112.10361, -62.721867, -0.6203657
22198466172000, 112.39824, -62.00141, -0.3854988
22198471334000, 112.64884, -61.278225, -0.19293098
22198476201000, 112.89498, -60.574883, 0.0018697641
22198481199000, 113.10494, -59.872288, 0.16682592
22198486163000, 113.31767, -59.190353, 0.34238574
22198491200000, 113.51258, -58.513294, 0.51327163
22198496183000, 113.716415, -57.863766, 0.7023232
22198501203000, 113.90146, -57.26524, 0.92061067
22198506185000, 114.08447, -56.69599, 1.1550375
22198511198000, 114.230286, -56.177002, 1.433258
22198517122000, 114.36094, -55.68764, 1.7191107
22198521323000, 114.443085, -55.233837, 2.030085
22198526299000, 114.51163, -54.79901, 2.3533235
22198531195000, 114.54155, -54.369503, 2.661859
22198536193000, 114.5621, -53.9516, 2.9755292
22198541199000, 114.55655, -53.541416, 3.299534
22198546208000, 114.54608, -53.143517, 3.617857
22198551186000, 114.53143, -52.681206, 3.868424
22198556210000, 114.50468, -52.2394, 4.111421
22198561198000, 114.45044, -51.781776, 4.3338943
22198566260000, 114.40309, -51.35166, 4.544181
22198571331000, 114.33154, -50.93182, 4.744673
22198576238000, 114.25988, -50.52724, 4.9322133
22198581172000, 114.183655, -50.104874, 5.1158023
22198586999000, 114.12275, -49.69323, 5.2891655
22198591177000, 114.058914, -49.261436, 5.462168
22198596196000, 114.01039, -48.828747, 5.612291
22198601154000, 113.9507, -48.39488, 5.7552404
22198606205000, 113.90397, -47.957523, 5.8807273
22198611200000, 113.85116, -47.529026, 5.9970546
22198616245000, 113.81261, -47.107105, 6.106321
22198621594000, 113.7564, -46.695866, 6.229928
22198626319000, 113.706856, -46.29107, 6.354632
22198631173000, 113.64997, -45.881683, 6.4693003
22198636213000, 113.59204, -45.47795, 6.590089
22198641143000, 113.510216, -45.080273, 6.701448
22198646202000, 113.42242, -44.688244, 6.8263683
22198651179000, 113.34917, -44.31167, 6.94369
22198656226000, 113.238785, -43.94602, 7.0920486
22198661175000, 113.13347, -43.58497, 7.2413673
22198666187000, 112.99263, -43.21492, 7.3727956
22198671200000, 112.845856, -42.85265, 7.5033937
22198676213000, 112.6764, -42.473568, 7.6288238
22198681139000, 112.502266, -42.099354, 7.746321
22198686213000, 112.31597, -41.709957, 7.8600526
22198691170000, 112.13382, -41.331856, 7.9651713
22198696151000, 111.95746, -40.92961, 8.084737
22198701191000, 111.797066, -40.54154, 8.203985
22198706162000, 111.64613, -40.13795, 8.344644
22198711150000, 111.51344, -39.75031, 8.485101
22198716194000, 111.39184, -39.326046, 8.647226
22198721312000, 111.284424, -38.91603, 8.8102865
22198726324000, 111.185715, -38.482212, 8.969065
22198731149000, 111.08802, -38.057644, 9.121979
22198736197000, 110.98081, -37.635277, 9.26931
22198741159000, 110.88231, -37.213688, 9.419654
22198746153000, 110.75288, -36.815907, 9.543034
22198751184000, 110.62681, -36.41741, 9.674958
22198756176000, 110.50024, -36.008938, 9.803727
22198761154000, 110.372765, -35.622036, 9.940363
22198766200000, 110.237366, -35.203033, 10.094528
22198771293000, 110.11238, -34.801743, 10.232668
22198776200000, 109.9677, -34.404934, 10.369156
22198781150000, 109.828094, -34.022736, 10.496802
22198786200000, 109.66518, -33.64937, 10.614176
22198791164000, 109.499756, -33.287563, 10.720217
22198796151000, 109.3234, -32.92918, 10.841852
22198801180000, 109.15092, -32.582508, 10.956067
22198806164000, 108.95924, -32.22587, 11.08239
22198811155000, 108.779625, -31.876072, 11.218275
22198816179000, 108.594864, -31.507345, 11.354929
22198821213000, 108.4065, -31.144264, 11.484037
22198826158000, 108.21423, -30.779337, 11.623548
22198831156000, 108.0224, -30.422821, 11.742369
22198836189000, 107.80281, -30.072788, 11.850577
22198841869000, 107.59347, -29.727373, 11.945688
22198846180000, 107.39533, -29.35235, 12.043219
22198851239000, 107.19753, -28.98067, 12.131566
22198856208000, 106.98431, -28.546621, 12.223826
22198861204000, 106.7827, -28.117004, 12.312482
22198866193000, 106.578964, -27.636448, 12.399317
22198871341000, 106.38656, -27.166275, 12.4784
22198876229000, 106.20661, -26.652632, 12.568323
22198881195000, 106.03613, -26.157557, 12.654898
22198886230000, 105.88816, -25.64429, 12.757617
22198891204000, 105.75274, -25.14977, 12.861871
22198896183000, 105.57178, -24.652641, 12.978461
22198901202000, 105.38198, -24.169159, 13.085555
22198906352000, 105.20523, -23.708876, 13.233455
22198911474000, 105.01623, -23.264704, 13.326721
22198916251000, 104.778946, -22.803223, 13.441014
22198921348000, 104.55409, -22.351446, 13.54151
22198926217000, 104.321106, -21.896088, 13.627789
22198931195000, 104.103745, -21.461435, 13.677355
22198936437000, 103.88764, -20.967834, 13.732106
22198941205000, 103.69063, -20.501242, 13.776023
22198946539000, 103.53936, -19.961983, 13.824917
22198951239000, 103.42104, -19.466684, 13.8688135
22198956141000, 103.334564, -18.869886, 13.928775
22198961203000, 103.28679, -18.327766, 13.981981
22198966244000, 103.27374, -17.831783, 14.02896
22198971371000, 103.28414, -17.3052, 14.107349
22198976237000, 103.31056, -16.81128, 14.173623
22198981646000, 103.31353, -16.351542, 14.231961
22198986268000, 103.32787, -15.911951, 14.2798815
22198991203000, 103.31361, -15.51939, 14.313062
22198996192000, 103.304276, -15.146922, 14.329715
22199001194000, 103.27793, -14.81022, 14.328819
22199006206000, 103.255135, -14.492763, 14.314562
22199011196000, 103.21479, -14.193769, 14.292206
22199016204000, 103.18016, -13.918747, 14.262359
22199021340000, 103.13407, -13.644372, 14.234827
22199026255000, 103.09343, -13.396675, 14.205168
22199031182000, 103.04684, -13.126559, 14.175364
22199036218000, 103.0059, -12.889702, 14.15984
22199041161000, 102.953285, -12.625754, 14.157847
22199046154000, 102.909805, -12.3884945, 14.172003
22199051349000, 102.866516, -12.13986, 14.19782
22199056169000, 102.82538, -11.917122, 14.244684
22199061181000, 102.76776, -11.702342, 14.289983
22199066175000, 102.71801, -11.505365, 14.351518
22199071167000, 102.64788, -11.375553, 14.380581
22199076169000, 102.57845, -11.254146, 14.418173
22199081169000, 102.49312, -11.184669, 14.43683
22199086170000, 102.410484, -11.112402, 14.460554
22199091173000, 102.30402, -11.081078, 14.460713
22199096169000, 102.20103, -11.044304, 14.458865
22199106086000, 101.97523, -11.009624, 14.422538
22199111083000, 101.86275, -10.999293, 14.377745
22199121413000, 101.74977, -10.971625, 14.319712
22199126083000, 101.64384, -10.94666, 14.264996
22199131085000, 101.535355, -10.900392, 14.216703
22199136136000, 101.4292, -10.848879, 14.168839
22199141109000, 101.33399, -10.779353, 14.13045
22199146081000, 101.23717, -10.706019, 14.094929
22199151580000, 101.153824, -10.617617, 14.06741
22199156169000, 101.07224, -10.534258, 14.045113
22199161137000, 101.001884, -10.440578, 14.033738
22199166239000, 100.9334, -10.353678, 14.027773
22199171252000, 100.87245, -10.26528, 14.034131
22199176248000, 100.811325, -10.180929, 14.049874
22199181136000, 100.75292, -10.101047, 14.068898
22199186211000, 100.70352, -10.041674, 14.079296
22199191154000, 100.65509, -9.980505, 14.093499
22199196155000, 100.60639, -9.941411, 14.102008
22199201744000, 100.55882, -9.901487, 14.108648
22199206172000, 100.51931, -9.8792715, 14.117312
22199211157000, 100.479355, -9.851473, 14.122996
22199216182000, 100.44419, -9.824607, 14.119064
22199221291000, 100.41341, -9.797083, 14.116794
22199226253000, 100.38363, -9.772082, 14.106235
22199231158000, 100.35825, -9.750597, 14.099755
22199236288000, 100.33595, -9.7198105, 14.102694
22199241166000, 100.315315, -9.696796, 14.101399
22199246157000, 100.30641, -9.662764, 14.112299
22199251176000, 100.29689, -9.640476, 14.121409
22199256185000, 100.29167, -9.611105, 14.13942
22199261158000, 100.28786, -9.5927105, 14.155429
22199266180000, 100.28249, -9.574385, 14.181073
22199272027000, 100.27736, -9.557644, 14.200054
22199276158000, 100.25885, -9.546593, 14.230866
22199281155000, 100.237434, -9.531783, 14.261017
22199286180000, 100.20734, -9.538698, 14.28814
22199291164000, 100.171326, -9.537465, 14.317269
22199296162000, 100.12106, -9.562962, 14.337375
22199301175000, 100.06972, -9.581358, 14.355383
22199306153000, 100.00805, -9.618867, 14.374953
22199311156000, 99.94517, -9.65741, 14.390927
22199316181000, 99.87698, -9.693144, 14.402369
22199321276000, 99.81228, -9.736311, 14.415978
22199326203000, 99.75416, -9.74474, 14.433787
22199331156000, 99.696465, -9.760621, 14.458881
22199336184000, 99.65066, -9.734148, 14.490809
22199341449000, 99.60694, -9.716883, 14.52504
22199346135000, 99.56543, -9.661016, 14.572677
22199351176000, 99.52025, -9.608476, 14.616179
22199356184000, 99.4723, -9.53292, 14.655677
22199361156000, 99.42178, -9.457136, 14.694258
22199366190000, 99.368744, -9.379965, 14.726185
22199371301000, 99.31067, -9.301244, 14.753353
22199376312000, 99.2527, -9.230183, 14.784386
22199381153000, 99.19319, -9.163414, 14.815872
22199386245000, 99.13904, -9.099936, 14.846543
22199391161000, 99.088646, -9.039595, 14.880771
22199396134000, 99.038376, -8.975104, 14.911991
22199401179000, 98.99683, -8.920177, 14.937826
22199406184000, 98.95592, -8.866354, 14.966629
22199411167000, 98.9095, -8.799139, 14.99127
22199416180000, 98.865036, -8.73351, 15.015493
22199421260000, 98.82958, -8.66332, 15.039004
22199426256000, 98.7917, -8.596129, 15.062612
22199431150000, 98.75409, -8.520533, 15.081607
22199436213000, 98.720764, -8.451068, 15.099808
22199441158000, 98.6867, -8.375928, 15.11981
22199446155000, 98.65826, -8.305417, 15.13776
22199451175000, 98.61632, -8.226013, 15.143457
22199456169000, 98.57975, -8.153879, 15.143416
22199461156000, 98.54358, -8.072088, 15.147596
22199466174000, 98.514656, -7.9939914, 15.146184
22199471297000, 98.480835, -7.9008427, 15.147774
22199476215000, 98.45499, -7.813559, 15.148606
22199481148000, 98.439896, -7.7090807, 15.157013
22199486219000, 98.43727, -7.61463, 15.1615505
22199491159000, 98.43851, -7.5018144, 15.1787405
22199496156000, 98.45659, -7.4049683, 15.190925
22199501150000, 98.48208, -7.297554, 15.219561
22199506242000, 98.516235, -7.201207, 15.244511
22199511139000, 98.5605, -7.0960045, 15.282256
22199516192000, 98.61249, -6.9951634, 15.31506
22199521194000, 98.67426, -6.8961763, 15.366558
22199526760000, 98.735664, -6.799792, 15.414443
22199531150000, 98.80285, -6.713469, 15.4748125
22199536193000, 98.869316, -6.633624, 15.532737
22199541159000, 98.92633, -6.5739746, 15.595904
22199546155000, 98.9764, -6.526191, 15.65252
22199551198000, 99.0186, -6.50668, 15.698979
22199556225000, 99.052025, -6.486398, 15.740017
22199561237000, 99.08119, -6.4659805, 15.774425
22199566205000, 99.09249, -6.480909, 15.794764
22199571189000, 99.0991, -6.4965186, 15.809434
22199576165000, 99.0851, -6.5331855, 15.815386
22199581151000, 99.06784, -6.5694327, 15.8220415
22199586190000, 99.03762, -6.6230836, 15.820674
22199591167000, 99.005455, -6.670448, 15.819571
22199596741000, 98.97011, -6.723283, 15.81459
22199601177000, 98.929924, -6.773732, 15.813089
22199606166000, 98.884056, -6.813724, 15.812647
22199611155000, 98.83861, -6.8543177, 15.818761
22199616223000, 98.78864, -6.8920617, 15.827678
22199621327000, 98.74032, -6.9404926, 15.839411
22199626213000, 98.68466, -6.9786897, 15.861783
22199631157000, 98.62389, -7.0253744, 15.890667
22199636183000, 98.55953, -7.08616, 15.919315
22199641164000, 98.49072, -7.143418, 15.952016
22199646152000, 98.41278, -7.221771, 15.983392
22199651175000, 98.32727, -7.2946997, 16.020115
22199656176000, 98.238075, -7.377559, 16.056335
22199661159000, 98.14191, -7.458576, 16.090073
22199666669000, 98.0528, -7.535756, 16.11761
22199671208000, 97.96518, -7.615849, 16.140068
22199676158000, 97.87594, -7.6858287, 16.146523
22199681153000, 97.79142, -7.763437, 16.1496
22199686185000, 97.710304, -7.836423, 16.137589
22199691162000, 97.6266, -7.9105563, 16.12
22199696156000, 97.54933, -7.988563, 16.11457
22199701175000, 97.47157, -8.063242, 16.09829
22199706184000, 97.38917, -8.146309, 16.079252
22199711161000, 97.314156, -8.234387, 16.063368
22199716269000, 97.235435, -8.310448, 16.047668
22199721261000, 97.15882, -8.394345, 16.030636
22199726193000, 97.08351, -8.474836, 16.018896
22199731200000, 97.00704, -8.553948, 16.00209
22199736270000, 96.933014, -8.630431, 15.997036
22199741206000, 96.85762, -8.705818, 15.98752
22199746198000, 96.787094, -8.783854, 15.977106
22199751230000, 96.71932, -8.865176, 15.966311
22199756163000, 96.65014, -8.947922, 15.955201
22199761203000, 96.58323, -9.026824, 15.9484825
22199766224000, 96.52396, -9.1041975, 15.943903
22199771310000, 96.46417, -9.185234, 15.936533
22199776203000, 96.40948, -9.25821, 15.93091
22199781188000, 96.36319, -9.3329935, 15.925571
22199786159000, 96.31148, -9.404647, 15.909514
22199791211000, 96.26817, -9.47336, 15.891869
22199796139000, 96.22788, -9.539571, 15.873946
22199801195000, 96.19083, -9.600963, 15.852235
22199806248000, 96.14209, -9.65873, 15.832257
22199811201000, 96.09684, -9.708495, 15.812847
22199816210000, 96.05523, -9.760127, 15.790944
22199821323000, 96.01623, -9.79675, 15.770106
22199826287000, 95.98882, -9.84474, 15.753872
22199831205000, 95.95869, -9.88499, 15.733517
22199836211000, 95.9307, -9.913386, 15.711256
22199841210000, 95.901634, -9.945333, 15.688832
22199846178000, 95.87554, -9.970578, 15.66469
22199851865000, 95.85055, -9.993214, 15.638102
22199856358000, 95.83197, -10.015761, 15.610272
22199861200000, 95.81938, -10.03982, 15.577479
22199866438000, 95.79814, -10.048239, 15.547565
22199871320000, 95.78139, -10.059472, 15.517086
22199876213000, 95.76629, -10.063527, 15.48953
22199881199000, 95.75918, -10.068868, 15.4641905
22199886363000, 95.75149, -10.076659, 15.442339
22199891208000, 95.74293, -10.075856, 15.423595
22199896169000, 95.74118, -10.08177, 15.4066105
22199901202000, 95.74229, -10.075532, 15.400081
22199906213000, 95.748405, -10.074128, 15.394695
22199911200000, 95.765335, -10.056445, 15.392902
22199916307000, 95.78414, -10.041347, 15.395679
22199922095000, 95.80691, -10.022258, 15.404358
22199926209000, 95.82737, -10.000811, 15.410144
22199931199000, 95.85018, -9.978446, 15.415307
22199936192000, 95.86897, -9.950747, 15.418448
22199941200000, 95.88712, -9.925682, 15.430711
22199946191000, 95.90402, -9.89656, 15.4415865
22199951175000, 95.92384, -9.86636, 15.447449
22199956211000, 95.940186, -9.83704, 15.446641
22199961155000, 95.95572, -9.80725, 15.446774
22199966283000, 95.969574, -9.775921, 15.445938
22199971298000, 95.97553, -9.745433, 15.446903
22199976304000, 95.97887, -9.715336, 15.449695
22199981193000, 95.98351, -9.688084, 15.446656
22199986233000, 95.98225, -9.657288, 15.446101
22199991653000, 95.9794, -9.636501, 15.448351
22199996176000, 95.979324, -9.619266, 15.451513
22200001178000, 95.97836, -9.601107, 15.456785
22200006202000, 95.972015, -9.588062, 15.4669485
22200011179000, 95.973404, -9.5698805, 15.4722185
22200016253000, 95.97494, -9.553389, 15.48755
22200021238000, 95.97014, -9.53402, 15.497773
22200026205000, 95.96629, -9.517534, 15.511498
22200031157000, 95.95958, -9.495742, 15.530499
22200036194000, 95.963974, -9.491436, 15.549793
22200041195000, 95.97103, -9.484944, 15.572162
22200046192000, 95.96558, -9.476938, 15.5959425
22200051225000, 95.96038, -9.467247, 15.615821
22200056208000, 95.95772, -9.465577, 15.640295
22200061206000, 95.94989, -9.456258, 15.65926
22200066324000, 95.93853, -9.45199, 15.67421
22200071267000, 95.92762, -9.447553, 15.686835
22200076246000, 95.91074, -9.447071, 15.697906
22200081244000, 95.89686, -9.446314, 15.708171
22200086256000, 95.88122, -9.450516, 15.723705
22200091242000, 95.862595, -9.449275, 15.732401
22200096216000, 95.841064, -9.467712, 15.743603
22200101204000, 95.820015, -9.484057, 15.753191
22200121237000, 95.74341, -9.571082, 15.785766
22200126179000, 95.735016, -9.599899, 15.789372
22200131202000, 95.72337, -9.629864, 15.793716
22200136173000, 95.718765, -9.662664, 15.794667
22200141210000, 95.715805, -9.6940975, 15.794958
22200146195000, 95.706154, -9.741715, 15.796248
22200151209000, 95.69668, -9.784743, 15.792961
22200156161000, 95.6886, -9.828905, 15.79205
22200161203000, 95.677025, -9.872577, 15.790163
22200166259000, 95.66766, -9.918794, 15.790333
22200171326000, 95.65425, -9.961534, 15.791133
22200176178000, 95.63793, -10.008041, 15.785274
22200181209000, 95.6189, -10.048252, 15.778795
22200186466000, 95.60404, -10.090398, 15.767713
22200191168000, 95.59255, -10.1330805, 15.755777
22200196164000, 95.577675, -10.170537, 15.744125
22200201172000, 95.56719, -10.208775, 15.730182
22200206392000, 95.55116, -10.247481, 15.72184
22200211215000, 95.53825, -10.287444, 15.71279
22200216435000, 95.53248, -10.3280525, 15.707121
22200221311000, 95.52684, -10.36492, 15.700912
22200226215000, 95.52047, -10.404519, 15.690285
22200231197000, 95.519554, -10.444711, 15.683645
22200236181000, 95.51735, -10.480232, 15.674919
22200241204000, 95.51793, -10.515433, 15.673037
22200246839000, 95.516174, -10.547304, 15.671781
22200251225000, 95.51571, -10.584291, 15.671073
22200256255000, 95.51475, -10.621143, 15.670901
22200261202000, 95.51294, -10.649483, 15.668309
22200266230000, 95.51289, -10.682134, 15.667266
22200271301000, 95.50594, -10.710109, 15.661288
22200276328000, 95.502045, -10.735152, 15.659298
22200281267000, 95.49314, -10.759502, 15.657245
22200286190000, 95.48884, -10.781614, 15.652105
22200291173000, 95.47643, -10.795744, 15.649821
22200296194000, 95.46561, -10.81099, 15.6445265
22200301187000, 95.46141, -10.823271, 15.642686
22200306217000, 95.45502, -10.83585, 15.637674
22200311199000, 95.44973, -10.844963, 15.636221
22200316824000, 95.44372, -10.852068, 15.631946
22200321252000, 95.43022, -10.85789, 15.634832
22200326206000, 95.42347, -10.865418, 15.633089
22200331197000, 95.4156, -10.862838, 15.641238
22200336205000, 95.41249, -10.864304, 15.65106
22200341202000, 95.400116, -10.861385, 15.65526
22200346201000, 95.39136, -10.861514, 15.668341
22200351211000, 95.384575, -10.854473, 15.676807
22200356250000, 95.375374, -10.847524, 15.693281
22200361179000, 95.372986, -10.844039, 15.713887
22200366262000, 95.373505, -10.845023, 15.732887
22200371289000, 95.370224, -10.840023, 15.753349
22200376180000, 95.36471, -10.837287, 15.770679
22200381154000, 95.366646, -10.8330965, 15.789916
22200386406000, 95.36327, -10.825602, 15.805438
22200391167000, 95.35666, -10.818119, 15.814308
22200396160000, 95.351166, -10.81096, 15.8236065
22200401166000, 95.34716, -10.80264, 15.833505
22200406224000, 95.34008, -10.793328, 15.841105
22200411156000, 95.334145, -10.781183, 15.850577
22200416223000, 95.32922, -10.768376, 15.861262
22200421190000, 95.3246, -10.756637, 15.868034
22200426205000, 95.31777, -10.740621, 15.876076
22200431138000, 95.31377, -10.72958, 15.885024
22200436208000, 95.30421, -10.717182, 15.893277
22200441208000, 95.29508, -10.703946, 15.904018
22200446198000, 95.28662, -10.694334, 15.915215
22200451190000, 95.28053, -10.680491, 15.924934
22200456372000, 95.27643, -10.672803, 15.945298
22200466250000, 95.271835, -10.662842, 15.963042
22200471319000, 95.27142, -10.65426, 15.982861
22200476186000, 95.26662, -10.6479225, 15.99978
22200481203000, 95.260994, -10.6417675, 16.013918
22200486235000, 95.258026, -10.631495, 16.027124
22200491212000, 95.257835, -10.62134, 16.043322
22200496197000, 95.25276, -10.615929, 16.054628
22200501180000, 95.253334, -10.610075, 16.06457
22200506236000, 95.2633, -10.60509, 16.06772
22200511200000, 95.27428, -10.6019335, 16.073439
22200516256000, 95.286415, -10.59871, 16.070076
22200521315000, 95.29809, -10.596664, 16.069479
22200526176000, 95.30429, -10.589591, 16.072554
22200531203000, 95.31059, -10.587484, 16.075983
22200536204000, 95.314186, -10.584214, 16.077784
22200541206000, 95.322235, -10.584387, 16.08208
22200546135000, 95.32702, -10.583894, 16.084106
22200551223000, 95.33526, -10.5848055, 16.08637
22200556154000, 95.33692, -10.581954, 16.097435
22200561202000, 95.34147, -10.579073, 16.108997
22200566211000, 95.34608, -10.580609, 16.118383
22200572214000, 95.350136, -10.578537, 16.132732
22200576192000, 95.36073, -10.578571, 16.149778
22200581199000, 95.37271, -10.578063, 16.167456
22200586190000, 95.3834, -10.5734415, 16.185308
22200591191000, 95.39652, -10.574259, 16.202684
22200596178000, 95.410934, -10.574836, 16.217154
22200601192000, 95.43121, -10.572991, 16.229528
22200606313000, 95.447845, -10.57198, 16.24137
22200611200000, 95.464325, -10.57029, 16.255777
22200616220000, 95.47937, -10.570459, 16.26501
22200621193000, 95.49609, -10.566521, 16.278118
22200626162000, 95.5127, -10.5646, 16.284399
22200631138000, 95.529686, -10.564891, 16.296566
22200636193000, 95.54396, -10.563966, 16.301527
22200641763000, 95.551445, -10.5655985, 16.318481
22200646157000, 95.558136, -10.566151, 16.3313
22200651289000, 95.564514, -10.565478, 16.342987
22200656204000, 95.56936, -10.564987, 16.35279
22200661358000, 95.5737, -10.566571, 16.363623
22200666238000, 95.57342, -10.565255, 16.371662
22200671514000, 95.57524, -10.57023, 16.38065
22200676304000, 95.57474, -10.573348, 16.38944
22200681178000, 95.57452, -10.574157, 16.39996
22200686216000, 95.576294, -10.580279, 16.413149
22200691149000, 95.57373, -10.581475, 16.419573
22200696200000, 95.57049, -10.592481, 16.428087
22200701153000, 95.55751, -10.599722, 16.427135
22200706280000, 95.552216, -10.610767, 16.42586
22200711404000, 95.53978, -10.620653, 16.420574
22200716271000, 95.527435, -10.626071, 16.418922
22200721332000, 95.51249, -10.635316, 16.413826
22200726285000, 95.49919, -10.644124, 16.413145
22200731191000, 95.486015, -10.654219, 16.409393
22200736207000, 95.46998, -10.661993, 16.40478
22200741207000, 95.45572, -10.668281, 16.403708
22200746196000, 95.44062, -10.67743, 16.398888
22200751220000, 95.42521, -10.680898, 16.394945
22200756263000, 95.406685, -10.682119, 16.394396
22200761203000, 95.386375, -10.686874, 16.391209
22200766290000, 95.364784, -10.678988, 16.389381
22200771298000, 95.34461, -10.681956, 16.390448
22200776236000, 95.313774, -10.691509, 16.384373
22200781207000, 95.288994, -10.70355, 16.383995
22200786222000, 95.25946, -10.7143545, 16.380949
22200791210000, 95.23505, -10.727146, 16.374746
22200796197000, 95.215065, -10.741757, 16.383768
22200801185000, 95.1981, -10.761675, 16.381807
22200806168000, 95.17975, -10.778354, 16.378521
22200811200000, 95.15925, -10.8017435, 16.374346
22200816191000, 95.13083, -10.821857, 16.369785
22200821331000, 95.098526, -10.845833, 16.358242
22200826200000, 95.07714, -10.862389, 16.341566
22200831207000, 95.05256, -10.883166, 16.321774
22200836417000, 95.03495, -10.900512, 16.306831
22200841207000, 95.01389, -10.918413, 16.292158
22200846407000, 95.001076, -10.926527, 16.263386
22200851210000, 94.98576, -10.929609, 16.244112
22200856238000, 94.970955, -10.944552, 16.235
22200861276000, 94.958275, -10.951601, 16.215397
22200866209000, 94.94292, -10.963385, 16.205225
22200871329000, 94.93542, -10.976277, 16.18995
22200876236000, 94.92194, -10.985423, 16.181648
22200881199000, 94.92615, -10.994087, 16.169893
22200886165000, 94.92749, -11.001106, 16.155941
22200891206000, 94.93291, -10.999326, 16.14953
22200896745000, 94.9406, -11.002909, 16.139933
22200901203000, 94.94374, -10.992658, 16.133177
22200906243000, 94.95158, -10.982559, 16.124998
22200911201000, 94.95929, -10.972906, 16.118248
22200916295000, 94.97048, -10.959925, 16.11103
22200921259000, 94.98871, -10.946548, 16.108545
22200926216000, 95.00672, -10.939521, 16.1033
22200931258000, 95.02706, -10.924084, 16.103218
22200936245000, 95.04867, -10.910129, 16.105669
22200941185000, 95.06457, -10.89386, 16.11115
22200946200000, 95.08448, -10.875796, 16.124949
22200951222000, 95.09929, -10.859679, 16.123676
22200956298000, 95.12204, -10.843555, 16.123898
22200961199000, 95.14424, -10.820415, 16.127827
22200966935000, 95.1653, -10.800963, 16.134214
22200971251000, 95.19117, -10.778777, 16.134666
22200976205000, 95.21643, -10.759276, 16.139456
22200981201000, 95.23997, -10.74001, 16.14222
22200986230000, 95.26533, -10.723664, 16.148596
22200991206000, 95.273224, -10.700171, 16.150421
22200996167000, 95.287254, -10.676075, 16.152578
22201001193000, 95.29821, -10.650869, 16.156208
22201006267000, 95.31127, -10.631317, 16.162115
22201011179000, 95.32142, -10.615773, 16.172518
22201016292000, 95.330246, -10.601242, 16.183372
22201021313000, 95.33963, -10.588499, 16.195415
22201026207000, 95.342766, -10.572409, 16.207907
22201031176000, 95.34161, -10.565898, 16.231451
22201036573000, 95.34228, -10.558296, 16.250475
22201046202000, 95.33314, -10.555141, 16.272472
22201051163000, 95.32913, -10.549741, 16.291334
22201056222000, 95.316795, -10.548807, 16.314932
22201061150000, 95.30763, -10.549435, 16.339457
22201066295000, 95.29092, -10.555486, 16.360577
22201071158000, 95.27643, -10.561315, 16.378044
22201076212000, 95.26126, -10.571582, 16.40164
22201081151000, 95.24372, -10.585113, 16.42114
22201086218000, 95.22759, -10.5953665, 16.437634
22201091219000, 95.20909, -10.613894, 16.451607
22201096237000, 95.189705, -10.626298, 16.472437
22201101238000, 95.168335, -10.644337, 16.485546
22201106404000, 95.1526, -10.665713, 16.500744
22201111267000, 95.134735, -10.687702, 16.509094
22201116234000, 95.11595, -10.708164, 16.519167
22201121218000, 95.10174, -10.728259, 16.525024
22201126162000, 95.08175, -10.749063, 16.52804
22201131157000, 95.066795, -10.763214, 16.53123
22201136185000, 95.05054, -10.782296, 16.529018
22201141165000, 95.03157, -10.795957, 16.526125
22201146155000, 95.029625, -10.808034, 16.523943
22201151182000, 95.02338, -10.815038, 16.517237
22201156230000, 95.02486, -10.8252945, 16.51465
22201161155000, 95.02467, -10.831912, 16.513975
22201166171000, 95.02587, -10.837724, 16.509954
22201171252000, 95.02583, -10.845969, 16.507261
22201176164000, 95.020065, -10.845071, 16.502123
22201181155000, 95.01268, -10.848644, 16.492914
22201186321000, 95.006775, -10.845678, 16.477333
22201191160000, 95.00432, -10.845049, 16.463755
22201196156000, 94.99709, -10.840882, 16.450462
22201201181000, 94.99294, -10.838107, 16.437635
22201206223000, 94.99331, -10.834636, 16.420273
22201211155000, 94.99004, -10.828961, 16.402184
22201216177000, 94.99252, -10.826373, 16.385656
22201221993000, 94.997696, -10.8219595, 16.366955
22201226156000, 95.00186, -10.81417, 16.35418
22201231152000, 95.004974, -10.798114, 16.3409
22201236174000, 95.019394, -10.788379, 16.320726
22201241165000, 95.02918, -10.773148, 16.30078
22201246155000, 95.04754, -10.7643585, 16.283484
22201251176000, 95.066, -10.750998, 16.266108
22201256415000, 95.08296, -10.745595, 16.252579
22201261152000, 95.102, -10.735191, 16.239573
22201266192000, 95.11692, -10.72676, 16.228436
22201271229000, 95.13262, -10.720147, 16.21806
22201276156000, 95.14692, -10.711937, 16.2106
22201281154000, 95.16028, -10.711908, 16.205778
22201286165000, 95.17091, -10.702961, 16.208849
22201291785000, 95.18176, -10.700222, 16.2129
22201296132000, 95.1869, -10.689932, 16.217829
22201301177000, 95.19664, -10.681557, 16.226326
22201306190000, 95.19494, -10.671087, 16.234344
22201311155000, 95.196655, -10.661593, 16.247932
22201316210000, 95.19961, -10.656558, 16.251995
22201321228000, 95.20329, -10.653316, 16.25889
22201326212000, 95.20815, -10.657565, 16.265713
22201331152000, 95.211914, -10.659463, 16.274807
22201336184000, 95.223015, -10.668643, 16.285902
22201341163000, 95.23928, -10.676909, 16.2998
22201346153000, 95.251366, -10.686918, 16.315401
22201351176000, 95.26371, -10.690716, 16.327425
22201356228000, 95.27851, -10.702831, 16.346127
22201361575000, 95.28614, -10.708112, 16.357052
22201366188000, 95.29653, -10.72466, 16.36735
22201371218000, 95.305954, -10.739757, 16.381664
22201376184000, 95.30642, -10.749248, 16.38793
22201381180000, 95.31036, -10.760492, 16.398575
22201386288000, 95.31272, -10.770167, 16.416494
22201391207000, 95.31626, -10.776183, 16.432219
22201401189000, 95.31657, -10.781275, 16.453075
22201406196000, 95.31565, -10.785044, 16.469923
22201411201000, 95.312485, -10.794799, 16.488714
22201416164000, 95.30728, -10.799176, 16.507362
22201421273000, 95.30877, -10.808114, 16.527998
22201426201000, 95.306114, -10.812206, 16.547825
22201431210000, 95.30291, -10.821223, 16.566618
22201436207000, 95.30494, -10.822762, 16.585867
22201441194000, 95.29763, -10.829856, 16.608276
22201446202000, 95.293785, -10.834143, 16.633116
22201451189000, 95.291824, -10.837221, 16.647934
22201456253000, 95.29236, -10.842157, 16.665524
22201461196000, 95.2939, -10.850935, 16.682953
22201466209000, 95.29506, -10.8529415, 16.698385
22201471213000, 95.29505, -10.854792, 16.718407
22201476161000, 95.296524, -10.863454, 16.729416
22201481131000, 95.2958, -10.86477, 16.749058
22201486182000, 95.29208, -10.869839, 16.767256
22201491137000, 95.290405, -10.870126, 16.781923
22201496155000, 95.28789, -10.874423, 16.796612
22201501655000, 95.285164, -10.874076, 16.814999
22201506208000, 95.28407, -10.874879, 16.828802
22201511489000, 95.2752, -10.870259, 16.846464
22201516172000, 95.27167, -10.86588, 16.863445
22201521199000, 95.26902, -10.863154, 16.878414
22201526160000, 95.25537, -10.858847, 16.889828
22201531157000, 95.25184, -10.855342, 16.897535
22201536178000, 95.24378, -10.843202, 16.91495
22201541163000, 95.23934, -10.837382, 16.928284
22201546842000, 95.23967, -10.830823, 16.944082
22201551176000, 95.24146, -10.826976, 16.960314
22201561154000, 95.24255, -10.817096, 16.978378
22201566179000, 95.24535, -10.809915, 16.997429
22201571229000, 95.24443, -10.803392, 17.01221
22201576158000, 95.24692, -10.79836, 17.028252
22201581189000, 95.246735, -10.793425, 17.04246
22201586189000, 95.25423, -10.792053, 17.04226
22201591189000, 95.264786, -10.790405, 17.041403
22201596154000, 95.26902, -10.79158, 17.04158
22201601181000, 95.27766, -10.789246, 17.044115
22201606229000, 95.28024, -10.79045, 17.042475
22201611159000, 95.28817, -10.788914, 17.043356
22201616696000, 95.29108, -10.7913685, 17.042284
22201621220000, 95.29594, -10.794402, 17.040606
22201626205000, 95.30412, -10.798616, 17.04079
22201631201000, 95.31366, -10.804907, 17.04567
22201636183000, 95.3202, -10.816105, 17.048977
22201641206000, 95.3246, -10.824394, 17.048986
22201646176000, 95.331696, -10.833773, 17.055683
22201656180000, 95.333786, -10.838592, 17.05905
22201661159000, 95.33635, -10.854867, 17.056507
22201666155000, 95.331436, -10.864723, 17.049862
22201671215000, 95.32657, -10.8793545, 17.046427
22201676145000, 95.3278, -10.889619, 17.041626
22201681154000, 95.32738, -10.907234, 17.041874
22201686185000, 95.32996, -10.922316, 17.038767
22201691184000, 95.33565, -10.936611, 17.03989
22201696156000, 95.3404, -10.947616, 17.041348
22201701182000, 95.34399, -10.957934, 17.04002
22201711155000, 95.346695, -10.968107, 17.038189
22201716216000, 95.35177, -10.975109, 17.040112
22201721199000, 95.356766, -10.983411, 17.039103
22201726207000, 95.35823, -10.991909, 17.03869
22201731153000, 95.360916, -10.998374, 17.035198
22201737387000, 95.36056, -11.003849, 17.038616
22201741181000, 95.35887, -11.006894, 17.040462
22201746162000, 95.35839, -11.008448, 17.0434
22201751212000, 95.35746, -11.010851, 17.04494
22201756176000, 95.35772, -11.010976, 17.045036
22201761155000, 95.36031, -11.013941, 17.047207
22201771205000, 95.35672, -11.017453, 17.045837
22201776169000, 95.36924, -11.015744, 17.046143
22201781195000, 95.37624, -11.01643, 17.034986
22201786222000, 95.387054, -11.019964, 17.0241
22201791200000, 95.39514, -11.015314, 17.01465
22201796205000, 95.40488, -11.020539, 17.002337
22201801176000, 95.40952, -11.014417, 16.995619
22201806270000, 95.4155, -11.012733, 16.985512
22201811198000, 95.41765, -11.009364, 16.976316
22201816235000, 95.42276, -10.999409, 16.970682
22201821236000, 95.428505, -10.992718, 16.962149
22201826210000, 95.43414, -10.977576, 16.958174
22201831193000, 95.438255, -10.968923, 16.957567
22201836199000, 95.44354, -10.955155, 16.958908
22201841192000, 95.44772, -10.9376335, 16.958244
22201846183000, 95.45505, -10.922342, 16.954954
22201851214000, 95.45983, -10.9064245, 16.955442
22201856343000, 95.468185, -10.891288, 16.956064
22201861271000, 95.474594, -10.877997, 16.956732
22201866227000, 95.481804, -10.863715, 16.956993
22201871221000, 95.490295, -10.844651, 16.9607
22201876220000, 95.49777, -10.829672, 16.964233
22201886232000, 95.504555, -10.813804, 16.97039
22201891159000, 95.51244, -10.793539, 16.97839
22201896198000, 95.519745, -10.777321, 16.986025
22201901150000, 95.518524, -10.759238, 16.99876
22201906229000, 95.52038, -10.740237, 17.01461
22201911141000, 95.520424, -10.723397, 17.020025
22201916184000, 95.516945, -10.704351, 17.03065
22201921173000, 95.51625, -10.693375, 17.025896
22201926160000, 95.51301, -10.678491, 17.022512
22201931135000, 95.51241, -10.669855, 17.021538
22201936174000, 95.504524, -10.660692, 17.014038
22201941663000, 95.50348, -10.656283, 17.012543
22201946203000, 95.499306, -10.648301, 17.00923
22201951535000, 95.487404, -10.640055, 17.013384
22201956329000, 95.476944, -10.632793, 17.015263
22201961231000, 95.4662, -10.624988, 17.02029
22201966241000, 95.45517, -10.618329, 17.024658
22201971303000, 95.446594, -10.611081, 17.034729
22201976339000, 95.43989, -10.611761, 17.04419
22201981532000, 95.436455, -10.610109, 17.04997
22201986213000, 95.4371, -10.610468, 17.05207
22201991180000, 95.43645, -10.616039, 17.060076
22201996230000, 95.43401, -10.622286, 17.058718
22202001163000, 95.43271, -10.626233, 17.06341
22202006274000, 95.434105, -10.638867, 17.061783
22202011814000, 95.43489, -10.649814, 17.06236
22202016215000, 95.43449, -10.663267, 17.062588
22202021242000, 95.43543, -10.677209, 17.060612
22202026182000, 95.434494, -10.686241, 17.06342
22202031166000, 95.43772, -10.696238, 17.061968
22202036159000, 95.43765, -10.706022, 17.063126
22202041162000, 95.43672, -10.717918, 17.063034
22202051284000, 95.43514, -10.732158, 17.056923
22202056440000, 95.43122, -10.744541, 17.055103
22202061217000, 95.4267, -10.759045, 17.049961
22202066236000, 95.43105, -10.773981, 17.047789
22202071257000, 95.433014, -10.79045, 17.041473
22202076201000, 95.43254, -10.813004, 17.038958
22202081470000, 95.431335, -10.828705, 17.035246
22202086233000, 95.4265, -10.856639, 17.043634
22202091208000, 95.41964, -10.879255, 17.055037
22202096194000, 95.41684, -10.910511, 17.059862
22202101190000, 95.41272, -10.940438, 17.065517
22202106245000, 95.40847, -10.969105, 17.07829
22202111205000, 95.40166, -11.000968, 17.088106
22202116231000, 95.39951, -11.020778, 17.075567
22202121268000, 95.40149, -11.040284, 17.05809
22202126179000, 95.39951, -11.050163, 17.053808
22202131171000, 95.40372, -11.058421, 17.04108
22202136173000, 95.40406, -11.067314, 17.030405
22202141167000, 95.40776, -11.073083, 17.013004
22202146158000, 95.407974, -11.071443, 17.026512
22202151229000, 95.40915, -11.067294, 17.02843
22202156230000, 95.41412, -11.055114, 17.033756
22202161205000, 95.417145, -11.047608, 17.032711
22202166207000, 95.42288, -11.024562, 17.028786
22202171272000, 95.430725, -11.007269, 17.018854
22202176205000, 95.4428, -10.987337, 17.01
22202181204000, 95.45743, -10.97258, 17.00046
22202186214000, 95.47136, -10.951523, 16.991894
22202191202000, 95.48845, -10.939166, 16.987963
22202196162000, 95.50488, -10.923347, 16.986406
22202201196000, 95.52187, -10.912545, 16.991547
22202206201000, 95.52574, -10.890456, 17.002953
22202211203000, 95.5288, -10.868538, 17.016373
22202216173000, 95.52965, -10.843237, 17.0302
22202221279000, 95.52933, -10.821093, 17.041603
22202226141000, 95.533714, -10.802208, 17.049532
22202231207000, 95.53222, -10.777492, 17.058676
22202236179000, 95.53039, -10.756534, 17.063974
22202241171000, 95.52699, -10.730846, 17.068811
22202246179000, 95.52397, -10.708235, 17.073196
22202251183000, 95.52253, -10.683616, 17.078964
22202256243000, 95.520065, -10.681197, 17.089506
22202261161000, 95.516785, -10.674491, 17.10566
22202266224000, 95.52082, -10.674925, 17.121614
22202271280000, 95.52351, -10.676578, 17.144423
22202281200000, 95.52338, -10.676943, 17.166904
22202286215000, 95.52663, -10.68185, 17.18668
22202291206000, 95.5232, -10.682477, 17.210173
22202296185000, 95.51656, -10.690216, 17.229784
22202301197000, 95.511215, -10.693435, 17.247007
22202306249000, 95.505066, -10.697956, 17.253906
22202311201000, 95.49588, -10.700128, 17.258524
22202316219000, 95.49044, -10.700275, 17.262352
22202321267000, 95.48353, -10.708181, 17.266932
22202326144000, 95.47619, -10.715054, 17.270372
22202331206000, 95.46693, -10.718548, 17.268793
22202341161000, 95.453766, -10.72901, 17.267204
22202346139000, 95.4374, -10.737205, 17.265606
22202351202000, 95.42905, -10.757574, 17.25602
22202356221000, 95.41408, -10.768821, 17.248531
22202361156000, 95.40357, -10.789352, 17.234753
22202366206000, 95.38764, -10.800311, 17.222889
22202371204000, 95.37703, -10.818242, 17.21976
22202376169000, 95.3659, -10.834033, 17.216516
22202381200000, 95.35842, -10.8559885, 17.210594
22202386243000, 95.34845, -10.878137, 17.202103
22202391213000, 95.34115, -10.897846, 17.198994
22202396204000, 95.32948, -10.924217, 17.194054
22202401198000, 95.322975, -10.941616, 17.188742
22202406286000, 95.31327, -10.9652405, 17.182314
22202411198000, 95.30462, -10.989307, 17.174604
22202416225000, 95.29673, -11.010005, 17.168163
22202421250000, 95.28124, -11.034999, 17.161976
22202426210000, 95.26736, -11.052171, 17.155046
22202431197000, 95.25465, -11.073642, 17.146788
22202436193000, 95.24236, -11.093178, 17.137213
22202441186000, 95.23264, -11.106514, 17.13317
22202446202000, 95.220924, -11.118137, 17.127827
22202451199000, 95.2107, -11.128393, 17.120348
22202456329000, 95.196365, -11.1396265, 17.11722
22202461159000, 95.185326, -11.142162, 17.115015
22202466239000, 95.17765, -11.145792, 17.1129
22202471176000, 95.17024, -11.146479, 17.115705
22202476207000, 95.1638, -11.142345, 17.115963
22202481132000, 95.16206, -11.138013, 17.122553
22202486235000, 95.161736, -11.130138, 17.122963
22202491143000, 95.15979, -11.124308, 17.14378
22202496201000, 95.16339, -11.116521, 17.159382
22202501176000, 95.16663, -11.10382, 17.181911
22202506313000, 95.17129, -11.090554, 17.20228
22202511176000, 95.17999, -11.074514, 17.224596
22202516245000, 95.18525, -11.060384, 17.245508
22202521247000, 95.1913, -11.041959, 17.2712
22202526205000, 95.19696, -11.028486, 17.29774
22202531309000, 95.20155, -11.009138, 17.317917
22202536206000, 95.207695, -10.994298, 17.3446
22202541454000, 95.21426, -10.977991, 17.366137
22202546187000, 95.22014, -10.96367, 17.38753
22202551201000, 95.22373, -10.951676, 17.41173
22202556313000, 95.22839, -10.938078, 17.43192
22202561141000, 95.233185, -10.928784, 17.455618
22202566250000, 95.2316, -10.910751, 17.470482
22202571277000, 95.2335, -10.89362, 17.490427
22202576201000, 95.235115, -10.87717, 17.509941
22202581134000, 95.238464, -10.862815, 17.53481
22202586237000, 95.2383, -10.851304, 17.551813
22202591148000, 95.24056, -10.838007, 17.574785
22202596187000, 95.24067, -10.8279915, 17.59357
22202601204000, 95.24666, -10.820865, 17.616135
22202606282000, 95.245926, -10.811807, 17.637274
22202611173000, 95.247665, -10.799595, 17.657747
22202616235000, 95.254234, -10.795629, 17.68155
22202626184000, 95.26088, -10.789944, 17.707293
22202631196000, 95.2699, -10.792175, 17.72828
22202636192000, 95.27869, -10.7894535, 17.742392
22202641207000, 95.28991, -10.796411, 17.758595
22202646194000, 95.30295, -10.799327, 17.767155
22202651247000, 95.32171, -10.806899, 17.776363
22202656296000, 95.33164, -10.80617, 17.780825
22202661192000, 95.34238, -10.808204, 17.782413
22202666249000, 95.35337, -10.807944, 17.788105
22202671266000, 95.366425, -10.811405, 17.790874
22202676181000, 95.38098, -10.814604, 17.794022
22202681197000, 95.400566, -10.82703, 17.793747
22202686237000, 95.417816, -10.831513, 17.799583
22202691187000, 95.43591, -10.838403, 17.800962
22202696199000, 95.45144, -10.846907, 17.801235
22202701200000, 95.46855, -10.85777, 17.804155
22202706278000, 95.47948, -10.866495, 17.802717
22202711197000, 95.48983, -10.871636, 17.800196
22202716216000, 95.4972, -10.88102, 17.801281
22202721268000, 95.50492, -10.891316, 17.797407
22202726213000, 95.51181, -10.894905, 17.794775
22202731200000, 95.51798, -10.905154, 17.793665
22202736196000, 95.52658, -10.909826, 17.78595
22202741192000, 95.52969, -10.916542, 17.7757
22202746193000, 95.53455, -10.927912, 17.77049
22202751232000, 95.53684, -10.937686, 17.760717
22202756258000, 95.537704, -10.948741, 17.76099
22202761201000, 95.53612, -10.9560995, 17.757694
22202766220000, 95.53592, -10.964214, 17.753906
22202771241000, 95.53664, -10.975087, 17.745142
22202776198000, 95.53542, -10.98541, 17.741966
22202781204000, 95.534195, -10.996768, 17.734688
22202786215000, 95.52655, -11.004977, 17.72572
22202791202000, 95.51594, -11.010563, 17.717516
22202796195000, 95.50777, -11.019665, 17.706999
22202801194000, 95.49794, -11.0243635, 17.70106
22202806302000, 95.47877, -11.031017, 17.701181
22202811200000, 95.45829, -11.037921, 17.698208
22202816137000, 95.43639, -11.046176, 17.699524
22202821243000, 95.41718, -11.051714, 17.693298
22202826139000, 95.40662, -11.061018, 17.68678
22202831198000, 95.39781, -11.067215, 17.677254
22202836153000, 95.38834, -11.073812, 17.666985
22202841205000, 95.38169, -11.076895, 17.662436
22202846134000, 95.37131, -11.083164, 17.65085
22202851204000, 95.36506, -11.084088, 17.645136
22202856293000, 95.356834, -11.08949, 17.636843
22202861203000, 95.34895, -11.092858, 17.627056
22202866178000, 95.34599, -11.094324, 17.613796
22202871276000, 95.34368, -11.09734, 17.601364
22202877353000, 95.34038, -11.100515, 17.585611
22202881164000, 95.33777, -11.101266, 17.57566
22202886440000, 95.33547, -11.102115, 17.57054
22202891163000, 95.3343, -11.10438, 17.567013
22202901184000, 95.33216, -11.092235, 17.563375
22202906230000, 95.33197, -11.089998, 17.562477
22202911202000, 95.33598, -11.082941, 17.5639
22202916138000, 95.33939, -11.078794, 17.565193
22202921257000, 95.34618, -11.07569, 17.574049
22202926161000, 95.34774, -11.074086, 17.57542
22202931200000, 95.361206, -11.068023, 17.577507
22202936199000, 95.36944, -11.062801, 17.58003
22202941202000, 95.38396, -11.061979, 17.587027
22202946202000, 95.39762, -11.0525675, 17.597555
22202951214000, 95.411476, -11.049591, 17.605827
22202956252000, 95.42402, -11.041421, 17.616627
22202961196000, 95.43653, -11.035324, 17.61938
22202966190000, 95.44672, -11.025148, 17.624441
22202971256000, 95.45807, -11.022191, 17.626856
22202976203000, 95.46597, -11.014636, 17.630268
22202981196000, 95.48071, -11.015601, 17.62933
22202986184000, 95.49081, -11.008661, 17.629831
22202991201000, 95.50103, -11.004644, 17.63153
22202996210000, 95.51241, -11.002761, 17.63275
22203001189000, 95.52245, -10.996481, 17.636112
22203006223000, 95.53307, -10.992441, 17.637796
22203011160000, 95.53985, -10.9887905, 17.644306
22203016153000, 95.54149, -10.985715, 17.64655
22203021216000, 95.544136, -10.983697, 17.657673
