#Angle around the z x y axes.
#timestamp(ns), Azimuth , Pitch, Roll (degrees)
#Datetime: 07/05/2015 12:53:54
##########################################
#Activity: 7 - SCH - Sit chair - 6s
#Subject ID: 50
#First Name: sub50
#Last Name: sub50
#Age: 23
#Height(cm): 165
#Weight(kg): 50
#Gender: Female
##########################################

@DATA
9490272847000, 76.102745, -27.900482, 34.660828
9490277825000, 77.84045, -27.90368, 36.582893
9490282924000, 76.05209, -28.267254, 34.459877
9490287832000, 74.74579, -27.027052, 35.811096
9490292811000, 74.75874, -27.405102, 35.589436
9490297832000, 74.77609, -27.864872, 35.364117
9490302822000, 74.80295, -28.322084, 35.139683
9490307823000, 74.834465, -28.783785, 34.90905
9490312843000, 74.863396, -29.233507, 34.67935
9490317803000, 74.916115, -29.68866, 34.457016
9490322808000, 74.96245, -30.150227, 34.226032
9490327788000, 74.990295, -30.594791, 33.986946
9490332877000, 75.052086, -31.021729, 33.76691
9490337904000, 75.09815, -31.471506, 33.53497
9490342853000, 75.1397, -31.894049, 33.302586
9490347834000, 75.209526, -32.307487, 33.07862
9490352926000, 75.27913, -32.71628, 32.86114
9490357762000, 75.35333, -33.121628, 32.647266
9490362759000, 75.43978, -33.524525, 32.446194
9490367768000, 75.53327, -33.933365, 32.255898
9490372783000, 75.64185, -34.349304, 32.079834
9490377778000, 75.767044, -34.781178, 31.915623
9490382777000, 75.90826, -35.230812, 31.767187
9490387785000, 76.06781, -35.703365, 31.630241
9490392781000, 76.30349, -36.214127, 31.53507
9490398029000, 76.5025, -36.81026, 31.421478
9490402820000, 76.74755, -37.36796, 31.326242
9490407785000, 77.01277, -37.976772, 31.243774
9490412792000, 77.27871, -38.61624, 31.154982
9490417828000, 77.53422, -39.240055, 31.059927
9490422853000, 77.785515, -39.84851, 30.96203
9490427840000, 78.03494, -40.44836, 30.860056
9490432817000, 78.28228, -41.04204, 30.755896
9490437875000, 78.52079, -41.621532, 30.64926
9490442845000, 78.76154, -42.19995, 30.537931
9490447856000, 78.99268, -42.763233, 30.426556
9490452865000, 79.223015, -43.32074, 30.310343
9490457840000, 79.44811, -43.870068, 30.194487
9490462839000, 79.6688, -44.409233, 30.074982
9490468215000, 79.88631, -44.94218, 29.956814
9490472851000, 80.0974, -45.460953, 29.837088
9490477835000, 80.30415, -45.976982, 29.71486
9490482818000, 80.508965, -46.47941, 29.5944
9490487933000, 80.70493, -46.974102, 29.472248
9490497836000, 80.90168, -47.464653, 29.346457
9490502863000, 81.08609, -47.94183, 29.22112
9490507927000, 81.27684, -48.414856, 29.094204
9490512861000, 81.45353, -48.880848, 28.96591
9490517834000, 81.63092, -49.337997, 28.835632
9490522853000, 81.80597, -49.78907, 28.707254
9490527776000, 81.96886, -50.231388, 28.577143
9490532820000, 82.13499, -50.666946, 28.446444
9490538155000, 82.29211, -51.093178, 28.319641
9490542847000, 82.44598, -51.51473, 28.187786
9490547873000, 82.6183, -51.945496, 28.04884
9490552861000, 82.7887, -52.368027, 27.913153
9490557843000, 82.95113, -52.783432, 27.774261
9490562853000, 83.10862, -53.19248, 27.636091
9490567881000, 83.258545, -53.59075, 27.501566
9490577854000, 83.406364, -53.98452, 27.36326
9490582864000, 83.54554, -54.36722, 27.229145
9490587992000, 83.68204, -54.74557, 27.093742
9490592880000, 83.810394, -55.11583, 26.959644
9490597865000, 83.93647, -55.476654, 26.826204
9490602940000, 84.05988, -55.832985, 26.693913
9490607885000, 84.17344, -56.180588, 26.561142
9490612859000, 84.28452, -56.51916, 26.433378
9490617835000, 84.39584, -56.85309, 26.303635
9490622855000, 84.49726, -57.18153, 26.17383
9490627838000, 84.59384, -57.496056, 26.051357
9490632825000, 84.69308, -57.80976, 25.92667
9490637886000, 84.78323, -58.117695, 25.802774
9490642840000, 84.87188, -58.413555, 25.68275
9490647836000, 84.95885, -58.70705, 25.565598
9490652932000, 85.038284, -58.992855, 25.446795
9490657842000, 85.11922, -59.274097, 25.329918
9490662836000, 85.19369, -59.545963, 25.217737
9490667832000, 85.26537, -59.812958, 25.104677
9490672852000, 85.33163, -60.074165, 24.993898
9490677847000, 85.397766, -60.32959, 24.885384
9490682824000, 85.4596, -60.576843, 24.780209
9490687864000, 85.51748, -60.82321, 24.671358
9490692842000, 85.57536, -61.060535, 24.570686
9490697843000, 85.62984, -61.293648, 24.46714
9490702871000, 85.680756, -61.52341, 24.365562
9490707843000, 85.73288, -61.74944, 24.264036
9490712840000, 85.77977, -61.965195, 24.167645
9490717833000, 85.82448, -62.18267, 24.068026
9490723467000, 85.86825, -62.392624, 23.972841
9490727800000, 85.90844, -62.59721, 23.877941
9490732828000, 85.94632, -62.801468, 23.781431
9490737893000, 85.98061, -62.99663, 23.691015
9490742841000, 86.0122, -63.191113, 23.597872
9490747855000, 86.07814, -63.41137, 23.490942
9490752864000, 86.13844, -63.62387, 23.387135
9490757848000, 86.196556, -63.834873, 23.28225
9490762842000, 86.25158, -64.03736, 23.182926
9490767834000, 86.30188, -64.23248, 23.085802
9490772856000, 86.34999, -64.42553, 22.98964
9490777839000, 86.39424, -64.60874, 22.898394
9490782820000, 86.43397, -64.78952, 22.807453
9490787885000, 86.474434, -64.96162, 22.721268
9490793329000, 86.5104, -65.13177, 22.636297
9490797868000, 86.54246, -65.29243, 22.554243
9490802865000, 86.5768, -65.4522, 22.472626
9490807845000, 86.60858, -65.607056, 22.3934
9490812844000, 86.635124, -65.7564, 22.31621
9490817830000, 86.6622, -65.90272, 22.240131
9490822852000, 86.688484, -66.0449, 22.165716
9490827836000, 86.710686, -66.18366, 22.092691
9490832822000, 86.730484, -66.31827, 22.021362
9490837878000, 86.74576, -66.44638, 21.952904
9490842844000, 86.76132, -66.57524, 21.883568
9490847846000, 86.773125, -66.69607, 21.817766
9490852866000, 86.78241, -66.81656, 21.751877
9490857850000, 86.78622, -66.93087, 21.688421
9490862961000, 86.791954, -67.044106, 21.625956
9490867832000, 86.79776, -67.15197, 21.56612
9490872853000, 86.79699, -67.25492, 21.508837
9490877839000, 86.797295, -67.356544, 21.453009
9490882824000, 86.79976, -67.45426, 21.398054
9490887890000, 86.79471, -67.54921, 21.344809
9490892844000, 86.793655, -67.64123, 21.292603
9490897859000, 86.78878, -67.73278, 21.240805
9490902862000, 86.780174, -67.82071, 21.189157
9490907846000, 86.77364, -67.90796, 21.138374
9490912847000, 86.759964, -67.99249, 21.088404
9490917829000, 86.74512, -68.07679, 21.036465
9490922853000, 86.72926, -68.157555, 20.987751
9490927800000, 86.703926, -68.23652, 20.938643
9490932940000, 86.67689, -68.31488, 20.88791
9490937862000, 86.64683, -68.390686, 20.839323
9490942842000, 86.60893, -68.46399, 20.790216
9490947864000, 86.59284, -68.54042, 20.740505
9490952834000, 86.57174, -68.617294, 20.687912
9490958197000, 86.57605, -68.707306, 20.624327
9490962845000, 86.57301, -68.79307, 20.562788
9490967831000, 86.616974, -68.89727, 20.487413
9490972854000, 86.65053, -68.9954, 20.416218
9490977990000, 86.733604, -69.12147, 20.320469
9490982850000, 86.81061, -69.24199, 20.22965
9490987834000, 86.94798, -69.39904, 20.106916
9490992842000, 87.075485, -69.54491, 19.993185
9490998916000, 87.193436, -69.6863, 19.880558
9491002870000, 87.39595, -69.87096, 19.731878
9491007784000, 87.71513, -70.13369, 19.516218
9491012842000, 88.01137, -70.37854, 19.313585
9491017842000, 88.28249, -70.60638, 19.121853
9491022848000, 88.687126, -70.91543, 18.857626
9491027853000, 89.05517, -71.20667, 18.60453
9491032822000, 89.567154, -71.59612, 18.25687
9491037859000, 90.033, -71.96396, 17.923409
9491042839000, 90.54933, -72.38679, 17.531433
9491048665000, 91.0189, -72.778885, 17.162718
9491052838000, 91.53784, -73.21663, 16.745935
9491057845000, 92.01571, -73.626305, 16.351116
9491062837000, 92.54096, -74.09112, 15.898175
9491067822000, 93.02808, -74.5283, 15.468088
9491072844000, 93.56052, -75.003, 14.996755
9491077838000, 94.06551, -104.55188, 14.551214
9491082851000, 94.54193, -104.13804, 14.134048
9491087873000, 94.99565, -103.75704, 13.747601
9491092945000, 95.43231, -103.388504, 13.372505
9491097864000, 95.84674, -103.04241, 13.019056
9491102883000, 96.21609, -102.72283, 12.693109
9491107940000, 96.56836, -102.42846, 12.3921995
9491112857000, 96.90826, -102.14181, 12.099604
9491118637000, 97.2294, -101.87691, 11.829253
9491122886000, 97.53433, -101.62578, 11.573556
9491127881000, 97.82908, -101.396324, 11.339971
9491132853000, 98.092445, -101.16603, 11.107818
9491137946000, 98.354385, -100.949165, 10.889469
9491142892000, 98.59207, -100.74853, 10.689834
9491147868000, 98.826965, -100.55805, 10.500865
9491152873000, 99.051506, -100.38498, 10.330669
9491157884000, 99.27525, -100.22222, 10.171874
9491162832000, 99.48618, -100.07918, 10.033935
9491167837000, 99.68892, -99.942215, 9.902716
9491172798000, 99.887695, -99.83614, 9.803026
9491177841000, 100.07437, -99.73346, 9.706715
9491182808000, 100.251396, -99.65262, 9.633038
9491188265000, 100.4251, -99.57918, 9.565883
9491192846000, 100.58325, -99.52545, 9.517686
9491197869000, 100.740005, -99.47847, 9.474898
9491202798000, 100.87858, -99.45596, 9.455026
9491207853000, 101.0018, -99.442726, 9.442722
9491212801000, 101.088646, -80.55467, 9.444439
9491217825000, 101.148125, -80.55125, 9.444786
9491222804000, 101.17453, -80.51835, 9.471702
9491227880000, 101.168686, -80.489204, 9.491514
9491232832000, 101.12038, -80.43182, 9.534072
9491237938000, 101.050644, -80.38457, 9.562826
9491242871000, 100.95639, -80.307655, 9.614247
9491247890000, 100.84689, -80.246956, 9.647649
9491252986000, 100.72644, -80.155754, 9.702894
9491258108000, 100.60328, -80.07842, 9.744633
9491262853000, 100.500435, -79.99457, 9.784093
9491267877000, 100.410805, -79.91502, 9.816
9491272816000, 100.328865, -79.828995, 9.848969
9491277841000, 100.24747, -79.73705, 9.877174
9491282812000, 100.1822, -79.62768, 9.915821
9491287870000, 100.13432, -79.508095, 9.95762
9491292779000, 100.09465, -79.3695, 10.012603
9491297892000, 100.074936, -79.23802, 10.052271
9491302881000, 100.05684, -79.0821, 10.114501
9491307864000, 100.046616, -78.90668, 10.192253
9491312873000, 100.04817, -78.7155, 10.282815
9491317891000, 100.03047, -78.49431, 10.399452
9491322814000, 100.015366, -78.27611, 10.506751
9491327893000, 100.00914, -78.056244, 10.600145
9491332874000, 100.02459, -77.84734, 10.675782
9491357851000, 100.564224, -76.43613, 10.969771
9491362883000, 100.71475, -76.0805, 11.035078
9491367831000, 100.81533, -75.74029, 11.083503
9491372850000, 100.90605, -75.397865, 11.134713
9491377845000, 100.94737, -75.095024, 11.170753
9491382830000, 100.977684, -74.7918, 11.216177
9491387852000, 100.95597, -74.5301, 11.252141
9491392879000, 100.93048, -74.266205, 11.300545
9491397891000, 100.903336, -73.99323, 11.365495
9491402919000, 100.90664, -73.718025, 11.451923
9491407877000, 100.93838, -73.42272, 11.572375
9491412866000, 101.00699, -73.12827, 11.708277
9491417870000, 101.09226, -72.74773, 11.90093
9491422899000, 101.198906, -72.374176, 12.108585
9491427879000, 101.29375, -71.96219, 12.354723
9491432854000, 101.382515, -71.54957, 12.6124115
9491437940000, 101.42894, -71.13194, 12.880259
9491443629000, 101.45501, -70.718216, 13.1428995
9491447887000, 101.44086, -70.32343, 13.427444
9491452919000, 101.397, -69.93662, 13.691511
9491457876000, 101.30196, -69.557434, 13.949791
9491462880000, 101.1954, -69.19866, 14.1842375
9491467817000, 101.04962, -68.82162, 14.456528
9491472830000, 100.892006, -68.47064, 14.708121
9491477822000, 100.71134, -68.12, 14.961405
9491482836000, 100.52769, -67.79316, 15.205037
9491487854000, 100.347694, -67.43847, 15.443069
9491492905000, 100.173965, -67.09355, 15.674252
9491497878000, 100.00826, -66.738815, 15.879286
9491502927000, 99.85309, -66.4, 16.064407
9491507909000, 99.703896, -66.04492, 16.228117
9491512979000, 99.56979, -65.706604, 16.37287
9491517821000, 99.442024, -65.35486, 16.518686
9491522817000, 99.32976, -65.00282, 16.658712
9491527935000, 99.2307, -64.6059, 16.814272
9491532841000, 99.138855, -64.213066, 16.96598
9491538261000, 99.03557, -63.80372, 17.130754
9491542849000, 98.940056, -63.39619, 17.29752
9491548107000, 98.835976, -62.97716, 17.487347
9491552844000, 98.734985, -62.5679, 17.670513
9491558183000, 98.62147, -62.134987, 17.891338
9491562849000, 98.51782, -61.717194, 18.102346
9491567803000, 98.41221, -61.254402, 18.353994
9491572858000, 98.31544, -60.811916, 18.589884
9491577781000, 98.22585, -60.37403, 18.815598
9491582813000, 98.140854, -59.923584, 19.066322
9491587923000, 98.04646, -59.4834, 19.295134
9491592844000, 97.93264, -59.01473, 19.551907
9491597844000, 97.80102, -58.560493, 19.7853
9491602857000, 97.65434, -58.101902, 20.02379
9491607869000, 97.50064, -57.652584, 20.249792
9491612839000, 97.32261, -57.221813, 20.469963
9491617864000, 97.14596, -56.798187, 20.682955
9491622848000, 96.96532, -56.37406, 20.90081
9491627837000, 96.79959, -55.95939, 21.110449
9491632821000, 96.63592, -55.543964, 21.306536
9491637868000, 96.49994, -55.13212, 21.50595
9491642838000, 96.3625, -54.711746, 21.703945
9491647891000, 96.24857, -54.296223, 21.901796
9491653024000, 96.129715, -53.892315, 22.100445
9491657909000, 96.02729, -53.49905, 22.298712
9491662802000, 95.93013, -53.11651, 22.48207
9491667838000, 95.86361, -52.744625, 22.664848
9491672826000, 95.79632, -52.38574, 22.841448
9491677849000, 95.747246, -52.036224, 23.009317
9491682797000, 95.70133, -51.6478, 23.207626
9491687890000, 95.66864, -51.268604, 23.400742
9491692777000, 95.61362, -50.897434, 23.573761
9491697859000, 95.53154, -50.5023, 23.74481
9491702869000, 95.43317, -50.113823, 23.910027
9491707851000, 95.3217, -49.73683, 24.084488
9491712773000, 95.20066, -49.369408, 24.256489
9491717829000, 95.04762, -48.935684, 24.48064
9491722800000, 94.90231, -48.524147, 24.695402
9491727881000, 94.770645, -48.008724, 24.954662
9491732843000, 94.64093, -47.529175, 25.185337
9491737874000, 94.50208, -46.967487, 25.438795
9491742845000, 94.36631, -46.433304, 25.667208
9491747870000, 94.214745, -45.92413, 25.85676
9491752897000, 94.0617, -45.43873, 26.027182
9491757842000, 93.89411, -44.992523, 26.173233
9491762838000, 93.74278, -44.569458, 26.311214
9491768746000, 93.593, -44.190502, 26.427143
9491772855000, 93.463486, -43.83874, 26.542738
9491777839000, 93.310715, -43.47268, 26.684502
9491782828000, 93.17529, -43.136204, 26.811113
9491787875000, 93.068016, -42.77353, 26.978642
9491792844000, 92.97808, -42.43392, 27.133352
9491797829000, 92.87165, -42.06788, 27.327143
9491802918000, 92.7795, -41.71906, 27.509932
9491807826000, 92.69825, -41.378105, 27.694878
9491812835000, 92.61886, -41.053375, 27.861788
9491817806000, 92.516556, -40.749702, 28.021544
9491822843000, 92.41183, -40.457275, 28.168142
9491827811000, 92.30572, -40.20007, 28.302149
9491832866000, 92.20229, -39.945858, 28.43206
9491838477000, 92.09329, -39.693375, 28.570211
9491842856000, 91.99359, -39.441856, 28.716082
9491847789000, 91.90122, -39.18139, 28.869585
9491852839000, 91.806564, -38.9139, 29.028368
9491857836000, 91.708435, -38.66927, 29.194384
9491862886000, 91.609024, -38.429737, 29.356152
9491867819000, 91.46734, -38.202587, 29.537777
9491872858000, 91.32774, -37.992794, 29.701904
9491877836000, 91.17345, -37.813145, 29.835978
9491882820000, 91.02179, -37.643642, 29.958012
9491887878000, 90.84422, -37.462627, 30.047655
9491892850000, 90.677574, -37.28885, 30.129559
9491897831000, 90.50408, -37.099846, 30.177238
9491902897000, 90.336075, -36.91511, 30.218287
9491908219000, 90.150566, -36.71604, 30.233347
9491912840000, 89.97112, -36.518307, 30.247253
9491917850000, 89.79501, -36.322624, 30.256966
9491922851000, 89.61997, -36.126152, 30.237738
9491927773000, 89.44753, -35.930622, 30.222088
9491932827000, 89.24434, -35.721275, 30.201918
9491937849000, 89.04701, -35.514523, 30.184534
9491942840000, 88.847275, -35.29012, 30.17765
9491947771000, 88.649635, -35.067947, 30.172813
9491952860000, 88.45376, -34.839493, 30.174612
9491957811000, 88.27461, -34.626842, 30.17113
9491962837000, 88.09312, -34.413662, 30.16703
9491967844000, 87.92651, -34.22004, 30.15594
9491972847000, 87.75614, -34.034615, 30.1389
9491977876000, 87.59762, -33.86552, 30.11639
9491982825000, 87.44413, -33.72464, 30.083437
9491987881000, 87.30061, -33.597107, 30.042702
9491992844000, 87.13975, -33.494835, 30.011314
9491997833000, 86.98815, -33.39911, 29.979212
9492002866000, 86.83835, -33.325665, 29.938005
9492007845000, 86.688, -33.248837, 29.899393
9492012839000, 86.546394, -33.189594, 29.846888
9492017834000, 86.40955, -33.130207, 29.79787
9492022848000, 86.276855, -33.08236, 29.741484
9492027849000, 86.15361, -33.038162, 29.69342
9492032808000, 86.04683, -33.017063, 29.645786
9492037856000, 85.92937, -32.995068, 29.595034
9492042841000, 85.812874, -32.980057, 29.541943
9492047847000, 85.69887, -32.966434, 29.494741
9492052847000, 85.59565, -32.96423, 29.447369
9492057849000, 85.49228, -32.963764, 29.396996
9492062841000, 85.40198, -32.96436, 29.360525
9492067830000, 85.31683, -32.9708, 29.32608
9492072843000, 85.213875, -32.95243, 29.311295
9492077839000, 85.12048, -32.938686, 29.301876
9492082830000, 85.033264, -32.922497, 29.306337
9492087892000, 84.94711, -32.90328, 29.31957
9492093072000, 84.8686, -32.88459, 29.340405
9492097836000, 84.792015, -32.864693, 29.362682
9492102853000, 84.69607, -32.84541, 29.376286
9492107861000, 84.59917, -32.82946, 29.386229
9492112817000, 84.50952, -32.813538, 29.391785
9492117822000, 84.424576, -32.806316, 29.38473
9492122804000, 84.34039, -32.79994, 29.371445
9492127847000, 84.254745, -32.752396, 29.357985
9492132838000, 84.17752, -32.705082, 29.340788
9492137869000, 84.10294, -32.638794, 29.325455
9492142804000, 84.03668, -32.57506, 29.309212
9492147840000, 83.97052, -32.49537, 29.294157
9492152844000, 83.90885, -32.423035, 29.280401
9492157834000, 83.85117, -32.3503, 29.267086
9492163136000, 83.7976, -32.27895, 29.261154
9492167837000, 83.74475, -32.209435, 29.263504
9492172832000, 83.68855, -32.13966, 29.269373
9492177839000, 83.64135, -32.094425, 29.273937
9492182818000, 83.58961, -32.043785, 29.279041
9492187882000, 83.53472, -31.995897, 29.288141
9492192815000, 83.47062, -31.948711, 29.286726
9492197840000, 83.41482, -31.911573, 29.287035
9492202869000, 83.353096, -31.878841, 29.282839
9492207852000, 83.29548, -31.836647, 29.268333
9492212854000, 83.2371, -31.802845, 29.248734
9492217833000, 83.16718, -31.761961, 29.209288
9492222881000, 83.10069, -31.722826, 29.171093
9492227876000, 83.032486, -31.680271, 29.121992
9492232848000, 82.971176, -31.635, 29.07802
9492237863000, 82.91544, -31.59282, 29.02808
9492242882000, 82.86595, -31.550003, 28.984423
9492247876000, 82.81978, -31.512005, 28.941484
9492252872000, 82.77615, -31.473467, 28.901617
9492257941000, 82.72653, -31.44171, 28.869158
9492262839000, 82.675835, -31.408272, 28.840189
9492267815000, 82.629074, -31.385912, 28.812937
9492272853000, 82.57881, -31.36319, 28.791721
9492277840000, 82.53003, -31.340801, 28.774172
9492282837000, 82.477356, -31.31515, 28.761452
9492287878000, 82.42629, -31.295837, 28.75911
9492292816000, 82.37604, -31.27833, 28.759905
9492297801000, 82.32356, -31.262932, 28.765112
9492303019000, 82.27327, -31.249697, 28.77408
9492307834000, 82.22169, -31.254797, 28.777042
9492312813000, 82.163445, -31.254293, 28.781815
9492317827000, 82.11524, -31.27279, 28.78451
9492322822000, 82.05981, -31.293934, 28.781397
9492327988000, 82.00084, -31.307371, 28.78022
9492332819000, 81.94828, -31.326122, 28.76811
9492337815000, 81.89129, -31.328074, 28.760479
9492342830000, 81.84696, -31.337334, 28.748913
9492347875000, 81.79668, -31.342148, 28.738369
9492352757000, 81.75135, -31.355082, 28.723227
9492358075000, 81.7134, -31.345804, 28.713945
9492362772000, 81.67382, -31.340368, 28.702024
9492367830000, 81.638565, -31.332853, 28.69245
9492373022000, 81.59446, -31.332663, 28.687397
9492377813000, 81.55536, -31.336586, 28.68468
9492382919000, 81.51204, -31.35573, 28.683935
9492387819000, 81.46293, -31.370583, 28.683565
9492392740000, 81.416, -31.384678, 28.686205
9492397756000, 81.36205, -31.390757, 28.693296
9492402770000, 81.30827, -31.418848, 28.710308
9492407797000, 81.24881, -31.438751, 28.72712
9492412758000, 81.19262, -31.462624, 28.74609
9492417828000, 81.14063, -31.487972, 28.758247
9492422759000, 81.08878, -31.490631, 28.773426
9492427783000, 81.04181, -31.496584, 28.7871
9492432749000, 80.9971, -31.475203, 28.803741
9492437795000, 80.95455, -31.458107, 28.824556
9492442710000, 80.929085, -31.427559, 28.856167
9492447788000, 80.899956, -31.400185, 28.887318
9492453370000, 80.87686, -31.369549, 28.926579
9492457855000, 80.855, -31.343824, 28.971601
9492463150000, 80.83131, -31.31828, 29.005676
9492467837000, 80.80987, -31.293879, 29.048435
9492472965000, 80.78903, -31.2613, 29.09105
9492477845000, 80.76969, -31.232897, 29.127657
9492482828000, 80.75065, -31.20256, 29.16685
9492488158000, 80.734116, -31.1791, 29.198181
9492492870000, 80.72241, -31.154575, 29.230667
9492497841000, 80.70872, -31.120302, 29.251081
9492502832000, 80.70431, -31.086164, 29.27079
9492507823000, 80.69996, -31.054531, 29.283794
9492512843000, 80.699326, -31.023624, 29.293118
9492517896000, 80.715965, -30.997437, 29.310047
9492523520000, 80.729836, -30.973476, 29.325293
9492527879000, 80.74941, -30.95396, 29.33487
9492532856000, 80.76316, -30.938751, 29.343193
9492537963000, 80.78005, -30.927872, 29.355972
9492542886000, 80.79991, -30.922308, 29.361607
9492552847000, 80.81538, -30.918802, 29.370672
9492557810000, 80.83248, -30.916714, 29.375925
9492562836000, 80.84997, -30.925282, 29.381319
9492567839000, 80.86524, -30.939478, 29.391272
9492572873000, 80.882774, -30.95457, 29.39888
9492577825000, 80.89042, -30.97487, 29.39695
9492582872000, 80.9021, -30.997932, 29.394735
9492587831000, 80.913284, -31.02152, 29.394283
9492593264000, 80.92435, -31.040901, 29.39836
9492597766000, 80.93373, -31.073927, 29.398848
9492602855000, 80.94326, -31.105074, 29.40078
9492607777000, 80.954155, -31.1368, 29.405315
9492612837000, 80.96166, -31.16955, 29.407202
9492617821000, 80.97066, -31.199787, 29.406582
9492622854000, 80.97928, -31.2327, 29.406616
9492627793000, 80.98569, -31.271395, 29.391466
9492632821000, 80.98762, -31.309626, 29.374247
9492637892000, 80.98628, -31.348566, 29.359451
9492642846000, 80.98247, -31.388826, 29.340937
9492647823000, 80.97767, -31.43528, 29.320663
9492652851000, 80.9732, -31.475138, 29.307467
9492657840000, 80.965164, -31.521645, 29.279852
9492662864000, 80.959595, -31.568054, 29.258694
9492667835000, 80.950226, -31.617538, 29.232275
9492672847000, 80.94473, -31.665457, 29.212503
9492677838000, 80.93819, -31.708206, 29.194408
9492682823000, 80.93612, -31.749905, 29.180723
9492687959000, 80.92934, -31.790663, 29.170242
9492692845000, 80.927246, -31.824398, 29.164
9492697947000, 80.929245, -31.880129, 29.147392
9492702852000, 80.92989, -31.934177, 29.131254
9492707816000, 80.92859, -31.98206, 29.112726
9492712838000, 80.92958, -32.02781, 29.095165
9492717852000, 80.92533, -32.07045, 29.07857
9492722850000, 80.92405, -32.104523, 29.079494
9492727808000, 80.916534, -32.13693, 29.079731
9492732822000, 80.913414, -32.16424, 29.083754
9492737911000, 80.90585, -32.191963, 29.086401
9492742933000, 80.89619, -32.22247, 29.085764
9492747865000, 80.88894, -32.250072, 29.08708
9492752863000, 80.88862, -32.28436, 29.088673
9492757899000, 80.885, -32.31669, 29.089636
9492762871000, 80.881226, -32.349926, 29.088959
9492767880000, 80.87889, -32.381523, 29.08954
9492772876000, 80.87738, -32.40758, 29.09088
9492778433000, 80.876236, -32.436916, 29.089493
9492782871000, 80.8725, -32.46371, 29.081867
9492787959000, 80.87156, -32.499577, 29.07165
9492792877000, 80.866196, -32.519814, 29.069206
9492797880000, 80.864174, -32.544575, 29.065916
9492802902000, 80.86502, -32.56448, 29.0612
9492807882000, 80.85989, -32.57772, 29.061388
9492812955000, 80.864456, -32.602024, 29.058836
9492817829000, 80.859, -32.618103, 29.055449
9492822828000, 80.87643, -32.63832, 29.058935
9492827857000, 80.889786, -32.657177, 29.065233
9492832832000, 80.90683, -32.677273, 29.067255
9492837856000, 80.92451, -32.698193, 29.072815
9492842833000, 80.94115, -32.714684, 29.07573
9492848491000, 80.95778, -32.73423, 29.07911
9492852881000, 80.978584, -32.75114, 29.083147
9492857890000, 80.99752, -32.76419, 29.089216
9492862872000, 81.017395, -32.784378, 29.096703
9492867878000, 81.03079, -32.80285, 29.104012
9492872884000, 81.04402, -32.81806, 29.114355
9492877844000, 81.05151, -32.83112, 29.122406
9492882846000, 81.05277, -32.855846, 29.12571
9492887910000, 81.05358, -32.878113, 29.133368
9492892833000, 81.04578, -32.8992, 29.138552
9492897881000, 81.043434, -32.91878, 29.145563
9492902824000, 81.041214, -32.953197, 29.148106
9492907887000, 81.03703, -32.98237, 29.148302
9492912778000, 81.03265, -33.011856, 29.144663
9492918263000, 81.02901, -33.043148, 29.140638
9492922779000, 81.022736, -33.07184, 29.13965
9492927878000, 81.014114, -33.09492, 29.137804
9492932793000, 81.00422, -33.12239, 29.140823
9492937930000, 80.98632, -33.147205, 29.143097
9492942795000, 80.97148, -33.170055, 29.14425
9492947882000, 80.9553, -33.19424, 29.143772
9492952864000, 80.93227, -33.21679, 29.148466
9492957888000, 80.91107, -33.236004, 29.149319
9492962816000, 80.88697, -33.25929, 29.151043
9492967870000, 80.859985, -33.290565, 29.144852
9492972880000, 80.83444, -33.322453, 29.13654
9492977843000, 80.81359, -33.355934, 29.12624
9492982871000, 80.79152, -33.388775, 29.113436
9492988161000, 80.765724, -33.419827, 29.09739
9492992902000, 80.74077, -33.448162, 29.083395
9492997859000, 80.71278, -33.474186, 29.061594
9493002955000, 80.679794, -33.49804, 29.04383
9493007866000, 80.648705, -33.51376, 29.021843
9493012878000, 80.61952, -33.526337, 29.00082
9493017854000, 80.58124, -33.53131, 28.979362
9493022892000, 80.54905, -33.535065, 28.958492
9493027876000, 80.51862, -33.53326, 28.933716
9493032852000, 80.49568, -33.53598, 28.911667
9493037891000, 80.46935, -33.534523, 28.891434
9493042873000, 80.44727, -33.53339, 28.87161
9493047881000, 80.42452, -33.531845, 28.850655
9493052918000, 80.40414, -33.52802, 28.838621
9493057774000, 80.37468, -33.518982, 28.823446
9493062877000, 80.34743, -33.503925, 28.818548
9493067790000, 80.32332, -33.490616, 28.806087
9493072883000, 80.29855, -33.479538, 28.79842
9493077770000, 80.27586, -33.45157, 28.791464
9493082866000, 80.25509, -33.427895, 28.77989
9493087834000, 80.24193, -33.39721, 28.77925
9493092880000, 80.230415, -33.373955, 28.774553
9493097811000, 80.21794, -33.33768, 28.781721
9493103625000, 80.21048, -33.30611, 28.784306
9493107782000, 80.20319, -33.27715, 28.792538
9493112871000, 80.19955, -33.247566, 28.798485
9493117996000, 80.19622, -33.219376, 28.806698
9493122853000, 80.19782, -33.19651, 28.810385
9493127778000, 80.19638, -33.16718, 28.803223
9493132868000, 80.19959, -33.138065, 28.800985
9493137899000, 80.20496, -33.12129, 28.794256
9493142841000, 80.20406, -33.089542, 28.792297
9493147768000, 80.21082, -33.06397, 28.791914
9493152847000, 80.21503, -33.03914, 28.793375
9493157845000, 80.2204, -33.013912, 28.795467
9493162840000, 80.22818, -32.995754, 28.79739
9493167832000, 80.23409, -32.97663, 28.798325
9493173471000, 80.23646, -32.958706, 28.797094
9493177842000, 80.23772, -32.93797, 28.796175
9493182835000, 80.23854, -32.925816, 28.79609
9493187861000, 80.24011, -32.906013, 28.795687
9493192840000, 80.23882, -32.894203, 28.795988
9493197842000, 80.24098, -32.879555, 28.79923
9493202871000, 80.23535, -32.865143, 28.79994
9493207859000, 80.23862, -32.85639, 28.803783
9493212836000, 80.23606, -32.83957, 28.808468
9493217839000, 80.2368, -32.832645, 28.8112
9493222781000, 80.24457, -32.823067, 28.8207
9493227840000, 80.25334, -32.814327, 28.829489
9493232835000, 80.25158, -32.806515, 28.82989
9493237848000, 80.25596, -32.800358, 28.829582
9493243254000, 80.25806, -32.792397, 28.828959
9493247837000, 80.26331, -32.78678, 28.826572
9493252811000, 80.27518, -32.78119, 28.818272
9493257847000, 80.287834, -32.775406, 28.811974
9493262809000, 80.29984, -32.773827, 28.8008
9493267831000, 80.31505, -32.77019, 28.794348
9493272827000, 80.32986, -32.76877, 28.789421
9493277844000, 80.34461, -32.765446, 28.785517
9493282820000, 80.35324, -32.759518, 28.781033
9493287866000, 80.3635, -32.75605, 28.78077
9493292840000, 80.36729, -32.752457, 28.780926
9493297798000, 80.36793, -32.74807, 28.785587
9493302975000, 80.37206, -32.752895, 28.792166
9493307815000, 80.37081, -32.757324, 28.80065
9493313025000, 80.37896, -32.769386, 28.808187
9493317834000, 80.38571, -32.782787, 28.816427
9493322789000, 80.39293, -32.794434, 28.82702
9493327876000, 80.39714, -32.81971, 28.83691
9493332798000, 80.400246, -32.845016, 28.844198
9493337864000, 80.40492, -32.87613, 28.85948
9493342796000, 80.40507, -32.90783, 28.869595
9493347889000, 80.40763, -32.941017, 28.875929
9493352877000, 80.41076, -32.97212, 28.88335
9493357772000, 80.41578, -33.00042, 28.884182
9493362778000, 80.421974, -33.023094, 28.887629
9493367800000, 80.426056, -33.046246, 28.88988
9493372755000, 80.430374, -33.066383, 28.894245
9493377758000, 80.4302, -33.078156, 28.900887
9493382763000, 80.43175, -33.090107, 28.907812
9493387797000, 80.43028, -33.102753, 28.911888
9493392773000, 80.427185, -33.10948, 28.917116
9493397778000, 80.433525, -33.127335, 28.925575
9493402811000, 80.427925, -33.138885, 28.930779
9493407785000, 80.43184, -33.15156, 28.937967
9493412783000, 80.43, -33.163097, 28.942976
9493417786000, 80.42585, -33.17314, 28.945349
9493422776000, 80.42528, -33.18111, 28.945835
9493427769000, 80.42462, -33.183216, 28.956573
9493432768000, 80.425835, -33.185883, 28.96229
9493437800000, 80.424576, -33.18601, 28.972937
9493442785000, 80.42614, -33.187515, 28.980436
9493447777000, 80.437164, -33.19541, 28.985992
9493452815000, 80.44722, -33.202652, 28.991339
9493457781000, 80.45703, -33.205193, 29.000677
9493462779000, 80.46574, -33.21263, 29.00768
9493467825000, 80.474106, -33.21566, 29.016329
9493472857000, 80.48289, -33.221943, 29.022963
9493477838000, 80.48653, -33.21652, 29.036469
9493482838000, 80.49008, -33.21322, 29.047955
9493487850000, 80.49166, -33.211823, 29.055668
9493492848000, 80.495445, -33.20468, 29.068834
9493498315000, 80.506966, -33.202168, 29.074541
9493502922000, 80.51686, -33.19937, 29.080315
9493508021000, 80.5243, -33.18466, 29.09424
9493512879000, 80.53528, -33.173824, 29.107956
9493517845000, 80.543625, -33.166576, 29.118225
9493522887000, 80.552864, -33.15599, 29.135147
9493527858000, 80.56267, -33.14493, 29.145721
9493532972000, 80.57435, -33.132866, 29.156736
9493537914000, 80.582184, -33.12511, 29.168558
9493542865000, 80.59125, -33.115887, 29.182606
9493547840000, 80.58381, -33.10167, 29.199697
9493552911000, 80.56821, -33.08785, 29.217617
9493557844000, 80.548836, -33.07246, 29.234037
9493562876000, 80.52481, -33.056713, 29.24783
9493568490000, 80.50049, -33.03862, 29.26218
9493572883000, 80.48169, -33.026344, 29.27496
9493577965000, 80.465546, -33.01573, 29.280462
9493582869000, 80.459595, -33.008064, 29.28946
9493587821000, 80.44546, -32.99557, 29.300032
9493592878000, 80.436, -32.985104, 29.313107
9493597826000, 80.42532, -32.974594, 29.321484
9493602880000, 80.4158, -32.963898, 29.337301
9493607782000, 80.40477, -32.9519, 29.346634
9493612860000, 80.394905, -32.943455, 29.354576
9493617806000, 80.3872, -32.93546, 29.363457
9493622877000, 80.37707, -32.923, 29.376062
9493627777000, 80.3689, -32.909622, 29.390257
9493632874000, 80.359985, -32.90473, 29.389935
9493638243000, 80.35083, -32.894943, 29.392
9493642956000, 80.34129, -32.888683, 29.39162
9493647901000, 80.33474, -32.88316, 29.391367
9493652961000, 80.327095, -32.872738, 29.390415
9493657853000, 80.329384, -32.86578, 29.387949
9493662809000, 80.323685, -32.857048, 29.386606
9493667850000, 80.32293, -32.845787, 29.386963
9493672820000, 80.3164, -32.838196, 29.384611
9493677807000, 80.31487, -32.829502, 29.391401
9493682856000, 80.31649, -32.826626, 29.390408
9493687826000, 80.315475, -32.82043, 29.39116
9493692818000, 80.32013, -32.81777, 29.394691
9493697806000, 80.319435, -32.811325, 29.398005
9493702769000, 80.33754, -32.815662, 29.394417
9493707771000, 80.3506, -32.813324, 29.391787
9493712758000, 80.364204, -32.81517, 29.387238
9493717779000, 80.37887, -32.82093, 29.384062
9493722777000, 80.391014, -32.815926, 29.382238
9493727758000, 80.4002, -32.812496, 29.385454
9493732739000, 80.40675, -32.809116, 29.38601
9493737819000, 80.40743, -32.807133, 29.38453
9493742761000, 80.40452, -32.803898, 29.393873
9493747755000, 80.39372, -32.798504, 29.399345
9493752852000, 80.39233, -32.79876, 29.406727
9493757882000, 80.38374, -32.79694, 29.410181
9493762871000, 80.37737, -32.795788, 29.416801
9493767881000, 80.3747, -32.79344, 29.421314
9493772883000, 80.364395, -32.790382, 29.42757
9493777846000, 80.35361, -32.78393, 29.43314
9493792875000, 80.344986, -32.781475, 29.43208
9493797858000, 80.33354, -32.77791, 29.431442
9493802840000, 80.32397, -32.773617, 29.444447
9493807850000, 80.317184, -32.773727, 29.452986
9493812841000, 80.29269, -32.765083, 29.465057
9493817836000, 80.27585, -32.759808, 29.472258
9493823329000, 80.254585, -32.75536, 29.479269
9493827839000, 80.23433, -32.75267, 29.487886
9493832839000, 80.22396, -32.759308, 29.479195
9493837872000, 80.21095, -32.76102, 29.476809
9493842839000, 80.1995, -32.75926, 29.47044
9493847842000, 80.18941, -32.759724, 29.465204
9493852881000, 80.18261, -32.761154, 29.461367
9493857877000, 80.17204, -32.759327, 29.45884
9493862837000, 80.16538, -32.753574, 29.455034
9493867833000, 80.154175, -32.743977, 29.449678
9493872849000, 80.15731, -32.74025, 29.442566
9493877841000, 80.15252, -32.73459, 29.43302
9493887866000, 80.1594, -32.73581, 29.418804
9493893482000, 80.16206, -32.736805, 29.406914
9493897836000, 80.168655, -32.742477, 29.38894
9493903099000, 80.17507, -32.743275, 29.370321
9493907848000, 80.18122, -32.741394, 29.356747
9493913055000, 80.19137, -32.743225, 29.339867
9493917833000, 80.19679, -32.742287, 29.32856
9493922854000, 80.20857, -32.73875, 29.324055
9493927843000, 80.22126, -32.731327, 29.322067
9493932833000, 80.23412, -32.728428, 29.321299
9493937856000, 80.245316, -32.721985, 29.320518
9493942777000, 80.2574, -32.71662, 29.319921
9493947836000, 80.26828, -32.70959, 29.323824
9493952881000, 80.27749, -32.706264, 29.32529
9493957850000, 80.29124, -32.697826, 29.335068
9493963060000, 80.30267, -32.68894, 29.34554
9493967831000, 80.31323, -32.690075, 29.357685
9493977840000, 80.32411, -32.687622, 29.36667
9493982825000, 80.3341, -32.689507, 29.373615
9493987859000, 80.34092, -32.68862, 29.380068
9493992776000, 80.35139, -32.692963, 29.383844
9493997841000, 80.35774, -32.687088, 29.39476
9494002827000, 80.367874, -32.686127, 29.400475
9494007849000, 80.370224, -32.687927, 29.415968
9494012829000, 80.372955, -32.687836, 29.429203
9494017833000, 80.37856, -32.69734, 29.447142
9494022851000, 80.3844, -32.70247, 29.464327
9494027841000, 80.38808, -32.710464, 29.47847
9494032929000, 80.3922, -32.718117, 29.491207
9494037852000, 80.38881, -32.729538, 29.508097
9494042844000, 80.3901, -32.742153, 29.525055
9494047838000, 80.38396, -32.754017, 29.53637
9494052897000, 80.3739, -32.763638, 29.546381
9494057838000, 80.36851, -32.76643, 29.558985
9494062838000, 80.35804, -32.773808, 29.57026
9494067823000, 80.350525, -32.782463, 29.583553
9494072851000, 80.33953, -32.787666, 29.595871
9494077840000, 80.324776, -32.80088, 29.601898
9494082833000, 80.31161, -32.809723, 29.60865
9494087863000, 80.29586, -32.819504, 29.615463
9494092844000, 80.27941, -32.829006, 29.617336
9494097836000, 80.26193, -32.831486, 29.632019
9494102831000, 80.24434, -32.840008, 29.637901
9494107842000, 80.22517, -32.845345, 29.65004
9494112913000, 80.20935, -32.852875, 29.660635
9494117821000, 80.18563, -32.850838, 29.666994
9494122850000, 80.16953, -32.849815, 29.676771
9494127873000, 80.141304, -32.844196, 29.679913
9494132886000, 80.11553, -32.839603, 29.686895
9494137840000, 80.08103, -32.826363, 29.699518
9494142906000, 80.0467, -32.813477, 29.714804
9494148444000, 80.00798, -32.80028, 29.722282
9494152933000, 79.96711, -32.78866, 29.727522
9494157776000, 79.928604, -32.775448, 29.736223
9494162879000, 79.88911, -32.763126, 29.735641
9494167796000, 79.85227, -32.747986, 29.743956
9494172883000, 79.81758, -32.736122, 29.748573
9494177804000, 79.78462, -32.718613, 29.751974
9494182885000, 79.74842, -32.701336, 29.753912
9494187875000, 79.720055, -32.676678, 29.759151
9494192850000, 79.68948, -32.659847, 29.759281
9494197865000, 79.659164, -32.63715, 29.763271
9494202945000, 79.63088, -32.61727, 29.767492
9494208020000, 79.60761, -32.599087, 29.769794
9494212875000, 79.58612, -32.57756, 29.77249
9494218651000, 79.560844, -32.560806, 29.771713
9494222889000, 79.54135, -32.53814, 29.777493
9494227777000, 79.51934, -32.51649, 29.78141
9494232862000, 79.49776, -32.49601, 29.782448
9494237846000, 79.479454, -32.477528, 29.786993
9494242884000, 79.45871, -32.454117, 29.789692
9494247775000, 79.44101, -32.437447, 29.787296
9494252898000, 79.42056, -32.414806, 29.795588
9494257830000, 79.399445, -32.389248, 29.803162
9494262863000, 79.38323, -32.370415, 29.797983
9494267830000, 79.36261, -32.34912, 29.795185
9494272824000, 79.35019, -32.32736, 29.793068
9494277855000, 79.33546, -32.30488, 29.788609
9494282829000, 79.32797, -32.292564, 29.77683
9494288284000, 79.32417, -32.280483, 29.766373
9494292847000, 79.32492, -32.272408, 29.759165
9494302934000, 79.3309, -32.260696, 29.75439
9494307860000, 79.33457, -32.25619, 29.746283
9494312869000, 79.35507, -32.252506, 29.74515
9494317884000, 79.3769, -32.248146, 29.73977
9494322852000, 79.39654, -32.24827, 29.748764
9494327865000, 79.41374, -32.243134, 29.75592
9494332845000, 79.43237, -32.25019, 29.757484
9494337838000, 79.44699, -32.248745, 29.758276
9494342813000, 79.466736, -32.249012, 29.767017
9494347885000, 79.48021, -32.250874, 29.772968
9494352842000, 79.49891, -32.242508, 29.778368
9494357829000, 79.51473, -32.23945, 29.785423
9494362837000, 79.5356, -32.231037, 29.791769
9494367834000, 79.549965, -32.22907, 29.796862
9494372806000, 79.55583, -32.219917, 29.805218
9494377845000, 79.566025, -32.21612, 29.809383
9494382832000, 79.583984, -32.21504, 29.812586
9494387955000, 79.60376, -32.21681, 29.816372
9494392843000, 79.62085, -32.223007, 29.819902
9494397842000, 79.63791, -32.22644, 29.82483
9494402853000, 79.662125, -32.23385, 29.829529
9494407853000, 79.679695, -32.236034, 29.83215
9494412767000, 79.69978, -32.2401, 29.838356
9494417881000, 79.71996, -32.24564, 29.843191
9494422788000, 79.73665, -32.247505, 29.851343
9494427883000, 79.75288, -32.25029, 29.857258
9494432792000, 79.77699, -32.251694, 29.875214
9494437889000, 79.798706, -32.255497, 29.883049
9494442801000, 79.8184, -32.260826, 29.89842
9494447841000, 79.83901, -32.263424, 29.91128
9494452887000, 79.86055, -32.267776, 29.919867
9494462835000, 79.878624, -32.26901, 29.929722
9494467828000, 79.88979, -32.269276, 29.940508
9494473484000, 79.90889, -32.278915, 29.941725
9494477847000, 79.92215, -32.286495, 29.947132
9494482827000, 79.93938, -32.299034, 29.946068
9494487868000, 79.9544, -32.309883, 29.947523
9494492858000, 79.96597, -32.31852, 29.950598
9494497879000, 79.98651, -32.336304, 29.942429
9494502870000, 80.00383, -32.34801, 29.937712
9494507999000, 80.02078, -32.363632, 29.93157
9494512778000, 80.037766, -32.375446, 29.927855
9494517864000, 80.05368, -32.388428, 29.91869
9494522788000, 80.06616, -32.40296, 29.90951
9494527876000, 80.08141, -32.41028, 29.90718
9494532806000, 80.094154, -32.42041, 29.90187
9494537890000, 80.10518, -32.429207, 29.900095
9494547878000, 80.11262, -32.435387, 29.898558
9494552920000, 80.12459, -32.43995, 29.895714
9494557845000, 80.12637, -32.436287, 29.896963
9494562842000, 80.13059, -32.434505, 29.895626
9494567827000, 80.134125, -32.42981, 29.893627
9494572851000, 80.13808, -32.429737, 29.88815
9494577840000, 80.141396, -32.427643, 29.887276
9494582827000, 80.14609, -32.42413, 29.884403
9494587919000, 80.15205, -32.425056, 29.88265
9494592937000, 80.15713, -32.427208, 29.882492
9494597865000, 80.16378, -32.428886, 29.883104
9494602908000, 80.16726, -32.432167, 29.884148
9494613312000, 80.17484, -32.433323, 29.88441
9494617836000, 80.17911, -32.43437, 29.887997
9494622822000, 80.18454, -32.435818, 29.887066
9494627823000, 80.19022, -32.432327, 29.889769
9494632873000, 80.19652, -32.43051, 29.89266
9494637874000, 80.203064, -32.429356, 29.894186
9494642846000, 80.201416, -32.42708, 29.894173
9494647791000, 80.20131, -32.422977, 29.89912
9494652870000, 80.18951, -32.421646, 29.897991
9494657790000, 80.1865, -32.414234, 29.904055
9494662839000, 80.18106, -32.410336, 29.911814
9494667791000, 80.17434, -32.40613, 29.916996
9494672893000, 80.17019, -32.40192, 29.921297
9494677773000, 80.166885, -32.394215, 29.93651
9494683102000, 80.16328, -32.38626, 29.948858
9494687890000, 80.15877, -32.383766, 29.958433
9494692950000, 80.154434, -32.37971, 29.968964
9494697802000, 80.16274, -32.378628, 29.98322
9494702949000, 80.163536, -32.371235, 29.9997
9494707853000, 80.161385, -32.366898, 30.012642
9494712882000, 80.15901, -32.3607, 30.027037
9494717857000, 80.157166, -32.355362, 30.04182
9494722888000, 80.15467, -32.34826, 30.057875
9494727777000, 80.15403, -32.343346, 30.075935
9494732872000, 80.15206, -32.33775, 30.089737
9494737853000, 80.15202, -32.332603, 30.10627
9494742884000, 80.13815, -32.322826, 30.118374
9494747830000, 80.12998, -32.31711, 30.132212
9494752964000, 80.118774, -32.312183, 30.14175
9494757887000, 80.10561, -32.303783, 30.151686
9494762876000, 80.092, -32.296787, 30.155748
9494767882000, 80.078186, -32.294003, 30.156635
9494772869000, 80.060616, -32.28529, 30.165874
9494777847000, 80.045654, -32.281887, 30.167067
9494782868000, 80.029076, -32.272038, 30.174784
9494787896000, 80.01414, -32.266468, 30.178465
9494792877000, 79.99352, -32.255733, 30.187822
9494798639000, 79.97526, -32.24356, 30.202793
9494802885000, 79.95814, -32.238556, 30.20989
9494807876000, 79.94128, -32.227943, 30.220303
9494812870000, 79.923256, -32.219326, 30.231596
9494817857000, 79.90337, -32.20962, 30.239496
9494822886000, 79.8774, -32.200985, 30.242949
9494827881000, 79.85781, -32.196136, 30.243147
9494832897000, 79.83284, -32.183678, 30.24054
9494837901000, 79.81429, -32.176445, 30.23552
9494842864000, 79.80122, -32.1724, 30.22535
9494847898000, 79.7905, -32.170162, 30.217588
9494852865000, 79.7821, -32.17179, 30.205057
9494857848000, 79.7722, -32.17083, 30.199139
9494862841000, 79.76254, -32.170288, 30.189472
9494868515000, 79.75578, -32.16975, 30.181198
9494872850000, 79.757805, -32.17149, 30.17673
9494877843000, 79.75948, -32.16892, 30.17325
9494882838000, 79.75606, -32.16768, 30.166477
9494887862000, 79.75263, -32.165913, 30.162867
9494892843000, 79.75697, -32.169712, 30.161125
9494897834000, 79.75667, -32.16887, 30.158035
9494902915000, 79.76168, -32.17131, 30.160206
9494907851000, 79.76277, -32.175186, 30.15948
9494912839000, 79.761795, -32.17503, 30.158655
9494917831000, 79.765854, -32.178616, 30.158426
9494922848000, 79.764046, -32.18075, 30.163557
9494927861000, 79.76325, -32.180183, 30.167542
9494938532000, 79.759766, -32.186813, 30.172846
9494942843000, 79.7594, -32.187016, 30.178797
9494947874000, 79.75422, -32.190147, 30.184544
9494952809000, 79.755684, -32.191128, 30.191639
9494957883000, 79.750946, -32.19416, 30.197666
9494962771000, 79.75768, -32.19709, 30.199993
9494967877000, 79.76532, -32.20403, 30.203241
9494977838000, 79.7732, -32.212204, 30.210157
9494982825000, 79.77607, -32.221035, 30.216911
9494988027000, 79.779274, -32.227, 30.228308
9494992865000, 79.77306, -32.224648, 30.236511
9494997846000, 79.76613, -32.222565, 30.246164
9495002843000, 79.761215, -32.225143, 30.250729
9495008035000, 79.75008, -32.226227, 30.257843
9495013048000, 79.74503, -32.228977, 30.261179
9495017834000, 79.735176, -32.23121, 30.267519
9495022817000, 79.72766, -32.22977, 30.275831
9495027844000, 79.72231, -32.234703, 30.282133
9495032838000, 79.712654, -32.2349, 30.289928
9495037858000, 79.70751, -32.23335, 30.298126
9495042778000, 79.702225, -32.232853, 30.306362
9495047839000, 79.70478, -32.23329, 30.311224
9495052850000, 79.71187, -32.23115, 30.314184
9495057844000, 79.71639, -32.231293, 30.319233
9495062834000, 79.72076, -32.235428, 30.321348
9495067826000, 79.7346, -32.23272, 30.324118
9495072851000, 79.74475, -32.235527, 30.325268
9495077836000, 79.75704, -32.23465, 30.32844
9495082829000, 79.76415, -32.23413, 30.329472
9495087931000, 79.77498, -32.237686, 30.33279
9495092902000, 79.783844, -32.240517, 30.335642
9495097855000, 79.78803, -32.23886, 30.338556
9495102956000, 79.792274, -32.24328, 30.337805
9495107916000, 79.79632, -32.243553, 30.342758
9495112877000, 79.80349, -32.243233, 30.347025
9495117863000, 79.80238, -32.240456, 30.3478
9495122869000, 79.80065, -32.23919, 30.347826
9495127885000, 79.804695, -32.23617, 30.3489
9495132890000, 79.805405, -32.23247, 30.344881
9495137899000, 79.80728, -32.227886, 30.346241
9495142884000, 79.810776, -32.225044, 30.34534
9495147907000, 79.81366, -32.222942, 30.345783
9495152882000, 79.81708, -32.219078, 30.349073
9495158131000, 79.82826, -32.224297, 30.351524
9495162883000, 79.84147, -32.228756, 30.358042
9495167804000, 79.84896, -32.22516, 30.360928
9495172884000, 79.86189, -32.22742, 30.369041
9495177844000, 79.870834, -32.222713, 30.372128
9495182879000, 79.88286, -32.220802, 30.374474
9495187863000, 79.890465, -32.216393, 30.376839
9495192801000, 79.90459, -32.21198, 30.377726
9495197855000, 79.91089, -32.208004, 30.378666
9495202882000, 79.92225, -32.208775, 30.386602
9495207870000, 79.928215, -32.204765, 30.39574
9495212870000, 79.93323, -32.2005, 30.404266
9495217881000, 79.94077, -32.19198, 30.416363
9495222877000, 79.94368, -32.188, 30.42515
9495227896000, 79.942764, -32.178158, 30.437145
9495232883000, 79.943634, -32.176037, 30.44786
9495237898000, 79.94258, -32.17356, 30.455137
9495242868000, 79.944466, -32.175022, 30.458277
9495247867000, 79.93918, -32.176636, 30.456053
9495252902000, 79.93935, -32.17525, 30.45701
9495257882000, 79.93587, -32.177647, 30.4558
9495263485000, 79.933754, -32.17342, 30.456097
9495267874000, 79.93384, -32.17394, 30.455276
9495272880000, 79.924835, -32.168232, 30.46016
9495282862000, 79.92097, -32.165855, 30.464973
9495287886000, 79.92205, -32.16678, 30.463982
9495292826000, 79.93082, -32.16749, 30.46341
9495297812000, 79.93179, -32.16523, 30.462847
9495302822000, 79.93715, -32.161526, 30.46054
9495307835000, 79.94541, -32.16312, 30.46268
9495312840000, 79.94794, -32.161083, 30.45442
9495317834000, 79.95215, -32.16058, 30.450474
9495322844000, 79.95311, -32.156757, 30.44983
9495327842000, 79.95539, -32.153053, 30.451946
9495333139000, 79.95755, -32.146843, 30.45379
9495337883000, 79.95871, -32.14083, 30.45646
9495342891000, 79.961266, -32.13589, 30.457972
9495347876000, 79.96393, -32.131355, 30.460587
9495352876000, 79.96568, -32.12513, 30.466646
9495357853000, 79.97183, -32.12556, 30.47016
9495362823000, 79.96498, -32.121395, 30.466354
9495367830000, 79.96691, -32.123882, 30.460176
9495377839000, 79.959236, -32.12383, 30.455929
9495382840000, 79.95811, -32.12343, 30.45202
9495387964000, 79.962776, -32.1262, 30.451868
9495392817000, 79.96262, -32.125393, 30.450445
9495397836000, 79.96563, -32.127705, 30.45058
9495402849000, 79.968, -32.127552, 30.450762
9495407843000, 79.970604, -32.128822, 30.448805
9495412786000, 79.97044, -32.12205, 30.456997
9495417831000, 79.96718, -32.11395, 30.463106
9495422805000, 79.96872, -32.106575, 30.473978
9495427838000, 79.96738, -32.102905, 30.485258
9495432851000, 79.96786, -32.10088, 30.485832
9495442859000, 79.96529, -32.100586, 30.49163
9495447837000, 79.966156, -32.10178, 30.493828
9495452837000, 79.96506, -32.1016, 30.506878
9495457851000, 79.96297, -32.103683, 30.51156
9495462822000, 79.96233, -32.1086, 30.52285
9495467833000, 79.96173, -32.11133, 30.531906
9495472964000, 79.954124, -32.11288, 30.542221
9495477841000, 79.94971, -32.116055, 30.552021
9495483272000, 79.94818, -32.120968, 30.556013
9495487904000, 79.94432, -32.125835, 30.561888
9495492905000, 79.941124, -32.13819, 30.565346
9495497836000, 79.937965, -32.15066, 30.56908
9495502900000, 79.93172, -32.16036, 30.57321
9495507838000, 79.92406, -32.171246, 30.573374
9495512907000, 79.917114, -32.182594, 30.573591
9495517824000, 79.90853, -32.196117, 30.569988
9495523178000, 79.89453, -32.206608, 30.567406
9495527844000, 79.87786, -32.216557, 30.56358
9495533211000, 79.86208, -32.226086, 30.558409
9495537914000, 79.84389, -32.23577, 30.552422
9495542781000, 79.827896, -32.241608, 30.551077
9495547872000, 79.806725, -32.248516, 30.544823
9495553071000, 79.78793, -32.253796, 30.545212
9495557892000, 79.77376, -32.265377, 30.536095
9495562849000, 79.75691, -32.277706, 30.532204
9495567855000, 79.73982, -32.286213, 30.523232
9495572838000, 79.72534, -32.29756, 30.51611
9495577808000, 79.718285, -32.303833, 30.509596
9495582887000, 79.70621, -32.30413, 30.506079
9495587920000, 79.70195, -32.304188, 30.507362
9495592895000, 79.69607, -32.304832, 30.51346
9495597844000, 79.68361, -32.300793, 30.514753
9495603409000, 79.67267, -32.29714, 30.517895
9495608089000, 79.65951, -32.28125, 30.526978
9495612921000, 79.64489, -32.267017, 30.538263
9495617836000, 79.63466, -32.255253, 30.54888
9495622850000, 79.621185, -32.24193, 30.554983
9495627817000, 79.60877, -32.228523, 30.567469
9495632865000, 79.600555, -32.209827, 30.572573
9495638000000, 79.59, -32.19219, 30.581533
9495642860000, 79.58215, -32.165825, 30.594028
9495648021000, 79.5777, -32.14364, 30.605364
9495652843000, 79.570114, -32.114765, 30.618309
9495657865000, 79.56752, -32.090748, 30.628162
9495662818000, 79.56323, -32.057182, 30.64565
9495667878000, 79.55511, -32.024357, 30.66517
9495672832000, 79.55595, -31.988092, 30.683157
9495677855000, 79.55396, -31.95522, 30.7017
9495682855000, 79.554855, -31.92104, 30.721064
9495687936000, 79.55517, -31.889515, 30.73852
9495692878000, 79.5589, -31.855604, 30.76343
9495697845000, 79.56188, -31.824896, 30.785366
9495702842000, 79.560974, -31.789656, 30.810575
9495707767000, 79.55362, -31.753532, 30.831335
9495712768000, 79.552055, -31.718689, 30.856611
9495717750000, 79.54928, -31.687767, 30.882717
9495722766000, 79.54611, -31.65839, 30.905283
9495727759000, 79.54673, -31.629726, 30.928478
9495732745000, 79.52777, -31.596378, 30.954226
9495742766000, 79.51558, -31.564243, 30.983257
9495747778000, 79.50241, -31.537848, 31.00913
9495752781000, 79.492165, -31.520933, 31.031288
9495757782000, 79.481384, -31.503748, 31.050358
9495762763000, 79.47668, -31.493757, 31.072863
9495767774000, 79.46613, -31.480812, 31.096832
9495772775000, 79.46938, -31.47908, 31.11144
9495777770000, 79.46919, -31.46972, 31.128477
9495782864000, 79.47148, -31.466509, 31.146013
9495787971000, 79.47615, -31.461422, 31.17018
9495792872000, 79.477684, -31.45412, 31.188044
9495797865000, 79.4842, -31.456028, 31.209759
9495802884000, 79.49285, -31.45837, 31.230145
9495807848000, 79.49804, -31.462791, 31.252436
9495812774000, 79.50392, -31.467522, 31.273775
9495817836000, 79.50729, -31.480476, 31.285099
9495822785000, 79.5114, -31.495958, 31.29504
9495827842000, 79.51491, -31.504934, 31.307198
9495832824000, 79.51544, -31.521357, 31.316246
9495837874000, 79.51858, -31.52817, 31.325146
9495842778000, 79.51719, -31.53954, 31.334965
9495847836000, 79.5233, -31.559055, 31.330969
9495852862000, 79.52598, -31.58108, 31.330914
9495857848000, 79.52344, -31.591478, 31.326872
9495862788000, 79.51794, -31.604439, 31.327948
9495867836000, 79.5173, -31.618174, 31.325197
9495872821000, 79.51292, -31.630287, 31.32264
9495877839000, 79.51062, -31.64123, 31.3237
9495882833000, 79.50495, -31.655537, 31.323158
9495887872000, 79.50475, -31.674236, 31.311625
9495892840000, 79.50168, -31.693798, 31.297071
9495897838000, 79.49991, -31.71204, 31.287228
9495902906000, 79.498505, -31.727966, 31.277569
9495907843000, 79.49728, -31.738598, 31.268187
9495912839000, 79.4923, -31.749718, 31.258825
9495917836000, 79.49639, -31.75575, 31.244526
9495922855000, 79.49867, -31.768559, 31.227545
9495927838000, 79.49991, -31.769215, 31.216644
9495932820000, 79.50301, -31.778313, 31.201508
9495937876000, 79.49955, -31.782232, 31.188501
9495942838000, 79.49524, -31.784758, 31.174587
9495947837000, 79.488884, -31.79073, 31.157082
9495952892000, 79.487175, -31.792908, 31.141903
9495957838000, 79.48296, -31.800566, 31.12585
9495962837000, 79.47496, -31.799807, 31.111713
9495967824000, 79.47416, -31.80379, 31.098152
9495972853000, 79.46977, -31.808895, 31.08489
9495977802000, 79.46725, -31.805622, 31.073368
9495982824000, 79.463806, -31.812767, 31.056385
9495987845000, 79.461334, -31.810375, 31.04473
9495992898000, 79.457214, -31.807386, 31.031805
9495997771000, 79.45381, -31.811182, 31.012985
9496002904000, 79.44961, -31.812069, 30.995401
9496007772000, 79.4477, -31.82188, 30.975826
9496012836000, 79.442665, -31.826199, 30.962786
9496017791000, 79.44657, -31.837898, 30.944244
9496022856000, 79.447136, -31.848457, 30.924257
9496027792000, 79.45156, -31.857529, 30.909397
9496032826000, 79.450485, -31.866573, 30.892466
9496037897000, 79.45673, -31.86821, 30.883753
9496042864000, 79.46071, -31.868647, 30.875088
9496047851000, 79.46762, -31.86749, 30.871014
9496052832000, 79.473236, -31.871555, 30.861969
9496057840000, 79.47194, -31.864029, 30.86031
9496062838000, 79.478096, -31.86353, 30.857416
9496067874000, 79.47734, -31.855587, 30.8568
9496072854000, 79.479385, -31.855368, 30.85292
9496077837000, 79.48973, -31.856827, 30.847982
9496087946000, 79.50097, -31.862297, 30.845652
9496092843000, 79.505554, -31.866804, 30.840126
9496097835000, 79.51382, -31.875063, 30.835821
9496102828000, 79.51837, -31.879385, 30.835697
9496107825000, 79.53013, -31.889156, 30.83445
9496112838000, 79.54171, -31.896273, 30.833506
9496117900000, 79.55085, -31.899382, 30.835312
9496122854000, 79.56123, -31.905857, 30.832691
9496127856000, 79.57652, -31.912449, 30.830988
9496132830000, 79.58669, -31.915045, 30.827835
9496137902000, 79.60017, -31.927116, 30.825768
9496142864000, 79.61434, -31.937418, 30.823751
9496147821000, 79.62343, -31.948908, 30.821775
9496152885000, 79.62829, -31.95299, 30.822058
9496162840000, 79.62591, -31.95694, 30.821733
9496167831000, 79.62913, -31.964418, 30.821898
9496177841000, 79.621155, -31.963003, 30.821705
9496187883000, 79.61325, -31.962383, 30.82291
9496192835000, 79.60801, -31.962614, 30.824587
9496197836000, 79.610214, -31.962345, 30.82563
9496202845000, 79.606445, -31.95717, 30.826674
9496207852000, 79.602905, -31.948645, 30.82543
9496212835000, 79.60557, -31.939676, 30.824728
9496217826000, 79.6032, -31.929321, 30.825481
9496222849000, 79.60088, -31.92355, 30.819496
9496227845000, 79.60158, -31.915375, 30.815777
9496232825000, 79.60085, -31.907495, 30.812618
9496237865000, 79.60558, -31.901274, 30.80871
9496242841000, 79.605286, -31.895327, 30.803133
9496247842000, 79.60627, -31.884897, 30.802511
9496252856000, 79.61002, -31.887766, 30.79855
9496257851000, 79.608215, -31.883438, 30.791164
9496267829000, 79.614334, -31.880732, 30.789314
