#Angle around the z x y axes.
#timestamp(ns), Azimuth , Pitch, Roll (degrees)
#Datetime: 15/12/2015 11:21:12
##########################################
#Activity: 7 - SCH - Sit chair - 6s
#Subject ID: 58
#First Name: Sub58
#Last Name: Sub58
#Age: 21
#Height(cm): 158
#Weight(kg): 58
#Gender: Female
##########################################

@DATA
963918353000, 161.09392, 124.38252, -34.379723
963923354000, 163.10512, 124.90118, -34.868366
963928368000, 161.46101, 124.26189, -34.248013
963933361000, 161.56934, 122.24545, -32.23286
963938346000, 161.94673, 122.09421, -32.06154
963943363000, 162.32912, 121.94246, -31.885181
963948347000, 162.7145, 121.79123, -31.702486
963953336000, 163.10942, 121.640884, -31.51217
963958331000, 163.4857, 121.48894, -31.31387
963963332000, 163.88184, 121.336914, -31.107597
963969192000, 164.2791, 121.18791, -30.895626
963973364000, 164.68112, 121.044846, -30.680445
963978381000, 165.07784, 120.899796, -30.452477
963983401000, 165.48882, 120.76319, -30.226213
963988416000, 165.90367, 120.633545, -29.99134
963993447000, 166.3153, 120.509384, -29.75207
963998363000, 166.72267, 120.39574, -29.51142
964003274000, 167.11717, 120.28092, -29.260015
964008290000, 167.50252, 120.17151, -29.008043
964013285000, 167.87132, 120.062515, -28.749542
964018294000, 168.21379, 119.945114, -28.483515
964023286000, 168.54596, 119.82416, -28.214737
964028276000, 168.84834, 119.69092, -27.940044
964033313000, 169.06937, 119.52975, -27.655632
964038521000, 169.33311, 119.33024, -27.367561
964043275000, 169.54205, 119.14434, -27.074785
964048320000, 169.72623, 118.91502, -26.77062
964053424000, 169.91536, 118.671326, -26.464994
964058354000, 170.10394, 118.42667, -26.153563
964063385000, 170.3003, 118.17833, -25.833519
964068390000, 170.49217, 117.93123, -25.510288
964073366000, 170.68517, 117.680016, -25.183033
964078354000, 170.88118, 117.42494, -24.847609
964083370000, 171.07143, 117.169876, -24.509148
964088380000, 171.26454, 116.90988, -24.162495
964093333000, 171.45944, 116.64888, -23.812351
964098359000, 171.6483, 116.38394, -23.45409
964103349000, 171.84253, 116.11675, -23.089817
964109057000, 172.03088, 115.84715, -22.721382
964113397000, 172.23001, 115.574936, -22.344881
964118438000, 172.41481, 115.29532, -21.959757
964123398000, 172.61209, 115.01527, -21.569698
964128382000, 172.80118, 114.73114, -21.17136
964133379000, 172.9957, 114.44761, -20.768269
964138375000, 173.18855, 114.15864, -20.35368
964143338000, 173.37915, 113.87217, -19.937017
964148364000, 173.57446, 113.58443, -19.51103
964153384000, 173.7644, 113.2917, -19.078274
964158368000, 173.95491, 113.00295, -18.639042
964163341000, 174.1482, 112.71072, -18.193287
964168412000, 174.33063, 112.41811, -17.741135
964173366000, 174.52158, 112.12509, -17.279058
964178391000, 174.70969, 111.83366, -16.81317
964183399000, 174.89139, 111.54161, -16.338219
964188424000, 175.07915, 111.25062, -15.85652
964193361000, 175.26422, 110.96229, -15.367144
964198360000, 175.4489, 110.67647, -14.872007
964203371000, 175.63586, 110.39061, -14.367282
964208396000, 175.81693, 110.111916, -13.859235
964213348000, 176.00238, 109.83244, -13.33884
964218381000, 176.18474, 109.56186, -12.815205
964223370000, 176.36627, 109.29338, -12.283689
964228371000, 176.54538, 109.03354, -11.744287
964233380000, 176.72607, 108.78052, -11.197826
964238392000, 176.90376, 108.535324, -10.646831
964243360000, 177.08104, 108.29666, -10.085571
964248389000, 177.25838, 108.072495, -9.518875
964253360000, 177.43422, 107.857506, -8.945844
964258391000, 177.6148, 107.65355, -8.36253
964263351000, 177.79451, 107.462524, -7.776986
964268384000, 177.96384, 107.28814, -7.180644
964273372000, 178.13573, 107.12544, -6.575647
964278359000, 178.30183, 106.9797, -5.9638577
964283432000, 178.46469, 106.84874, -5.341308
964288458000, 178.6174, 106.73594, -4.7079053
964293361000, 178.7705, 106.6474, -4.064693
964298351000, 178.92285, 106.56966, -3.4106662
964303385000, 179.07214, 106.52722, -2.749178
964308369000, 179.22006, 106.49813, -2.0757072
964313352000, 179.36626, 106.5001, -1.3948034
964318465000, 179.46814, 106.60684, -0.71746325
964323368000, 179.56845, 106.74036, -0.028596254
964328355000, 179.66608, 106.90227, 0.6649772
964333370000, 179.76254, 107.09055, 1.3722388
964338369000, 179.85872, 107.30724, 2.085218
964343371000, 179.95099, 107.5514, 2.8069177
964348356000, 180.04352, 107.82288, 3.538991
964353369000, 180.13142, 108.12104, 4.2795105
964358370000, 180.21979, 108.44826, 5.028326
964363972000, 180.30605, 108.79822, 5.7858915
964368423000, 180.38744, 109.17941, 6.5535054
964373417000, 180.4704, 109.58145, 7.326008
964378360000, 180.54678, 110.01146, 8.108641
964383470000, 180.62231, 110.4646, 8.899027
964388475000, 180.69829, 110.94119, 9.697098
964393362000, 180.76714, 111.44423, 10.505349
964398356000, 180.83531, 111.966805, 11.318209
964403370000, 180.90259, 112.512764, 12.143411
964408371000, 180.9632, 113.07907, 12.976422
964413363000, 181.0203, 113.667656, 13.817276
964418386000, 181.07281, 114.27078, 14.663283
964423368000, 181.12325, 114.89623, 15.519861
964428356000, 181.1656, 115.53557, 16.383236
964434042000, 181.20761, 116.194115, 17.252691
964438380000, 181.24135, 116.86664, 18.128416
964443367000, 181.27402, 117.55247, 19.012045
964448374000, 181.3032, 118.25478, 19.900814
964453354000, 181.32675, 118.97143, 20.79726
964458360000, 181.34698, 119.697174, 21.69842
964463362000, 181.36467, 120.439445, 22.607948
964468393000, 181.37805, 121.18808, 23.517845
964473369000, 181.38252, 121.95598, 24.441128
964478359000, 181.39514, 122.721466, 25.36055
964483375000, 181.39114, 123.51062, 26.293665
964488379000, 181.38702, 124.300476, 27.225796
964493363000, 181.38506, 125.10071, 28.163488
964498356000, 181.3694, 125.91359, 29.108788
964503429000, 181.35371, 126.730835, 30.054886
964508407000, 181.32935, 127.55739, 31.004375
964513342000, 181.30049, 128.39246, 31.95929
964518423000, 181.43661, 129.16064, 32.994728
964523365000, 181.56497, 129.94435, 34.035152
964528367000, 181.69427, 130.73953, 35.077374
964533393000, 181.818, 131.5446, 36.117447
964538464000, 181.9415, 132.36356, 37.16383
964543360000, 182.05734, 133.18907, 38.20714
964548351000, 182.17314, 134.02554, 39.254898
964553372000, 182.28267, 134.86911, 40.29852
964558415000, 182.38942, 135.7191, 41.341972
964563351000, 182.49773, 136.5798, 42.39247
964568421000, 182.59381, 137.44357, 43.434982
964573438000, 182.69473, 138.31482, 44.480988
964578360000, 182.78673, 139.19226, 45.524956
964583376000, 182.87862, 140.07666, 46.569775
964588370000, 182.96689, 140.95946, 47.607494
964593361000, 183.04756, 141.85329, 48.648926
964598346000, 183.12785, 142.7454, 49.682983
964603353000, 183.20392, 143.64307, 50.7158
964608459000, 183.28093, 144.54053, 51.746143
964613339000, 183.35292, 145.44203, 52.77391
964618398000, 183.41957, 146.34416, 53.79655
964623373000, 183.4911, 147.24654, 54.817673
964628357000, 183.54929, 148.14888, 55.831528
964633377000, 183.61168, 149.05154, 56.843124
964638372000, 183.66222, 149.95578, 57.851093
964643331000, 183.70462, 150.85811, 58.85149
964648356000, 183.74411, 151.75851, 59.847218
964653409000, 183.77632, 152.66095, 60.840343
964658374000, 183.79471, 153.55998, 61.825233
964663346000, 183.81595, 154.45538, 62.804077
964668400000, 183.82582, 155.35014, 63.778038
964673366000, 183.82663, 156.23979, 64.743706
964678357000, 183.83232, 157.12828, 65.70623
964683378000, 183.82022, 158.00874, 66.6564
964689053000, 183.81543, 158.88727, 67.6038
964693369000, 183.79433, 159.76283, 68.54397
964698320000, 183.76895, 160.63074, 69.47492
964703371000, 183.74472, 161.49377, 70.39936
964708301000, 183.69704, 162.35228, 71.31528
964713393000, 183.64542, 163.20703, 72.22588
964718320000, 183.75676, 164.05403, 73.148865
964723364000, 183.86726, 164.89676, 74.06427
964728356000, 183.80344, 165.74796, 74.967735
964733386000, 183.71603, 166.59659, 75.8662
964738325000, 183.38226, 167.4391, 76.735435
964743360000, 182.98444, 168.27695, 77.59711
964748332000, -65.44395, 169.11627, 78.45633
964753337000, -65.90228, 169.94751, 79.30383
964759180000, -66.39483, 170.78357, 80.176216
964763377000, -66.86242, 171.61084, 81.034096
964768360000, -67.35099, 172.44865, 81.90569
964773367000, -67.81547, 173.2811, 82.76682
964778293000, -68.25135, 174.10477, 83.617615
964783379000, -68.82384, 174.97122, 84.54981
964788311000, -69.3635, 175.82878, 85.46976
964793400000, -70.17379, 176.77164, 86.548836
964798317000, -70.93218, 177.70337, 87.597206
964803400000, -72.33243, 1.1471299, 88.81373
964808325000, -73.61119, 0.010103555, 88.78188
964813399000, -74.923164, -1.2132347, 87.58528
964818377000, -76.06449, -2.4125736, 86.25212
964823399000, -77.2749, -3.7403424, 84.76061
964828541000, -78.18832, -5.0279226, 83.34363
964833481000, -79.08156, -6.510463, 81.699425
964838406000, -79.45874, -7.9231505, 80.18698
964843397000, -79.291466, -9.129653, 79.01967
964848406000, -78.85804, -10.284193, 77.9212
964853375000, -78.23075, -11.370954, 76.88732
964858407000, 333.33023, -12.410314, 75.91469
964863383000, 333.63525, -13.395714, 74.99519
964868454000, 333.8856, -14.336497, 74.126015
964873316000, 334.0246, -15.219954, 73.30678
964878400000, 334.14545, -16.066385, 72.529274
964883373000, 334.24274, -16.859467, 71.80209
964888375000, 334.34613, -17.61992, 71.11113
964893324000, 334.44135, -18.352186, 70.448906
964898559000, 334.53754, -19.05471, 69.81701
964903311000, 334.64825, -19.728502, 69.21528
964908383000, 334.74835, -20.378353, 68.63529
964913319000, 334.8098, -21.003567, 68.07413
964918550000, 334.87613, -21.605293, 67.53568
964923437000, 334.9331, -22.184204, 67.017365
964928397000, 335.00772, -22.743574, 66.518486
964933470000, 335.09604, -23.275366, 66.04521
964938419000, 335.18936, -23.793142, 65.58399
964943388000, 335.3166, -24.291286, 65.144615
964948396000, 335.4432, -24.774294, 64.71603
964953745000, 335.58765, -25.243122, 64.3013
964958423000, 335.73175, -25.694765, 63.90011
964963584000, 335.91406, -26.133291, 63.51253
964968377000, 336.0893, -26.558853, 63.133587
964973419000, 336.2455, -26.975153, 62.760845
964978272000, 336.38153, -27.375244, 62.399536
964983294000, 336.5753, -27.77085, 62.041805
964988283000, 336.73853, -28.147282, 61.698387
964993406000, 336.9319, -28.51339, 61.36226
964998287000, 337.11102, -28.863113, 61.03855
965003569000, 337.32166, -29.204655, 60.7209
965008304000, 337.5121, -29.535738, 60.40967
965013275000, 337.717, -29.854008, 60.108448
965018297000, 337.90533, -30.164143, 59.811703
965023270000, 338.08664, -30.463118, 59.523033
965028304000, 338.26428, -30.75064, 59.24289
965033262000, 338.4295, -31.033123, 58.964916
965038289000, 338.59286, -31.299608, 58.700314
965043227000, 338.74567, -148.43645, 58.43579
965048282000, 338.87662, -148.19203, 58.18866
965053277000, 339.0019, -147.9509, 57.94285
965058285000, 339.10477, -147.72469, 57.710503
965063327000, 339.20245, -147.50307, 57.481216
965068333000, 339.27185, -147.29144, 57.26101
965073300000, 339.3393, -147.08492, 57.044773
965078315000, 339.3966, -146.88428, 56.833603
965083901000, 339.45068, -146.69241, 56.63043
965088298000, 339.51038, -146.50343, 56.428864
965093319000, 339.5644, -146.3244, 56.236626
965098291000, 339.6168, -146.14638, 56.044662
965103442000, 339.67065, -145.97705, 55.860508
965108353000, 339.7234, -145.81174, 55.679787
965113374000, 339.76923, -145.65004, 55.50216
965118457000, 339.81915, -145.49255, 55.328102
965123485000, 339.8657, -145.33945, 55.15822
965128753000, 339.92172, -145.1872, 54.98804
965133449000, 339.9759, -145.0382, 54.821014
965138310000, 340.03128, -144.8915, 54.655544
965143389000, 340.08395, -144.75168, 54.496895
965148314000, 340.13516, -144.61304, 54.339478
965153492000, 340.18497, -144.4784, 54.18563
965158369000, 340.23282, -144.34789, 54.035927
965163415000, 340.26462, -144.22537, 53.894398
965168537000, 340.29926, -144.1036, 53.75339
965173417000, 340.3294, -143.98831, 53.619007
965178405000, 340.36188, -143.87497, 53.48579
965183512000, 340.37814, -143.75517, 53.348408
965188376000, 340.39706, -143.64369, 53.218685
965193396000, 340.41113, -143.53232, 53.08932
965198392000, 340.4314, -143.42674, 52.965885
965203386000, 340.42532, -143.31963, 52.842033
965208402000, 340.42242, -143.21783, 52.724323
965213437000, 340.4177, -143.11996, 52.609726
965218483000, 340.41583, -143.02626, 52.499702
965223425000, 340.39667, -142.93251, 52.389996
965228399000, 340.37918, -142.83975, 52.281254
965233492000, 340.3673, -142.74954, 52.175674
965238412000, 340.35458, -142.65884, 52.069065
965243393000, 340.3398, -142.57025, 51.96674
965248397000, 340.33554, -142.48189, 51.863544
965253366000, 340.321, -142.40044, 51.768642
965258401000, 340.30786, -142.31949, 51.674347
965263423000, 340.28955, -142.24092, 51.582504
965268433000, 340.27048, -142.1602, 51.48866
965273367000, 340.25986, -142.08914, 51.404373
965278393000, 340.24774, -142.01453, 51.317276
965283350000, 340.25284, -141.93877, 51.226784
965288373000, 340.26175, -141.86661, 51.14136
965293338000, 340.2657, -141.794, 51.055096
965298361000, 340.27118, -141.72821, 50.9767
965303307000, 340.29196, -141.66356, 50.897522
965308370000, 340.31522, -141.60362, 50.822475
965313373000, 340.33545, -141.54593, 50.750694
965318380000, 340.35855, -141.48721, 50.67749
965323351000, 340.38358, -141.43222, 50.608025
965328367000, 340.40915, -141.37717, 50.539036
965333373000, 340.44128, -141.32516, 50.472366
965338407000, 340.4715, -141.27855, 50.412388
965343367000, 340.5102, -141.2284, 50.346985
965348359000, 340.54822, -141.18352, 50.2882
965353458000, 340.58746, -141.13684, 50.22804
965358368000, 340.63254, -141.09557, 50.17222
965363396000, 340.67752, -141.0453, 50.110027
965368393000, 340.7272, -140.99875, 50.051075
965373346000, 340.77652, -140.95242, 49.99177
965378362000, 340.80914, -140.90437, 49.93476
965383359000, 340.85114, -140.85599, 49.875538
965388379000, 340.89343, -140.80054, 49.811893
965393337000, 340.93784, -140.75192, 49.753735
965398350000, 341.00525, -140.69719, 49.685863
965403375000, 341.0736, -140.65602, 49.62933
965408389000, 341.12863, -140.60199, 49.563316
965413364000, 341.18573, -140.55847, 49.50592
965418400000, 341.25787, -140.519, 49.44823
965423378000, 341.33487, -140.48329, 49.3921
965428333000, 341.42975, -140.44395, 49.328842
965433378000, 341.52368, -140.40492, 49.264545
965438319000, 341.63577, -140.3685, 49.198517
965443357000, 341.7367, -140.33075, 49.132973
965448339000, 341.86243, -140.28128, 49.050064
965453376000, 341.98074, -140.23376, 48.968884
965458334000, 342.1099, -140.17453, 48.876038
965463373000, 342.22025, -140.11292, 48.78126
965468355000, 342.3338, -140.0482, 48.682735
965473349000, 342.4298, -139.98624, 48.589806
965478911000, 342.52106, -139.91434, 48.486298
965483356000, 342.6099, -139.84842, 48.38922
965488312000, 342.70352, -139.78159, 48.289642
965493365000, 342.79495, -139.72208, 48.196766
965498350000, 342.90405, -139.6631, 48.10106
965503345000, 343.00763, -139.60722, 48.00661
965508366000, 343.12662, -139.55019, 47.906384
965513367000, 343.25302, -139.50848, 47.817047
965518379000, 343.4076, -139.46494, 47.718548
965523340000, 343.5525, -139.43292, 47.629738
965528377000, 343.72446, -139.40437, 47.537994
965533419000, 343.9009, -139.37166, 47.43599
965538381000, 344.10632, -139.34569, 47.332577
965543333000, 344.33945, -139.32213, 47.220325
965548714000, 344.5873, -139.30287, 47.104237
965553530000, 344.86435, -139.29782, 46.990936
965558366000, 345.18817, -139.29242, 46.86916
965563367000, 345.5123, -139.31583, 46.759586
965568477000, 345.86758, -139.33217, 46.644505
965573412000, 346.22598, -139.3612, 46.5352
965578399000, 346.53903, -139.40546, 46.447853
965583443000, 346.85422, -139.45744, 46.36516
965588343000, 347.2317, -139.51514, 46.263985
965593368000, 347.61163, -139.58061, 46.166103
965598341000, 348.0282, -139.65497, 46.05608
965603386000, 348.43802, -139.73973, 45.95177
965608364000, 348.87415, -139.84213, 45.84594
965613364000, 349.3003, -139.9474, 45.741413
965618692000, 349.76224, -140.07076, 45.6311
965623403000, 350.19385, -140.19775, 45.53223
965628343000, 350.66473, -140.32922, 45.4232
965633369000, 351.10785, -140.45943, 45.324314
965638324000, 351.57098, -140.6086, 45.227554
965643398000, 352.01785, -140.75021, 45.13887
965648314000, 352.4686, -140.91411, 45.064774
965653391000, 352.91614, -141.075, 44.995594
965658296000, 353.35428, -141.24321, 44.93503
965663402000, 353.78632, -141.4048, 44.87693
965668431000, 354.23886, -141.58377, 44.828583
965673393000, 354.6752, -141.76022, 44.787724
965678364000, 355.1337, -141.96547, 44.756096
965683417000, 355.57822, -142.16666, 44.726643
965688308000, 356.0206, -142.41034, 44.730934
965693399000, 356.43762, -142.64307, 44.732765
965698317000, 356.85114, -142.87611, 44.732445
965703401000, 357.22824, -143.14061, 44.765926
965708295000, 357.59805, -143.39482, 44.792965
965713422000, 357.94308, -143.64752, 44.8234
965718467000, 358.28043, -143.89839, 44.855965
965723404000, 358.56592, -144.17369, 44.933952
965728401000, 358.8366, -144.44379, 45.017414
965734085000, 359.17252, -144.71722, 45.063263
965738380000, 359.48355, -144.98618, 45.118248
965743359000, 359.78714, -145.25157, 45.17324
965748351000, 0.075921886, -145.51143, 45.23416
965753400000, 0.39838776, -145.77132, 45.274307
965758408000, 0.6967281, -146.02032, 45.317787
965763395000, 1.0657388, -146.26202, 45.312454
965768452000, 1.4160336, -146.49367, 45.31043
965773329000, 1.7693499, -146.72607, 45.299877
965778374000, 2.1209285, -146.95045, 45.290222
965783366000, 2.4356747, -147.17572, 45.29881
965788381000, 2.747873, -147.39206, 45.303818
965793398000, 3.0552533, -147.59976, 45.298264
965798396000, 3.3489425, -147.79842, 45.290703
965803634000, 3.6353824, -147.99052, 45.274136
965808402000, 3.9214232, -148.18799, 45.259476
965813384000, 4.1800222, -148.37686, 45.247044
965818504000, 4.4275174, -148.56725, 45.234715
965823375000, 4.7048335, -148.77144, 45.2135
965828377000, 4.97185, -148.97691, 45.195137
965833424000, 5.2214675, -149.19083, 45.19179
965838418000, 5.4637804, -149.40494, 45.19322
965843369000, 5.7307935, -149.63235, 45.184208
965848392000, 5.9646063, -149.84952, 45.185234
965853372000, 6.2447557, -150.08365, 45.168217
965858401000, 6.4993496, -150.3077, 45.157448
965863408000, 6.731247, -150.53299, 45.16191
965868423000, 6.9692063, -150.75903, 45.163612
965873548000, 7.2636027, -151.00285, 45.144886
965878360000, 7.5381837, -151.23593, 45.131542
965883385000, 7.802134, -151.48526, 45.14399
965888374000, 8.05789, -151.72652, 45.160946
965893371000, 8.299456, -151.97235, 45.199852
965898410000, 8.53907, -152.21835, 45.242085
965903443000, 8.766281, -152.4661, 45.300674
965908402000, 8.996212, -152.71225, 45.36229
965913569000, 9.217575, -152.95078, 45.42226
965918412000, 9.440437, -153.18268, 45.480934
965923645000, 9.646535, -153.41724, 45.55845
965928408000, 9.846782, -153.64229, 45.635166
965933518000, 10.048836, -153.85973, 45.708363
965938352000, 10.238813, -154.06543, 45.780396
965943387000, 10.416805, -154.25417, 45.85156
965948358000, 10.591375, -154.44218, 45.92264
965953314000, 10.754783, -154.61356, 45.987774
965958375000, 10.93269, -154.7803, 46.034508
965963314000, 11.08921, -154.9337, 46.07916
965968399000, 11.258683, -155.07945, 46.11164
965973313000, 11.41868, -155.21223, 46.12689
965978393000, 11.576669, -155.33551, 46.131958
965983313000, 11.7312975, -155.44589, 46.12275
965988341000, 11.879447, -155.54886, 46.100292
965993383000, 12.018693, -155.64302, 46.069782
965998390000, 12.162119, -155.73442, 46.02768
966003356000, 12.301668, -155.82214, 45.977547
966008385000, 12.438517, -155.91231, 45.928833
966013405000, 12.567455, -155.99437, 45.873646
966018332000, 12.7253475, -156.08363, 45.788345
966023306000, 12.869928, -156.1676, 45.709568
966028305000, 13.048329, -156.25677, 45.59757
966033330000, 13.224032, -156.34952, 45.494816
966038304000, 13.413683, -156.44843, 45.38395
966043312000, 13.604683, -156.54732, 45.26534
966048298000, 13.826732, -156.65247, 45.141644
966053294000, 14.036309, -156.75568, 45.021843
966058398000, 14.274212, -156.87564, 44.903778
966063378000, 14.495569, -156.99086, 44.798653
966068461000, 14.727205, -157.12323, 44.700207
966073368000, 14.949094, -157.24405, 44.607224
966078393000, 15.171465, -157.39304, 44.5362
966083461000, 15.388033, -157.53038, 44.46039
966088370000, 15.593426, -157.71161, 44.435986
966093901000, 15.792224, -157.88036, 44.40508
966098396000, 16.014778, -158.07318, 44.36958
966103409000, 16.233057, -158.26369, 44.334103
966108392000, 16.477863, -158.4767, 44.288635
966113380000, 16.710243, -158.68863, 44.249504
966118466000, 16.959509, -158.91336, 44.207806
966123498000, 17.209215, -159.13852, 44.164665
966128414000, 17.477919, -159.36983, 44.099613
966133382000, 17.745943, -159.59648, 44.033752
966138342000, 18.04294, -159.83551, 43.942287
966143367000, 18.337439, -160.07498, 43.853085
966148331000, 18.646017, -160.31334, 43.742256
966153380000, 18.940609, -160.54993, 43.64031
966158297000, 19.23749, -160.78629, 43.530468
966163541000, 19.520525, -161.01323, 43.426125
966168411000, 19.777584, -161.23074, 43.339546
966173451000, 20.03142, -161.44267, 43.240276
966178300000, 20.261631, -161.63016, 43.149178
966183356000, 20.484835, -161.8138, 43.057545
966188303000, 20.67598, -161.9825, 42.97935
966193361000, 20.883213, -162.14912, 42.880497
966198345000, 21.108992, -162.30536, 42.738914
966203379000, 21.33758, -162.45921, 42.583004
966208349000, 21.534348, -162.60582, 42.46368
966213362000, 21.722914, -162.74553, 42.34215
966218444000, 21.908205, -162.89621, 42.23157
966223368000, 22.092928, -163.04703, 42.117516
966228371000, 22.335007, -163.20934, 41.9381
966233670000, 22.571545, -163.37408, 41.75957
966238495000, 22.809471, -163.5394, 41.581703
966243366000, 23.041847, -163.70117, 41.412544
966248409000, 23.255463, -163.87468, 41.25984
966253373000, 23.486341, -164.05164, 41.09055
966258348000, 23.713184, -164.22997, 40.925236
966263355000, 23.947351, -164.41777, 40.745728
966268361000, 24.176447, -164.60013, 40.57133
966273365000, 24.39827, -164.80312, 40.42145
966278357000, 24.607641, -165.00359, 40.27428
966283356000, 24.8334, -165.22925, 40.116386
966288319000, 25.022367, -165.43663, 39.99771
966293366000, 25.240887, -165.66896, 39.84279
966298364000, 25.448702, -165.88501, 39.690582
966303398000, 25.654911, -166.12111, 39.55783
966308365000, 25.850826, -166.34879, 39.432053
966313362000, 26.038805, -166.57349, 39.31739
966318379000, 26.207743, -166.79713, 39.220444
966323359000, 26.415192, -167.02496, 39.074944
966328389000, 26.586466, -167.23001, 38.95057
966333444000, 26.85765, -167.45807, 38.694355
966338384000, 27.132898, -167.68127, 38.414078
966343363000, 27.372086, -167.91614, 38.212673
966348350000, 27.581726, -168.14203, 38.04644
966353368000, 27.83017, -168.39467, 37.83263
966358365000, 28.027912, -168.62518, 37.687084
966363364000, 28.23679, -168.87755, 37.521255
966368379000, 28.426153, -169.12527, 37.37545
966373299000, 28.650188, -169.37685, 37.154026
966378402000, 28.856321, -169.62178, 36.959885
966383456000, 29.012432, -169.8967, 36.880863
966388377000, 29.169767, -170.17863, 36.78664
966393335000, 29.327087, -170.43947, 36.652767
966398370000, 29.514635, -170.71521, 36.48155
966403347000, 29.64253, -170.99268, 36.425346
966408368000, 29.792755, -171.28656, 36.32219
966413356000, 29.956501, -171.57782, 36.17606
966419017000, 30.134449, -171.86945, 36.003292
966423370000, 30.348507, -172.15958, 35.765285
966428403000, 30.565193, -172.45184, 35.513855
966433357000, 30.774649, -172.76862, 35.28499
966438368000, 30.982647, -173.07866, 35.052372
966443376000, 31.206404, -173.41383, 34.810383
966448350000, 31.422045, -173.73972, 34.575016
966453394000, 31.618065, -174.05147, 34.349747
966458367000, 31.839773, -174.39, 34.082787
966463351000, 32.036453, -174.70142, 33.83778
966468392000, 32.252254, -175.03796, 33.560444
966473349000, 32.455578, -175.35602, 33.289066
966478331000, 32.65409, -175.67574, 33.004963
966483404000, 32.84841, -175.97989, 32.74326
966489048000, 33.054207, -176.2914, 32.457043
966493365000, 33.256184, -176.58482, 32.18928
966498347000, 33.463085, -176.87076, 31.910109
966503379000, 33.66291, -177.13742, 31.650887
966508361000, 33.862923, -177.3977, 31.400555
966513355000, 34.054234, -177.64334, 31.171715
966518369000, 34.249306, -177.91486, 30.936996
966523365000, 34.435856, -178.17784, 30.72204
966528373000, 34.631306, -178.47646, 30.512266
966533369000, 34.81931, -178.76457, 30.30851
966538359000, 35.001926, -179.07303, 30.122421
966543367000, 35.183693, -179.37076, 29.931099
966548317000, 35.349174, -179.67392, 29.764393
966553378000, 35.510822, -179.96391, 29.593773
966558689000, 35.65944, 179.70277, 29.446741
966563355000, 35.799866, 179.38109, 29.301561
966568391000, 35.93873, 179.03137, 29.180655
966573366000, 36.07125, 178.68837, 29.07066
966578589000, 36.197502, 178.33154, 28.979614
966583355000, 36.32143, 177.98366, 28.901815
966588358000, 36.44772, 177.62698, 28.82434
966593367000, 36.567036, 177.28592, 28.754374
966598353000, 36.689262, 176.95142, 28.692951
966603373000, 36.820442, 176.61543, 28.612713
966608366000, 36.945545, 176.29407, 28.533504
966613352000, 37.073353, 175.97339, 28.452692
966618374000, 37.19044, 175.66985, 28.372593
966623366000, 37.312477, 175.36914, 28.288
966628382000, 37.42072, 175.0799, 28.204094
966633397000, 37.517586, 174.77927, 28.160164
966638393000, 37.60752, 174.48933, 28.118505
966643362000, 37.704494, 174.19136, 28.03477
966648351000, 37.792377, 173.9131, 27.96697
966653324000, 37.870625, 173.616, 27.915867
966658369000, 37.941353, 173.33292, 27.865503
966663743000, 38.01508, 173.05394, 27.794832
966668376000, 38.077717, 172.7956, 27.735018
966674308000, 38.14655, 172.53874, 27.6765
966678362000, 38.208847, 172.29019, 27.609724
966683388000, 38.27438, 172.03815, 27.54657
966688392000, 38.34125, 171.79352, 27.498522
966693368000, 38.401707, 171.55316, 27.454258
966698357000, 38.465267, 171.31918, 27.40433
966703378000, 38.52838, 171.08633, 27.356638
966708489000, 38.588985, 170.87813, 27.287483
966713353000, 38.64451, 170.68103, 27.230303
966718425000, 38.70918, 170.49855, 27.140268
966723445000, 38.76651, 170.32483, 27.055693
966728364000, 38.82165, 170.15965, 26.972725
966733387000, 38.875114, 169.99612, 26.885588
966738375000, 38.91772, 169.83894, 26.810822
966743995000, 38.956234, 169.69365, 26.758354
966748337000, 38.9989, 169.53844, 26.668556
966753373000, 39.0294, 169.39508, 26.582106
966758361000, 39.05926, 169.2425, 26.512623
966763352000, 39.079273, 169.0954, 26.435627
966768360000, 39.09554, 168.94778, 26.351091
966773367000, 39.101246, 168.81393, 26.271978
966778332000, 39.114223, 168.66605, 26.178612
966783427000, 39.113724, 168.52896, 26.097162
966788330000, 39.1064, 168.38719, 26.026443
966793370000, 39.090843, 168.25607, 25.94206
966798365000, 39.058926, 168.13237, 25.866941
966803379000, 39.020313, 168.0206, 25.78926
966808324000, 38.974743, 167.91307, 25.709394
966814001000, 38.914806, 167.82408, 25.635252
966818755000, 38.85225, 167.74591, 25.560051
966823365000, 38.781822, 167.67657, 25.492022
966828627000, 38.71314, 167.61452, 25.42534
966833440000, 38.641228, 167.56282, 25.362865
966838398000, 38.562946, 167.51752, 25.300703
966843366000, 38.48078, 167.48611, 25.246029
966848354000, 38.397198, 167.45985, 25.196196
966853375000, 38.308823, 167.44481, 25.143253
966858363000, 38.21797, 167.4332, 25.0965
966863354000, 38.12422, 167.43092, 25.05085
966868404000, 38.026897, 167.43192, 25.008595
966873367000, 37.92971, 167.43513, 24.968452
966878359000, 37.828773, 167.4358, 24.934715
966883866000, 37.726974, 167.45036, 24.90557
966888350000, 37.62382, 167.46458, 24.880901
966893362000, 37.515785, 167.48012, 24.854544
966898349000, 37.411446, 167.49597, 24.827147
966903372000, 37.300365, 167.51173, 24.809305
966908367000, 37.194637, 167.52779, 24.786762
966913354000, 37.08017, 167.54453, 24.76938
966918377000, 36.970024, 167.5596, 24.74829
966923363000, 36.864407, 167.57404, 24.730507
966928359000, 36.753807, 167.59158, 24.714012
966933341000, 36.649734, 167.59798, 24.709566
966938365000, 36.550865, 167.60783, 24.71068
966943377000, 36.454395, 167.6101, 24.716309
966948367000, 36.366226, 167.60843, 24.7251
966953585000, 36.281403, 167.61104, 24.742468
966958384000, 36.20232, 167.60951, 24.759216
966963363000, 36.12945, 167.61546, 24.783957
966968374000, 36.06148, 167.61862, 24.811033
966973336000, 36.000477, 167.61946, 24.837069
966978362000, 35.943848, 167.6217, 24.871456
966983351000, 35.891582, 167.6211, 24.902187
966988357000, 35.8428, 167.62007, 24.942936
966993394000, 35.79984, 167.61928, 24.986382
966998374000, 35.760025, 167.6188, 25.027601
967018287000, 35.625084, 167.62714, 25.182102
967023300000, 35.596157, 167.62898, 25.215038
967028302000, 35.566086, 167.63495, 25.247993
967033313000, 35.543335, 167.63857, 25.276394
967038297000, 35.52037, 167.63712, 25.30269
967043295000, 35.50154, 167.64029, 25.323425
967048280000, 35.488647, 167.6356, 25.353102
967053309000, 35.47775, 167.6332, 25.373055
967058308000, 35.47114, 167.63129, 25.386284
967063322000, 35.46755, 167.62834, 25.39684
967068851000, 35.458244, 167.63019, 25.40485
967073310000, 35.447998, 167.63261, 25.413757
967078303000, 35.44292, 167.63771, 25.422108
967083363000, 35.43446, 167.64474, 25.428549
967088293000, 35.428722, 167.64714, 25.431932
967093314000, 35.422867, 167.64845, 25.446861
967098297000, 35.40736, 167.66582, 25.446049
967103366000, 35.392693, 167.69055, 25.462526
967108366000, 35.371696, 167.6985, 25.488775
967113351000, 35.343346, 167.72116, 25.516907
967118430000, 35.323944, 167.7404, 25.527777
967123440000, 35.305336, 167.76527, 25.546665
967128362000, 35.280922, 167.79033, 25.552588
967133379000, 35.25943, 167.8195, 25.563173
967139086000, 35.23402, 167.84769, 25.562582
967143381000, 35.210117, 167.87653, 25.561483
967148349000, 35.177803, 167.90666, 25.5642
967153382000, 35.14441, 167.93114, 25.560526
967158363000, 35.10885, 167.96306, 25.560207
967163344000, 35.070282, 167.98982, 25.556082
967168417000, 35.026474, 168.01965, 25.55661
967173523000, 34.98592, 168.04797, 25.558687
967178361000, 34.942814, 168.07588, 25.55814
967183371000, 34.903366, 168.10118, 25.556225
967188368000, 34.861977, 168.12415, 25.557629
967193385000, 34.825077, 168.1479, 25.556147
967198333000, 34.789063, 168.16968, 25.56747
967203378000, 34.74589, 168.18947, 25.554493
967208766000, 34.714207, 168.20433, 25.566895
967213341000, 34.678593, 168.21747, 25.561396
967218452000, 34.648033, 168.22855, 25.563833
967223370000, 34.62212, 168.23804, 25.563631
967228297000, 34.59272, 168.23524, 25.561522
967233375000, 34.565453, 168.23026, 25.555937
967238348000, 34.537342, 168.22296, 25.55201
967243382000, 34.507206, 168.21422, 25.546625
967248355000, 34.47859, 168.20137, 25.53937
967253371000, 34.45346, 168.18666, 25.532896
967258367000, 34.419514, 168.17212, 25.521227
967263351000, 34.397068, 168.15962, 25.511997
967268371000, 34.371826, 168.14389, 25.499138
967273366000, 34.350433, 168.12411, 25.498262
967278547000, 34.327946, 168.10388, 25.478437
967283367000, 34.304497, 168.09148, 25.477442
967288374000, 34.283203, 168.07472, 25.470245
967293375000, 34.254276, 168.05482, 25.459871
967298354000, 34.23299, 168.03198, 25.457663
967303299000, 34.201862, 168.00446, 25.457453
967308365000, 34.17544, 167.97469, 25.460741
967313355000, 34.154396, 167.94373, 25.46272
967318381000, 34.134262, 167.9221, 25.455744
967323300000, 34.115894, 167.90259, 25.44813
967328366000, 34.101402, 167.88846, 25.440657
967333410000, 34.08565, 167.87411, 25.437151
967338371000, 34.07165, 167.86005, 25.437256
967343438000, 34.062122, 167.8354, 25.433935
967348354000, 34.049595, 167.81473, 25.438208
967353704000, 34.042072, 167.79437, 25.438473
967358367000, 34.029797, 167.77634, 25.443638
967363347000, 34.02207, 167.75946, 25.443247
967368476000, 34.01678, 167.73813, 25.446619
967373438000, 34.005657, 167.728, 25.447107
967378358000, 33.99637, 167.70834, 25.446287
967383388000, 33.984013, 167.69948, 25.44759
967388369000, 33.962387, 167.68536, 25.444603
967393336000, 33.938942, 167.68193, 25.438278
967398357000, 33.919888, 167.65921, 25.440096
967403378000, 33.89521, 167.64325, 25.443996
967408364000, 33.872337, 167.6261, 25.44665
967413350000, 33.851833, 167.6107, 25.451523
967418392000, 33.83156, 167.59842, 25.460096
967423368000, 33.81174, 167.58649, 25.466585
967428367000, 33.793068, 167.57504, 25.479387
967433356000, 33.77398, 167.56291, 25.49135
967438366000, 33.7575, 167.55032, 25.506622
967443370000, 33.73935, 167.54062, 25.522928
967448359000, 33.719917, 167.52464, 25.536491
967453389000, 33.704185, 167.51303, 25.556326
967458331000, 33.685543, 167.50009, 25.571764
967463913000, 33.673126, 167.48459, 25.593132
967468323000, 33.65977, 167.47171, 25.606724
967473357000, 33.651073, 167.45683, 25.622904
967478311000, 33.63433, 167.44798, 25.642206
967483402000, 33.62242, 167.43893, 25.661358
967488378000, 33.609108, 167.43042, 25.678545
967493399000, 33.59914, 167.41974, 25.69638
967498403000, 33.585766, 167.41539, 25.706501
967503374000, 33.57519, 167.408, 25.717112
967508388000, 33.563965, 167.40779, 25.725368
967513400000, 33.548725, 167.40726, 25.731768
967518686000, 33.53697, 167.40724, 25.734797
967523419000, 33.522297, 167.40866, 25.735844
967528364000, 33.502865, 167.41768, 25.735748
967533374000, 33.483543, 167.42226, 25.732096
967538318000, 33.46573, 167.42897, 25.732609
967543383000, 33.442963, 167.43822, 25.72637
967548333000, 33.427578, 167.44504, 25.724005
967553383000, 33.406273, 167.45145, 25.718218
967558300000, 33.38879, 167.45404, 25.714338
967563400000, 33.372505, 167.46455, 25.70697
967568380000, 33.35801, 167.47179, 25.696505
967573441000, 33.34192, 167.48247, 25.68684
967578295000, 33.326298, 167.49454, 25.678324
967583365000, 33.31027, 167.50392, 25.667503
967588356000, 33.297585, 167.51389, 25.664486
967593364000, 33.283306, 167.52501, 25.652029
967598417000, 33.268272, 167.53568, 25.643076
967603695000, 33.2557, 167.54782, 25.634031
967608364000, 33.245358, 167.55475, 25.62788
967613349000, 33.236935, 167.56657, 25.616692
967618434000, 33.224846, 167.5788, 25.601534
967623367000, 33.21661, 167.58485, 25.595558
967628365000, 33.20783, 167.5942, 25.586348
967633366000, 33.192245, 167.59949, 25.582548
967638376000, 33.179375, 167.60614, 25.579744
967643365000, 33.162514, 167.61023, 25.577166
967648402000, 33.1495, 167.61363, 25.574469
967653375000, 33.130276, 167.62572, 25.575203
967658435000, 33.11392, 167.63287, 25.57766
967663348000, 33.095623, 167.64685, 25.579264
967668512000, 33.07449, 167.65675, 25.583782
967673384000, 33.059547, 167.6664, 25.582943
967678356000, 33.04079, 167.6734, 25.585953
967683339000, 33.022182, 167.67612, 25.59191
967688371000, 33.00316, 167.67616, 25.597069
967693361000, 32.987057, 167.68028, 25.609331
967698362000, 32.969204, 167.68307, 25.622435
967703372000, 32.95689, 167.68593, 25.632898
967708401000, 32.948494, 167.68661, 25.645983
967713342000, 32.936337, 167.6849, 25.65736
967718434000, 32.92679, 167.68268, 25.666277
967723372000, 32.918034, 167.67496, 25.678675
967728360000, 32.905884, 167.67287, 25.68288
967733339000, 32.899883, 167.66751, 25.68695
967743324000, 32.887413, 167.6614, 25.693329
967748415000, 32.878883, 167.66269, 25.700684
967753424000, 32.870167, 167.65434, 25.701729
967758375000, 32.861145, 167.65454, 25.708895
967763350000, 32.856598, 167.64848, 25.712152
967768439000, 32.848774, 167.64835, 25.720104
967773339000, 32.839752, 167.64432, 25.71842
967778361000, 32.83204, 167.63907, 25.723303
967783350000, 32.82303, 167.63705, 25.728058
967788889000, 32.810417, 167.63467, 25.731894
967793333000, 32.809284, 167.62935, 25.741402
967798363000, 32.801796, 167.62637, 25.745455
967803357000, 32.796764, 167.62369, 25.75387
967808375000, 32.790936, 167.62115, 25.761187
967813336000, 32.78623, 167.61743, 25.769236
967818367000, 32.773838, 167.61949, 25.776598
967823417000, 32.765366, 167.62057, 25.784088
967828361000, 32.754, 167.62088, 25.792246
967833364000, 32.744476, 167.62408, 25.800217
967838372000, 32.727432, 167.63408, 25.807892
967843358000, 32.71377, 167.65024, 25.818125
967848385000, 32.694473, 167.66049, 25.823936
967853356000, 32.680836, 167.67113, 25.832375
967859132000, 32.66428, 167.68198, 25.837292
967863343000, 32.65036, 167.68987, 25.838911
967868379000, 32.629215, 167.70107, 25.842224
967873366000, 32.616665, 167.70612, 25.845575
967878291000, 32.598736, 167.71489, 25.845076
967883356000, 32.579254, 167.72319, 25.849072
967888298000, 32.563377, 167.72516, 25.846199
967893370000, 32.542236, 167.7289, 25.844044
967898976000, 32.530895, 167.73154, 25.839296
967903428000, 32.51611, 167.73303, 25.834948
967908548000, 32.50061, 167.73845, 25.831032
967913395000, 32.490883, 167.73961, 25.826502
967923382000, 32.474102, 167.74654, 25.82813
967928708000, 32.460487, 167.75192, 25.826077
967938361000, 32.445866, 167.75334, 25.825308
967943365000, 32.43014, 167.75375, 25.82394
967948358000, 32.41385, 167.75943, 25.825754
967953349000, 32.39466, 167.76309, 25.827318
967958335000, 32.375, 167.76845, 25.829624
967963348000, 32.354454, 167.77054, 25.832453
967968360000, 32.336067, 167.77264, 25.836246
967973344000, 32.312458, 167.77274, 25.836798
967978321000, 32.289265, 167.77641, 25.83619
967983330000, 32.26697, 167.77359, 25.83551
967988334000, 32.247154, 167.77315, 25.835377
967993352000, 32.22615, 167.77379, 25.835636
967998370000, 32.204292, 167.77057, 25.835749
968003295000, 32.186, 167.77165, 25.837454
968008282000, 32.16599, 167.77203, 25.837608
968013275000, 32.14509, 167.77084, 25.842531
968018348000, 32.12608, 167.77208, 25.847324
968023297000, 32.1128, 167.77266, 25.852457
968028281000, 32.099297, 167.769, 25.858236
968033333000, 32.08802, 167.77095, 25.86521
968038284000, 32.074123, 167.7696, 25.871777
968043278000, 32.066814, 167.76453, 25.875036
968048279000, 32.05687, 167.76375, 25.880835
968053303000, 32.047947, 167.76183, 25.886555
968058297000, 32.041286, 167.76099, 25.890863
968063278000, 32.037067, 167.75719, 25.897285
968068340000, 32.0294, 167.75378, 25.901379
968073288000, 32.026928, 167.75536, 25.898296
968078292000, 32.0199, 167.75955, 25.902962
968083349000, 32.017246, 167.75552, 25.903059
968088298000, 32.017784, 167.75522, 25.90364
968093386000, 32.01248, 167.75006, 25.902205
968098281000, 32.012592, 167.74562, 25.901047
968103323000, 32.011333, 167.74129, 25.897135
968108385000, 32.00938, 167.73874, 25.896137
968113349000, 32.00751, 167.73325, 25.890644
968118401000, 32.005054, 167.7349, 25.887747
968123308000, 31.99802, 167.7363, 25.883375
968128398000, 31.995749, 167.74034, 25.87595
968133327000, 31.99395, 167.74805, 25.87628
968138410000, 31.99071, 167.75784, 25.874607
968143325000, 31.988182, 167.76682, 25.874487
968148506000, 31.989496, 167.77068, 25.878195
968153357000, 31.988096, 167.77464, 25.882881
968158387000, 31.986137, 167.77818, 25.887209
968163395000, 31.986431, 167.7775, 25.890327
968168480000, 31.992193, 167.78065, 25.894342
968173416000, 32.000473, 167.78297, 25.902521
968178395000, 32.002716, 167.78616, 25.91107
968184006000, 32.00901, 167.78653, 25.922205
968188366000, 32.013554, 167.78818, 25.931849
968193366000, 32.01838, 167.78983, 25.941904
968198350000, 32.026127, 167.78731, 25.953102
968203402000, 32.03458, 167.78748, 25.958939
968208407000, 32.038036, 167.78957, 25.972244
968213347000, 32.037567, 167.79724, 25.982124
968218449000, 32.04069, 167.79521, 25.989698
968223373000, 32.042355, 167.79803, 25.99847
968228345000, 32.04, 167.79236, 26.003233
968233358000, 32.038876, 167.78908, 26.009274
968238329000, 32.036594, 167.78203, 26.012907
968243399000, 32.033737, 167.77869, 26.016085
968248316000, 32.030235, 167.77109, 26.01099
968253935000, 32.031975, 167.7671, 26.011858
968258299000, 32.032864, 167.76605, 26.012627
968263367000, 32.035748, 167.7621, 26.011864
968268334000, 32.039986, 167.7618, 26.019398
968273425000, 32.041786, 167.7622, 26.017473
968278322000, 32.04688, 167.7572, 26.022196
968288334000, 32.049374, 167.75821, 26.025368
968293397000, 32.053913, 167.7553, 26.027662
968298360000, 32.057835, 167.7553, 26.028002
968303373000, 32.059772, 167.75656, 26.032139
968308374000, 32.06543, 167.75119, 26.035316
968313404000, 32.06434, 167.75354, 26.038565
968318465000, 32.07008, 167.7493, 26.03995
968323554000, 32.073406, 167.74721, 26.043856
968328337000, 32.070595, 167.74564, 26.042933
968333471000, 32.065426, 167.74413, 26.041536
968343397000, 32.06355, 167.74353, 26.043924
968348323000, 32.059418, 167.74103, 26.040245
968353431000, 32.053665, 167.73701, 26.044155
968358310000, 32.04893, 167.73466, 26.040384
968363345000, 32.03904, 167.73262, 26.04405
968368376000, 32.030155, 167.72858, 26.044605
968373366000, 32.023533, 167.72708, 26.039341
968378359000, 32.016895, 167.7255, 26.039291
968383409000, 32.013126, 167.72208, 26.034336
968388378000, 32.005856, 167.7218, 26.029709
968393359000, 32.001583, 167.72119, 26.02678
968398389000, 31.998392, 167.72433, 26.025843
968403377000, 31.991695, 167.7246, 26.021921
968408415000, 31.989075, 167.72713, 26.025537
968413391000, 31.980001, 167.7312, 26.024595
968418498000, 31.974413, 167.73373, 26.023472
968423491000, 31.969814, 167.72983, 26.022102
968428401000, 31.9633, 167.73239, 26.016968
968433386000, 31.956558, 167.72766, 26.01368
968439049000, 31.95129, 167.72571, 26.009502
968448404000, 31.946749, 167.72348, 26.006363
968453347000, 31.947348, 167.71544, 26.00621
968458418000, 31.94225, 167.71414, 25.99755
968463337000, 31.934704, 167.7132, 25.995853
968468509000, 31.928942, 167.71376, 25.993591
968473433000, 31.920656, 167.71269, 25.991571
968478401000, 31.910355, 167.71294, 25.994059
968483316000, 31.902987, 167.7151, 25.991415
968488370000, 31.8948, 167.71246, 25.994524
968493295000, 31.8906, 167.71457, 25.991726
968498412000, 31.887669, 167.71632, 25.990301
968503300000, 31.88585, 167.71455, 25.985872
968509090000, 31.88233, 167.71489, 25.985132
968513354000, 31.881727, 167.71384, 25.986162
968518478000, 31.87538, 167.71149, 25.988611
968523450000, 31.877043, 167.70784, 25.987507
968528401000, 31.875002, 167.70564, 25.986626
968533656000, 31.874418, 167.69978, 25.990835
968538403000, 31.870872, 167.70035, 25.993818
968543393000, 31.865217, 167.6982, 25.995955
968548402000, 31.860186, 167.698, 25.997355
968553306000, 31.853552, 167.69846, 25.998316
968558385000, 31.846584, 167.69937, 25.997223
968563359000, 31.843744, 167.69936, 26.001255
968568501000, 31.835114, 167.70132, 25.996857
968573442000, 31.829298, 167.70525, 25.997482
968578906000, 31.82206, 167.70753, 25.99608
968583389000, 31.816668, 167.70987, 25.997978
968588375000, 31.812977, 167.71199, 25.995163
968593400000, 31.806166, 167.7129, 25.991776
968598394000, 31.80203, 167.71432, 25.994198
968603404000, 31.79949, 167.7128, 25.989498
968608365000, 31.793398, 167.71625, 25.99306
968613422000, 31.787502, 167.71642, 25.990715
968618502000, 31.781137, 167.71906, 25.993364
968623451000, 31.769876, 167.72507, 25.994854
968628396000, 31.762577, 167.72452, 25.996552
968638398000, 31.750807, 167.73003, 25.998743
968643401000, 31.750166, 167.73494, 26.001253
968648614000, 31.742603, 167.74344, 26.007734
968653392000, 31.732817, 167.75505, 26.011269
968658420000, 31.722057, 167.7634, 26.017305
968663390000, 31.716227, 167.77061, 26.023258
968668455000, 31.707691, 167.7775, 26.027782
968673448000, 31.696125, 167.7838, 26.031353
968678361000, 31.690128, 167.78757, 26.030725
968688360000, 31.682753, 167.79053, 26.029354
968693361000, 31.671093, 167.79321, 26.027992
968698339000, 31.664417, 167.7957, 26.028543
968703374000, 31.651947, 167.79858, 26.026798
968708324000, 31.643736, 167.80452, 26.024035
968713362000, 31.639498, 167.80417, 26.025053
968718404000, 31.632492, 167.80487, 26.023306
968723386000, 31.627823, 167.80623, 26.026508
968728364000, 31.62478, 167.80536, 26.025358
968733359000, 31.619572, 167.8074, 26.028364
968743367000, 31.615143, 167.80823, 26.032854
968748452000, 31.60841, 167.81342, 26.035273
968753392000, 31.612398, 167.81609, 26.036915
968758364000, 31.610174, 167.82423, 26.040691
968763375000, 31.610735, 167.82631, 26.045841
968768511000, 31.612932, 167.83173, 26.05044
968773377000, 31.615232, 167.8339, 26.055653
968778432000, 31.616495, 167.83699, 26.059378
968783355000, 31.61965, 167.8408, 26.065424
968788311000, 31.62145, 167.8443, 26.070654
968793399000, 31.621952, 167.84933, 26.074087
968798410000, 31.622803, 167.85478, 26.07859
968803401000, 31.624338, 167.85782, 26.081387
968808309000, 31.624863, 167.86494, 26.087816
968818470000, 31.626524, 167.8689, 26.089443
968823511000, 31.625805, 167.86751, 26.09574
968828334000, 31.628832, 167.8735, 26.09962
968834135000, 31.62709, 167.87265, 26.10411
968838380000, 31.625393, 167.87845, 26.109125
968843397000, 31.626055, 167.87927, 26.119764
968848405000, 31.623985, 167.88373, 26.129454
968853386000, 31.624512, 167.88579, 26.139036
968858412000, 31.624212, 167.88664, 26.148079
968863384000, 31.628536, 167.8888, 26.154882
968868593000, 31.632212, 167.89034, 26.16139
968873367000, 31.637827, 167.89119, 26.165405
968878380000, 31.642014, 167.89354, 26.172926
968883389000, 31.640947, 167.89935, 26.181297
968888374000, 31.641998, 167.90878, 26.192154
968893398000, 31.640354, 167.91623, 26.201904
968898392000, 31.634918, 167.92508, 26.211016
968903997000, 31.637774, 167.92995, 26.224997
968908395000, 31.633781, 167.93687, 26.230646
968913412000, 31.62471, 167.93387, 26.24862
968918507000, 31.619787, 167.9345, 26.268642
968923443000, 31.613056, 167.93599, 26.274155
968928415000, 31.61028, 167.94095, 26.286356
968933405000, 31.603125, 167.94768, 26.289871
968938411000, 31.594051, 167.95279, 26.299303
968943368000, 31.59122, 167.95995, 26.301348
968948392000, 31.585157, 167.96481, 26.30548
968953343000, 31.57984, 167.97011, 26.308111
968958454000, 31.574629, 167.97527, 26.308235
968963345000, 31.573462, 167.9829, 26.313805
968968423000, 31.567696, 167.98715, 26.314592
968973686000, 31.562416, 167.99608, 26.317968
968978443000, 31.559513, 168.00285, 26.321695
968983390000, 31.554792, 168.0113, 26.324606
968988371000, 31.549938, 168.01993, 26.326588
968993584000, 31.546465, 168.0282, 26.332298
968998417000, 31.54231, 168.03511, 26.330177
969003315000, 31.537098, 168.04903, 26.329823
969008366000, 31.535295, 168.05742, 26.331038
969013353000, 31.529081, 168.06856, 26.327932
969018392000, 31.52732, 168.08073, 26.328438
969023305000, 31.519869, 168.09087, 26.32556
969028399000, 31.51598, 168.10033, 26.327328
969033326000, 31.512342, 168.11194, 26.326063
969038403000, 31.50297, 168.11911, 26.329903
969043383000, 31.498535, 168.12103, 26.328974
969048429000, 31.493279, 168.12506, 26.325361
969053397000, 31.485674, 168.12807, 26.321543
969058358000, 31.481724, 168.12123, 26.315254
969063386000, 31.477205, 168.12569, 26.309834
969068408000, 31.468208, 168.1213, 26.309435
969073386000, 31.464111, 168.11562, 26.305895
969078290000, 31.459091, 168.11485, 26.304745
969083357000, 31.454676, 168.10727, 26.30245
969088296000, 31.456818, 168.10287, 26.298288
969093362000, 31.454689, 168.09995, 26.291262
969098311000, 31.455008, 168.09505, 26.28745
969103362000, 31.45766, 168.09224, 26.283607
969108318000, 31.452978, 168.08871, 26.27366
969113365000, 31.457666, 168.08156, 26.26751
969118379000, 31.455515, 168.08191, 26.25873
969123370000, 31.45618, 168.08025, 26.254143
969128344000, 31.459072, 168.07443, 26.249163
969133350000, 31.461962, 168.07397, 26.249863
969138357000, 31.465658, 168.068, 26.24349
969143360000, 31.468477, 168.0672, 26.245653
969148384000, 31.468935, 168.06485, 26.24766
969153396000, 31.471573, 168.06282, 26.248384
969158380000, 31.471373, 168.05981, 26.25277
969163356000, 31.469814, 168.06201, 26.253305
969168439000, 31.469513, 168.05655, 26.256317
969173476000, 31.470562, 168.0567, 26.26002
969178456000, 31.46719, 168.04951, 26.258135
969183359000, 31.466211, 168.04697, 26.255295
969188339000, 31.464005, 168.0431, 26.25364
969193367000, 31.464539, 168.03752, 26.253256
969198328000, 31.46445, 168.03658, 26.250006
969203360000, 31.461212, 168.03694, 26.250416
969208349000, 31.46075, 168.03912, 26.251581
969213339000, 31.459698, 168.03992, 26.252016
969218488000, 31.457497, 168.04633, 26.251123
969223432000, 31.456398, 168.04095, 26.250446
969228362000, 31.455893, 168.04121, 26.247957
969233354000, 31.452219, 168.04218, 26.245792
969238380000, 31.453106, 168.0366, 26.243734
969243362000, 31.442013, 168.04219, 26.252102
969248367000, 31.429491, 168.04378, 26.25537
969253391000, 31.418924, 168.04555, 26.262192
969258370000, 31.408533, 168.04848, 26.26618
969263339000, 31.399012, 168.05573, 26.275038
969268487000, 31.390287, 168.06006, 26.278059
969273398000, 31.382193, 168.06836, 26.285698
969278362000, 31.373764, 168.07684, 26.29277
969283345000, 31.366844, 168.0818, 26.29892
969288373000, 31.358479, 168.08978, 26.306568
969293362000, 31.347988, 168.09909, 26.309143
969298355000, 31.341604, 168.10397, 26.316689
969303310000, 31.327057, 168.10919, 26.314068
969308365000, 31.309729, 168.11237, 26.313484
969313358000, 31.29568, 168.12186, 26.312359
969318469000, 31.280005, 168.12807, 26.31036
969323783000, 31.26933, 168.13222, 26.307114
969328361000, 31.257597, 168.13849, 26.308989
969333702000, 31.24866, 168.14297, 26.30806
969338369000, 31.237978, 168.14607, 26.30762
969343296000, 31.228954, 168.14679, 26.308512
969348367000, 31.225758, 168.15338, 26.313383
969353348000, 31.21744, 168.15617, 26.3171
969358365000, 31.209373, 168.16428, 26.321123
969363341000, 31.198008, 168.17192, 26.323057
969368450000, 31.18982, 168.17981, 26.330412
969373410000, 31.181108, 168.18631, 26.332882
969378357000, 31.167387, 168.19624, 26.340097
969383371000, 31.15678, 168.20477, 26.346956
969388368000, 31.147936, 168.21591, 26.350475
969393363000, 31.139969, 168.22116, 26.360159
969398346000, 31.129583, 168.22871, 26.361464
969403370000, 31.125486, 168.23145, 26.36459
969408360000, 31.1139, 168.24086, 26.369402
969413330000, 31.105572, 168.24712, 26.371895
969418422000, 31.096603, 168.25084, 26.3752
969423403000, 31.082678, 168.25781, 26.376953
969428347000, 31.07706, 168.26205, 26.374071
969433366000, 31.06859, 168.27435, 26.368906
969438335000, 31.057707, 168.27899, 26.366186
969443363000, 31.0465, 168.28543, 26.36224
969448309000, 31.034277, 168.29161, 26.361313
969453376000, 31.02517, 168.2996, 26.359356
969458317000, 31.01719, 168.30095, 26.357218
969463346000, 31.013374, 168.30469, 26.353691
969468454000, 31.014977, 168.30525, 26.356428
969473428000, 31.015305, 168.30783, 26.354305
969478297000, 31.018963, 168.30968, 26.349703
969483363000, 31.023014, 168.30977, 26.349102
969488326000, 31.02547, 168.30908, 26.34428
969493358000, 31.029053, 168.3128, 26.342382
969498349000, 31.031698, 168.31514, 26.33784
969503374000, 31.033644, 168.31897, 26.335842
969508328000, 31.038208, 168.31902, 26.331867
969513354000, 31.038275, 168.32404, 26.33171
969518575000, 31.04412, 168.3247, 26.3264
969523429000, 31.048468, 168.32155, 26.331722
969528361000, 31.053265, 168.32175, 26.335508
969533348000, 31.058582, 168.31636, 26.338041
969538373000, 31.06328, 168.31677, 26.342148
969543363000, 31.06665, 168.31494, 26.347832
969548352000, 31.068691, 168.31581, 26.347332
969553420000, 31.078012, 168.30699, 26.346106
969558365000, 31.080498, 168.3018, 26.342356
969563378000, 31.08853, 168.29211, 26.339266
969568528000, 31.09093, 168.28409, 26.337582
969573390000, 31.099955, 168.27388, 26.335474
969578361000, 31.104202, 168.26685, 26.333084
969583345000, 31.11452, 168.26062, 26.33858
969588374000, 31.127651, 168.25375, 26.34626
969593332000, 31.135393, 168.24988, 26.351507
969598344000, 31.149824, 168.24277, 26.358372
969603305000, 31.16156, 168.23509, 26.361979
969608367000, 31.176014, 168.22604, 26.368944
969613367000, 31.188095, 168.21796, 26.368793
969618511000, 31.201365, 168.20982, 26.376207
969623527000, 31.209883, 168.20578, 26.379332
969628363000, 31.21286, 168.20439, 26.385988
969633560000, 31.219648, 168.19897, 26.385479
969638375000, 31.225935, 168.19121, 26.38951
969643310000, 31.228552, 168.19147, 26.389723
969648346000, 31.236383, 168.18431, 26.388718
969653322000, 31.238413, 168.18317, 26.394745
969663372000, 31.244862, 168.18349, 26.3901
969668465000, 31.25138, 168.18262, 26.392313
969673480000, 31.256279, 168.18385, 26.39334
969678357000, 31.259838, 168.18417, 26.397724
969683373000, 31.263018, 168.18393, 26.40025
969688330000, 31.267067, 168.19066, 26.400879
969693361000, 31.273771, 168.18945, 26.39825
969698317000, 31.277287, 168.19754, 26.396812
969703351000, 31.282976, 168.19966, 26.400951
969708296000, 31.284853, 168.20428, 26.400555
969713390000, 31.289675, 168.20769, 26.40287
969718421000, 31.290089, 168.21515, 26.408548
969723490000, 31.290531, 168.22395, 26.411888
969728376000, 31.29379, 168.22745, 26.4142
969733374000, 31.29483, 168.23111, 26.419222
969738348000, 31.289656, 168.2367, 26.419147
969743363000, 31.287569, 168.24132, 26.422567
969748351000, 31.283072, 168.24258, 26.425287
969753378000, 31.27977, 168.25015, 26.42669
969758707000, 31.277737, 168.25134, 26.429846
969763371000, 31.2731, 168.25931, 26.43443
969768408000, 31.266293, 168.2651, 26.439436
969773445000, 31.259686, 168.2755, 26.443731
969778297000, 31.252132, 168.28291, 26.449627
969783354000, 31.241053, 168.2924, 26.449638
969788374000, 31.232437, 168.29604, 26.454605
969793365000, 31.221025, 168.30904, 26.463305
969798347000, 31.203678, 168.32332, 26.468946
969803383000, 31.196587, 168.32864, 26.474245
969808366000, 31.183844, 168.34126, 26.477669
969813369000, 31.173843, 168.35248, 26.481958
969818452000, 31.16274, 168.36417, 26.481934
969823411000, 31.154696, 168.37436, 26.487474
969828362000, 31.143015, 168.38504, 26.487017
969833353000, 31.136585, 168.38852, 26.48936
969838374000, 31.125174, 168.3929, 26.48556
969843358000, 31.12036, 168.39793, 26.4818
969848343000, 31.111021, 168.40465, 26.47648
969858368000, 31.104788, 168.40846, 26.471987
969863374000, 31.096308, 168.41534, 26.46568
969868467000, 31.083525, 168.4263, 26.460756
969873499000, 31.068651, 168.43405, 26.462635
969878367000, 31.05359, 168.44638, 26.461584
969883352000, 31.039059, 168.45753, 26.458551
969888373000, 31.026283, 168.46829, 26.454731
969893367000, 31.009695, 168.4771, 26.455473
969898354000, 30.995901, 168.48509, 26.455553
969903305000, 30.978735, 168.49213, 26.456593
969908366000, 30.966698, 168.49997, 26.457146
