#Acceleration force along the x y z axes (including gravity).
#timestamp(ns),x,y,z(m/s^2)
#Datetime: 11/06/2014 12:33:57
##########################################
#Activity: 13 - SDL - Sideward-lying - 10s
#Subject ID: 27
#First Name: sub27
#Last Name: sub27
#Age: 25
#Height(cm): 180
#Weight(kg): 82
#Gender: Male
##########################################

@DATA
1629914183000, -0.842759, 9.749189, 1.1492168
1630112876000, -1.7621324, 13.321339, -0.38307226
1630312581000, -0.50757074, 9.11712, 2.2218192
1630514001000, -1.7429788, 9.519346, 0.5554548
1630713510000, -0.545878, 2.815581, 3.3327289
1630912827000, -2.1164744, 4.261679, 5.439626
1631113090000, 4.8267107, 8.686164, 6.3206925
1631123485000, 5.353435, 8.341399, 5.717354
1631133357000, 5.3247046, 7.833828, 5.161899
1631144424000, 3.5913026, 7.1730285, 6.196194
1631154031000, 2.1643584, 6.7612257, 5.813122
1631164037000, 1.8674773, 6.6367273, 3.7445314
1631174286000, 3.4859576, 7.3071036, 1.8674773
1631184242000, 7.144298, 8.475474, 3.5434184
1631194406000, 10.323798, 8.599973, 5.3342814
1631204695000, 9.691729, 10.141838, 4.5777135
1631214737000, 8.963891, 9.184157, 4.6830587
1631224734000, 8.418014, 8.1402855, 4.7022123
1631234695000, 8.303091, 7.479486, 4.271256
1631245863000, 8.695741, 7.335834, 3.1603463
1631256112000, 9.193734, 7.4603324, 2.1643584
1631266344000, 9.758766, 7.7572136, 1.9728222
1631286576000, 8.801085, 7.833828, 2.4899697
1631296825000, 7.6614456, 7.872135, 2.4037786
1631308149000, 7.2304893, 8.025364, 1.8579005
1631317349000, 8.39886, 7.4507556, 2.183512
1631327467000, 8.532935, 5.6407394, 0.2681506
1631338475000, 9.969456, 6.981492, -1.8579005
1631349647000, 14.757859, 12.98615, -1.9536686
1631358669000, 17.152061, 16.261417, -0.94810385
1631369268000, 18.349161, 17.899052, 8.418014
1631379311000, 18.942924, 18.722658, 10.94629
1631389202000, 19.239805, 16.759413, 7.144298
1631401564000, 17.860744, 8.082825, 3.86903
1631420920000, 16.060305, 0.7182605, 4.0222588
1631432109000, 12.861651, -10.46745, 4.232949
1631441886000, 11.089942, -7.776367, 2.5953147
1631451478000, 9.251195, -5.1523223, 1.3982137
1631464879000, 8.00621, -3.41892, 1.484405
1631476107000, 6.9048777, -1.340753, 3.9839516
1631485694000, 5.707777, 0.9768343, 8.274361
1631496295000, 4.357447, 2.815581, 13.053187
1631505473000, 2.6527755, 3.821146, 16.299725
1631515914000, 0.81402856, 4.0797195, 16.452953
1631525737000, -0.51714754, 3.821146, 14.058752
1631535810000, -1.1013328, 2.8443117, 10.850522
1631545974000, -1.3311762, 1.8387469, 7.1826053
1631556156000, -0.8619126, 1.685518, 3.4859576
1631566282000, -0.2681506, 2.0590134, 0.33518824
1631576215000, -0.02873042, 2.3175871, -1.3120226
1631586342000, 0.7565677, 2.0590134, -0.8523358
1631596467000, 1.5993267, 1.2162545, -1.043872
1631608241000, 2.432509, 0.21068975, -2.96881
1631618256000, 3.7445314, -1.0630256, -6.646304
1631628678000, 5.449203, -0.94810385, -6.8761473
1631642780000, 7.2687964, -0.6607997, -6.751649
1631652012000, 8.513782, -0.60333884, -6.933608
1631662217000, 9.883265, -0.79487497, -7.3549876
1631671990000, 11.559206, -1.7046716, -8.37013
1631683136000, 13.445837, -2.9113493, -9.174581
1631693537000, 14.901511, -3.8402996, -9.414001
1631704671000, 15.801731, -4.223372, -8.686164
1631714844000, 16.357185, -4.060566, -7.0581064
1631725940000, 16.46253, -3.667917, -5.21936
1631735284000, 16.270994, -3.2752678, -3.7541082
1631745435000, 14.84405, -3.1124623, -4.1946416
1631756322000, 8.992621, -4.003105, -7.7093296
1631766289000, 6.167464, -5.2959743, -7.8625584
1631776322000, 4.8458643, -5.659893, -6.646304
1631786386000, 4.5872903, -5.650316, -5.1235914
1631796484000, 4.501099, -5.554548, -3.8594532
1631806599000, 4.3957543, -5.4683566, -2.9496565
1631826813000, 4.185065, -5.717354, -2.3654714
1631847056000, 3.6966474, -6.397307, -2.8060043
1631857453000, 3.3901896, -6.5505357, -2.9975405
1631867164000, 3.3327289, -6.5984197, -3.074155
1631877207000, 3.6966474, -6.694188, -2.6910827
1631887176000, 4.510676, -6.9240313, -2.2218192
1631897278000, 5.5737014, -6.8761473, -2.1643584
1631908129000, 6.7229185, -5.410896, -2.087744
1631917575000, 7.776367, -3.2561142, -1.7429788
1631928162000, 8.341399, -1.3024458, -1.6184803
1631938088000, 8.331821, -0.38307226, -2.2888567
1631948190000, 8.8777, -0.63206923, -4.2042184
1631958694000, 9.873688, -1.484405, -6.0238113
1631969438000, 10.620679, -1.9153614, -7.249643
1631979091000, 11.386824, -1.7142484, -8.082825
1631989755000, 11.9614315, -1.8483237, -8.149862
1632000710000, 12.066776, -2.7006595, -7.2592196
1632010386000, 11.827356, -3.4572272, -6.215348
1632020564000, 11.9614315, -4.213795, -4.55856
1632031145000, 11.712435, -4.7022123, -3.1986535
1632041499000, 10.91756, -4.912902, -2.3080103
1632050917000, 9.950302, -4.8937483, -2.1068976
1632064068000, 8.149862, -4.4436383, -2.336741
1632076023000, 7.3645644, -4.280833, -2.5187001
1632085391000, 6.8091097, -4.060566, -2.72939
1632095704000, 6.3111157, -3.8402996, -3.1028855
1632105643000, 5.8801594, -3.5338416, -3.5338416
1632117050000, 5.5162406, -3.0454245, -3.821146
1632127120000, 5.410896, -2.4133554, -4.0892963
1632138290000, 5.583278, -1.7238252, -4.232949
1632148792000, 5.9184666, -1.1779473, -4.405331
1632159752000, 6.4643445, -0.82360536, -4.606444
1632184151000, 9.308656, -0.9959879, -4.5872903
1632193257000, 10.429143, -1.1013328, -4.185065
1632203520000, 11.434708, -1.1300632, -3.8115692
1632214384000, 12.220005, -1.0247183, -3.4572272
1632225703000, 12.555194, -0.94810385, -3.1603463
1632235169000, 12.53604, -0.82360536, -2.9017725
1632245296000, 12.258312, -0.7374141, -2.585738
1632255959000, 11.750742, -0.6895301, -2.2984335
1632276076000, 10.496181, -0.50757074, -1.8483237
1632297075000, 9.308656, -0.36391866, -1.8674773
1632309801000, 8.350976, -0.29688102, -2.183512
1632320615000, 7.97748, -0.36391866, -2.3942018
1632331279000, 7.795521, -0.41180268, -2.6240451
1632340882000, 7.728483, -0.39264908, -2.9017725
1632355220000, 7.73806, -0.35434186, -3.2082303
1632364418000, 7.8529816, -0.32561144, -3.4572272
1632376125000, 8.00621, -0.24899697, -3.7253778
1632385765000, 8.178593, -0.1340753, -3.8594532
1632397405000, 8.446744, 0.02873042, -3.8881836
1632408311000, 8.590396, 0.019153614, -3.8019924
1632417549000, 8.734048, -0.095768064, -3.7253778
1632427691000, 8.935161, -0.22984336, -3.6008794
1632437758000, 9.193734, -0.47884035, -3.4284968
1632447896000, 9.471462, -0.7374141, -3.265691
1632458040000, 9.80665, -1.043872, -3.1316159
1632467959000, 10.065224, -1.3024458, -2.9592333
1632478409000, 10.304645, -1.5801731, -2.8443117
1632488108000, 10.43872, -1.733402, -2.6431987
1632498297000, 10.46745, -1.7908629, -2.585738
1632518568000, 10.419566, -1.8195933, -2.633622
1632528705000, 10.304645, -1.7621324, -2.7102363
1632538922000, 10.208876, -1.6663644, -2.7485435
1632549448000, 10.132261, -1.5993267, -2.815581
1632559974000, 10.04607, -1.5514427, -2.8443117
1632570245000, 9.940725, -1.4748282, -2.9400797
1632581241000, 9.768343, -1.3503298, -2.9975405
1632591520000, 9.595961, -1.2641385, -3.0550013
1632601024000, 9.394848, -1.2354081, -3.083732
1632610932000, 9.241618, -1.2449849, -3.0262709
1632621060000, 9.155427, -1.2641385, -2.9879637
1632631472000, 9.040505, -1.2545617, -2.9496565
1632643068000, 8.868123, -1.3120226, -2.8634653
1632662389000, 8.743625, -1.4077905, -2.9113493
1632683497000, 8.762778, -1.5705963, -2.9400797
1632693678000, 8.801085, -1.6567876, -2.9879637
1632704812000, 8.8777, -1.7238252, -2.9592333
1632715553000, 8.916007, -1.7908629, -2.9400797
1632726572000, 8.983045, -1.8962077, -2.930503
1632736126000, 9.097966, -2.0207062, -2.9113493
1632761489000, 9.184157, -2.0494366, -2.930503
1632771525000, 9.471462, -2.2026656, -2.9400797
1632781355000, 9.528923, -2.1930888, -2.9113493
1632801786000, 9.557653, -2.1547816, -2.930503
1632811853000, 9.519346, -2.135628, -2.9592333
1632831711000, 9.481039, -2.078167, -2.96881
1632841722000, 9.452309, -2.0494366, -2.9783869
1632851799000, 9.375694, -1.9440918, -2.96881
1632871987000, 9.32781, -1.8674773, -2.9113493
1632882634000, 9.289502, -1.8100165, -2.9400797
1632892574000, 9.251195, -1.7812861, -2.930503
1632902649000, 9.241618, -1.7429788, -2.9783869
1632912745000, 9.232041, -1.7046716, -2.920926
1632932921000, 9.394848, -1.6950948, -2.7006595
1632943663000, 9.528923, -1.7429788, -2.6719291
1632953033000, 9.557653, -1.8004397, -2.6431987
1632973177000, 9.615114, -1.8962077, -2.6144683
1633003774000, 9.586384, -2.0590134, -2.633622
1633025336000, 9.481039, -2.0590134, -2.6144683
1633036497000, 9.461885, -2.0685902, -2.5474305
1633045675000, 9.423578, -2.078167, -2.6048915
1633056080000, 9.394848, -2.030283, -2.585738
1633068848000, 9.385271, -1.9728222, -2.633622
1633079321000, 9.404425, -1.9153614, -2.5761611
1633099294000, 9.442732, -1.8962077, -2.5570073
1633110197000, 9.414001, -1.8483237, -2.5378537
1633120353000, 9.433155, -1.8195933, -2.5187001
1633141362000, 9.433155, -1.8004397, -2.528277
1633150801000, 9.423578, -1.8195933, -2.4995465
1633171150000, 9.433155, -1.8291701, -2.5378537
1633192400000, 9.500193, -1.7621324, -2.5761611
1633212140000, 9.461885, -1.8291701, -2.6144683
1633231711000, 9.452309, -1.8387469, -2.6240451
1633242411000, 9.423578, -1.8770541, -2.6623523
1633251905000, 9.442732, -1.8962077, -2.6719291
1633272444000, 9.414001, -1.9153614, -2.681506
1633283306000, 9.442732, -1.934515, -2.6719291
1633302807000, 9.509769, -1.982399, -2.681506
1633315861000, 9.519346, -1.9536686, -2.72939
1633336321000, 9.471462, -1.934515, -2.7006595
1633346010000, 9.433155, -1.8962077, -2.719813
1633366522000, 9.32781, -1.8674773, -2.633622
1633376600000, 9.346964, -1.8770541, -2.6910827
1633386714000, 9.337387, -1.8866309, -2.7006595
1633396895000, 9.385271, -1.8674773, -2.7485435
1633418292000, 9.385271, -1.8674773, -2.6910827
1633428353000, 9.337387, -1.8291701, -2.7581203
1633438423000, 9.356541, -1.8387469, -2.777274
1633458272000, 9.337387, -1.8291701, -2.8060043
1633478770000, 9.3182335, -1.7812861, -2.8060043
1633498759000, 9.270349, -1.8100165, -2.7964275
1633519255000, 9.270349, -1.8291701, -2.815581
1633539310000, 9.212888, -1.8387469, -2.9113493
1633549973000, 9.203311, -1.8483237, -2.9400797
1633560003000, 9.232041, -1.8579005, -2.9017725
1633571134000, 9.241618, -1.8866309, -2.873042
1633580274000, 9.299079, -1.9057846, -2.9113493
1633590485000, 9.3182335, -1.9153614, -2.873042
1633600678000, 9.3661175, -1.9249382, -2.8538885
1633610715000, 9.375694, -1.8674773, -2.882619
1633621090000, 9.385271, -1.8483237, -2.8634653
1633631277000, 9.375694, -1.8291701, -2.834735
1633651534000, 9.375694, -1.7717092, -2.8634653
1633661320000, 9.346964, -1.7142484, -2.834735
1633671434000, 9.32781, -1.7429788, -2.815581
1633681503000, 9.289502, -1.7046716, -2.8060043
1633691721000, 9.241618, -1.6950948, -2.7964275
1633701934000, 9.289502, -1.685518, -2.815581
1633721970000, 9.394848, -1.7525556, -2.719813
1633732722000, 9.414001, -1.7621324, -2.72939
1633742271000, 9.433155, -1.7908629, -2.681506
1633753118000, 9.442732, -1.7812861, -2.6719291
1633763293000, 9.452309, -1.8004397, -2.7006595
1633773250000, 9.471462, -1.8387469, -2.6910827
1633783364000, 9.490616, -1.8770541, -2.6719291
1633793560000, 9.461885, -1.9249382, -2.681506
1633803622000, 9.433155, -1.9057846, -2.6431987
1633814434000, 9.442732, -1.8962077, -2.6240451
1633823656000, 9.356541, -1.8483237, -2.6527755
1633833692000, 9.299079, -1.8100165, -2.633622
1633844575000, 9.107543, -1.7429788, -2.72939
1633854323000, 9.078813, -1.7046716, -2.777274
1633864362000, 9.069236, -1.6567876, -2.767697
1633874120000, 9.11712, -1.5993267, -2.7964275
1633884356000, 9.165004, -1.5705963, -2.825158
1633905199000, 9.279925, -1.541866, -2.834735
1633915585000, 9.394848, -1.5705963, -2.882619
1633925108000, 9.490616, -1.6280571, -2.9113493
1633935462000, 9.5385, -1.7238252, -2.882619
1633945210000, 9.595961, -1.8195933, -2.815581
1633955349000, 9.634268, -1.9536686, -2.7868507
1633966149000, 9.653421, -2.0685902, -2.767697
1633975557000, 9.643845, -2.1452048, -2.719813
1633985783000, 9.605537, -2.1643584, -2.7102363
1633995824000, 9.528923, -2.231396, -2.6719291
1634005957000, 9.461885, -2.2409728, -2.6623523
1634016083000, 9.337387, -2.2601264, -2.6719291
1634026226000, 9.260772, -2.2218192, -2.6240451
1634036500000, 9.222465, -2.2026656, -2.633622
1634047003000, 9.212888, -2.1643584, -2.5761611
1634056548000, 9.251195, -2.1068976, -2.4995465
1634066747000, 9.299079, -2.0494366, -2.480393
1634076822000, 9.394848, -2.0207062, -2.432509
1634097141000, 9.404425, -1.934515, -2.4229321
1634117416000, 9.385271, -1.8483237, -2.3942018
1634128253000, 9.375694, -1.8004397, -2.3463178
1634137671000, 9.385271, -1.7812861, -2.2888567
1634147906000, 9.375694, -1.7908629, -2.3175871
1634158235000, 9.3661175, -1.7812861, -2.2984335
1634168422000, 9.404425, -1.7908629, -2.327164
1634178525000, 9.442732, -1.8483237, -2.3942018
1634188538000, 9.461885, -1.8962077, -2.384625
1634198644000, 9.442732, -1.9153614, -2.3942018
1634209304000, 9.3661175, -1.982399, -2.4133554
1634219294000, 9.308656, -2.0494366, -2.432509
1634239264000, 9.289502, -2.1068976, -2.4133554
1634250203000, 9.32781, -2.1260512, -2.4037786
1634259764000, 9.3661175, -2.2505496, -2.4133554
1634280067000, 9.452309, -2.3463178, -2.4516625
1634291255000, 9.509769, -2.3558946, -2.4612393
1634300255000, 9.605537, -2.3654714, -2.4708161
1634310347000, 9.624691, -2.4037786, -2.5091233
1634320498000, 9.605537, -2.3750482, -2.4899697
1634330678000, 9.634268, -2.3463178, -2.4708161
1634341552000, 9.586384, -2.327164, -2.4516625
1634350869000, 9.56723, -2.27928, -2.4037786
1634361221000, 9.528923, -2.2218192, -2.3654714
1634371380000, 9.471462, -2.1930888, -2.2697031
1634381420000, 9.433155, -2.1643584, -2.2888567
1634401870000, 9.414001, -2.1164744, -2.3558946
1634422288000, 9.308656, -2.087744, -2.4229321
1634432067000, 9.270349, -2.0973208, -2.432509
1634442398000, 9.184157, -2.1164744, -2.4516625
1634472537000, 9.14585, -2.0973208, -2.480393
1634492783000, 9.222465, -2.1643584, -2.4420857
1634503578000, 9.279925, -2.183512, -2.4708161
1634534463000, 9.528923, -2.2218192, -2.4229321
1634554702000, 9.56723, -2.1643584, -2.4516625
1634565231000, 9.576807, -2.1739352, -2.4133554
1634575640000, 9.56723, -2.1452048, -2.432509
1634615918000, 9.509769, -2.078167, -2.4420857
1634625634000, 9.452309, -2.0207062, -2.432509
1634645973000, 9.394848, -1.9919758, -2.4229321
1634655797000, 9.337387, -2.0015526, -2.4612393
1634665647000, 9.346964, -1.9919758, -2.4420857
1634686153000, 9.32781, -2.0207062, -2.4420857
1634696527000, 9.3182335, -1.9919758, -2.4133554
1634716774000, 9.356541, -2.0590134, -2.4516625
1634736961000, 9.385271, -2.078167, -2.4612393
1634747156000, 9.3661175, -2.087744, -2.480393
1634757973000, 9.394848, -2.0973208, -2.4708161
1634808038000, 9.385271, -2.087744, -2.4899697
1634818169000, 9.394848, -2.1068976, -2.4708161
1634838453000, 9.3661175, -2.078167, -2.5091233
1634848633000, 9.337387, -2.0494366, -2.4899697
1634869031000, 9.356541, -2.0973208, -2.4708161
1634879402000, 9.385271, -2.1068976, -2.4420857
1634889244000, 9.423578, -2.087744, -2.4612393
1634909635000, 9.404425, -2.078167, -2.4229321
1634929886000, 9.394848, -2.0973208, -2.4995465
1634939694000, 9.404425, -2.1260512, -2.5091233
1634949815000, 9.356541, -2.1547816, -2.480393
1634959951000, 9.375694, -2.135628, -2.4899697
1634970113000, 9.32781, -2.1547816, -2.528277
1634980487000, 9.337387, -2.183512, -2.5378537
1634990184000, 9.385271, -2.2026656, -2.5187001
1635000300000, 9.356541, -2.1930888, -2.5091233
1635020569000, 9.375694, -2.1643584, -2.4995465
1635030757000, 9.356541, -2.1547816, -2.4899697
1635041510000, 9.346964, -2.1452048, -2.4708161
1635060922000, 9.32781, -2.1547816, -2.4899697
1635071286000, 9.3661175, -2.1164744, -2.5091233
1635101616000, 9.3182335, -2.1260512, -2.4420857
1635123284000, 9.279925, -2.1068976, -2.4420857
1635143062000, 9.356541, -2.1164744, -2.4516625
1635153297000, 9.3661175, -2.1547816, -2.4229321
1635163817000, 9.385271, -2.1260512, -2.4133554
1635173522000, 9.423578, -2.135628, -2.4229321
1635194822000, 9.481039, -2.1547816, -2.4133554
1635215091000, 9.461885, -2.1452048, -2.432509
1635224838000, 9.442732, -2.1547816, -2.3942018
1635235124000, 9.414001, -2.1643584, -2.384625
1635245295000, 9.423578, -2.1452048, -2.3654714
1635255306000, 9.404425, -2.135628, -2.3558946
1635265598000, 9.423578, -2.1164744, -2.3654714
1635275322000, 9.433155, -2.135628, -2.3750482
1635285629000, 9.394848, -2.1164744, -2.336741
1635296007000, 9.433155, -2.135628, -2.3750482
1635305734000, 9.394848, -2.1643584, -2.4133554
1635325528000, 9.375694, -2.1643584, -2.3558946
1635335883000, 9.356541, -2.1739352, -2.3654714
1635356062000, 9.3661175, -2.183512, -2.3558946
1635366133000, 9.356541, -2.1643584, -2.3942018
1635386295000, 9.394848, -2.2026656, -2.432509
1635396607000, 9.385271, -2.2409728, -2.4516625
1635416557000, 9.394848, -2.1739352, -2.432509
1635426637000, 9.356541, -2.1260512, -2.4420857
1635436870000, 9.3661175, -2.1164744, -2.384625
1635447175000, 9.385271, -2.135628, -2.336741
1635456991000, 9.404425, -2.1164744, -2.2697031
1635467198000, 9.394848, -2.1643584, -2.2601264
1635477269000, 9.385271, -2.183512, -2.2888567
1635487531000, 9.423578, -2.2218192, -2.3080103
1635508180000, 9.433155, -2.2218192, -2.3558946
1635528310000, 9.375694, -2.2122424, -2.384625
1635538671000, 9.337387, -2.2218192, -2.4612393
1635549069000, 9.260772, -2.2505496, -2.4995465
1635559776000, 9.232041, -2.2218192, -2.5091233
1635580432000, 9.289502, -2.2601264, -2.5187001
1635589613000, 9.299079, -2.2505496, -2.5091233
1635609839000, 9.308656, -2.1930888, -2.4995465
1635620101000, 9.346964, -2.2122424, -2.480393
1635631299000, 9.356541, -2.183512, -2.4420857
1635640699000, 9.346964, -2.2122424, -2.432509
1635651012000, 9.394848, -2.2026656, -2.384625
1635660809000, 9.471462, -2.183512, -2.336741
1635670899000, 9.509769, -2.1739352, -2.3080103
1635691153000, 9.461885, -2.1164744, -2.3175871
1635701298000, 9.442732, -2.087744, -2.327164
1635721582000, 9.423578, -2.078167, -2.2984335
1635731639000, 9.404425, -2.0973208, -2.3080103
1635741702000, 9.356541, -2.087744, -2.336741
1635761943000, 9.375694, -2.135628, -2.336741
1635771949000, 9.404425, -2.1547816, -2.4037786
1635782026000, 9.385271, -2.183512, -2.432509
1635802373000, 9.414001, -2.1739352, -2.4420857
1635823073000, 9.452309, -2.2122424, -2.4037786
1635843783000, 9.557653, -2.2409728, -2.432509
1635863433000, 9.481039, -2.2122424, -2.384625
1635873490000, 9.394848, -2.1452048, -2.3942018
1635903652000, 9.222465, -2.1260512, -2.432509
1635914579000, 9.212888, -2.1739352, -2.4995465
1635924587000, 9.241618, -2.183512, -2.4612393
1635934397000, 9.270349, -2.2218192, -2.5091233
1635944496000, 9.337387, -2.231396, -2.5474305
1635954597000, 9.356541, -2.2409728, -2.6048915
1635975187000, 9.375694, -2.2984335, -2.6144683
1635995734000, 9.308656, -2.27928, -2.5187001
1636015774000, 9.251195, -2.2122424, -2.4516625
1636025815000, 9.270349, -2.183512, -2.4229321
1636035480000, 9.308656, -2.2122424, -2.3558946
1636045899000, 9.3182335, -2.183512, -2.3463178
1636055771000, 9.346964, -2.1643584, -2.3175871
1636065917000, 9.385271, -2.1452048, -2.27928
1636075989000, 9.433155, -2.1164744, -2.2505496
1636086039000, 9.461885, -2.135628, -2.2218192
1636096264000, 9.490616, -2.0973208, -2.2601264
1636106359000, 9.509769, -2.1068976, -2.327164
1636117146000, 9.490616, -2.0494366, -2.3175871
1636126616000, 9.500193, -2.0398598, -2.327164
1636137106000, 9.490616, -2.0015526, -2.336741
1636147083000, 9.500193, -1.9728222, -2.3942018
1636156916000, 9.481039, -1.982399, -2.4037786
1636167101000, 9.442732, -2.030283, -2.4229321
1636179275000, 9.346964, -2.087744, -2.384625
1636198443000, 9.32781, -2.135628, -2.3942018
1636208764000, 9.346964, -2.183512, -2.4133554
1636219026000, 9.3182335, -2.2409728, -2.4420857
1636229509000, 9.32781, -2.231396, -2.4037786
1636239016000, 9.3182335, -2.2505496, -2.4229321
1636249271000, 9.3661175, -2.2888567, -2.4133554
1636281259000, 9.404425, -2.2697031, -2.336741
1636290958000, 9.414001, -2.2984335, -2.3080103
1636300837000, 9.471462, -2.3080103, -2.327164
1636310854000, 9.461885, -2.2409728, -2.3175871
1636331229000, 9.433155, -2.2409728, -2.336741
1636341483000, 9.404425, -2.2122424, -2.384625
1636361586000, 9.385271, -2.1547816, -2.3942018
1636371520000, 9.356541, -2.1643584, -2.384625
1636391968000, 9.308656, -2.1930888, -2.3558946
1636411867000, 9.308656, -2.2122424, -2.4133554
1636432050000, 9.299079, -2.2026656, -2.3942018
1636443030000, 9.3182335, -2.2409728, -2.4037786
1636452447000, 9.346964, -2.2601264, -2.3942018
1636462607000, 9.3661175, -2.231396, -2.4037786
1636484287000, 9.414001, -2.2409728, -2.4420857
1636503968000, 9.461885, -2.231396, -2.432509
1636534251000, 9.394848, -2.135628, -2.432509
1636554428000, 9.375694, -2.1452048, -2.4133554
1636565256000, 9.337387, -2.1260512, -2.384625
1636585487000, 9.3661175, -2.135628, -2.3654714
1636605679000, 9.356541, -2.1164744, -2.3654714
1636645690000, 9.3182335, -2.1930888, -2.3558946
1636665869000, 9.289502, -2.2409728, -2.3558946
1636676581000, 9.337387, -2.2888567, -2.3463178
1636685797000, 9.414001, -2.2601264, -2.3750482
1636696270000, 9.442732, -2.2888567, -2.3654714
1636706301000, 9.471462, -2.2601264, -2.4420857
1636716936000, 9.461885, -2.2697031, -2.384625
1636726482000, 9.481039, -2.2505496, -2.3942018
1636736282000, 9.461885, -2.2409728, -2.3654714
1636746399000, 9.423578, -2.2601264, -2.384625
1636756408000, 9.442732, -2.2505496, -2.3654714
1636786827000, 9.356541, -2.2122424, -2.3558946
1636796963000, 9.346964, -2.2218192, -2.3654714
1636807039000, 9.32781, -2.231396, -2.3942018
1636848466000, 9.356541, -2.2601264, -2.3750482
1636869369000, 9.3661175, -2.2505496, -2.3080103
1636888180000, 9.385271, -2.2601264, -2.3175871
1636898268000, 9.394848, -2.27928, -2.3080103
1636909973000, 9.375694, -2.2697031, -2.3463178
1636919539000, 9.394848, -2.231396, -2.336741
1636930466000, 9.375694, -2.2409728, -2.3558946
1636960557000, 9.346964, -2.231396, -2.384625
1636981363000, 9.32781, -2.1930888, -2.3750482
1637000846000, 9.3182335, -2.2218192, -2.4133554
1637020941000, 9.3661175, -2.2026656, -2.4037786
1637031210000, 9.394848, -2.183512, -2.3942018
1637051435000, 9.423578, -2.2026656, -2.4133554
1637061329000, 9.404425, -2.1930888, -2.3654714
1637081770000, 9.423578, -2.2026656, -2.3080103
1637101965000, 9.356541, -2.1930888, -2.3654714
1637122008000, 9.32781, -2.1739352, -2.4229321
1637132132000, 9.3661175, -2.1547816, -2.3750482
1637142235000, 9.3182335, -2.1643584, -2.3654714
1637152536000, 9.299079, -2.1739352, -2.3942018
1637193371000, 9.414001, -2.183512, -2.3750482
1637203354000, 9.442732, -2.2122424, -2.327164
1637213732000, 9.423578, -2.1930888, -2.3558946
1637223666000, 9.385271, -2.2122424, -2.3463178
1637234085000, 9.3661175, -2.2218192, -2.3654714
1637244790000, 9.375694, -2.2026656, -2.3942018
1637254690000, 9.385271, -2.2122424, -2.384625
1637265196000, 9.375694, -2.2218192, -2.4229321
1637275134000, 9.337387, -2.2122424, -2.4420857
1637285066000, 9.299079, -2.2218192, -2.4708161
1637294794000, 9.346964, -2.2026656, -2.4612393
1637304714000, 9.32781, -2.183512, -2.432509
1637315200000, 9.3182335, -2.2026656, -2.4229321
1637335098000, 9.299079, -2.231396, -2.4133554
1637355253000, 9.3182335, -2.2505496, -2.4229321
1637375909000, 9.404425, -2.2697031, -2.4133554
1637385884000, 9.394848, -2.2888567, -2.4037786
1637395896000, 9.404425, -2.2601264, -2.4133554
1637405973000, 9.433155, -2.27928, -2.384625
1637416050000, 9.414001, -2.2409728, -2.4133554
1637426098000, 9.394848, -2.2218192, -2.4037786
1637446406000, 9.394848, -2.2122424, -2.384625
1637476933000, 9.346964, -2.135628, -2.3750482
1637507090000, 9.3661175, -2.2122424, -2.3558946
1637527377000, 9.375694, -2.2218192, -2.336741
1637548278000, 9.433155, -2.2122424, -2.3558946
1637568532000, 9.404425, -2.183512, -2.336741
1637578524000, 9.385271, -2.1930888, -2.3558946
1637588585000, 9.3661175, -2.2026656, -2.3463178
1637609779000, 9.337387, -2.231396, -2.3558946
1637619395000, 9.346964, -2.2218192, -2.384625
1637640223000, 9.3661175, -2.1452048, -2.4133554
1637650326000, 9.385271, -2.1547816, -2.3750482
1637660410000, 9.423578, -2.183512, -2.3942018
1637680415000, 9.442732, -2.1930888, -2.432509
1637690584000, 9.423578, -2.2122424, -2.4229321
1637710674000, 9.404425, -2.1930888, -2.384625
1637740643000, 9.433155, -2.2122424, -2.3654714
1637760945000, 9.471462, -2.231396, -2.3463178
1637772749000, 9.509769, -2.2697031, -2.336741
1637782147000, 9.557653, -2.3080103, -2.2984335
1637802111000, 9.56723, -2.2697031, -2.27928
1637812291000, 9.576807, -2.2601264, -2.3080103
1637822410000, 9.509769, -2.2505496, -2.2505496
1637833241000, 9.442732, -2.2122424, -2.183512
1637843123000, 9.404425, -2.2218192, -2.1547816
1637863729000, 9.308656, -2.2409728, -2.231396
1637873412000, 9.3182335, -2.2697031, -2.2888567
1637884957000, 9.232041, -2.2218192, -2.3942018
1637895378000, 9.251195, -2.2505496, -2.432509
1637905173000, 9.193734, -2.2026656, -2.4516625
1637926106000, 9.212888, -2.2122424, -2.4612393
1637935881000, 9.270349, -2.1547816, -2.5091233
1637955621000, 9.289502, -2.1260512, -2.528277
1637975903000, 9.299079, -2.1164744, -2.585738
1637986040000, 9.308656, -2.1068976, -2.6048915
1638006084000, 9.299079, -2.135628, -2.5761611
1638016138000, 9.289502, -2.1260512, -2.528277
1638036291000, 9.375694, -2.135628, -2.5570073
1638056664000, 9.423578, -2.1260512, -2.528277
1638088510000, 9.394848, -2.078167, -2.528277
1638098406000, 9.385271, -2.0685902, -2.5570073
1638109297000, 9.337387, -2.030283, -2.5378537
1638118533000, 9.32781, -2.0398598, -2.5091233
1638129813000, 9.308656, -2.0111294, -2.528277
1638139671000, 9.3182335, -1.9728222, -2.4995465
1638149726000, 9.337387, -1.9440918, -2.4612393
1638159390000, 9.375694, -1.9728222, -2.4133554
1638169235000, 9.452309, -1.9919758, -2.3750482
1638190275000, 9.557653, -2.0111294, -2.3654714
1638200214000, 9.576807, -2.0590134, -2.336741
1638220959000, 9.528923, -2.078167, -2.3175871
1638241175000, 9.481039, -2.1260512, -2.336741
1638251308000, 9.433155, -2.135628, -2.3558946
1638261281000, 9.385271, -2.1739352, -2.336741
1638271492000, 9.375694, -2.1643584, -2.3175871
1638282369000, 9.299079, -2.2026656, -2.327164
1638305684000, 9.346964, -2.2218192, -2.3175871
1638315065000, 9.3661175, -2.2601264, -2.3558946
1638335101000, 9.375694, -2.2888567, -2.336741
1638355156000, 9.414001, -2.2601264, -2.3558946
1638365542000, 9.404425, -2.2697031, -2.3750482
1638375466000, 9.394848, -2.231396, -2.4229321
1638395617000, 9.433155, -2.2026656, -2.5091233
1638405727000, 9.423578, -2.1643584, -2.480393
1638415845000, 9.433155, -2.135628, -2.4420857
1638426282000, 9.461885, -2.1452048, -2.4229321
1638436178000, 9.423578, -2.1164744, -2.384625
1638446577000, 9.404425, -2.0685902, -2.3942018
1638466277000, 9.3661175, -2.0590134, -2.4133554
1638476565000, 9.308656, -2.0685902, -2.3942018
1638486410000, 9.299079, -2.1260512, -2.4133554
1638496670000, 9.32781, -2.2218192, -2.4229321
1638517426000, 9.337387, -2.2409728, -2.432509
1638527510000, 9.346964, -2.2026656, -2.4516625
1638547910000, 9.356541, -2.231396, -2.4516625
1638568006000, 9.3661175, -2.1930888, -2.4133554
1638588226000, 9.385271, -2.2505496, -2.4420857
1638598609000, 9.414001, -2.231396, -2.432509
1638618709000, 9.404425, -2.2218192, -2.4420857
1638628843000, 9.385271, -2.2026656, -2.3942018
1638639289000, 9.394848, -2.183512, -2.4037786
1638648999000, 9.404425, -2.2026656, -2.4516625
1638669271000, 9.414001, -2.1930888, -2.432509
1638679587000, 9.3661175, -2.183512, -2.4037786
1638699567000, 9.346964, -2.1164744, -2.4420857
1638720490000, 9.337387, -2.1547816, -2.4229321
1638750787000, 9.442732, -2.1452048, -2.3654714
1638760638000, 9.394848, -2.1547816, -2.4037786
1638781003000, 9.346964, -2.2122424, -2.2984335
1638790717000, 9.385271, -2.1930888, -2.327164
1638811282000, 9.423578, -2.1930888, -2.3654714
1638822684000, 9.356541, -2.2122424, -2.3463178
1638842159000, 9.356541, -2.2026656, -2.3558946
1638852400000, 9.375694, -2.2122424, -2.3654714
1638862314000, 9.394848, -2.2026656, -2.384625
1638873208000, 9.404425, -2.1930888, -2.4037786
1638883014000, 9.375694, -2.183512, -2.4133554
1638893128000, 9.337387, -2.1930888, -2.432509
1638903217000, 9.3661175, -2.1643584, -2.4899697
1638933700000, 9.414001, -2.1164744, -2.4612393
1638944774000, 9.394848, -2.1260512, -2.4037786
1638965117000, 9.356541, -2.1739352, -2.3750482
1638974771000, 9.385271, -2.2122424, -2.3942018
1638984931000, 9.394848, -2.231396, -2.336741
1638995190000, 9.385271, -2.2601264, -2.3750482
1639015529000, 9.375694, -2.327164, -2.3942018
1639025589000, 9.394848, -2.3463178, -2.4037786
1639035742000, 9.375694, -2.336741, -2.3750482
1639045784000, 9.3661175, -2.2888567, -2.327164
1639055730000, 9.299079, -2.4420857, -2.2026656
1639065743000, 9.308656, -2.2984335, -2.2218192
1639075853000, 9.3182335, -2.27928, -2.27928
1639095832000, 9.375694, -2.2984335, -2.2026656
1639116051000, 9.423578, -2.3080103, -2.2218192
1639156542000, 9.375694, -2.2888567, -2.3942018
1639166505000, 9.346964, -2.27928, -2.432509
1639176669000, 9.308656, -2.2888567, -2.3942018
1639186728000, 9.289502, -2.2505496, -2.4516625
1639206941000, 9.337387, -2.2122424, -2.4420857
1639238190000, 9.3182335, -2.2026656, -2.384625
1639248212000, 9.289502, -2.2218192, -2.3654714
1639258168000, 9.32781, -2.2409728, -2.327164
1639288444000, 9.394848, -2.2218192, -2.3558946
1639298770000, 9.433155, -2.231396, -2.3463178
1639309827000, 9.461885, -2.2218192, -2.3750482
1639319693000, 9.481039, -2.2122424, -2.336741
1639330293000, 9.471462, -2.1643584, -2.3175871
1639350189000, 9.490616, -2.1547816, -2.327164
1639370401000, 9.442732, -2.1452048, -2.3463178
1639390163000, 9.3661175, -2.183512, -2.336741
1639400804000, 9.404425, -2.2026656, -2.3080103
1639410755000, 9.423578, -2.183512, -2.3175871
1639420767000, 9.404425, -2.2122424, -2.2984335
1639451191000, 9.346964, -2.231396, -2.336741
1639471260000, 9.32781, -2.2122424, -2.3558946
1639481458000, 9.346964, -2.1739352, -2.3654714
1639491637000, 9.356541, -2.1643584, -2.3175871
1639501750000, 9.3661175, -2.183512, -2.3080103
1639521828000, 9.423578, -2.1930888, -2.3558946
1639542195000, 9.404425, -2.2601264, -2.3942018
1639562314000, 9.385271, -2.2409728, -2.3558946
1639573316000, 9.337387, -2.2601264, -2.3654714
1639593310000, 9.394848, -2.27928, -2.3558946
1639613725000, 9.385271, -2.2601264, -2.3942018
1639624046000, 9.3661175, -2.2888567, -2.432509
1639635108000, 9.356541, -2.2697031, -2.4133554
1639645333000, 9.337387, -2.2601264, -2.384625
1639665675000, 9.394848, -2.2218192, -2.336741
1639675816000, 9.3661175, -2.2026656, -2.3080103
1639685855000, 9.356541, -2.1739352, -2.2888567
1639695781000, 9.3661175, -2.1547816, -2.27928
1639715855000, 9.346964, -2.183512, -2.2984335
1639725859000, 9.356541, -2.2026656, -2.3175871
1639745964000, 9.385271, -2.2409728, -2.3175871
