#Acceleration force along the x y z axes (including gravity).
#timestamp(ns),x,y,z(m/s^2)
#Datetime: 02/04/2015 18:06:27
##########################################
#Activity: 13 - SDL - Sideward-lying - 10s
#Subject ID: 42
#First Name: sub42
#Last Name: sub42
#Age: 22
#Height(cm): 173
#Weight(kg): 73
#Gender: Male
##########################################

@DATA
2955907243000, 1.1300632, 9.835381, -1.3311762
2956108117000, -0.40222588, 9.940725, 0.47884035
2956307518000, -0.47884035, 9.557653, -0.2681506
2956507650000, 0.6512229, 9.710882, -1.2066777
2956708155000, 0.79487497, 9.662998, -0.842759
2956907683000, 0.9768343, 9.720459, -0.6991069
2957108264000, 2.0398598, 8.992621, 1.1875241
2957308016000, 3.7828386, 8.504205, 1.3311762
2957318618000, 3.1028855, 8.379706, 1.3694834
2957328467000, 2.585738, 8.389283, 1.4556746
2957338987000, 2.2409728, 8.322245, 1.3694834
2957348999000, 2.327164, 8.389283, 1.532289
2957360229000, 2.3942018, 8.408437, 2.030283
2957370123000, 2.5953147, 8.341399, 2.5761611
2957379797000, 2.777274, 8.197746, 2.585738
2957391111000, 2.815581, 7.8050976, 2.9592333
2957400946000, 2.6048915, 7.3549876, 3.7541082
2957411278000, 2.4516625, 7.144298, 3.8019924
2957421452000, 2.7389667, 7.249643, 4.0701427
2957431486000, 3.4955344, 7.2209125, 4.213795
2957441826000, 4.175488, 7.201759, 4.453215
2957451728000, 4.5777135, 7.374141, 4.213795
2957461865000, 4.7405195, 7.393295, 3.8786068
2957472233000, 4.9224787, 7.431602, 4.098873
2957482528000, 4.9703627, 6.703765, 4.7309427
2957492404000, 4.8745947, 6.2823853, 5.363012
2957502531000, 5.410896, 5.401319, 5.7365074
2957522915000, 6.703765, 3.5625722, 5.6790466
2957532370000, 7.2113357, 2.882619, 5.2480903
2957542574000, 7.833828, 2.3942018, 5.1810527
2957552516000, 8.1881695, 2.4708161, 5.104438
2957562892000, 8.504205, 3.0262709, 5.315128
2957573237000, 8.341399, 3.763685, 5.717354
2957583330000, 7.8625584, 4.4723687, 5.803545
2957594052000, 7.07726, 5.00867, 5.2863975
2957606345000, 6.2728086, 5.1523223, 5.2289367
2957616464000, 5.90889, 5.2768207, 5.813122
2957625815000, 5.48751, 5.171476, 5.899313
2957635845000, 4.960786, 4.7979803, 6.4068837
2957646052000, 4.8841715, 4.5681367, 6.981492
2957656270000, 4.8458643, 4.098873, 7.3071036
2957666257000, 5.1235914, 3.9552212, 6.8761473
2957676255000, 5.48751, 3.7253778, 5.707777
2957686396000, 5.161899, 3.4284968, 6.6079965
2957696423000, 4.510676, 3.8977604, 6.493075
2957706707000, 2.873042, 4.0701427, 10.43872
2957717630000, 1.2737153, 2.5761611, 13.091495
2957727023000, -1.2258313, 2.0973208, 12.382812
2957737069000, -2.566584, 5.659893, 10.448297
2957747343000, -1.4652514, 7.0006456, 11.252748
2957757701000, 3.2465374, 7.7572136, 7.374141
2957767556000, 5.6790466, 5.1810527, 13.455414
2957779699000, -6.6271505, 0.7757214, 18.02355
2957789900000, -13.081918, 0.32561144, 18.780119
2957799736000, -13.761871, 0.60333884, 19.16319
2957809958000, -11.434708, 1.934515, 14.738706
2957819838000, -9.165004, 3.5434184, 10.879252
2957829953000, -7.5561004, 4.951209, 8.42759
2957840102000, -7.1730285, 5.410896, 6.531382
2957850281000, -7.3166804, 5.1140146, 6.8569937
2957860334000, -6.579266, 3.7732618, 7.144298
2957869859000, -5.7269306, 1.6567876, 6.9719152
2957879747000, -4.5298295, -0.4405331, 6.9144545
2957890212000, -3.1986535, -1.1204864, 7.4603324
2957899966000, -1.8483237, -1.1300632, 7.7189064
2957910716000, -0.18195933, -1.4748282, 5.8226986
2957920805000, 1.0247183, -0.2873042, 4.7500963
2957931279000, 1.1875241, 1.4939818, 4.8745947
2957941420000, -0.18195933, 2.4516625, 5.8322754
2957952619000, -2.3750482, 2.7868507, 6.4739213
2957961773000, -4.644751, 2.528277, 6.7803793
2957972405000, -5.851429, 2.2697031, 6.694188
2957982040000, -6.3206925, 2.0398598, 7.680599
2957992211000, -6.655881, 2.2122424, 8.6574335
2958004680000, -7.297527, 0.2681506, 9.356541
2958024293000, -9.136273, -0.7278373, 12.756307
2958034888000, -14.566323, 3.1986535, 14.824897
2958045528000, -14.5088625, 4.156334, 7.7667904
2958055662000, -12.373235, 4.6830587, 3.572149
2958065619000, -9.279925, 5.0278234, 2.5953147
2958075717000, -6.3685765, 6.253655, 3.916914
2958085806000, -3.9552212, 7.0581064, 7.5848308
2958095973000, -2.4516625, 6.9144545, 9.854534
2958106092000, -2.8921957, 5.267244, 9.222465
2958116333000, -5.1235914, 3.1316159, 8.552089
2958126092000, -5.861006, 0.11492168, 8.90643
2958136273000, -5.5162406, -4.5872903, 8.24563
2958146922000, -3.9935284, -10.6877165, 5.8705826
2958156491000, -2.2888567, -15.112201, 3.4284968
2958166421000, -0.94810385, -17.324444, 2.7868507
2958177316000, 0.05746084, -16.654066, 3.6870706
2958186855000, -0.20111294, -13.579912, 4.9224787
2958197073000, -1.532289, -9.883265, 5.592855
2958208269000, -2.873042, -5.985504, 5.5162406
2958218170000, -3.5242648, -1.9632454, 5.0278234
2958228655000, -3.1507695, 1.9919758, 5.315128
2958238709000, -2.633622, 5.7269306, 5.947197
2958249633000, -2.327164, 9.011775, 6.493075
2958259712000, -2.4229321, 10.716447, 6.4643445
2958270203000, -3.0550013, 11.300632, 5.8705826
2958280082000, -4.1659107, 10.716447, 4.76925
2958291388000, -7.345411, 5.8322754, 1.3215994
2958302296000, -7.776367, 2.4612393, -0.095768064
2958311804000, -7.680599, 0.009576807, -1.1492168
2958321910000, -7.3549876, -1.8866309, -0.22026655
2958333993000, -7.2783732, -3.6870706, 2.8538885
2958344935000, -7.690176, -5.6215854, 5.592855
2958355262000, -8.465898, -7.5465236, 6.5218053
2958365269000, -8.379706, -8.504205, 6.1387334
2958375765000, -7.3549876, -8.255207, 5.9280434
2958385734000, -6.4643445, -7.575254, 5.094861
2958395849000, -5.7748146, -6.3302693, 2.882619
2958405908000, -8.628703, -4.146757, 0.7182605
2958415584000, -13.876793, -3.620033, -0.29688102
2958425772000, -13.9438305, -5.2385135, -2.9783869
2958436578000, -12.258312, -5.439626, -3.6583402
2958445965000, -11.358093, -5.4683566, -1.3599066
2958456111000, -12.813767, -5.2480903, 2.1068976
2958466213000, -13.359646, -2.6048915, 4.414908
2958476180000, -11.903971, 0.17238252, 4.9320555
2958486974000, -10.362105, 1.3790601, 4.5394063
2958496529000, -9.950302, 1.8387469, 3.8019924
2958506549000, -10.5440645, 2.2218192, 2.5953147
2958516528000, -11.57836, 3.0262709, 1.2066777
2958526641000, -13.905523, 4.903325, -2.6048915
2958537082000, -14.81532, 5.2768207, -3.8498764
2958547407000, -15.045163, 5.6215854, -3.6296098
2958558708000, -14.585477, 6.14831, -1.8100165
2958568715000, -13.608643, 6.196194, -0.5267244
2958580240000, -12.5743475, 5.7748146, -0.36391866
2958591049000, -11.693281, 5.45878, -0.47884035
2958602361000, -10.477027, 5.746084, -0.39264908
2958612725000, -9.069236, 6.4068837, 0.038307227
2958623271000, -8.082825, 6.483498, 0.90021986
2958633513000, -7.872135, 5.9280434, 1.5514427
2958645247000, -9.414001, 3.715801, 0.90979666
2958655366000, -10.496181, 2.7581203, -0.047884032
2958666354000, -11.166556, 2.2218192, -1.0534488
2958677235000, -11.118672, 2.1547816, -1.8770541
2958686635000, -10.572795, 2.4516625, -2.1547816
2958696849000, -9.835381, 2.8634653, -1.9919758
2958707063000, -9.078813, 3.3327289, -1.4077905
2958716799000, -8.437167, 3.7924154, -0.641646
2958727444000, -7.9583263, 4.2042184, 0.30645782
2958737561000, -7.632715, 4.462792, 1.3311762
2958747701000, -7.469909, 4.606444, 2.1643584
2958758144000, -7.393295, 4.644751, 2.6240451
2958768622000, -7.431602, 4.5202527, 2.4708161
2958777958000, -7.6231384, 4.232949, 2.231396
2958789356000, -7.9583263, 3.821146, 1.9919758
2958798516000, -8.341399, 3.3806129, 1.8962077
2958808554000, -8.7532015, 2.9975405, 1.8004397
2958818631000, -9.222465, 2.767697, 1.4748282
2958828748000, -9.595961, 2.585738, 0.90979666
2958839271000, -9.921572, 2.5761611, 0.5554548
2958849251000, -10.208876, 2.6910827, 0.4405331
2958869216000, -10.409989, 3.1124623, 0.62249243
2958879088000, -10.199299, 3.3997664, 1.0342951
2958889524000, -9.902418, 3.715801, 1.7142484
2958899484000, -9.557653, 3.9743748, 2.3558946
2958909745000, -9.126697, 4.1371803, 2.4995465
2958919759000, -8.686164, 4.261679, 2.2697031
2958929855000, -8.37013, 4.271256, 1.8195933
2958939939000, -8.1402855, 4.0797195, 1.3503298
2958949945000, -8.054094, 3.7253778, 1.5227122
2958960394000, -8.264784, 2.7006595, 1.8674773
2958970632000, -8.418014, 2.2601264, 2.4037786
2958980789000, -8.580819, 2.030283, 2.815581
2958991083000, -8.781932, 1.934515, 2.9975405
2959002060000, -8.90643, 1.9153614, 2.7964275
2959022037000, -8.944737, 2.0207062, 2.1068976
2959032479000, -8.916007, 2.2122424, 1.8674773
2959042240000, -8.8777, 2.480393, 1.7429788
2959053056000, -8.925584, 2.7868507, 1.7142484
2959062807000, -8.983045, 2.96881, 1.6567876
2959073284000, -9.069236, 3.0071173, 1.7238252
2959083190000, -9.155427, 2.9879637, 1.8291701
2959094255000, -9.222465, 2.9783869, 1.934515
2959103194000, -9.260772, 2.9879637, 2.0590134
2959123812000, -9.3182335, 2.9496565, 2.327164
2959133529000, -9.279925, 2.9113493, 2.3654714
2959144232000, -9.203311, 2.9592333, 2.231396
2959154349000, -9.069236, 3.122039, 2.1452048
2959164402000, -9.011775, 3.2944214, 2.087744
2959185185000, -9.050082, 3.169923, 1.9632454
2959194875000, -9.078813, 3.0358477, 2.0111294
2959204789000, -9.097966, 2.9592333, 2.078167
2959225754000, -9.078813, 2.815581, 2.1452048
2959237301000, -8.916007, 2.777274, 2.1260512
2959248545000, -8.820239, 2.8921957, 2.0973208
2959259742000, -8.743625, 3.0262709, 2.030283
2959269738000, -8.7053175, 3.083732, 1.8866309
2959279710000, -8.762778, 3.1603463, 1.7621324
2959289959000, -8.868123, 3.1986535, 1.7046716
2959300363000, -9.011775, 3.2273839, 1.6950948
2959309759000, -9.136273, 3.2848446, 1.7621324
2959320102000, -9.270349, 3.2369606, 1.7812861
2959329838000, -9.337387, 3.1411927, 1.8195933
2959340357000, -9.308656, 3.0454245, 1.934515
2959350179000, -9.165004, 2.9879637, 1.9632454
2959360801000, -9.002198, 2.930503, 1.9919758
2959370887000, -8.858546, 2.920926, 2.0111294
2959380986000, -8.762778, 2.9975405, 1.9249382
2959392104000, -8.734048, 3.083732, 1.8387469
2959403175000, -8.781932, 3.2752678, 1.6280571
2959432534000, -9.050082, 3.2848446, 1.8291701
2959442573000, -9.251195, 3.0454245, 1.9057846
2959453129000, -9.3182335, 2.920926, 2.0015526
2959473648000, -9.241618, 2.7964275, 2.0111294
2959483182000, -9.184157, 2.8538885, 1.9919758
2959494257000, -9.107543, 2.9783869, 1.8866309
2959503189000, -9.078813, 3.1124623, 1.8483237
2959513308000, -8.983045, 3.2082303, 1.8100165
2959523653000, -8.963891, 3.2848446, 1.7717092
2959533574000, -8.973468, 3.3135753, 1.8004397
2959554693000, -9.088389, 3.1603463, 1.7812861
2959564299000, -9.136273, 3.0358477, 1.7525556
2959574980000, -9.184157, 2.920926, 1.7812861
2959584493000, -9.212888, 2.834735, 1.7908629
2959604698000, -9.222465, 2.815581, 1.733402
2959614768000, -9.165004, 2.873042, 1.7046716
2959625893000, -9.107543, 2.9496565, 1.685518
2959635331000, -9.050082, 3.0550013, 1.6950948
2959645188000, -8.973468, 3.217807, 1.6567876
2959665380000, -9.002198, 3.3518825, 1.484405
2959675856000, -9.050082, 3.3039982, 1.532289
2959686302000, -9.126697, 3.2752678, 1.5227122
2959696351000, -9.222465, 3.2369606, 1.5610195
2959706640000, -9.260772, 3.1794999, 1.5993267
2959716215000, -9.308656, 3.1124623, 1.5897499
2959726284000, -9.299079, 3.1316159, 1.6280571
2959736585000, -9.241618, 3.169923, 1.5993267
2959756664000, -9.11712, 3.1794999, 1.5514427
2959766656000, -9.059659, 3.1986535, 1.4173675
2959779719000, -9.050082, 3.1507695, 1.3790601
2959790665000, -9.069236, 3.1028855, 1.4556746
2959805130000, -9.097966, 3.0358477, 1.532289
2959815100000, -9.088389, 2.9975405, 1.6184803
2959825144000, -9.078813, 3.016694, 1.6089035
2959835198000, -9.107543, 3.074155, 1.5897499
2959845515000, -9.126697, 3.1794999, 1.5705963
2959856572000, -9.107543, 3.3901896, 1.5227122
2959865977000, -9.174581, 3.41892, 1.4939818
2959875912000, -9.251195, 3.3901896, 1.484405
2959886021000, -9.3182335, 3.3806129, 1.4939818
2959896127000, -9.375694, 3.3614593, 1.436521
2959906259000, -9.308656, 3.3518825, 1.3503298
2959916275000, -9.260772, 3.2848446, 1.283292
2959926816000, -9.232041, 3.2465374, 1.1779473
2959937019000, -9.270349, 3.169923, 1.13964
2959947261000, -9.308656, 3.122039, 1.0630256
2959958582000, -9.3661175, 3.0550013, 1.0821792
2959967750000, -9.442732, 2.9975405, 1.2066777
2959978119000, -9.385271, 2.9496565, 1.3120226
2959989492000, -9.356541, 2.930503, 1.3599066
2959998597000, -9.3182335, 2.96881, 1.4077905
2960021693000, -9.136273, 3.0550013, 1.484405
2960030638000, -9.050082, 3.1124623, 1.532289
2960040755000, -8.954314, 3.1507695, 1.5131354
2960060783000, -8.925584, 3.1603463, 1.388637
2960071024000, -9.011775, 3.1411927, 1.3503298
2960080949000, -9.078813, 3.1794999, 1.388637
2960101044000, -9.299079, 3.217807, 1.4939818
2960111396000, -9.32781, 3.169923, 1.6472107
2960121478000, -9.308656, 3.1411927, 1.733402
2960131269000, -9.270349, 3.1507695, 1.7238252
2960141450000, -9.212888, 3.2082303, 1.6759412
2960151633000, -9.050082, 3.2561142, 1.5897499
2960161512000, -9.021352, 3.2848446, 1.5610195
2960181925000, -8.916007, 3.3135753, 1.484405
2960191785000, -8.944737, 3.265691, 1.4939818
2960206834000, -8.954314, 3.2082303, 1.5131354
2960216336000, -8.983045, 3.1986535, 1.5514427
2960237030000, -9.136273, 3.217807, 1.5993267
2960246863000, -9.165004, 3.1603463, 1.6376339
2960257144000, -9.232041, 3.1411927, 1.6950948
2960278583000, -9.241618, 3.0454245, 1.685518
2960290346000, -9.088389, 3.016694, 1.6280571
2960300310000, -9.050082, 3.0358477, 1.5897499
2960310870000, -8.983045, 3.0550013, 1.541866
2960330705000, -8.973468, 3.1411927, 1.4939818
2960350877000, -8.963891, 3.169923, 1.532289
2960361139000, -9.030929, 3.1507695, 1.5131354
2960371150000, -9.059659, 3.1986535, 1.5514427
2960392343000, -9.165004, 3.1794999, 1.541866
2960405471000, -9.155427, 3.1603463, 1.5610195
2960415531000, -9.165004, 3.169923, 1.5801731
2960425755000, -9.155427, 3.1794999, 1.5610195
2960437055000, -9.203311, 3.1986535, 1.532289
2960446457000, -9.222465, 3.1507695, 1.5897499
2960456946000, -9.184157, 3.122039, 1.6089035
2960466725000, -9.14585, 3.1124623, 1.5801731
2960478530000, -9.11712, 3.0933087, 1.5705963
2960488151000, -9.078813, 3.122039, 1.5610195
2960509702000, -9.030929, 3.064578, 1.5131354
2960520243000, -9.050082, 3.1124623, 1.4939818
2960530746000, -9.059659, 3.1028855, 1.4652514
2960540843000, -9.097966, 3.122039, 1.4460979
2960560672000, -9.11712, 3.169923, 1.532289
2960570713000, -9.136273, 3.122039, 1.5131354
2960581028000, -9.107543, 3.1507695, 1.5035586
2960602737000, -9.021352, 3.2082303, 1.5227122
2960611735000, -8.973468, 3.2273839, 1.4939818
2960631935000, -8.973468, 3.2848446, 1.4556746
2960653297000, -9.174581, 3.2944214, 1.436521
2960662414000, -9.260772, 3.2561142, 1.4652514
2960672515000, -9.3661175, 3.2273839, 1.484405
2960693585000, -9.32781, 3.1986535, 1.4939818
2960703467000, -9.270349, 3.2273839, 1.4269443
2960713146000, -9.174581, 3.2369606, 1.4173675
2960733237000, -9.030929, 3.265691, 1.3024458
2960744425000, -8.992621, 3.3135753, 1.2162545
2960763607000, -9.011775, 3.2944214, 1.2354081
2960774600000, -9.069236, 3.265691, 1.2162545
2960784243000, -9.165004, 3.2273839, 1.2066777
2960794904000, -9.241618, 3.1986535, 1.2354081
2960805129000, -9.308656, 3.2082303, 1.2545617
2960815163000, -9.3661175, 3.1794999, 1.2641385
2960825484000, -9.433155, 3.1603463, 1.340753
2960835519000, -9.394848, 3.1794999, 1.3694834
2960845273000, -9.32781, 3.2082303, 1.3311762
2960865546000, -9.270349, 3.2944214, 1.1875241
2960875582000, -9.299079, 3.1794999, 1.2545617
2960906399000, -9.212888, 2.9592333, 1.3120226
2960916234000, -9.14585, 3.0358477, 1.283292
2960936762000, -9.030929, 3.169923, 1.2545617
2960946499000, -9.002198, 3.2369606, 1.2258313
2960956727000, -9.011775, 3.265691, 1.2737153
2960966819000, -9.002198, 3.2944214, 1.3024458
2960976961000, -9.011775, 3.2752678, 1.292869
2960987263000, -9.030929, 3.2848446, 1.2449849
2961010482000, -9.069236, 3.4955344, 1.2641385
2961021333000, -9.260772, 3.4572272, 1.2066777
2961030929000, -9.404425, 3.2369606, 1.340753
2961042565000, -9.471462, 3.064578, 1.6567876
2961052745000, -9.433155, 2.96881, 1.8291701
2961061939000, -9.356541, 2.9400797, 1.7717092
2961072017000, -9.232041, 3.0071173, 1.7238252
2961082371000, -9.069236, 3.1028855, 1.6567876
2961092602000, -8.925584, 3.1986535, 1.5610195
2961103247000, -8.820239, 3.2848446, 1.4939818
2961113070000, -8.772355, 3.3806129, 1.436521
2961123641000, -8.724471, 3.4093432, 1.3503298
2961133666000, -8.791509, 3.3997664, 1.2545617
2961144681000, -8.887277, 3.3518825, 1.2737153
2961154818000, -8.983045, 3.2752678, 1.436521
2961165163000, -9.050082, 3.169923, 1.5131354
2961175636000, -9.14585, 3.0933087, 1.5610195
2961186160000, -9.088389, 3.122039, 1.5705963
2961195811000, -9.078813, 3.169923, 1.4460979
2961205584000, -9.050082, 3.2273839, 1.3982137
2961215502000, -9.088389, 3.2944214, 1.3503298
2961225893000, -9.11712, 3.2465374, 1.3790601
2961236549000, -9.155427, 3.1986535, 1.484405
2961245982000, -9.212888, 3.1124623, 1.5705963
2961256158000, -9.289502, 3.1316159, 1.541866
2961286287000, -9.222465, 3.1411927, 1.4173675
2961296477000, -9.193734, 3.169923, 1.3982137
2961306837000, -9.11712, 3.217807, 1.3311762
2961316728000, -9.069236, 3.2752678, 1.283292
2961326626000, -9.050082, 3.2848446, 1.2258313
2961346757000, -9.097966, 3.2465374, 1.2354081
2961356958000, -9.126697, 3.2082303, 1.2258313
2961377120000, -9.174581, 3.1411927, 1.2449849
2961387343000, -9.193734, 3.1124623, 1.2162545
2961408139000, -9.212888, 3.1890767, 1.283292
2961417666000, -9.165004, 3.217807, 1.2449849
2961428619000, -9.203311, 3.2848446, 1.2162545
2961439168000, -9.241618, 3.371036, 1.1492168
2961449794000, -9.337387, 3.3423057, 1.2162545
2961459951000, -9.433155, 3.265691, 1.2641385
2961480378000, -9.375694, 3.2082303, 1.292869
2961490790000, -9.212888, 3.2273839, 1.1971009
2961500636000, -9.165004, 3.265691, 1.2066777
2961510624000, -9.126697, 3.3039982, 1.2162545
2961521005000, -9.078813, 3.323152, 1.2545617
2961541129000, -9.107543, 3.3039982, 1.2162545
2961550762000, -9.165004, 3.217807, 1.2641385
2961571339000, -9.232041, 3.169923, 1.3599066
2961581319000, -9.222465, 3.1507695, 1.3503298
2961591562000, -9.193734, 3.1411927, 1.340753
2961614623000, -9.14585, 3.2082303, 1.3215994
2961625693000, -9.126697, 3.2273839, 1.2641385
2961646325000, -9.050082, 3.2465374, 1.2258313
2961656657000, -9.040505, 3.2273839, 1.2545617
2961666786000, -9.050082, 3.265691, 1.3120226
2961687148000, -9.126697, 3.2369606, 1.292869
2961697569000, -9.174581, 3.1890767, 1.3790601
2961707827000, -9.232041, 3.2561142, 1.3215994
2961718004000, -9.165004, 3.2273839, 1.3694834
2961728079000, -9.11712, 3.1986535, 1.484405
2961738150000, -9.088389, 3.1603463, 1.4748282
2961759757000, -9.126697, 3.1890767, 1.5227122
2961770057000, -9.069236, 3.1986535, 1.4556746
2961780001000, -9.021352, 3.2082303, 1.4269443
2961801816000, -9.040505, 3.217807, 1.3694834
2961821268000, -9.059659, 3.2082303, 1.3120226
2961831349000, -9.097966, 3.2561142, 1.292869
2961841475000, -9.193734, 3.2752678, 1.3215994
2961852119000, -9.203311, 3.2273839, 1.3503298
2961861384000, -9.212888, 3.1986535, 1.3694834
2961871567000, -9.270349, 3.1890767, 1.3120226
2961881651000, -9.241618, 3.1794999, 1.3599066
2961891776000, -9.251195, 3.1890767, 1.3215994
2961903019000, -9.174581, 3.1986535, 1.3599066
2961912455000, -9.136273, 3.2082303, 1.3790601
2961922330000, -9.069236, 3.2369606, 1.3024458
2961932748000, -9.011775, 3.2465374, 1.283292
2961942703000, -8.983045, 3.2561142, 1.3311762
2961953321000, -8.963891, 3.265691, 1.3120226
2961982875000, -9.069236, 3.3327289, 1.283292
2961992969000, -9.14585, 3.3135753, 1.2737153
2962003530000, -9.232041, 3.2848446, 1.292869
2962013398000, -9.279925, 3.3135753, 1.2737153
2962025114000, -9.337387, 3.2752678, 1.3120226
2962034815000, -9.385271, 3.2273839, 1.3790601
2962045354000, -9.423578, 3.1986535, 1.4460979
2962055347000, -9.3661175, 3.1890767, 1.4652514
2962065283000, -9.251195, 3.169923, 1.4173675
2962075977000, -9.136273, 3.1794999, 1.3694834
2962085643000, -9.050082, 3.169923, 1.3215994
2962095883000, -8.944737, 3.1603463, 1.2545617
2962115801000, -8.935161, 3.1890767, 1.1971009
2962136084000, -8.992621, 3.1794999, 1.2641385
2962146329000, -9.078813, 3.2082303, 1.283292
2962156345000, -9.126697, 3.265691, 1.340753
2962166302000, -9.174581, 3.2848446, 1.3311762
2962176362000, -9.222465, 3.3039982, 1.3215994
2962186439000, -9.212888, 3.2944214, 1.340753
2962196627000, -9.222465, 3.3327289, 1.3215994
2962206797000, -9.232041, 3.3039982, 1.292869
2962226929000, -9.193734, 3.2082303, 1.3120226
2962237064000, -9.14585, 3.1986535, 1.3024458
2962247289000, -9.088389, 3.2369606, 1.292869
2962257721000, -9.059659, 3.2848446, 1.340753
2962267948000, -9.078813, 3.3039982, 1.3215994
2962278260000, -9.107543, 3.3327289, 1.3599066
2962298542000, -9.107543, 3.2273839, 1.3120226
2962319802000, -9.088389, 3.3614593, 1.3215994
2962329256000, -9.059659, 3.4380736, 1.3311762
2962339365000, -9.050082, 3.5051112, 1.292869
2962349206000, -8.963891, 3.572149, 1.340753
2962359553000, -8.925584, 3.620033, 1.3790601
2962379692000, -8.896853, 3.572149, 1.3694834
2962389990000, -8.992621, 3.4284968, 1.4077905
2962399747000, -9.097966, 3.3039982, 1.3311762
2962410698000, -9.212888, 3.1411927, 1.2162545
2962420707000, -9.3661175, 2.9975405, 1.1779473
2962430818000, -9.433155, 2.9592333, 1.091756
2962441625000, -9.490616, 2.9879637, 1.0342951
2962451062000, -9.481039, 3.0358477, 1.0726024
2962471439000, -9.490616, 3.1507695, 1.13964
2962481565000, -9.3661175, 3.169923, 1.2258313
2962492050000, -9.308656, 3.1890767, 1.2545617
2962502586000, -9.232041, 3.1986535, 1.292869
2962511848000, -9.14585, 3.2369606, 1.3120226
2962521939000, -9.040505, 3.3039982, 1.3503298
2962532250000, -8.925584, 3.3614593, 1.2737153
2962542592000, -8.858546, 3.4093432, 1.3120226
2962562708000, -8.829816, 3.4284968, 1.2641385
2962572610000, -8.839393, 3.4476504, 1.283292
2962583665000, -8.992621, 3.3614593, 1.292869
2962593311000, -9.069236, 3.3806129, 1.3503298
2962603510000, -9.107543, 3.3614593, 1.3790601
2962613475000, -9.14585, 3.3518825, 1.3599066
2962644753000, -9.270349, 3.323152, 1.3024458
2962653996000, -9.308656, 3.3135753, 1.3120226
2962664218000, -9.241618, 3.3039982, 1.340753
2962684867000, -9.126697, 3.323152, 1.3024458
2962695132000, -9.107543, 3.3806129, 1.283292
2962705301000, -9.11712, 3.3997664, 1.2449849
2962725099000, -9.126697, 3.4093432, 1.283292
2962736336000, -9.069236, 3.3423057, 1.292869
2962745823000, -9.030929, 3.2848446, 1.2737153
2962755848000, -9.021352, 3.2465374, 1.2162545
2962766122000, -8.983045, 3.1986535, 1.1875241
2962775995000, -8.973468, 3.1890767, 1.2354081
2962796269000, -8.963891, 3.2465374, 1.2258313
2962806325000, -9.002198, 3.3039982, 1.283292
2962816239000, -9.059659, 3.3806129, 1.340753
2962826272000, -9.136273, 3.4093432, 1.3599066
2962846569000, -9.126697, 3.4763808, 1.3503298
2962856649000, -9.155427, 3.5242648, 1.436521
2962876697000, -9.136273, 3.5242648, 1.4556746
2962896886000, -9.097966, 3.466804, 1.3790601
2962907021000, -9.059659, 3.3997664, 1.2737153
2962916979000, -9.040505, 3.3423057, 1.2258313
2962927205000, -9.11712, 3.2848446, 1.13964
2962937124000, -9.174581, 3.217807, 1.1204864
2962947984000, -9.260772, 3.1890767, 1.1492168
2962968140000, -9.232041, 3.1986535, 1.1683705
2962978243000, -9.165004, 3.2369606, 1.1779473
2962998523000, -8.992621, 3.2848446, 1.2737153
2963009805000, -8.925584, 3.323152, 1.2449849
2963019957000, -8.935161, 3.3901896, 1.3311762
2963030217000, -8.925584, 3.41892, 1.292869
2963040417000, -8.954314, 3.466804, 1.2545617
2963050677000, -9.021352, 3.5051112, 1.283292
2963060709000, -9.136273, 3.4955344, 1.3120226
2963070705000, -9.232041, 3.4572272, 1.3215994
2963080862000, -9.289502, 3.4284968, 1.3503298
2963090975000, -9.337387, 3.3518825, 1.340753
2963100839000, -9.32781, 3.3423057, 1.3311762
2963110938000, -9.270349, 3.3135753, 1.3120226
2963121210000, -9.174581, 3.323152, 1.2737153
2963131111000, -9.078813, 3.3423057, 1.2354081
2963141689000, -9.040505, 3.3614593, 1.1971009
2963151287000, -9.011775, 3.371036, 1.1300632
2963161355000, -8.992621, 3.3423057, 1.13964
2963171426000, -9.011775, 3.323152, 1.1779473
2963181568000, -9.059659, 3.2848446, 1.2066777
2963192065000, -9.088389, 3.2944214, 1.2641385
2963203695000, -9.126697, 3.3327289, 1.2258313
2963234667000, -9.193734, 3.323152, 1.3120226
2963244678000, -9.222465, 3.3135753, 1.283292
2963285297000, -9.078813, 3.3327289, 1.2449849
2963295732000, -9.040505, 3.323152, 1.1683705
2963305719000, -9.030929, 3.3039982, 1.1875241
2963326187000, -9.078813, 3.3327289, 1.1971009
2963335695000, -9.088389, 3.3614593, 1.2737153
2963355848000, -9.097966, 3.3518825, 1.283292
2963365934000, -9.107543, 3.41892, 1.2545617
2963376216000, -9.136273, 3.4284968, 1.2641385
2963396398000, -9.222465, 3.466804, 1.3024458
2963406545000, -9.241618, 3.4763808, 1.340753
2963416343000, -9.203311, 3.4476504, 1.2545617
2963426534000, -9.174581, 3.4572272, 1.2354081
2963436972000, -9.14585, 3.41892, 1.2545617
2963446695000, -9.069236, 3.3614593, 1.1971009
2963457060000, -9.040505, 3.3327289, 1.1875241
2963476960000, -9.059659, 3.2273839, 1.1300632
2963487191000, -9.050082, 3.217807, 1.1204864
2963497321000, -9.030929, 3.2273839, 1.1492168
2963517487000, -9.059659, 3.3327289, 1.1875241
2963528249000, -9.11712, 3.4572272, 1.1587936
2963538327000, -9.232041, 3.41892, 1.2449849
2963548523000, -9.289502, 3.4093432, 1.292869
2963559260000, -9.32781, 3.3518825, 1.3599066
2963569477000, -9.346964, 3.323152, 1.4460979
2963589481000, -9.232041, 3.323152, 1.436521
2963599224000, -9.184157, 3.3135753, 1.3503298
2963609648000, -9.078813, 3.3327289, 1.2737153
2963629705000, -9.030929, 3.323152, 1.2545617
2963640076000, -8.963891, 3.3423057, 1.1971009
2963649809000, -8.944737, 3.3997664, 1.13964
2963659873000, -8.935161, 3.4093432, 1.1779473
2963670558000, -8.925584, 3.3901896, 1.1587936
2963700486000, -9.11712, 3.3806129, 1.1683705
2963710252000, -9.212888, 3.323152, 1.283292
2963720640000, -9.251195, 3.2752678, 1.3790601
2963730471000, -9.308656, 3.2273839, 1.4173675
2963740725000, -9.299079, 3.2369606, 1.4652514
2963750723000, -9.203311, 3.2848446, 1.4939818
2963761565000, -9.11712, 3.371036, 1.4173675
2963771265000, -9.040505, 3.4093432, 1.436521
2963791772000, -9.059659, 3.41892, 1.3311762
2963803573000, -9.088389, 3.3901896, 1.283292
2963812684000, -9.050082, 3.3614593, 1.292869
2963822699000, -9.069236, 3.2848446, 1.2354081
2963842914000, -9.050082, 3.217807, 1.3024458
2963853028000, -9.059659, 3.2465374, 1.292869
2963863134000, -9.021352, 3.2944214, 1.2737153
2963883137000, -8.992621, 3.3806129, 1.3024458
2963904253000, -9.030929, 3.3423057, 1.3311762
2963913774000, -9.040505, 3.3518825, 1.3215994
2963934275000, -9.14585, 3.3039982, 1.2641385
2963944877000, -9.193734, 3.3135753, 1.340753
2963954237000, -9.212888, 3.3327289, 1.388637
2963974772000, -9.184157, 3.3423057, 1.388637
2963984466000, -9.174581, 3.3327289, 1.3503298
2963995115000, -9.155427, 3.323152, 1.3311762
2964005157000, -9.11712, 3.3327289, 1.292869
2964025733000, -9.126697, 3.3518825, 1.1971009
2964036205000, -9.14585, 3.3135753, 1.2354081
2964045667000, -9.126697, 3.2944214, 1.3024458
2964055795000, -9.088389, 3.2752678, 1.2737153
2964065925000, -9.059659, 3.3039982, 1.2545617
2964086919000, -9.050082, 3.323152, 1.2162545
2964106566000, -9.002198, 3.4093432, 1.2258313
2964116488000, -9.011775, 3.4572272, 1.2354081
2964137102000, -9.107543, 3.4955344, 1.2162545
2964146880000, -9.222465, 3.4572272, 1.2354081
2964157194000, -9.270349, 3.3518825, 1.2641385
2964167416000, -9.337387, 3.3039982, 1.283292
2964178209000, -9.375694, 3.2752678, 1.2354081
2964207760000, -9.165004, 3.3039982, 1.2545617
2964217799000, -9.050082, 3.3518825, 1.2641385
2964228229000, -9.002198, 3.41892, 1.2449849
2964238298000, -8.954314, 3.4476504, 1.1971009
2964249226000, -8.925584, 3.4572272, 1.1492168
2964259542000, -8.896853, 3.4284968, 1.13964
2964279632000, -8.983045, 3.3901896, 1.0821792
2964289671000, -9.011775, 3.3806129, 1.091756
2964299777000, -9.069236, 3.3614593, 1.2066777
2964309912000, -9.136273, 3.3518825, 1.2162545
2964321096000, -9.165004, 3.3614593, 1.1971009
2964352916000, -9.14585, 3.3997664, 1.340753
2964362029000, -9.193734, 3.4380736, 1.3311762
2964372496000, -9.222465, 3.3806129, 1.3790601
2964383642000, -9.203311, 3.2848446, 1.4556746
2964413313000, -9.193734, 3.2465374, 1.4269443
2964425451000, -9.165004, 3.265691, 1.3790601
2964435160000, -9.107543, 3.2369606, 1.3503298
2964455670000, -8.983045, 3.2561142, 1.2737153
2964465643000, -8.963891, 3.2752678, 1.2354081
2964476379000, -8.935161, 3.323152, 1.1971009
2964486784000, -8.954314, 3.3806129, 1.1683705
2964496009000, -8.973468, 3.4763808, 1.1300632
2964526584000, -9.270349, 3.4093432, 1.2641385
2964537162000, -9.375694, 3.2848446, 1.3024458
2964546382000, -9.385271, 3.2273839, 1.3790601
2964556786000, -9.337387, 3.1603463, 1.388637
2964576841000, -9.155427, 3.1986535, 1.340753
2964587434000, -9.021352, 3.265691, 1.3024458
2964607374000, -8.858546, 3.4476504, 1.2737153
2964617982000, -8.848969, 3.514688, 1.2354081
2964627977000, -8.916007, 3.5242648, 1.2162545
2964647742000, -9.11712, 3.3997664, 1.1683705
2964658724000, -9.184157, 3.3039982, 1.2737153
2964668591000, -9.232041, 3.2848446, 1.3311762
2964678744000, -9.212888, 3.3039982, 1.340753
2964690141000, -9.155427, 3.3327289, 1.3790601
2964700315000, -9.059659, 3.3423057, 1.3599066
2964710617000, -9.011775, 3.371036, 1.3311762
2964730602000, -8.983045, 3.41892, 1.3215994
2964740819000, -9.088389, 3.3614593, 1.2545617
2964750919000, -9.165004, 3.2752678, 1.3311762
2964760966000, -9.212888, 3.2273839, 1.3503298
2964771009000, -9.232041, 3.169923, 1.340753
2964803521000, -9.155427, 3.2561142, 1.340753
2964813758000, -9.059659, 3.323152, 1.3694834
2964825212000, -8.973468, 3.3327289, 1.388637
2964835199000, -8.887277, 3.3614593, 1.3503298
2964845336000, -8.810662, 3.41892, 1.2737153
2964855700000, -8.791509, 3.4380736, 1.1683705
2964865654000, -8.868123, 3.41892, 1.13964
2964875471000, -8.90643, 3.4284968, 1.1875241
2964895894000, -9.241618, 3.2752678, 1.2258313
2964905720000, -9.375694, 3.2082303, 1.340753
2964915730000, -9.442732, 3.1986535, 1.4173675
2964935960000, -9.279925, 3.2848446, 1.4173675
2964946296000, -9.155427, 3.3327289, 1.3982137
2964956219000, -9.078813, 3.3806129, 1.3120226
2964976475000, -8.935161, 3.4380736, 1.2258313
2964986410000, -8.925584, 3.4859576, 1.1013328
2964996710000, -9.040505, 3.3901896, 1.1492168
2965006573000, -9.126697, 3.323152, 1.2737153
2965016666000, -9.174581, 3.2752678, 1.3215994
2965026773000, -9.212888, 3.265691, 1.3024458
2965037139000, -9.203311, 3.2561142, 1.3120226
2965068642000, -9.078813, 3.323152, 1.2354081
2965079031000, -9.040505, 3.3518825, 1.2162545
2965089297000, -9.050082, 3.41892, 1.2354081
2965099261000, -9.126697, 3.3518825, 1.2162545
2965109392000, -9.165004, 3.2752678, 1.292869
2965119337000, -9.241618, 3.2273839, 1.3503298
2965129648000, -9.279925, 3.2561142, 1.340753
2965139577000, -9.270349, 3.2369606, 1.3215994
2965149655000, -9.212888, 3.2944214, 1.3503298
2965159877000, -9.126697, 3.323152, 1.3311762
2965169802000, -9.050082, 3.3518825, 1.3120226
2965180101000, -9.011775, 3.2944214, 1.2737153
2965200124000, -9.021352, 3.3423057, 1.2545617
2965221422000, -9.184157, 3.371036, 1.3215994
2965231360000, -9.241618, 3.3135753, 1.340753
2965241746000, -9.212888, 3.2944214, 1.3120226
2965251545000, -9.155427, 3.3039982, 1.3790601
2965261669000, -9.14585, 3.2752678, 1.4269443
2965271743000, -9.107543, 3.323152, 1.3790601
2965292471000, -8.963891, 3.3901896, 1.3024458
2965302294000, -8.954314, 3.3518825, 1.2066777
2965312395000, -8.973468, 3.3423057, 1.1683705
2965322930000, -9.040505, 3.3039982, 1.1971009
2965332651000, -9.11712, 3.2944214, 1.2258313
2965342910000, -9.193734, 3.2848446, 1.2737153
2965352844000, -9.241618, 3.2465374, 1.3024458
2965363527000, -9.270349, 3.2369606, 1.3311762
2965384030000, -9.222465, 3.2944214, 1.3120226
2965394734000, -9.155427, 3.3135753, 1.2641385
2965414847000, -9.078813, 3.3423057, 1.283292
2965425710000, -9.030929, 3.3614593, 1.2641385
2965435639000, -9.021352, 3.3518825, 1.1971009
2965446005000, -9.002198, 3.3423057, 1.2258313
2965455693000, -8.992621, 3.3135753, 1.2737153
2965476284000, -9.021352, 3.3518825, 1.292869
2965496176000, -9.059659, 3.3614593, 1.3215994
2965506313000, -9.097966, 3.3327289, 1.3311762
2965516231000, -9.126697, 3.323152, 1.3215994
2965527422000, -9.270349, 3.2752678, 1.3024458
2965557946000, -9.260772, 3.2848446, 1.283292
2965569818000, -9.203311, 3.3135753, 1.2258313
2965580236000, -9.136273, 3.3039982, 1.2354081
2965590395000, -9.078813, 3.3518825, 1.283292
2965602757000, -9.030929, 3.3423057, 1.2449849
2965612219000, -8.954314, 3.4093432, 1.1587936
2965622317000, -8.935161, 3.41892, 1.0821792
2965653114000, -9.107543, 3.3423057, 1.1875241
2965663450000, -9.136273, 3.323152, 1.2258313
2965684687000, -9.174581, 3.3327289, 1.2737153
2965694704000, -9.14585, 3.371036, 1.3120226
2965704342000, -9.165004, 3.4380736, 1.292869
2965714990000, -9.193734, 3.466804, 1.2545617
2965725496000, -9.222465, 3.41892, 1.2641385
2965735182000, -9.212888, 3.3614593, 1.2737153
2965755557000, -9.203311, 3.323152, 1.2641385
2965765682000, -9.136273, 3.3518825, 1.283292
