#Acceleration force along the x y z axes (including gravity).
#timestamp(ns),x,y,z(m/s^2)
#Datetime: 23/03/2015 10:14:31
##########################################
#Activity: 13 - SDL - Sideward-lying - 10s
#Subject ID: 36
#First Name: sub36
#Last Name: sub36
#Age: 22
#Height(cm): 164
#Weight(kg): 62
#Gender: Female
##########################################

@DATA
2940557641000, -0.32561144, 8.896853, 0.2681506
2940757709000, 0.2777274, 9.77792, -1.3120226
2940958301000, 1.340753, 9.892841, -0.8810662
2941158316000, 1.1109096, 9.998186, -1.043872
2941168372000, 1.1587936, 10.25676, -0.94810385
2941178470000, 1.1204864, 10.352529, -0.80445176
2941188992000, 0.7469909, 10.151415, -0.641646
2941199162000, 0.5267244, 10.007763, -0.5554548
2941209208000, 0.38307226, 9.864111, -0.5650316
2941220129000, 0.2777274, 9.758766, -0.63206923
2941230109000, 0.24899697, 9.643845, -0.7469909
2941240234000, 0.2873042, 9.5385, -0.842759
2941250939000, 0.31603462, 9.452309, -0.9768343
2941271075000, 0.23942018, 9.394848, -1.2162545
2941291795000, 0.009576807, 9.5385, -1.1013328
2941301735000, -0.16280572, 9.739613, -0.8714894
2941312623000, -0.29688102, 9.988609, -0.5650316
2941322541000, -0.4213795, 10.1226845, -0.32561144
2941332608000, -0.51714754, 10.103531, -0.21068975
2941342614000, -0.50757074, 10.007763, -0.1340753
2941352836000, -0.4309563, 9.940725, -0.20111294
2941362875000, -0.2777274, 9.873688, -0.40222588
2941372981000, -0.12449849, 9.825804, -0.5746084
2941383022000, 0.047884032, 9.844957, -0.7469909
2941393006000, 0.21068975, 9.883265, -0.92895025
2941403168000, 0.32561144, 9.864111, -1.0247183
2941413279000, 0.41180268, 9.825804, -0.9864111
2941423387000, 0.48841715, 9.720459, -0.90979666
2941433439000, 0.5267244, 9.615114, -0.80445176
2941444394000, 0.50757074, 9.56723, -0.7661445
2941453761000, 0.4405331, 9.576807, -0.6991069
2941463959000, 0.31603462, 9.595961, -0.7086837
2941474037000, 0.24899697, 9.701305, -0.7374141
2941484035000, 0.18195933, 9.931149, -0.7757214
2941504273000, 0.009576807, 9.864111, -0.78529817
2941514622000, -0.095768064, 9.892841, -0.7757214
2941524513000, -0.18195933, 9.864111, -0.6895301
2941534616000, -0.20111294, 9.816227, -0.6512229
2941546365000, -0.12449849, 9.77792, -0.5554548
2941566807000, 0.17238252, 9.825804, -0.641646
2941577173000, 0.29688102, 9.873688, -0.82360536
2941587076000, 0.35434186, 9.988609, -1.0342951
2941598126000, 0.34476504, 10.103531, -1.13964
2941608519000, 0.22984336, 10.113108, -1.2162545
2941619491000, 0.08619126, 10.01734, -1.283292
2941631567000, -0.12449849, 9.892841, -1.2066777
2941641972000, -0.2681506, 9.586384, -1.091756
2941654072000, -0.45010993, 9.337387, -0.9768343
2941663549000, -0.40222588, 9.270349, -0.6799533
2941674386000, -0.25857377, 9.414001, -0.5554548
2941684993000, -0.095768064, 9.730036, -0.63206923
2941694166000, -0.009576807, 9.911995, -0.641646
2941714235000, -0.02873042, 9.988609, -0.7565677
2941724463000, -0.25857377, 9.921572, -0.9576807
2941734513000, -0.5267244, 9.739613, -1.2066777
2941745120000, -0.80445176, 9.452309, -1.3215994
2941754645000, -1.0055647, 9.097966, -1.2641385
2941765159000, -0.94810385, 8.619126, -1.1683705
2941775230000, -0.7086837, 8.130709, -0.9959879
2941786069000, -0.36391866, 7.7189064, -0.8810662
2941795917000, 0.009576807, 7.374141, -0.7374141
2941805661000, 0.33518824, 7.0964136, -0.4405331
2941816239000, 0.545878, 6.9144545, -0.19153613
2941825793000, 0.51714754, 6.8282633, -0.02873042
2941845996000, 0.038307227, 7.1155677, -0.30645782
2941856586000, -0.17238252, 7.393295, -0.21068975
2941866428000, -0.31603462, 7.575254, 0.06703765
2941876683000, -0.38307226, 7.680599, 0.095768064
2941887018000, -0.32561144, 7.872135, 0.08619126
2941897012000, -0.25857377, 8.0445175, 0.32561144
2941907932000, -0.1436521, 8.37013, 0.8331822
2941917023000, 0.009576807, 8.6574335, 0.9959879
2941927037000, 0.038307227, 8.734048, 1.0342951
2941937130000, 0.06703765, 8.255207, 1.1587936
2941947197000, 0.2777274, 7.4507556, 0.91937345
2941957298000, 0.6799533, 5.90889, 1.0247183
2941967374000, 1.5035586, 3.4380736, 0.39264908
2941977868000, 2.5378537, 1.4652514, 0.4309563
2941988551000, 3.3135753, 0.7757214, 1.1204864
2941997565000, 3.5338416, 1.5801731, 1.7046716
2942007882000, 3.1890767, 3.083732, 2.078167
2942019676000, 2.6144683, 4.6351743, 2.2505496
2942028721000, 2.2122424, 5.899313, 2.0207062
2942038780000, 2.078167, 6.885724, 1.8866309
2942058942000, 1.9536686, 8.1402855, 2.0111294
2942069035000, 1.8962077, 8.686164, 2.777274
2942079309000, 1.7046716, 9.030929, 3.4284968
2942089401000, 1.4652514, 8.695741, 3.7253778
2942099498000, 1.3311762, 8.734048, 3.7541082
2942109576000, 1.2162545, 8.724471, 4.1180267
2942119689000, 1.1587936, 9.136273, 4.3287168
2942129825000, 0.8523358, 9.701305, 4.012682
2942140810000, 0.38307226, 10.994174, 4.0414124
2942150097000, 0.20111294, 12.670115, 3.6008794
2942160199000, 0.31603462, 15.227123, 3.122039
2942170368000, 0.58418524, 15.121778, 2.6240451
2942180579000, 1.934515, 12.306197, 2.9496565
2942190623000, 3.514688, 9.739613, 5.2863975
2942200746000, 4.3861775, 8.944737, 6.847417
2942211149000, 5.45878, 8.360553, 6.167464
2942220976000, 6.435614, 8.408437, 6.9719152
2942231054000, 6.9527617, 8.839393, 7.1059904
2942241778000, 6.1770406, 10.218452, 7.881712
2942251701000, 5.5162406, 10.94629, 8.456321
2942262425000, 5.094861, 11.21444, 8.992621
2942272364000, 4.9895163, 11.195287, 9.509769
2942282427000, 5.209783, 11.032481, 9.730036
2942292543000, 5.7843914, 10.927136, 9.797073
2942303475000, 6.3111157, 10.754754, 9.77792
2942313154000, 6.6750345, 10.323798, 9.730036
2942323187000, 6.6846113, 9.825804, 9.528923
2942333280000, 6.493075, 9.375694, 9.11712
2942343298000, 6.253655, 8.848969, 8.39886
2942353383000, 5.947197, 8.6095495, 7.517793
2942363318000, 5.6982, 8.39886, 6.5696893
2942373836000, 5.5737014, 7.9583263, 5.717354
2942383377000, 5.650316, 7.374141, 5.2289367
2942393587000, 5.707777, 6.703765, 5.497087
2942404099000, 5.93762, 6.0238113, 5.1906295
2942414243000, 5.544971, 5.5258174, 4.644751
2942424383000, 4.1946416, 5.2289367, 4.855441
2942434496000, 2.9592333, 5.3247046, 5.583278
2942444637000, 1.5131354, 5.554548, 5.2480903
2942454718000, -0.1436521, 5.142745, 4.261679
2942465827000, -1.8195933, 4.1276035, 2.9879637
2942475121000, -3.2082303, 2.930503, 3.217807
2942485139000, -3.7541082, 1.4939818, 4.462792
2942495291000, -4.3382936, 0.61291564, 6.5026517
2942505405000, -5.1906295, 0.45968673, 6.5218053
2942515682000, -5.554548, 1.541866, 7.4603324
2942525762000, -7.2113357, 5.659893, 13.503298
2942536075000, -12.603078, 11.291056, 16.51999
2942546467000, -16.069881, 15.217546, 18.033127
2942558320000, -17.056293, 3.6966474, 3.2082303
2942568127000, -6.033388, 1.0726024, 3.5625722
2942578194000, 2.2888567, -1.091756, 4.673482
2942590413000, 5.947197, -1.8962077, 3.4093432
2942599830000, 4.9320555, -1.5035586, 3.1603463
2942609848000, 0.5554548, -1.7142484, 3.064578
2942621031000, -4.0414124, -1.5227122, 1.6567876
2942630862000, -6.83784, 0.39264908, 1.8579005
2942640952000, -9.088389, 2.4516625, 2.767697
2942651270000, -10.831368, 3.7253778, 2.4899697
2942661225000, -11.549629, 4.644751, 0.5650316
2942672449000, -11.329363, 4.8841715, -1.0342951
2942682504000, -9.433155, 3.466804, 0.59376204
2942692589000, -7.019799, 1.8866309, 3.4380736
2942702708000, -5.8226986, 1.8387469, 4.711789
2942712676000, -6.579266, 1.4077905, 3.9360676
2942722608000, -9.825804, 1.1013328, 1.0247183
2942733439000, -14.681245, 0.019153614, -2.7389667
2942742905000, -17.104177, -1.1300632, -6.339846
2942753015000, -18.32043, -0.19153613, -6.4739213
2942763090000, -18.92377, -0.80445176, -0.90021986
2942773142000, -19.383457, -13.9438305, -1.0247183
2942783261000, -16.893488, -12.919112, 2.3175871
2942793385000, -10.113108, -9.433155, 4.55856
2942803595000, -7.3071036, -5.315128, 6.090849
2942813783000, -7.651869, -1.6376339, 6.5026517
2942823690000, -7.967903, -0.05746084, 5.717354
2942834159000, -8.073248, 0.8714894, 5.00867
2942844249000, -8.887277, 1.4652514, 4.5298295
2942854387000, -10.007763, 1.9536686, 4.3287168
2942864483000, -11.109096, 2.183512, 4.414908
2942874656000, -11.779472, 1.6567876, 3.8115692
2942884777000, -11.750742, 0.62249243, 2.6527755
2942895777000, -8.714894, -0.32561144, 1.3120226
2942905201000, -4.1946416, -0.4309563, 5.363012
2942915180000, -1.2354081, 0.2681506, 6.694188
2942925314000, 0.047884032, 0.45010993, 4.7022123
2942935439000, -1.4460979, -0.22984336, 4.31914
2942945631000, -4.3382936, -1.4652514, 3.5338416
2942955777000, -6.6750345, -2.8921957, 2.9496565
2942965810000, -8.571242, -3.916914, 2.9879637
2942976059000, -10.036493, -4.3861775, 3.1411927
2942986186000, -11.089942, -4.1946416, 3.5338416
2942997489000, -11.808203, -3.4763808, 3.8402996
2943007466000, -11.990162, -2.1547816, 3.8307228
2943017253000, -11.712435, -0.4405331, 3.4284968
2943027568000, -11.434708, 1.1204864, 2.825158
2943037678000, -11.377247, 1.8291701, 2.183512
2943047793000, -11.463438, 1.6759412, 1.7621324
2943058612000, -11.33894, 0.35434186, 1.5131354
2943068340000, -11.118672, 0.2873042, 1.9536686
2943078355000, -10.94629, 0.6991069, 2.327164
2943088307000, -11.003751, 1.043872, 2.2505496
2943098470000, -11.013328, 1.1204864, 1.9728222
2943108454000, -10.812215, 1.2737153, 2.0685902
2943118492000, -10.304645, 1.6663644, 2.5570073
2943128729000, -9.768343, 2.1452048, 2.9400797
2943138800000, -9.308656, 2.566584, 3.3518825
2943148724000, -9.059659, 2.777274, 3.514688
2943159175000, -8.896853, 2.815581, 3.4572272
2943169293000, -8.781932, 2.6527755, 3.3135753
2943179401000, -8.676587, 2.3942018, 3.217807
2943190589000, -8.465898, 2.2505496, 3.1124623
2943209824000, -8.2169, 2.3175871, 3.4380736
2943220845000, -8.293514, 2.4516625, 3.6008794
2943230181000, -8.39886, 2.6719291, 3.6870706
2943240247000, -8.590396, 2.9400797, 3.86903
2943250570000, -8.810662, 3.265691, 4.098873
2943260551000, -8.887277, 3.3423057, 4.309563
2943270625000, -8.925584, 3.3901896, 4.3478703
2943280689000, -8.791509, 3.4763808, 4.453215
2943290800000, -8.676587, 3.4955344, 4.6255975
2943301109000, -8.494628, 3.3806129, 4.6926355
2943311496000, -8.283937, 3.2752678, 4.654328
2943321326000, -8.025364, 3.3039982, 4.6255975
2943331382000, -7.7667904, 3.41892, 4.6351743
2943341422000, -7.5465236, 3.5434184, 4.5872903
2943351509000, -7.3071036, 3.6391866, 4.6255975
2943361789000, -7.192182, 3.8307228, 4.817134
2943372152000, -7.2783732, 3.8977604, 5.0182467
2943382857000, -7.240066, 3.763685, 5.1523223
2943392153000, -7.3166804, 3.6487634, 5.171476
2943412413000, -7.249643, 3.3806129, 5.142745
2943422471000, -7.1826053, 3.122039, 5.1235914
2943432555000, -7.2783732, 2.9496565, 5.1523223
2943442723000, -7.3645644, 2.7868507, 5.1906295
2943453530000, -7.441179, 2.6048915, 5.2385135
2943463029000, -7.6135616, 2.4133554, 5.305551
2943472968000, -7.6710224, 2.1739352, 5.363012
2943493125000, -7.776367, 1.8579005, 5.410896
2943513394000, -7.824251, 1.7142484, 5.363012
2943523559000, -7.785944, 1.7621324, 5.3438582
2943533755000, -7.728483, 1.8770541, 5.315128
2943543723000, -7.690176, 1.9728222, 5.305551
2943554032000, -7.699753, 2.087744, 5.2289367
2943564101000, -7.73806, 2.1164744, 5.209783
2943574196000, -7.7572136, 2.0973208, 5.104438
2943584283000, -7.8050976, 2.0590134, 4.9895163
2943594408000, -7.9583263, 2.030283, 4.855441
2943604569000, -8.082825, 1.9249382, 4.7979803
2943615394000, -8.178593, 1.9057846, 4.7405195
2943624756000, -8.1881695, 1.8866309, 4.711789
2943645114000, -8.274361, 1.9153614, 4.510676
2943655167000, -8.312668, 2.030283, 4.453215
2943665317000, -8.37013, 2.1260512, 4.3478703
2943675702000, -8.456321, 2.183512, 4.271256
2943695936000, -8.686164, 2.2601264, 4.232949
2943705914000, -8.791509, 2.327164, 4.1946416
2943716581000, -8.887277, 2.3463178, 4.0797195
2943726761000, -8.935161, 2.384625, 3.9839516
2943737124000, -8.896853, 2.3942018, 3.964798
2943747104000, -8.839393, 2.5474305, 3.8307228
2943757155000, -8.686164, 2.6527755, 3.7445314
2943767225000, -8.66701, 2.719813, 3.715801
2943789409000, -8.7053175, 2.6910827, 3.7253778
2943809412000, -8.772355, 2.7485435, 3.6966474
2943819571000, -8.839393, 2.767697, 3.667917
2943829673000, -8.868123, 2.7868507, 3.6487634
2943849953000, -8.896853, 2.834735, 3.6391866
2943871139000, -8.791509, 2.8634653, 3.4955344
2943900992000, -8.820239, 2.8443117, 3.5913026
2943911217000, -8.791509, 2.8060043, 3.620033
2943931476000, -8.810662, 2.6623523, 3.5913026
2943941535000, -8.686164, 2.5378537, 3.6870706
2943952246000, -8.676587, 2.6719291, 3.5434184
2943961848000, -8.714894, 2.7868507, 3.4955344
2943972480000, -8.66701, 2.72939, 3.4763808
2943982587000, -8.647857, 2.7102363, 3.4476504
2943992698000, -8.6574335, 2.7581203, 3.3997664
2944002719000, -8.7053175, 2.7964275, 3.4093432
2944022721000, -8.791509, 2.9592333, 3.5242648
2944033466000, -8.839393, 2.9879637, 3.5625722
2944042840000, -8.868123, 3.0071173, 3.41892
2944052911000, -8.963891, 3.1507695, 3.371036
2944073129000, -8.925584, 3.0358477, 3.4572272
2944083227000, -8.8777, 2.9783869, 3.5051112
2944093328000, -8.791509, 2.930503, 3.4955344
2944103453000, -8.734048, 2.8538885, 3.5529952
2944113916000, -8.6574335, 2.815581, 3.6008794
2944123792000, -8.619126, 2.7964275, 3.620033
2944134323000, -8.628703, 2.7485435, 3.6296098
2944144440000, -8.6574335, 2.7389667, 3.6774938
2944164644000, -8.686164, 2.7581203, 3.6391866
2944174767000, -8.714894, 2.834735, 3.6870706
2944184886000, -8.7532015, 2.9783869, 3.6487634
2944195862000, -8.7053175, 2.8921957, 3.6391866
2944205270000, -8.66701, 2.834735, 3.5817258
2944215261000, -8.63828, 2.8538885, 3.6104562
2944225508000, -8.599973, 2.7868507, 3.6583402
2944235541000, -8.6095495, 2.834735, 3.7445314
2944255725000, -8.571242, 2.825158, 3.8402996
2944266026000, -8.590396, 2.834735, 3.8881836
2944286085000, -8.552089, 2.719813, 3.9264908
2944297412000, -8.532935, 2.6719291, 3.916914
2944307416000, -8.504205, 2.6431987, 3.9456444
2944317528000, -8.485051, 2.6048915, 3.9743748
2944327635000, -8.408437, 2.6240451, 4.012682
2944347829000, -8.389283, 2.7006595, 4.0414124
2944358655000, -8.42759, 2.767697, 4.003105
2944368210000, -8.418014, 2.7868507, 4.012682
2944378306000, -8.437167, 2.767697, 4.0414124
2944399418000, -8.532935, 2.7006595, 4.012682
2944419653000, -8.561666, 2.566584, 4.0318356
2944429788000, -8.532935, 2.5474305, 4.0222588
2944439907000, -8.494628, 2.528277, 4.060566
2944460137000, -8.39886, 2.480393, 4.0222588
2944470372000, -8.408437, 2.5187001, 4.0318356
2944491112000, -8.379706, 2.5570073, 4.012682
2944501277000, -8.39886, 2.6144683, 4.060566
2944512244000, -8.389283, 2.6240451, 4.0222588
2944542083000, -8.532935, 2.566584, 3.9552212
2944552598000, -8.571242, 2.5378537, 3.86903
2944562658000, -8.619126, 2.5474305, 3.9360676
2944572726000, -8.66701, 2.5378537, 3.964798
2944593025000, -8.724471, 2.6144683, 3.9552212
2944603102000, -8.868123, 2.6719291, 4.003105
2944613875000, -8.762778, 2.6240451, 3.9743748
2944623299000, -8.714894, 2.5474305, 3.9839516
2944643523000, -8.695741, 2.4708161, 3.8881836
2944653638000, -8.7053175, 2.4995465, 3.8977604
2944663765000, -8.676587, 2.528277, 3.9552212
2944673911000, -8.628703, 2.5570073, 3.964798
2944684076000, -8.552089, 2.5761611, 3.9935284
2944704235000, -8.494628, 2.6240451, 4.0318356
2944714950000, -8.485051, 2.6048915, 4.060566
2944725148000, -8.475474, 2.6240451, 4.10845
2944735297000, -8.42759, 2.6623523, 4.098873
2944745409000, -8.446744, 2.7006595, 4.060566
2944765713000, -8.437167, 2.7581203, 4.0318356
2944776527000, -8.456321, 2.7389667, 3.9839516
2944786116000, -8.465898, 2.777274, 4.003105
2944796237000, -8.494628, 2.719813, 3.9456444
2944806352000, -8.542512, 2.7581203, 3.9360676
2944816408000, -8.523358, 2.719813, 3.9935284
2944836851000, -8.580819, 2.72939, 3.964798
2944847162000, -8.552089, 2.7389667, 3.9073372
2944857068000, -8.494628, 2.719813, 3.9264908
2944866999000, -8.504205, 2.72939, 3.9073372
2944877626000, -8.494628, 2.7485435, 3.9743748
2944887682000, -8.513782, 2.681506, 4.012682
2944897857000, -8.561666, 2.5761611, 4.0414124
2944918001000, -8.532935, 2.5474305, 4.0892963
2944938849000, -8.542512, 2.5953147, 4.10845
2944958354000, -8.485051, 2.6048915, 4.0892963
2944978596000, -8.446744, 2.5953147, 4.0797195
2944990490000, -8.465898, 2.6048915, 4.003105
2944999727000, -8.446744, 2.6623523, 4.050989
2945020118000, -8.456321, 2.7006595, 3.9839516
2945030216000, -8.485051, 2.7102363, 3.9935284
2945041221000, -8.504205, 2.719813, 3.9839516
2945051898000, -8.542512, 2.681506, 4.012682
2945062497000, -8.552089, 2.6719291, 3.9743748
2945072955000, -8.580819, 2.7102363, 3.964798
2945083229000, -8.571242, 2.7006595, 3.9743748
2945103312000, -8.532935, 2.72939, 4.0222588
2945113499000, -8.513782, 2.7006595, 4.050989
2945132923000, -8.494628, 2.633622, 4.0414124
2945143025000, -8.42759, 2.6431987, 4.050989
2945153124000, -8.418014, 2.6719291, 4.0892963
2945163216000, -8.42759, 2.681506, 4.050989
2945183419000, -8.494628, 2.6240451, 4.0797195
2945203677000, -8.532935, 2.5378537, 4.156334
2945224079000, -8.504205, 2.5091233, 4.185065
2945244317000, -8.465898, 2.5187001, 4.213795
2945254426000, -8.418014, 2.528277, 4.223372
2945264572000, -8.350976, 2.5378537, 4.213795
2945284770000, -8.389283, 2.5761611, 4.175488
2945305401000, -8.389283, 2.4995465, 4.213795
2945315631000, -8.408437, 2.4899697, 4.2521024
2945325749000, -8.42759, 2.5091233, 4.271256
2945346056000, -8.437167, 2.5378537, 4.2425256
2945357479000, -8.418014, 2.5953147, 4.2521024
2945367657000, -8.379706, 2.6623523, 4.156334
2945377440000, -8.37013, 2.72939, 4.146757
2945387519000, -8.379706, 2.7389667, 4.10845
2945407752000, -8.465898, 2.7102363, 4.098873
2945417853000, -8.552089, 2.7006595, 4.0797195
2945438223000, -8.523358, 2.681506, 4.1180267
2945458238000, -8.485051, 2.6431987, 4.1276035
2945478465000, -8.418014, 2.633622, 4.1180267
2945489349000, -8.408437, 2.6719291, 4.060566
2945499139000, -8.42759, 2.6527755, 4.0222588
2945509072000, -8.465898, 2.633622, 3.9743748
2945520142000, -8.494628, 2.6527755, 3.9456444
2945539800000, -8.561666, 2.6910827, 3.9839516
2945549962000, -8.63828, 2.6527755, 4.0318356
2945560093000, -8.647857, 2.633622, 4.0414124
2945580388000, -8.63828, 2.6623523, 4.0318356
2945592590000, -8.599973, 2.7006595, 4.012682
2945602610000, -8.561666, 2.719813, 3.964798
2945613584000, -8.532935, 2.72939, 3.9360676
2945633082000, -8.542512, 2.7581203, 3.9743748
2945643700000, -8.552089, 2.7102363, 3.9935284
2945653609000, -8.561666, 2.7485435, 4.0318356
2945673819000, -8.552089, 2.719813, 3.9743748
2945694026000, -8.523358, 2.719813, 3.9935284
2945724213000, -8.599973, 2.681506, 3.9360676
2945744449000, -8.590396, 2.5953147, 4.060566
2945764676000, -8.465898, 2.633622, 4.060566
2945774791000, -8.39886, 2.7006595, 3.9743748
2945795113000, -8.408437, 2.7581203, 3.9264908
2945805245000, -8.465898, 2.7485435, 3.9360676
2945825673000, -8.571242, 2.7389667, 3.9552212
2945845813000, -8.571242, 2.7006595, 3.9360676
2945855994000, -8.6574335, 2.6527755, 3.8977604
2945866061000, -8.695741, 2.5570073, 3.964798
2945876213000, -8.762778, 2.5091233, 3.916914
2945886403000, -8.743625, 2.4899697, 3.9743748
2945896461000, -8.676587, 2.5187001, 4.012682
2945906786000, -8.590396, 2.633622, 3.964798
2945917496000, -8.532935, 2.719813, 4.003105
2945927176000, -8.475474, 2.7868507, 4.012682
2945937562000, -8.42759, 2.825158, 4.003105
2945947693000, -8.379706, 2.7964275, 4.012682
2945957802000, -8.408437, 2.7102363, 3.9839516
2945967922000, -8.504205, 2.6144683, 4.003105
2945978894000, -8.475474, 2.480393, 4.0797195
2945992584000, -8.63828, 2.566584, 3.9839516
2946013281000, -8.571242, 2.5761611, 4.060566
2946022569000, -8.532935, 2.6623523, 4.0222588
2946042692000, -8.446744, 2.7102363, 4.0318356
2946062713000, -8.418014, 2.7006595, 4.003105
2946072769000, -8.408437, 2.7102363, 3.964798
2946092939000, -8.494628, 2.7006595, 3.9935284
2946103027000, -8.542512, 2.6910827, 4.0222588
2946113706000, -8.552089, 2.6719291, 4.003105
2946123625000, -8.571242, 2.719813, 3.9552212
2946143914000, -8.599973, 2.7006595, 3.964798
2946164068000, -8.6095495, 2.6240451, 3.916914
2946174193000, -8.590396, 2.633622, 3.9360676
2946194441000, -8.561666, 2.6910827, 3.9264908
2946204558000, -8.552089, 2.719813, 3.9360676
2946214663000, -8.542512, 2.72939, 3.9743748
2946224793000, -8.532935, 2.777274, 4.003105
2946245111000, -8.513782, 2.7102363, 4.0318356
2946265373000, -8.523358, 2.72939, 3.9552212
2946286083000, -8.552089, 2.7006595, 3.9073372
2946296098000, -8.561666, 2.6719291, 3.8881836
2946306233000, -8.590396, 2.6910827, 3.9552212
2946336436000, -8.552089, 2.777274, 4.0892963
2946346799000, -8.561666, 2.719813, 4.098873
2946357459000, -8.571242, 2.6910827, 4.0318356
2946367403000, -8.542512, 2.633622, 4.0701427
2946377136000, -8.513782, 2.5378537, 4.0892963
2946389525000, -8.42759, 2.4995465, 4.0414124
2946399032000, -8.341399, 2.566584, 3.9743748
2946408953000, -8.283937, 2.6527755, 3.9935284
2946419493000, -8.255207, 2.7102363, 4.0797195
2946429604000, -8.236053, 2.767697, 4.050989
2946439733000, -8.303091, 2.8060043, 4.0892963
2946449855000, -8.360553, 2.873042, 4.0414124
2946470172000, -8.42759, 2.7964275, 4.10845
2946480311000, -8.465898, 2.767697, 4.060566
2946490980000, -8.504205, 2.7581203, 4.003105
2946501259000, -8.542512, 2.681506, 3.916914
2946513003000, -8.590396, 2.6144683, 3.8594532
2946543323000, -8.724471, 2.5187001, 3.8977604
2946553449000, -8.762778, 2.4995465, 3.9743748
2946573500000, -8.743625, 2.4899697, 3.9935284
2946583480000, -8.7053175, 2.4708161, 4.003105
2946593569000, -8.647857, 2.4516625, 4.012682
2946603582000, -8.619126, 2.528277, 3.964798
2946623896000, -8.523358, 2.5953147, 3.9360676
2946633968000, -8.465898, 2.6431987, 3.8977604
2946648606000, -8.494628, 2.6719291, 3.8498764
2946658510000, -8.523358, 2.6527755, 3.8307228
2946678515000, -8.599973, 2.633622, 3.8402996
2946688516000, -8.6574335, 2.6431987, 3.8498764
2946698589000, -8.66701, 2.6623523, 3.7924154
2946708659000, -8.6574335, 2.767697, 3.7732618
2946718967000, -8.676587, 2.815581, 3.7828386
2946729011000, -8.66701, 2.8538885, 3.7541082
2946749149000, -8.63828, 2.930503, 3.7732618
2946759266000, -8.590396, 2.9400797, 3.7445314
2946769395000, -8.561666, 2.8921957, 3.8019924
2946779530000, -8.599973, 2.825158, 3.7828386
2946790686000, -8.590396, 2.7485435, 3.7445314
2946799820000, -8.628703, 2.6910827, 3.763685
2946810243000, -8.6574335, 2.6048915, 3.7924154
2946820212000, -8.686164, 2.5953147, 3.8594532
2946830382000, -8.66701, 2.5761611, 3.8115692
2946840613000, -8.647857, 2.585738, 3.8402996
2946850756000, -8.6574335, 2.528277, 3.9456444
2946860792000, -8.647857, 2.4995465, 4.0222588
2946870907000, -8.628703, 2.5187001, 4.0797195
2946891164000, -8.599973, 2.5091233, 4.1371803
2946901318000, -8.542512, 2.480393, 4.0701427
2946921440000, -8.456321, 2.528277, 4.098873
2946931545000, -8.389283, 2.5378537, 4.175488
2946941815000, -8.39886, 2.5187001, 4.232949
2946962094000, -8.408437, 2.5378537, 4.213795
2946972078000, -8.379706, 2.5474305, 4.146757
2946982207000, -8.389283, 2.566584, 4.10845
2946992341000, -8.331821, 2.5953147, 4.1371803
2947002457000, -8.379706, 2.6144683, 4.098873
2947012586000, -8.39886, 2.585738, 4.0701427
2947022700000, -8.456321, 2.5953147, 4.012682
2947032840000, -8.322245, 2.4516625, 4.223372
2947042931000, -8.772355, 2.6623523, 3.964798
2947053035000, -8.7053175, 2.5570073, 4.003105
2947063100000, -8.647857, 2.6048915, 4.012682
2947073186000, -8.542512, 2.633622, 4.0414124
2947083309000, -8.532935, 2.6910827, 4.0892963
2947093418000, -8.504205, 2.719813, 4.060566
2947103549000, -8.456321, 2.7102363, 4.1180267
2947113656000, -8.475474, 2.7485435, 4.1371803
2947133947000, -8.465898, 2.6910827, 4.0797195
2947144068000, -8.475474, 2.6719291, 3.9935284
2947154108000, -8.456321, 2.6623523, 3.964798
2947174351000, -8.485051, 2.6048915, 3.9935284
2947194629000, -8.580819, 2.5570073, 4.003105
2947214909000, -8.6574335, 2.5953147, 3.9935284
2947235263000, -8.714894, 2.5378537, 4.012682
2947265716000, -8.599973, 2.4995465, 4.10845
2947275801000, -8.513782, 2.5953147, 4.1371803
2947285917000, -8.418014, 2.6623523, 4.146757
2947296074000, -8.360553, 2.6431987, 4.1276035
2947306244000, -8.283937, 2.6623523, 4.1371803
2947326395000, -8.341399, 2.6144683, 4.1180267
2947336518000, -8.418014, 2.566584, 4.1276035
2947346802000, -8.465898, 2.5474305, 4.10845
2947357491000, -8.494628, 2.5378537, 4.156334
2947367167000, -8.523358, 2.5570073, 4.1276035
2947377693000, -8.504205, 2.6623523, 4.1659107
2947387832000, -8.475474, 2.6431987, 4.1276035
2947398022000, -8.523358, 2.6144683, 4.0797195
2947418162000, -8.475474, 2.6048915, 4.1659107
2947438365000, -8.37013, 2.6240451, 4.1659107
2947448503000, -8.312668, 2.6910827, 4.2042184
2947458528000, -8.293514, 2.7006595, 4.185065
2947468516000, -8.312668, 2.7389667, 4.156334
2947488534000, -8.37013, 2.6431987, 4.1180267
2947498635000, -8.389283, 2.633622, 4.10845
2947508696000, -8.456321, 2.5953147, 4.1180267
2947519027000, -8.504205, 2.5761611, 4.156334
2947529058000, -8.523358, 2.5570073, 4.1659107
2947549187000, -8.590396, 2.528277, 4.1180267
2947569423000, -8.599973, 2.5570073, 4.0797195
2947579560000, -8.523358, 2.5761611, 4.10845
2947591084000, -8.485051, 2.5953147, 4.0892963
2947611408000, -8.437167, 2.6240451, 4.0701427
2947631556000, -8.504205, 2.5953147, 4.0701427
2947662207000, -8.561666, 2.566584, 4.050989
2947672555000, -8.523358, 2.5953147, 4.0797195
2947682684000, -8.494628, 2.5187001, 4.1180267
2947692844000, -8.504205, 2.6048915, 4.0892963
2947713049000, -8.552089, 2.6623523, 4.0414124
2947723137000, -8.504205, 2.72939, 4.012682
2947733227000, -8.532935, 2.7006595, 3.9839516
2947743356000, -8.590396, 2.6527755, 3.9743748
2947753433000, -8.619126, 2.6719291, 3.9935284
2947763486000, -8.590396, 2.633622, 4.050989
2947783492000, -8.590396, 2.6048915, 4.0414124
2947803607000, -8.6095495, 2.6144683, 3.9839516
2947823913000, -8.532935, 2.6240451, 4.012682
2947834057000, -8.523358, 2.6048915, 3.9935284
2947844088000, -8.504205, 2.5953147, 4.012682
2947854214000, -8.475474, 2.6431987, 4.0222588
2947864350000, -8.437167, 2.633622, 4.060566
2947874469000, -8.42759, 2.6527755, 4.0414124
2947884602000, -8.446744, 2.6719291, 4.098873
2947894736000, -8.504205, 2.6431987, 4.1180267
2947904857000, -8.475474, 2.6240451, 4.098873
2947914981000, -8.485051, 2.6048915, 4.0701427
2947935275000, -8.465898, 2.5953147, 4.1371803
2947956051000, -8.456321, 2.6048915, 4.0701427
2947966112000, -8.42759, 2.6431987, 4.0892963
2947990978000, -8.456321, 2.6623523, 4.146757
2948022963000, -8.494628, 2.681506, 4.10845
2948033051000, -8.504205, 2.6527755, 4.1180267
2948043124000, -8.485051, 2.6623523, 4.098873
2948053207000, -8.513782, 2.6527755, 4.10845
2948063037000, -8.446744, 2.6719291, 4.1180267
2948083232000, -8.408437, 2.633622, 4.0892963
2948103329000, -8.456321, 2.633622, 4.10845
2948123725000, -8.485051, 2.6623523, 4.0797195
2948143988000, -8.532935, 2.6527755, 4.0797195
2948154064000, -8.542512, 2.633622, 4.060566
2948164172000, -8.532935, 2.6623523, 4.0797195
2948174301000, -8.561666, 2.633622, 4.0701427
2948184404000, -8.542512, 2.6431987, 4.060566
2948204670000, -8.552089, 2.633622, 4.060566
2948225084000, -8.523358, 2.6144683, 3.9935284
2948245405000, -8.523358, 2.6240451, 3.9839516
2948255679000, -8.513782, 2.6623523, 4.003105
2948266110000, -8.532935, 2.6527755, 4.0414124
2948286277000, -8.485051, 2.633622, 4.0318356
2948306456000, -8.456321, 2.6431987, 4.0414124
2948327507000, -8.465898, 2.6623523, 4.0414124
2948357703000, -8.485051, 2.6527755, 4.0222588
2948367829000, -8.494628, 2.681506, 4.003105
2948377945000, -8.504205, 2.6719291, 4.0318356
2948388127000, -8.485051, 2.681506, 4.0414124
2948398266000, -8.494628, 2.6527755, 4.0701427
2948418383000, -8.513782, 2.633622, 4.0892963
2948428471000, -8.494628, 2.6623523, 4.0701427
2948458511000, -8.465898, 2.6719291, 4.050989
2948468510000, -8.456321, 2.681506, 4.0318356
2948478625000, -8.475474, 2.6719291, 4.0414124
2948488751000, -8.456321, 2.681506, 4.060566
2948498925000, -8.465898, 2.7006595, 4.0797195
2948509067000, -8.494628, 2.6623523, 4.060566
2948529387000, -8.494628, 2.633622, 4.0892963
2948549565000, -8.485051, 2.5953147, 4.0797195
2948569785000, -8.485051, 2.585738, 4.0701427
2948591002000, -8.494628, 2.633622, 4.1180267
2948611515000, -8.485051, 2.6719291, 4.0222588
2948621496000, -8.523358, 2.633622, 3.9743748
2948641800000, -8.561666, 2.6240451, 4.0222588
2948662473000, -8.599973, 2.633622, 4.012682
2948672534000, -8.552089, 2.6144683, 4.050989
2948682672000, -8.532935, 2.633622, 4.060566
2948702935000, -8.475474, 2.6910827, 4.10845
2948713055000, -8.42759, 2.7102363, 4.0892963
2948723114000, -8.437167, 2.7006595, 4.1276035
2948733233000, -8.456321, 2.6910827, 4.10845
2948753397000, -8.456321, 2.6527755, 4.0797195
2948773460000, -8.465898, 2.6240451, 4.050989
2948783475000, -8.456321, 2.6144683, 4.060566
2948803569000, -8.475474, 2.6240451, 4.050989
2948813690000, -8.485051, 2.6623523, 4.060566
2948823832000, -8.494628, 2.6144683, 4.1371803
2948833956000, -8.513782, 2.6527755, 4.1180267
2948854166000, -8.475474, 2.633622, 4.1276035
2948864297000, -8.456321, 2.6719291, 4.1180267
2948884568000, -8.408437, 2.6527755, 4.1659107
2948914949000, -8.389283, 2.633622, 4.1371803
2948935259000, -8.418014, 2.6527755, 4.1946416
2948945401000, -8.39886, 2.6431987, 4.1371803
2948956053000, -8.446744, 2.633622, 4.156334
2948966055000, -8.456321, 2.5953147, 4.1659107
2948976193000, -8.485051, 2.6048915, 4.156334
2948986238000, -8.504205, 2.5953147, 4.146757
2949007458000, -8.485051, 2.6048915, 4.156334
2949017234000, -8.494628, 2.5761611, 4.1276035
2949027552000, -8.475474, 2.585738, 4.098873
2949037667000, -8.494628, 2.6048915, 4.0892963
2949057935000, -8.465898, 2.5761611, 4.1180267
2949068040000, -8.485051, 2.5953147, 4.1371803
2949078139000, -8.504205, 2.5761611, 4.1276035
2949098359000, -8.485051, 2.6048915, 4.098873
2949108459000, -8.465898, 2.585738, 4.1276035
2949128469000, -8.475474, 2.6431987, 4.1371803
2949138497000, -8.465898, 2.633622, 4.10845
2949148501000, -8.485051, 2.6144683, 4.1276035
2949158561000, -8.475474, 2.6240451, 4.1659107
2949178815000, -8.485051, 2.6431987, 4.10845
2949200293000, -8.465898, 2.6431987, 4.060566
2949221032000, -8.523358, 2.6527755, 4.003105
2949241191000, -8.523358, 2.6144683, 4.060566
2949252464000, -8.504205, 2.6048915, 4.0797195
2949282492000, -8.485051, 2.6240451, 4.1180267
2949292673000, -8.456321, 2.6623523, 4.098873
2949302747000, -8.42759, 2.6910827, 4.0892963
2949312854000, -8.39886, 2.719813, 4.0318356
2949322959000, -8.42759, 2.6910827, 4.0797195
2949333031000, -8.475474, 2.6719291, 4.0414124
2949343124000, -8.513782, 2.633622, 4.0797195
2949363320000, -8.523358, 2.5953147, 4.0797195
2949383439000, -8.542512, 2.6240451, 4.050989
2949403490000, -8.485051, 2.6048915, 4.10845
2949413457000, -8.494628, 2.633622, 4.098873
2949433694000, -8.485051, 2.633622, 4.0797195
2949454064000, -8.504205, 2.5953147, 4.0797195
2949464165000, -8.475474, 2.5761611, 4.0892963
2949474277000, -8.532935, 2.6048915, 4.0797195
2949484411000, -8.513782, 2.5953147, 4.10845
2949494549000, -8.475474, 2.6048915, 4.1276035
2949514778000, -8.456321, 2.6144683, 4.146757
2949535146000, -8.456321, 2.6048915, 4.1371803
2949545227000, -8.42759, 2.6431987, 4.0797195
2949555364000, -8.475474, 2.633622, 4.098873
2949586163000, -8.485051, 2.6144683, 4.1180267
2949595891000, -8.513782, 2.6240451, 4.1946416
2949606204000, -8.504205, 2.6144683, 4.185065
2949616337000, -8.494628, 2.6240451, 4.1946416
2949626421000, -8.456321, 2.5761611, 4.2425256
2949646836000, -8.42759, 2.5570073, 4.146757
2949657492000, -8.446744, 2.585738, 4.1659107
2949687626000, -8.456321, 2.6048915, 4.1371803
2949707849000, -8.408437, 2.5761611, 4.175488
2949717955000, -8.42759, 2.6048915, 4.1276035
2949728045000, -8.446744, 2.6431987, 4.146757
2949748270000, -8.475474, 2.6623523, 4.1180267
2949768192000, -8.446744, 2.681506, 4.0701427
2949778435000, -8.465898, 2.6623523, 4.0414124
2949790647000, -8.446744, 2.633622, 4.10845
2949799980000, -8.456321, 2.6623523, 4.1276035
2949810232000, -8.475474, 2.6527755, 4.0797195
2949820320000, -8.494628, 2.681506, 4.098873
2949830957000, -8.485051, 2.6527755, 4.0701427
2949861265000, -8.504205, 2.6719291, 4.0892963
2949881423000, -8.494628, 2.6527755, 4.10845
2949901847000, -8.437167, 2.6431987, 4.10845
2949912484000, -8.42759, 2.6144683, 4.0414124
2949922237000, -8.475474, 2.6527755, 4.060566
2949942665000, -8.504205, 2.633622, 4.0892963
2949963015000, -8.542512, 2.633622, 4.0797195
2949983111000, -8.523358, 2.5761611, 4.060566
2949993293000, -8.513782, 2.5953147, 4.10845
2950003368000, -8.532935, 2.6240451, 4.0701427
2950024091000, -8.475474, 2.5953147, 4.098873
2950034158000, -8.446744, 2.585738, 4.10845
2950044424000, -8.494628, 2.633622, 4.0892963
2950054574000, -8.523358, 2.6623523, 4.1276035
2950085128000, -8.504205, 2.6527755, 4.0701427
2950095199000, -8.523358, 2.6910827, 4.060566
2950105334000, -8.513782, 2.681506, 4.0414124
2950125848000, -8.494628, 2.6623523, 4.0222588
2950135901000, -8.485051, 2.6431987, 4.0318356
2950156088000, -8.494628, 2.6431987, 4.050989
2950176263000, -8.485051, 2.6719291, 4.0701427
2950196494000, -8.465898, 2.7102363, 4.10845
2950206699000, -8.475474, 2.681506, 4.0892963
2950217517000, -8.465898, 2.7006595, 4.0797195
2950227531000, -8.475474, 2.6623523, 4.1276035
2950247778000, -8.475474, 2.633622, 4.098873
2950268138000, -8.42759, 2.6719291, 4.0797195
2950288318000, -8.504205, 2.633622, 4.098873
2950298391000, -8.513782, 2.6240451, 4.0701427
2950308432000, -8.504205, 2.633622, 4.060566
2950338495000, -8.485051, 2.633622, 4.1276035
2950378893000, -8.494628, 2.6144683, 4.0414124
2950400424000, -8.532935, 2.6527755, 4.1180267
2950411142000, -8.504205, 2.6719291, 4.1276035
2950421192000, -8.552089, 2.6144683, 4.10845
2950431289000, -8.523358, 2.6048915, 4.1371803
2950451451000, -8.485051, 2.6910827, 4.2042184
2950471769000, -8.456321, 2.6910827, 4.1946416
2950482509000, -8.408437, 2.6719291, 4.098873
2950502602000, -8.39886, 2.6527755, 4.0701427
