#Acceleration force along the x y z axes (including gravity).
#timestamp(ns),x,y,z(m/s^2)
#Datetime: 07/05/2015 17:04:15
##########################################
#Activity: 13 - SDL - Sideward-lying - 10s
#Subject ID: 51
#First Name: sub51
#Last Name: sub51
#Age: 23
#Height(cm): 171
#Weight(kg): 70
#Gender: Male
##########################################

@DATA
24303059326000, 2.480393, -9.299079, -0.9864111
24303260182000, 2.7389667, -9.3182335, -0.8714894
24303459802000, 2.7102363, -9.346964, -0.7565677
24303659917000, 2.5474305, -9.3182335, -0.78529817
24303860934000, 2.5187001, -9.14585, -0.7278373
24304060196000, 1.7908629, -8.983045, -1.2162545
24304080490000, 1.7238252, -8.791509, -1.436521
24304090552000, 1.7621324, -8.714894, -1.3790601
24304100735000, 1.5897499, -8.6095495, -1.4173675
24304110752000, 1.3311762, -8.42759, -1.4077905
24304121152000, 1.1683705, -8.2169, -1.5801731
24304132100000, 1.0151415, -8.207323, -1.6759412
24304142172000, 0.7565677, -8.073248, -1.3599066
24304152539000, 0.37349546, -7.8912888, -0.6895301
24304164590000, 0.10534488, -6.9527617, -0.6703765
24304175396000, 0.17238252, -6.5122285, -1.7717092
24304184951000, 0.20111294, -6.4068837, -2.3654714
24304197237000, -0.038307227, -6.4547677, -2.3750482
24304208173000, -0.30645782, -6.694188, -2.183512
24304219086000, -0.7661445, -7.1730285, -1.7525556
24304229640000, -0.91937345, -7.6614456, -1.2354081
24304239804000, -0.81402856, -7.8625584, -1.4748282
24304250232000, -0.24899697, -7.920019, -1.733402
24304259904000, 0.39264908, -7.929596, -2.087744
24304281547000, 1.5131354, -8.1881695, -2.2218192
24304292158000, 1.6376339, -7.920019, -2.7581203
24304304053000, 1.9919758, -9.155427, -2.2601264
24304314687000, 1.982399, -9.184157, -2.585738
24304325602000, 2.0685902, -9.232041, -2.1068976
24304335176000, 1.9440918, -8.7053175, -2.585738
24304345594000, 1.982399, -8.437167, -2.7581203
24304355353000, 1.8483237, -8.178593, -3.371036
24304366023000, 1.5897499, -8.207323, -3.4476504
24304375957000, 1.0342951, -8.073248, -4.098873
24304386821000, 0.32561144, -8.015787, -4.4915223
24304397538000, -0.32561144, -8.236053, -4.146757
24304409641000, -1.1587936, -8.312668, -4.5777135
24304419899000, -1.8004397, -8.121132, -4.9224787
24304430572000, -2.3654714, -7.5561004, -5.889736
24304439903000, -2.8443117, -6.7229185, -5.9184666
24304450251000, -3.7828386, -4.8458643, -6.5984197
24304460353000, -4.261679, -4.414908, -6.6846113
24304470506000, -4.8267107, -3.7828386, -7.517793
24304481609000, -5.506664, -4.405331, -6.9719152
24304491920000, -5.315128, -4.280833, -6.6846113
24304502337000, -5.7843914, -5.00867, -6.588843
24304512876000, -5.4779334, -5.0278234, -6.646304
24304523283000, -4.548983, -4.7309427, -6.2632318
24304534933000, -4.414908, -4.8458643, -6.6175733
24304545607000, -4.232949, -5.3247046, -6.943185
24304555400000, -3.8019924, -5.7365074, -7.326257
24304565830000, -3.466804, -6.090849, -6.981492
24304575955000, -3.2848446, -5.861006, -7.0102224
24304585943000, -3.3518825, -5.602432, -6.83784
24304599494000, -3.1890767, -5.583278, -7.0102224
24304609978000, -2.6910827, -5.90889, -6.8186865
24304620321000, -1.6950948, -6.196194, -6.6750345
24304630595000, -0.8619126, -6.6750345, -6.694188
24304639934000, 0.076614454, -6.9527617, -6.1004257
24304651255000, 1.3311762, -7.07726, -5.9567738
24304661353000, 2.5474305, -7.479486, -5.544971
24304671740000, 3.5338416, -7.2687964, -6.3302693
24304682253000, 4.4819455, -8.523358, -5.2768207
24304692596000, 5.2289367, -9.404425, -4.903325
24304702706000, 5.449203, -9.825804, -5.2959743
24304713151000, 5.0182467, -8.963891, -5.8801594
24304724708000, 3.4093432, -8.992621, -6.4547677
24304735669000, 2.1739352, -5.851429, -9.241618
24304754959000, 6.3589997, -4.9320555, -12.679692
24304765386000, 16.136919, -7.699753, -9.279925
24304775728000, 12.98615, -10.0269165, -10.821792
24304785564000, 8.887277, -14.777013, -10.457873
24304797837000, 6.2345014, -17.152061, -9.998186
24304809388000, 4.8362875, -16.347609, -9.452309
24304819497000, 3.6583402, -11.999739, -10.457873
24304830541000, 3.064578, -7.4507556, -11.520899
24304839865000, 2.2505496, -5.3247046, -11.769896
24304851436000, 1.1587936, -5.1140146, -11.243171
24304860815000, -0.41180268, -6.033388, -9.107543
24304870915000, -2.0111294, -6.2728086, -6.349423
24304881337000, -2.9496565, -4.903325, -4.10845
24304891963000, -3.074155, -2.815581, -2.930503
24304901578000, -2.480393, -0.94810385, -2.6144683
24304911819000, -1.1109096, 0.33518824, -3.4859576
24304922914000, 0.6895301, -0.31603462, -5.410896
24304934469000, 0.19153613, -1.3982137, -4.644751
24304946073000, -0.4213795, -1.5131354, -4.4340615
24304956130000, -0.48841715, -1.13964, -3.7349546
24304967364000, 0.641646, -0.59376204, -4.1371803
24304978150000, 2.4516625, -0.8523358, -5.0661306
24304991504000, 4.3287168, -0.7182605, -6.033388
24305001005000, 5.7365074, -1.0630256, -8.446744
24305011027000, 9.126697, 0.8714894, -13.9917145
24305022292000, 16.941372, 1.4652514, -18.148048
24305031559000, 18.004396, 4.7022123, -18.83758
24305041682000, 6.215348, 3.6296098, -19.182344
24305052262000, 0.038307227, 3.217807, -14.049175
24305072707000, -1.3790601, 5.104438, -2.5761611
24305082826000, 1.388637, 6.081272, 2.2697031
24305094886000, 3.3039982, 5.841852, 4.232949
24305104817000, 3.3901896, 4.280833, 3.371036
24305115354000, 2.585738, 1.8579005, 0.25857377
24305125768000, 3.4476504, 0.23942018, -6.196194
24305135314000, 7.067683, 2.0494366, -8.916007
24305145682000, 9.816227, 4.3957543, -11.348516
24305155506000, 10.04607, 4.9224787, -11.224017
24305176267000, 6.5026517, 4.9320555, -7.575254
24305185995000, 3.6104562, 4.309563, -8.494628
24305197048000, 1.4269443, 3.8402996, -8.350976
24305208574000, 0.21068975, 3.572149, -8.475474
24305217899000, 0.25857377, 2.7581203, -8.7532015
24305228065000, 1.7525556, 1.5897499, -8.8777
24305238323000, 4.3382936, 1.091756, -9.299079
24305248931000, 5.4300494, 1.4460979, -8.178593
24305258663000, 6.1100025, 1.7812861, -6.6271505
24305268394000, 6.6846113, 2.3558946, -4.960786
24305278490000, 7.1155677, 3.1603463, -3.8019924
24305288612000, 7.240066, 4.0222588, -3.2944214
24305298570000, 7.3166804, 5.104438, -3.0933087
24305319302000, 7.335834, 7.7572136, -4.405331
24305329507000, 7.5848308, 8.896853, -4.5777135
24305339531000, 8.025364, 9.404425, -4.4340615
24305350954000, 8.580819, 8.676587, -4.4819455
24305360744000, 7.9104424, 6.6750345, -4.8745947
24305370504000, 7.3071036, 5.554548, -4.8362875
24305380883000, 6.895301, 5.3821654, -4.9799395
24305391526000, 6.5218053, 5.6215854, -5.353435
24305400886000, 6.1004257, 6.081272, -5.7843914
24305411101000, 5.554548, 6.38773, -5.93762
24305421196000, 4.960786, 6.349423, -5.899313
24305431616000, 4.6351743, 6.2345014, -5.3438582
24305444731000, 4.759673, 6.2249246, -4.501099
24305454681000, 5.2289367, 6.435614, -3.3039982
24305465915000, 6.6367273, 7.7189064, -3.1028855
24305475431000, 7.374141, 8.628703, -3.7062242
24305485644000, 7.824251, 9.212888, -4.7309427
24305495881000, 7.8625584, 9.414001, -5.813122
24305506072000, 7.8146744, 9.509769, -5.746084
24305518039000, 7.297527, 9.059659, -5.257667
24305530502000, 6.483498, 7.785944, -4.9799395
24305542863000, 6.1866174, 6.7612257, -4.4915223
24305552846000, 6.1387334, 6.090849, -4.185065
24305565092000, 6.8761473, 5.5258174, -4.2521024
24305576777000, 7.019799, 5.2289367, -4.31914
24305586018000, 6.991069, 4.7788267, -4.232949
24305596310000, 6.751649, 4.280833, -4.271256
24305606420000, 6.493075, 3.7828386, -4.5298295
24305617551000, 6.2345014, 3.4763808, -4.721366
24305627563000, 6.2728086, 3.4284968, -4.817134
24305639462000, 6.5601125, 3.4763808, -4.8362875
24305649590000, 6.981492, 3.5913026, -4.76925
24305660170000, 7.4124484, 3.7732618, -4.7500963
24305669475000, 7.8146744, 3.8594532, -4.865018
24305679740000, 8.197746, 3.7445314, -4.999093
24305689893000, 8.485051, 3.4572272, -5.1523223
24305700509000, 8.628703, 3.0262709, -5.1235914
24305710306000, 8.772355, 2.6240451, -4.8745947
24305719939000, 8.944737, 2.3080103, -4.759673
24305730555000, 9.624691, 1.8004397, -4.6926355
24305750572000, 10.448297, 1.2641385, -4.644751
24305760598000, 10.745177, 1.0726024, -4.5394063
24305771019000, 10.726024, 0.7757214, -4.596867
24305781044000, 10.28549, 0.45010993, -4.807557
24305792376000, 9.730036, 0.29688102, -5.0757074
24305805244000, 9.414001, 0.37349546, -5.4683566
24305816271000, 9.337387, 0.5267244, -5.861006
24305826468000, 9.3661175, 0.6512229, -6.0142345
24305835901000, 9.385271, 0.6895301, -5.93762
24305856603000, 9.088389, 0.7565677, -5.439626
24305868101000, 8.762778, 0.89064306, -5.1810527
24305878445000, 8.42759, 1.0630256, -5.1523223
24305889734000, 7.728483, 1.2258313, -5.6886234
24305899661000, 7.469909, 1.1300632, -6.090849
24305910071000, 7.2687964, 0.91937345, -6.4643445
24305919882000, 7.1059904, 0.7278373, -6.789956
24305931486000, 6.9144545, 0.63206923, -6.943185
24305941803000, 6.799533, 0.7757214, -7.0581064
24305951426000, 6.742072, 1.0151415, -7.0006456
24305961290000, 6.8282633, 1.4077905, -6.8569937
24305971764000, 6.9719152, 1.7908629, -6.7803793
24305981881000, 7.1347213, 2.030283, -6.8761473
24305995976000, 7.3166804, 2.0111294, -7.067683
24306005709000, 7.4507556, 1.8387469, -7.2113357
24306015937000, 7.4986396, 1.5227122, -7.422025
24306025897000, 7.52737, 1.0630256, -7.3166804
24306035979000, 7.3549876, 0.79487497, -7.297527
24306046783000, 7.249643, 0.6991069, -7.2687964
24306056981000, 7.086837, 0.641646, -7.326257
24306066039000, 6.8282633, 0.59376204, -7.383718
24306076096000, 6.5026517, 0.5267244, -7.4507556
24306096343000, 5.746084, 0.4213795, -7.5561004
24306106542000, 5.5162406, 0.24899697, -7.52737
24306117873000, 5.554548, 0.11492168, -7.575254
24306138243000, 6.129156, 0.41180268, -7.5944076
24306148988000, 6.493075, 0.8331822, -7.6231384
24306160222000, 6.8186865, 1.3215994, -7.6614456
24306169886000, 7.086837, 1.685518, -7.6231384
24306180590000, 7.201759, 1.8770541, -7.565677
24306190187000, 7.2304893, 1.9536686, -7.4028716
24306200724000, 7.192182, 1.8962077, -7.153875
24306210745000, 7.067683, 1.7717092, -6.9144545
24306221016000, 6.933608, 1.6663644, -6.83784
24306232091000, 6.789956, 1.532289, -6.8761473
24306241953000, 6.5601125, 1.436521, -6.991069
24306252603000, 6.167464, 1.1683705, -7.3645644
24306273101000, 6.129156, 1.0247183, -7.422025
24306284031000, 6.215348, 1.0342951, -7.393295
24306294103000, 6.3111157, 1.0726024, -7.3166804
24306314981000, 6.483498, 1.1300632, -7.2304893
24306325844000, 6.588843, 1.1971009, -7.192182
24306335222000, 6.646304, 1.292869, -7.2113357
24306345757000, 6.751649, 1.3694834, -7.1251445
24306355586000, 6.8761473, 1.4269443, -7.07726
24306365952000, 6.9623384, 1.4173675, -7.0102224
24306376316000, 7.0485296, 1.4077905, -7.0006456
24306385931000, 7.086837, 1.4173675, -6.943185
24306399102000, 7.07726, 1.3694834, -6.9527617
24306419942000, 6.981492, 1.2258313, -7.1634517
24306430695000, 6.991069, 1.1204864, -7.2113357
24306441937000, 7.0102224, 1.0247183, -7.240066
24306451455000, 7.0485296, 0.9768343, -7.2687964
24306473294000, 7.0964136, 0.8810662, -7.2209125
24306482791000, 7.1251445, 0.8523358, -7.192182
24306502831000, 7.07726, 0.7469909, -7.1634517
24306514286000, 7.0006456, 0.7182605, -7.1730285
24306525292000, 6.9240313, 0.6895301, -7.1634517
24306535944000, 6.8761473, 0.6607997, -7.192182
24306545801000, 6.789956, 0.6895301, -7.2113357
24306566256000, 6.8569937, 0.7661445, -7.2687964
24306586311000, 6.895301, 0.842759, -7.153875
24306596954000, 6.943185, 0.8331822, -7.0964136
24306607359000, 7.07726, 0.79487497, -7.0006456
24306629422000, 7.1634517, 0.7757214, -6.9623384
24306639695000, 7.192182, 0.78529817, -6.991069
24306660284000, 7.1826053, 0.7661445, -7.019799
24306669961000, 7.1730285, 0.78529817, -7.029376
24306680371000, 7.201759, 0.81402856, -7.0102224
24306690317000, 7.240066, 0.8619126, -6.943185
24306710759000, 7.2783732, 0.90979666, -6.9719152
24306731229000, 7.2304893, 1.043872, -6.9240313
24306741878000, 7.2113357, 1.0151415, -6.885724
24306763266000, 7.2209125, 1.0534488, -6.8665705
24306775226000, 7.249643, 0.9768343, -6.943185
24306785183000, 7.2304893, 0.94810385, -6.9623384
24306797519000, 7.192182, 0.9672575, -6.933608
24306818219000, 7.1730285, 1.0534488, -6.943185
24306829363000, 7.192182, 1.0821792, -6.895301
24306849722000, 7.240066, 1.0821792, -6.9048777
24306861112000, 7.28795, 1.1013328, -6.8665705
24306870661000, 7.3166804, 1.0534488, -6.847417
24306880947000, 7.345411, 1.0342951, -6.885724
24306892235000, 7.326257, 0.94810385, -6.9144545
24306902564000, 7.28795, 0.8810662, -6.9240313
24306923530000, 7.201759, 0.8331822, -6.9240313
24306934453000, 7.153875, 0.82360536, -6.933608
24306943949000, 7.1251445, 0.842759, -6.9623384
24306964459000, 7.067683, 0.842759, -7.0102224
24306974014000, 7.019799, 0.8714894, -6.991069
24306996422000, 7.0102224, 0.7469909, -7.019799
24307005589000, 6.991069, 0.7086837, -7.029376
24307015627000, 7.0102224, 0.7182605, -7.0006456
24307026495000, 7.038953, 0.7661445, -7.0102224
24307035841000, 7.086837, 0.8619126, -7.1155677
24307045956000, 7.067683, 0.90021986, -7.0964136
24307056299000, 7.0485296, 0.90979666, -7.201759
24307086614000, 6.9048777, 0.7757214, -7.192182
24307096670000, 6.943185, 0.7565677, -7.1059904
24307107364000, 6.9623384, 0.7661445, -7.067683
24307118755000, 6.933608, 0.81402856, -7.0485296
24307139108000, 7.0006456, 0.90021986, -7.038953
24307149086000, 7.0581064, 0.93852705, -7.0102224
24307169824000, 7.1730285, 0.91937345, -6.943185
24307189423000, 7.201759, 0.82360536, -6.9719152
24307210108000, 7.192182, 0.7565677, -6.8761473
24307219881000, 7.2304893, 0.842759, -6.8282633
24307231583000, 7.2783732, 0.8523358, -6.8569937
24307242023000, 7.335834, 0.90979666, -6.885724
24307251563000, 7.374141, 0.91937345, -6.8761473
24307261589000, 7.4028716, 0.94810385, -6.9048777
24307282519000, 7.3549876, 1.0342951, -6.9623384
24307292281000, 7.3071036, 0.9672575, -7.0006456
24307313321000, 7.1826053, 0.89064306, -6.9623384
24307325792000, 7.144298, 0.8810662, -6.895301
24307335422000, 7.1251445, 0.8714894, -6.83784
24307345343000, 7.1155677, 0.8810662, -6.7612257
24307355880000, 7.1826053, 0.93852705, -6.751649
24307366244000, 7.249643, 0.9864111, -6.789956
24307376464000, 7.2304893, 0.9768343, -6.8569937
24307386174000, 7.3166804, 0.92895025, -6.895301
24307419183000, 7.431602, 0.8331822, -6.933608
24307440222000, 7.201759, 0.8619126, -6.8761473
24307449905000, 7.1347213, 0.90979666, -6.885724
24307460401000, 7.0485296, 0.93852705, -6.9240313
24307469869000, 6.9719152, 0.9864111, -6.943185
24307480599000, 6.9240313, 1.0342951, -6.991069
24307490239000, 6.895301, 1.043872, -7.067683
24307500920000, 6.8761473, 1.0342951, -7.144298
24307511266000, 6.8091097, 0.9959879, -7.2304893
24307521191000, 6.8186865, 1.0342951, -7.240066
24307542374000, 6.9048777, 0.9672575, -7.201759
24307552613000, 7.019799, 0.90021986, -7.0102224
24307564601000, 7.0964136, 0.8523358, -7.0006456
24307575373000, 7.192182, 0.81402856, -6.9527617
24307584914000, 7.2783732, 0.7278373, -6.9240313
24307597444000, 7.345411, 0.7086837, -6.83784
24307619219000, 7.469909, 0.6799533, -6.789956
24307629514000, 7.4603324, 0.6991069, -6.8091097
24307639775000, 7.4507556, 0.6512229, -6.799533
24307650357000, 7.431602, 0.63206923, -6.789956
24307690756000, 7.3549876, 0.81402856, -6.742072
24307721230000, 7.345411, 0.93852705, -6.7324953
24307731452000, 7.3549876, 0.9576807, -6.703765
24307762599000, 7.345411, 1.1109096, -6.694188
24307785131000, 7.374141, 1.1204864, -6.7612257
24307797366000, 7.4124484, 1.1109096, -6.7708025
24307818456000, 7.326257, 1.1109096, -6.943185
24307829366000, 7.1826053, 1.0821792, -6.981492
24307849804000, 7.0581064, 1.1300632, -6.9144545
24307869655000, 7.019799, 1.1013328, -6.8761473
24307879878000, 7.029376, 1.0821792, -6.895301
24307890158000, 7.0485296, 1.0726024, -6.9240313
24307901135000, 7.1155677, 0.9959879, -6.981492
24307944033000, 7.240066, 0.7374141, -6.9719152
24307953948000, 7.2113357, 0.6991069, -6.9048777
24307964742000, 7.192182, 0.6607997, -6.8665705
24307976188000, 7.1826053, 0.61291564, -6.8761473
24307986378000, 7.1634517, 0.58418524, -6.9240313
24307995901000, 7.1730285, 0.5746084, -6.9623384
24308006426000, 7.1826053, 0.60333884, -6.933608
24308026212000, 7.1251445, 0.59376204, -6.9623384
24308046472000, 7.192182, 0.62249243, -6.9527617
24308056356000, 7.249643, 0.6512229, -6.9144545
24308067372000, 7.28795, 0.7469909, -6.943185
24308076380000, 7.3071036, 0.90021986, -6.9144545
24308106972000, 7.2304893, 1.1492168, -6.933608
24308117124000, 7.1347213, 1.1971009, -6.9719152
24308137298000, 7.0581064, 1.1779473, -7.0102224
24308157552000, 7.067683, 1.1587936, -6.9527617
24308167781000, 7.0964136, 1.1204864, -6.943185
24308188045000, 7.1347213, 1.0630256, -6.981492
24308209096000, 7.1634517, 1.0342951, -6.991069
24308219302000, 7.144298, 1.0151415, -7.0102224
24308229468000, 7.192182, 0.93852705, -6.991069
24308239610000, 7.1730285, 0.89064306, -6.981492
24308249578000, 7.201759, 0.7565677, -6.991069
24308259635000, 7.2209125, 0.6512229, -6.943185
24308280166000, 7.249643, 0.5650316, -6.8569937
24308290102000, 7.3166804, 0.5554548, -6.847417
24308301064000, 7.441179, 0.6607997, -6.751649
24308320555000, 7.4603324, 0.8619126, -6.83784
24308330755000, 7.4028716, 0.92895025, -6.895301
24308340752000, 7.326257, 1.0055647, -6.8569937
24308350939000, 7.3071036, 1.0342951, -6.9048777
24308381378000, 7.1155677, 0.9672575, -6.8665705
24308391509000, 7.1251445, 0.90979666, -6.885724
24308404062000, 7.086837, 0.82360536, -6.9144545
24308413268000, 7.07726, 0.8331822, -6.9048777
24308424033000, 7.1059904, 0.8619126, -6.885724
24308434708000, 7.1826053, 0.93852705, -6.895301
24308454669000, 7.1634517, 1.0151415, -7.038953
24308465437000, 7.153875, 0.9864111, -7.1155677
24308484958000, 7.1347213, 0.9768343, -7.038953
24308499512000, 7.2113357, 0.8810662, -6.8186865
24308510540000, 7.201759, 0.8714894, -6.751649
24308519963000, 7.2304893, 0.842759, -6.7612257
24308530212000, 7.249643, 0.78529817, -6.7324953
24308551075000, 7.2304893, 0.6512229, -6.8186865
24308570727000, 7.2592196, 0.6895301, -6.895301
24308581130000, 7.2687964, 0.7469909, -6.9240313
24308590931000, 7.3166804, 0.80445176, -6.895301
24308604839000, 7.3549876, 0.8714894, -6.8665705
24308615636000, 7.3645644, 0.94810385, -6.9240313
24308625556000, 7.3549876, 1.0151415, -6.9623384
24308634984000, 7.326257, 0.9768343, -6.9240313
24308645455000, 7.2783732, 0.94810385, -6.9527617
24308655223000, 7.2209125, 0.8810662, -6.9240313
24308665629000, 7.1155677, 0.79487497, -6.8665705
24308676344000, 7.086837, 0.82360536, -6.799533
24308685777000, 7.0964136, 0.842759, -6.7803793
24308695986000, 7.144298, 0.90979666, -6.8569937
24308705719000, 7.192182, 0.92895025, -6.847417
24308716176000, 7.2304893, 0.94810385, -6.8665705
24308726680000, 7.240066, 0.9672575, -6.9048777
24308736296000, 7.2687964, 0.93852705, -6.9623384
24308746486000, 7.297527, 0.89064306, -6.9527617
24308756227000, 7.2592196, 0.8714894, -6.943185
24308766390000, 7.3071036, 0.842759, -6.9048777
24308786666000, 7.3166804, 0.81402856, -6.9048777
24308796694000, 7.326257, 0.78529817, -6.8569937
24308829339000, 7.3645644, 0.7565677, -6.83784
24308839118000, 7.345411, 0.79487497, -6.847417
24308849586000, 7.3645644, 0.7469909, -6.8282633
24308860366000, 7.326257, 0.78529817, -6.8186865
24308870100000, 7.3166804, 0.8331822, -6.847417
24308880228000, 7.2783732, 0.81402856, -6.8665705
24308890040000, 7.2687964, 0.8331822, -6.8569937
24308899970000, 7.2592196, 0.82360536, -6.8091097
24308910857000, 7.2687964, 0.8523358, -6.742072
24308930399000, 7.2783732, 0.8810662, -6.8569937
24308950659000, 7.2687964, 0.89064306, -6.9048777
24308960695000, 7.240066, 0.94810385, -6.8569937
24308970797000, 7.2209125, 0.9672575, -6.8761473
24308981391000, 7.1251445, 1.0247183, -6.9048777
24309001272000, 7.019799, 1.0151415, -6.943185
24309011238000, 7.0485296, 0.9576807, -6.933608
24309021276000, 7.086837, 0.92895025, -6.943185
24309031735000, 7.1634517, 0.89064306, -6.9048777
24309041631000, 7.2209125, 0.81402856, -6.8665705
24309052172000, 7.3071036, 0.79487497, -6.895301
24309061847000, 7.3549876, 0.81402856, -6.8569937
24309081801000, 7.383718, 0.7278373, -6.8665705
24309102142000, 7.3645644, 0.7086837, -6.83784
24309122339000, 7.345411, 0.7182605, -6.8091097
24309132432000, 7.326257, 0.7469909, -6.7708025
24309164430000, 7.28795, 0.6991069, -6.7803793
24309185657000, 7.297527, 0.7469909, -6.7803793
24309216430000, 7.326257, 0.7182605, -6.799533
24309227025000, 7.383718, 0.79487497, -6.7612257
24309236558000, 7.4028716, 0.842759, -6.751649
24309247085000, 7.431602, 0.8810662, -6.7803793
24309269166000, 7.4124484, 0.8714894, -6.8186865
24309279149000, 7.422025, 0.842759, -6.8665705
24309310601000, 7.3645644, 0.8523358, -6.847417
24309320139000, 7.345411, 0.8810662, -6.799533
24309330377000, 7.3071036, 0.90021986, -6.8282633
24309340485000, 7.240066, 0.8714894, -6.7803793
24309351316000, 7.192182, 0.82360536, -6.789956
24309360877000, 7.1634517, 0.78529817, -6.7708025
24309371098000, 7.1251445, 0.7757214, -6.751649
24309390959000, 7.1634517, 0.7469909, -6.7324953
24309401171000, 7.240066, 0.7374141, -6.7229185
24309413563000, 7.335834, 0.81402856, -6.7708025
24309433073000, 7.3071036, 0.90021986, -6.8282633
24309443467000, 7.345411, 0.8523358, -6.9048777
24309464444000, 7.374141, 0.79487497, -6.8761473
24309484187000, 7.2783732, 0.8523358, -6.943185
24309504528000, 7.2113357, 0.8331822, -6.9240313
24309514849000, 7.153875, 0.8714894, -6.9144545
24309534886000, 7.086837, 0.8810662, -6.9240313
24309544838000, 7.07726, 0.90979666, -6.8761473
24309554969000, 7.1059904, 0.89064306, -6.895301
24309565276000, 7.086837, 0.90979666, -6.9240313
24309576282000, 7.1251445, 0.90021986, -6.9527617
24309585906000, 7.1347213, 0.8714894, -6.9144545
24309597142000, 7.1730285, 0.8523358, -6.895301
24309607550000, 7.2113357, 0.8810662, -6.8282633
24309619256000, 7.2304893, 0.82360536, -6.847417
24309639586000, 7.249643, 0.7565677, -6.8665705
24309649277000, 7.2592196, 0.7661445, -6.885724
24309660396000, 7.249643, 0.7374141, -6.8761473
24309669795000, 7.240066, 0.7469909, -6.9048777
24309710726000, 7.240066, 0.7565677, -6.8665705
24309720245000, 7.2783732, 0.7661445, -6.847417
24309730421000, 7.2592196, 0.7757214, -6.8282633
24309740518000, 7.28795, 0.80445176, -6.8186865
24309751326000, 7.2687964, 0.81402856, -6.799533
24309771278000, 7.2592196, 0.79487497, -6.8282633
24309791198000, 7.2783732, 0.7565677, -6.8569937
24309804847000, 7.28795, 0.7469909, -6.8186865
24309815648000, 7.2783732, 0.7757214, -6.799533
24309825764000, 7.3166804, 0.78529817, -6.83784
24309845199000, 7.297527, 0.80445176, -6.8186865
24309855314000, 7.28795, 0.81402856, -6.8665705
24309876391000, 7.3645644, 0.7565677, -6.7612257
24309905975000, 7.345411, 0.79487497, -6.789956
24309926884000, 7.3645644, 0.78529817, -6.789956
24309946747000, 7.326257, 0.80445176, -6.7324953
24309957479000, 7.3166804, 0.79487497, -6.6750345
24309968744000, 7.335834, 0.78529817, -6.7229185
24309978299000, 7.2687964, 0.7565677, -6.742072
24309999862000, 7.3549876, 0.7469909, -6.7612257
24310019793000, 7.3166804, 0.7182605, -6.9048777
24310029818000, 7.297527, 0.7278373, -6.933608
24310049984000, 7.28795, 0.7469909, -6.83784
24310069850000, 7.3071036, 0.79487497, -6.8091097
24310079972000, 7.28795, 0.81402856, -6.7612257
24310089988000, 7.297527, 0.82360536, -6.742072
24310100848000, 7.2687964, 0.81402856, -6.6750345
24310110539000, 7.3071036, 0.80445176, -6.742072
24310130788000, 7.3166804, 0.78529817, -6.7708025
24310140811000, 7.28795, 0.80445176, -6.789956
24310151603000, 7.2783732, 0.7661445, -6.7803793
24310171547000, 7.3071036, 0.7469909, -6.789956
24310204835000, 7.374141, 0.7182605, -6.8091097
24310215509000, 7.345411, 0.7278373, -6.7803793
24310225833000, 7.335834, 0.7565677, -6.799533
24310266180000, 7.297527, 0.7757214, -6.8091097
24310276588000, 7.2783732, 0.78529817, -6.847417
24310296335000, 7.3166804, 0.79487497, -6.7803793
24310306408000, 7.2783732, 0.80445176, -6.7708025
24310316614000, 7.2592196, 0.7661445, -6.8282633
24310336568000, 7.2687964, 0.7757214, -6.8282633
24310347147000, 7.2592196, 0.79487497, -6.8186865
24310357614000, 7.249643, 0.78529817, -6.7708025
24310369188000, 7.2783732, 0.81402856, -6.751649
24310379540000, 7.297527, 0.82360536, -6.7803793
24310399499000, 7.335834, 0.8331822, -6.8665705
24310410107000, 7.28795, 0.7757214, -6.885724
24310419443000, 7.249643, 0.79487497, -6.895301
24310440141000, 7.240066, 0.78529817, -6.8761473
24310449745000, 7.249643, 0.7565677, -6.8091097
24310470185000, 7.2783732, 0.7278373, -6.7803793
24310490478000, 7.345411, 0.7469909, -6.789956
24310501575000, 7.3645644, 0.7374141, -6.7612257
24310511270000, 7.3549876, 0.7182605, -6.7708025
24310521283000, 7.3071036, 0.7469909, -6.83784
24310551949000, 7.374141, 0.6991069, -6.799533
24310563640000, 7.3549876, 0.7565677, -6.7612257
24310572623000, 7.335834, 0.7469909, -6.83784
24310582978000, 7.2783732, 0.7661445, -6.9144545
24310595952000, 7.2687964, 0.7757214, -6.8569937
24310626352000, 7.297527, 0.78529817, -6.8186865
24310635802000, 7.3071036, 0.80445176, -6.789956
24310646077000, 7.326257, 0.7757214, -6.7612257
24310656069000, 7.3645644, 0.8523358, -6.751649
24310666254000, 7.335834, 0.82360536, -6.7708025
24310686734000, 7.3549876, 0.82360536, -6.7133417
24310697132000, 7.3166804, 0.79487497, -6.694188
24310718090000, 7.326257, 0.7565677, -6.751649
24310739679000, 7.3166804, 0.7469909, -6.7612257
24310760100000, 7.326257, 0.7182605, -6.7708025
24310789859000, 7.3166804, 0.78529817, -6.8569937
24310810130000, 7.335834, 0.78529817, -6.885724
24310819993000, 7.297527, 0.7661445, -6.895301
24310851403000, 7.249643, 0.7565677, -6.8091097
24310881501000, 7.2783732, 0.7278373, -6.83784
24310891200000, 7.28795, 0.7182605, -6.847417
24310901374000, 7.2783732, 0.7661445, -6.8665705
24310944491000, 7.2592196, 0.7757214, -6.8186865
24310954556000, 7.2687964, 0.80445176, -6.8665705
24310985076000, 7.240066, 0.79487497, -6.83784
24311005396000, 7.2592196, 0.80445176, -6.895301
24311015836000, 7.240066, 0.78529817, -6.8665705
24311035755000, 7.240066, 0.7565677, -6.8282633
24311045865000, 7.2783732, 0.7469909, -6.799533
24311065767000, 7.2783732, 0.7565677, -6.789956
24311085871000, 7.3645644, 0.7469909, -6.7708025
24311096147000, 7.393295, 0.7565677, -6.742072
24311116330000, 7.326257, 0.7661445, -6.7612257
24311126771000, 7.335834, 0.78529817, -6.83784
24311146940000, 7.335834, 0.7182605, -6.7803793
24311157306000, 7.326257, 0.7278373, -6.8282633
24311169231000, 7.297527, 0.7757214, -6.847417
24311189216000, 7.2592196, 0.82360536, -6.8186865
24311209112000, 7.2783732, 0.8714894, -6.789956
24311219122000, 7.2687964, 0.8619126, -6.7803793
24311239209000, 7.2783732, 0.81402856, -6.7708025
24311249515000, 7.326257, 0.7757214, -6.7612257
24311269429000, 7.3549876, 0.7182605, -6.751649
24311279837000, 7.3645644, 0.7565677, -6.7133417
24311289638000, 7.374141, 0.78529817, -6.742072
24311299787000, 7.345411, 0.7565677, -6.7324953
24311310168000, 7.335834, 0.7086837, -6.7708025
24311330566000, 7.3071036, 0.7757214, -6.8091097
24311340715000, 7.326257, 0.7469909, -6.8186865
24311381725000, 7.28795, 0.7565677, -6.799533
24311391235000, 7.3166804, 0.7469909, -6.8282633
24311404313000, 7.28795, 0.78529817, -6.8665705
24311434802000, 7.249643, 0.78529817, -6.8761473
24311444355000, 7.297527, 0.7757214, -6.8665705
24311454674000, 7.240066, 0.7565677, -6.847417
24311474535000, 7.2304893, 0.80445176, -6.847417
24311494956000, 7.2592196, 0.78529817, -6.8761473
24311505142000, 7.249643, 0.7757214, -6.885724
24311526011000, 7.2592196, 0.79487497, -6.8091097
24311545541000, 7.2592196, 0.78529817, -6.8282633
24311566107000, 7.28795, 0.7757214, -6.8091097
24311576709000, 7.249643, 0.78529817, -6.8186865
24311586261000, 7.2687964, 0.7661445, -6.789956
24311606745000, 7.3071036, 0.7278373, -6.789956
24311627185000, 7.3549876, 0.7374141, -6.789956
24311636899000, 7.374141, 0.7469909, -6.8186865
24311667870000, 7.393295, 0.6991069, -6.7612257
24311678092000, 7.383718, 0.7374141, -6.7803793
24311689042000, 7.4028716, 0.7469909, -6.742072
24311699523000, 7.4124484, 0.7278373, -6.7708025
24311709551000, 7.383718, 0.7469909, -6.789956
24311719504000, 7.4124484, 0.7565677, -6.799533
24311729998000, 7.3645644, 0.7469909, -6.7324953
24311739826000, 7.345411, 0.79487497, -6.7708025
24311760105000, 7.326257, 0.78529817, -6.7612257
24311770167000, 7.3549876, 0.7661445, -6.8091097
24311780716000, 7.335834, 0.78529817, -6.799533
24311790616000, 7.3071036, 0.81402856, -6.789956
24311810765000, 7.326257, 0.82360536, -6.8091097
24311820661000, 7.3071036, 0.81402856, -6.7708025
24311830910000, 7.297527, 0.79487497, -6.799533
24311840901000, 7.3071036, 0.7661445, -6.8282633
24311852405000, 7.297527, 0.7565677, -6.847417
24311864185000, 7.2592196, 0.7469909, -6.8186865
24311873704000, 7.2687964, 0.7565677, -6.8569937
24311894631000, 7.2209125, 0.7278373, -6.895301
24311915492000, 7.2687964, 0.7086837, -6.9144545
24311955158000, 7.2687964, 0.7661445, -6.9240313
24311985702000, 7.249643, 0.7374141, -6.8665705
24312005661000, 7.2783732, 0.7278373, -6.8282633
24312015972000, 7.2687964, 0.7086837, -6.847417
24312026525000, 7.2592196, 0.7278373, -6.8665705
24312035996000, 7.249643, 0.7086837, -6.847417
24312056269000, 7.28795, 0.7565677, -6.8091097
24312066576000, 7.326257, 0.7469909, -6.7612257
24312086831000, 7.3645644, 0.79487497, -6.7708025
24312097607000, 7.345411, 0.80445176, -6.8569937
24312107866000, 7.3549876, 0.81402856, -6.8761473
24312119234000, 7.374141, 0.7757214, -6.885724
24312129857000, 7.3645644, 0.7661445, -6.83784
24312139813000, 7.383718, 0.7469909, -6.8091097
24312150253000, 7.345411, 0.7374141, -6.799533
24312160573000, 7.28795, 0.7661445, -6.895301
24312170183000, 7.2783732, 0.79487497, -6.9527617
24312190211000, 7.240066, 0.842759, -6.885724
24312200331000, 7.2687964, 0.82360536, -6.847417
24312210737000, 7.297527, 0.7374141, -6.789956
24312231209000, 7.28795, 0.7661445, -6.7612257
24312240991000, 7.326257, 0.78529817, -6.8091097
24312252537000, 7.3166804, 0.79487497, -6.8282633
24312262468000, 7.297527, 0.7565677, -6.8091097
24312272994000, 7.2783732, 0.7661445, -6.83784
24312304166000, 7.326257, 0.7278373, -6.8186865
24312324013000, 7.28795, 0.6895301, -6.8761473
24312334237000, 7.2687964, 0.6991069, -6.885724
24312344688000, 7.249643, 0.7469909, -6.9048777
24312354563000, 7.2592196, 0.7182605, -6.8282633
24312374836000, 7.2209125, 0.7278373, -6.8186865
24312396041000, 7.2209125, 0.7374141, -6.895301
24312416481000, 7.240066, 0.7565677, -6.885724
24312427073000, 7.2687964, 0.78529817, -6.8761473
24312446486000, 7.3071036, 0.7661445, -6.9048777
24312457809000, 7.28795, 0.7757214, -6.895301
24312467845000, 7.2783732, 0.78529817, -6.885724
24312487705000, 7.28795, 0.7374141, -6.933608
24312508297000, 7.2783732, 0.7086837, -6.9527617
24312518976000, 7.2592196, 0.7182605, -6.933608
24312529040000, 7.2687964, 0.6991069, -6.9144545
24312539086000, 7.28795, 0.7086837, -6.8761473
24312549663000, 7.2783732, 0.7182605, -6.789956
24312559575000, 7.2687964, 0.7469909, -6.7803793
24312569561000, 7.297527, 0.79487497, -6.8186865
24312579948000, 7.2783732, 0.81402856, -6.83784
24312599690000, 7.249643, 0.80445176, -6.8282633
24312620241000, 7.28795, 0.7661445, -6.847417
24312640185000, 7.249643, 0.7565677, -6.8569937
24312651071000, 7.240066, 0.7661445, -6.8761473
24312660807000, 7.2687964, 0.78529817, -6.8665705
24312670729000, 7.2783732, 0.80445176, -6.8282633
24312694647000, 7.297527, 0.7757214, -6.8761473
24312735119000, 7.2783732, 0.7565677, -6.885724
24312745164000, 7.2592196, 0.7469909, -6.83784
24312755359000, 7.2783732, 0.7086837, -6.847417
24312766025000, 7.249643, 0.7182605, -6.8186865
24312776312000, 7.2783732, 0.6991069, -6.8282633
24312785688000, 7.2592196, 0.7374141, -6.8091097
24312805867000, 7.297527, 0.6895301, -6.8761473
24312816459000, 7.3071036, 0.6991069, -6.8665705
24312826534000, 7.3549876, 0.7565677, -6.83784
24312847713000, 7.335834, 0.7469909, -6.789956
24312857692000, 7.326257, 0.78529817, -6.8665705
24312867960000, 7.335834, 0.7469909, -6.8282633
24312889074000, 7.335834, 0.6991069, -6.83784
24312899343000, 7.345411, 0.6607997, -6.7612257
24312909341000, 7.3549876, 0.7086837, -6.789956
24312919536000, 7.3166804, 0.6991069, -7.029376
24312929617000, 7.2687964, 0.7661445, -6.943185
24312940897000, 7.2783732, 0.7757214, -6.8665705
24312960992000, 7.28795, 0.81402856, -6.7803793
