#Angle around the z x y axes.
#timestamp(ns), Azimuth , Pitch, Roll (degrees)
#Datetime: 07/05/2015 17:06:35
##########################################
#Activity: 12 - BSC - Back-sitting-chair - 10s
#Subject ID: 51
#First Name: sub51
#Last Name: sub51
#Age: 23
#Height(cm): 171
#Weight(kg): 70
#Gender: Male
##########################################

@DATA
24443002577000, 23.764473, -102.07342, 10.974549
24443007582000, 26.685757, -104.242905, 13.124859
24443012581000, 23.43231, -102.22191, 11.011043
24443017595000, 24.039711, -104.956474, 13.557063
24443022588000, 23.838594, -105.02124, 13.500014
24443027566000, 23.647163, -104.75886, 13.44639
24443032570000, 23.457478, -104.51356, 13.388288
24443037557000, 23.275713, -104.28345, 13.33164
24443042568000, 23.099167, -104.07391, 13.27654
24443047569000, 22.934599, -103.87902, 13.219784
24443052572000, 22.7538, -103.70785, 13.172203
24443057579000, 22.60907, -103.53719, 13.113876
24443062680000, 22.450914, -103.39646, 13.065528
24443067551000, 22.306633, -103.26504, 13.016689
24443072590000, 22.1579, -103.12608, 12.94487
24443077579000, 22.020174, -103.00287, 12.876946
24443082572000, 21.890026, -102.89171, 12.810189
24443087611000, 21.776754, -102.79416, 12.746515
24443092578000, 21.683014, -102.70312, 12.679411
24443097583000, 21.606667, -102.627235, 12.618287
24443102627000, 21.56308, -102.55581, 12.554123
24443107667000, 21.54042, -77.51292, 12.487058
24443112656000, 21.54352, -77.57301, 12.425197
24443117637000, 21.578157, -77.638824, 12.356161
24443122705000, 21.674166, -77.71385, 12.278933
24443127678000, 21.731043, -77.78042, 12.213773
24443132655000, 21.832535, -77.85653, 12.137189
24443137753000, 21.94532, -77.933014, 12.063193
24443143454000, 22.047483, -78.00669, 11.9917755
24443147681000, 22.143938, -78.0796, 11.920027
24443152694000, 22.246216, -78.14572, 11.854278
24443157701000, 22.353003, -101.78364, 11.7833185
24443162694000, 22.4646, -101.718094, 11.716713
24443167709000, 22.583876, -101.6488, 11.6457405
24443172740000, 22.70814, -101.5825, 11.576968
24443177694000, 22.833773, -101.517296, 11.50895
24443182698000, 22.960789, -101.449394, 11.437542
24443187780000, 23.084251, -101.38458, 11.368913
24443194307000, 23.205025, -101.32143, 11.301952
24443197666000, 23.318262, -101.25828, 11.234684
24443202634000, 23.424927, -101.195816, 11.168075
24443207667000, 23.522804, -101.1365, 11.104807
24443213327000, 23.613117, -101.078735, 11.043023
24443217646000, 23.696802, -101.021835, 10.982117
24443222673000, 23.77447, -100.96834, 10.924441
24443227700000, 23.845438, -100.914955, 10.866966
24443232684000, 23.917524, -100.86427, 10.811905
24443237794000, 23.984636, -100.81425, 10.75792
24443242714000, 24.05533, -100.761925, 10.70097
24443247661000, 24.125914, -100.71515, 10.650083
24443252665000, 24.199722, -100.66155, 10.592184
24443257698000, 24.278288, -100.613716, 10.540097
24443262643000, 24.35726, -100.561485, 10.483534
24443267683000, 24.441591, -100.51093, 10.428611
24443272727000, 24.524727, -100.459595, 10.373114
24443277669000, 24.579704, -100.384674, 10.295919
24443282615000, 24.633394, -100.30875, 10.218344
24443287713000, 24.68711, -100.23882, 10.146417
24443292681000, 24.732851, -100.17095, 10.076904
24443297690000, 24.782074, -100.10511, 10.009952
24443302685000, 24.824942, -100.0423, 9.945542
24443307687000, 24.869852, -99.98441, 9.886277
24443312696000, 24.919884, -99.92236, 9.823595
24443317700000, 24.969492, -99.86643, 9.765154
24443322724000, 25.017931, -99.80785, 9.705863
24443327692000, 25.075174, -99.74854, 9.645086
24443332700000, 25.128798, -99.69063, 9.585593
24443337794000, 25.187296, -99.63196, 9.525529
24443342699000, 25.239346, -99.5729, 9.465984
24443347674000, 25.297697, -99.51312, 9.405109
24443352886000, 25.351753, -99.45442, 9.3460455
24443357681000, 25.406523, -99.3948, 9.286663
24443362697000, 25.46319, -99.33514, 9.227212
24443367699000, 25.516272, -99.27858, 9.170433
24443372728000, 25.573856, -99.22126, 9.114178
24443377738000, 25.63364, -99.16698, 9.060638
24443382621000, 25.688883, -99.11469, 9.00813
24443387683000, 25.748365, -99.06468, 8.959109
24443392670000, 25.804739, -99.01729, 8.9117365
24443397668000, 25.86364, -98.971725, 8.866723
24443402651000, 25.91648, -98.92888, 8.8242445
24443407670000, 25.976494, -98.888, 8.783109
24443412659000, 26.03123, -98.84952, 8.745116
24443417646000, 26.091316, -98.81236, 8.707307
24443422808000, 26.154478, -98.77659, 8.671616
24443427745000, 26.21712, -98.74053, 8.634703
24443432654000, 26.27914, -98.70571, 8.598956
24443437670000, 26.34039, -98.67058, 8.563081
24443442668000, 26.400724, -98.635826, 8.527565
24443447662000, 26.45661, -98.60207, 8.492791
24443452657000, 26.508755, -98.57071, 8.460055
24443457679000, 26.556635, -98.53851, 8.427779
24443462593000, 26.604435, -98.51025, 8.397674
24443468442000, 26.645777, -98.48243, 8.369531
24443472674000, 26.688408, -98.45612, 8.341848
24443477660000, 26.699148, -98.40655, 8.290756
24443482665000, 26.707745, -98.36328, 8.24611
24443487683000, 26.717375, -98.318115, 8.199164
24443492666000, 26.724277, -98.27432, 8.154096
24443497655000, 26.732327, -98.23326, 8.111038
24443502642000, 26.737686, -98.19157, 8.0682745
24443507667000, 26.745548, -98.1547, 8.029566
24443512656000, 26.754255, -98.11451, 7.9886503
24443517646000, 26.76564, -98.07716, 7.949627
24443522691000, 26.784021, -98.04131, 7.9125276
24443527664000, 26.808632, -98.001526, 7.8706145
24443532650000, 26.84345, -97.96434, 7.8306594
24443538459000, 26.88894, -97.92465, 7.787138
24443542666000, 26.946394, -97.88302, 7.7403526
24443547654000, 27.011854, -97.842514, 7.692479
24443552649000, 27.081118, -97.797935, 7.6391053
24443557688000, 27.15508, -97.75773, 7.587907
24443562671000, 27.228857, -97.717255, 7.5352874
24443567653000, 27.28824, -97.67836, 7.4825683
24443572669000, 27.344898, -97.64579, 7.4354424
24443577662000, 27.387442, -97.61261, 7.386807
24443582653000, 27.415674, -97.58816, 7.3469286
24443587639000, 27.438673, -97.5653, 7.308521
24443594196000, 27.445341, -97.545555, 7.2722864
24443597659000, 27.454432, -97.53596, 7.245386
24443602648000, 27.455383, -97.52607, 7.217526
24443607904000, 27.463903, -97.52424, 7.1958613
24443612660000, 27.470022, -97.52371, 7.1742864
24443617646000, 27.488066, -97.52583, 7.153514
24443622720000, 27.51567, -97.530876, 7.1346927
24443627652000, 27.552803, -97.529755, 7.107718
24443632668000, 27.598408, -97.53117, 7.0827365
24443637667000, 27.655561, -97.52619, 7.0510864
24443642666000, 27.714136, -97.51441, 7.012092
24443647654000, 27.77379, -97.49841, 6.970997
24443652651000, 27.834845, -97.47539, 6.9232645
24443657692000, 27.888502, -97.44913, 6.874579
24443662597000, 27.941235, -97.41695, 6.8205695
24443667648000, 27.994623, -97.378914, 6.7624106
24443672688000, 28.049973, -97.34284, 6.7070045
24443677626000, 28.083103, -97.27324, 6.637823
24443682657000, 28.121136, -97.20561, 6.567383
24443687700000, 28.167845, -97.136604, 6.497514
24443692672000, 28.2093, -97.07142, 6.428807
24443697655000, 28.25363, -97.01168, 6.3632665
24443702642000, 28.288708, -96.95311, 6.2981544
24443707669000, 28.320253, -96.90499, 6.2401404
24443712663000, 28.341713, -96.857605, 6.1810765
24443717645000, 28.359213, -96.81981, 6.1282024
24443722703000, 28.374231, -96.78495, 6.0769234
24443727669000, 28.390024, -96.75828, 6.0272455
24443732660000, 28.411005, -96.73228, 5.977486
24443737667000, 28.439705, -96.712456, 5.9288464
24443742666000, 28.478123, -96.6937, 5.879409
24443747667000, 28.529692, -96.678604, 5.8293414
24443752654000, 28.59458, -96.66306, 5.7772326
24443757673000, 28.663092, -96.64807, 5.7226477
24443762662000, 28.756561, -96.63136, 5.6666446
24443767644000, 28.852472, -96.61698, 5.608606
24443772678000, 28.965008, -96.60123, 5.54694
24443777665000, 29.084352, -96.58521, 5.4828477
24443782658000, 29.218487, -96.57464, 5.4207573
24443787688000, 29.353424, -96.56507, 5.353577
24443793475000, 29.494328, -96.56044, 5.2893777
24443797661000, 29.632713, -96.56357, 5.225988
24443802651000, 29.768608, -96.57071, 5.1639476
24443807671000, 29.899792, -96.585014, 5.1029415
24443812660000, 30.025318, -96.610374, 5.04733
24443817667000, 30.147486, -96.64042, 4.9920716
24443822710000, 30.269754, -96.68143, 4.9413347
24443827643000, 30.39078, -96.72839, 4.891661
24443832651000, 30.514463, -96.78391, 4.8427935
24443837688000, 30.643206, -96.84619, 4.7971807
24443842671000, 30.777075, -96.9146, 4.7543683
24443847656000, 30.912008, -96.992485, 4.7155733
24443852641000, 31.052425, -97.07374, 4.676812
24443857664000, 31.19425, -97.16575, 4.6459208
24443863200000, 31.337025, -97.26456, 4.620465
24443867661000, 31.4715, -97.37579, 4.597952
24443872688000, 31.596634, -97.50219, 4.582973
24443877699000, 31.59357, -97.803665, 4.6578016
24443882643000, 31.561098, -98.1166, 4.73715
24443887677000, 31.500229, -98.444466, 4.815637
24443892662000, 31.410057, -98.776474, 4.890272
24443897694000, 31.29524, -99.109116, 4.960731
24443902681000, 31.162706, -99.44481, 5.0297036
24443907700000, 31.019747, -99.77534, 5.0897326
24443912704000, 30.86911, -100.09513, 5.1448526
24443917700000, 30.71645, -100.407166, 5.201475
24443922733000, 30.557228, -100.70191, 5.2549486
24443927697000, 30.384983, -100.98681, 5.3040524
24443933036000, 30.20442, -101.24576, 5.3510466
24443937706000, 30.016941, -101.486305, 5.3886805
24443942709000, 29.824545, -101.70412, 5.4178953
24443947672000, 29.628931, -101.89864, 5.432805
24443952690000, 29.433485, -102.08211, 5.4396954
24443957703000, 29.25079, -102.25387, 5.4372334
24443962691000, 29.07007, -102.41838, 5.421975
24443967693000, 28.90839, -102.594795, 5.4024158
24443972725000, 28.75656, -102.787094, 5.380905
24443977696000, 28.613539, -102.997116, 5.359111
24443982705000, 28.480766, -103.23298, 5.3365693
24443987721000, 28.343193, -103.49451, 5.3242617
24443993766000, 28.20313, -103.77802, 5.3217516
24443997657000, 28.035473, -104.077415, 5.333257
24444002693000, 27.841858, -104.37983, 5.361481
24444007729000, 27.620876, -104.68227, 5.4075994
24444012708000, 27.367542, -104.9724, 5.469628
24444017649000, 27.093954, -105.24596, 5.5445805
24444022687000, 26.819113, -105.508934, 5.6266475
24444027663000, 26.558716, -105.7607, 5.709965
24444032618000, 26.333311, -106.00132, 5.7835956
24444037591000, 26.161423, -106.2538, 5.841958
24444042677000, 26.04366, -106.514145, 5.880625
24444047643000, 25.961485, -106.78742, 5.9085374
24444052676000, 25.969465, -107.0898, 5.9029503
24444057685000, 25.973152, -107.39297, 5.8881335
24444062635000, 26.001223, -107.7411, 5.864571
24444067690000, 26.024195, -108.091286, 5.8426204
24444072771000, 26.02782, -108.452126, 5.8230457
24444077732000, 26.040703, -109.20537, 5.7710886
24444082732000, 26.00492, -109.96048, 5.7465386
24444087627000, 25.929098, -110.714195, 5.757792
24444092673000, 25.80435, -111.46623, 5.813474
24444097642000, 25.640778, -112.22133, 5.914055
24444102564000, 25.461164, -112.982994, 6.0555387
24444107582000, 25.28162, -113.74939, 6.2301292
24444112573000, 25.128065, -114.523895, 6.4185634
24444117622000, 25.027212, -115.3065, 6.604008
24444122664000, 25.000893, -116.09042, 6.7624516
24444127599000, 25.063087, -116.862724, 6.879651
24444132577000, 25.20346, -117.635666, 6.9469857
24444137665000, 25.419676, -118.382256, 6.9606695
24444142622000, 25.687298, -119.09838, 6.920444
24444147576000, 25.977499, -119.78143, 6.856727
24444152633000, 26.286034, -120.42731, 6.741812
24444157675000, 26.575903, -121.01662, 6.617861
24444162656000, 26.839544, -121.57512, 6.4846983
24444167649000, 27.063208, -122.10405, 6.3486056
24444172683000, 27.24489, -122.61046, 6.209522
24444177680000, 27.38142, -123.11456, 6.0815926
24444182657000, 27.487488, -123.60787, 5.9530916
24444188566000, 27.563164, -124.11305, 5.8307714
24444194282000, 27.621344, -124.60719, 5.7091885
24444197664000, 27.666924, -125.10527, 5.590121
24444202640000, 27.703728, -125.58988, 5.4705143
24444207668000, 27.738375, -126.065445, 5.347499
24444212669000, 27.776709, -126.52977, 5.210133
24444217658000, 27.800983, -126.97395, 5.077004
24444222742000, 27.833237, -127.40575, 4.921202
24444227754000, 27.86595, -127.81232, 4.7379255
24444232654000, 27.893295, -128.20024, 4.5385137
24444237707000, 27.910547, -128.5618, 4.313508
24444242673000, 27.901085, -128.89648, 4.080646
24444247656000, 27.888288, -129.20692, 3.8347995
24444252637000, 27.814476, -129.50383, 3.5913281
24444257821000, 27.721981, -129.77588, 3.3609443
24444262643000, 27.6042, -130.03813, 3.1408644
24444267696000, 27.455618, -130.29265, 2.9362533
24444272712000, 27.298088, -130.55188, 2.7493477
24444277702000, 27.274445, -131.50467, 2.1701741
24444282709000, 27.248419, -132.46892, 1.6051327
24444287736000, 27.220453, -133.43846, 1.0507886
24444292661000, 27.19462, -134.40654, 0.5095312
24444297706000, 27.170263, -135.37288, -0.024748333
24444302686000, 27.147558, -136.32808, -0.54581285
24444307707000, 27.117453, -137.27518, -1.05482
24444312704000, 27.080683, -138.21152, -1.5517993
24444317691000, 27.035288, -139.13997, -2.0397263
24444322687000, 26.980083, -140.06589, -2.5209904
24444328054000, 26.916666, -140.98593, -3.0025153
24444332702000, 26.842615, -141.8993, -3.48542
24444337672000, 26.75956, -142.80872, -3.9704
24444342670000, 26.667953, -143.70926, -4.458569
24444347655000, 26.57336, -144.6016, -4.952585
24444352644000, 26.468147, -145.48276, -5.441162
24444357670000, 26.356974, -146.36017, -5.9223585
24444362661000, 26.23898, -147.23117, -6.3942876
24444367644000, 26.113415, -148.10251, -6.8415227
24444372709000, 25.978956, -148.97375, -7.2715187
24444377682000, 25.841131, -149.84908, -7.681102
24444382652000, 25.696175, -150.72926, -8.067556
24444387673000, 25.54619, -151.60959, -8.438624
24444394292000, 25.396273, -152.49255, -8.794773
24444397750000, 25.237993, -153.37447, -9.1431055
24444402676000, 25.081875, -154.25328, -9.477908
24444407701000, 24.917856, -155.13103, -9.799813
24444412698000, 24.75063, -155.9979, -10.108768
24444417687000, 24.582636, -156.86208, -10.400043
24444422788000, 24.412672, -157.72191, -10.677496
24444427729000, 24.241505, -158.57104, -10.943666
24444432685000, 24.0731, -159.42334, -11.190559
24444437691000, 23.907518, -160.26443, -11.430311
24444442665000, 23.74963, -161.10687, -11.66048
24444447665000, 23.592272, -161.9378, -11.880297
24444452652000, 23.45253, -162.76389, -12.092457
24444457668000, 23.320234, -163.57779, -12.298081
24444462629000, 23.208487, -164.3736, -12.504939
24444467655000, 23.113997, -165.15895, -12.712941
24444472747000, 23.04755, -165.92506, -12.927266
24444477690000, 22.95126, -166.90883, -13.031567
24444482649000, 22.88431, -167.87106, -13.145085
24444487669000, 22.837162, -168.8388, -13.278823
24444492673000, 22.816837, -169.77803, -13.40859
24444497658000, 22.805107, -170.73224, -13.594649
24444502633000, 22.816465, -171.66498, -13.767296
24444507665000, 22.828577, -172.6319, -13.988879
24444513411000, 22.85146, -173.57219, -14.194066
24444517646000, 22.881876, -174.51488, -14.368233
24444522718000, 22.925821, -175.42845, -14.521638
24444527714000, 22.982126, -176.25917, -14.618991
24444532687000, 23.065073, -177.0556, -14.691113
24444537718000, 23.16653, -177.74683, -14.76476
24444542698000, 23.279415, -178.39037, -14.806104
24444547661000, 23.415184, -178.98187, -14.848606
24444552721000, 23.570747, -179.49805, -14.857606
24444557697000, 23.726076, 179.99188, -14.83842
24444562697000, 23.91784, 179.55138, -14.762588
24444567696000, 24.127247, 179.08217, -14.635331
24444572707000, 24.378084, 178.69553, -14.45414
24444577681000, 24.653067, 178.29439, -14.250327
24444583534000, 24.982985, 177.97485, -13.986045
24444587688000, 25.447393, 177.69795, -13.532476
24444594228000, 25.987267, 177.51541, -13.085887
24444597694000, 26.574236, 177.38756, -12.647549
24444602681000, 27.217121, 177.37456, -12.1999655
24444607673000, 27.948618, 177.38701, -11.833256
24444614055000, 28.72751, 177.51775, -11.508296
24444617707000, 29.506096, 177.4843, -11.3802185
24444622726000, 30.334558, 177.54959, -11.230572
24444627678000, 31.20873, 177.7005, -11.122807
24444632734000, 31.779728, 176.77321, -11.190669
24444638110000, 32.402897, 176.00296, -11.268234
24444642695000, 32.951607, 174.75832, -11.355397
24444647672000, 33.703342, 173.80435, -11.652276
24444652918000, 34.29448, 172.7583, -12.73181
24444657701000, 34.81923, 171.92847, -13.494911
24444662646000, 34.79337, 171.01439, -15.22574
24444667660000, 34.749466, 170.30452, -16.751156
24444672669000, 34.42365, 169.67216, -18.348993
24444677678000, 33.953087, 169.04668, -19.579193
24444682660000, 33.696724, 168.85919, -20.58082
24444687682000, 33.519108, 168.6317, -21.439568
24444692658000, 33.5817, 168.50159, -21.53635
24444697658000, 33.61921, 168.31027, -21.703619
24444702662000, 34.255688, 168.48682, -20.826498
24444707638000, 34.77058, 168.60205, -20.055721
24444712650000, 35.056263, 169.19125, -19.95554
24444717653000, 35.213257, 169.73682, -20.131044
24444723110000, 35.03277, 170.35808, -21.217787
24444727745000, 34.94526, 170.90651, -22.136847
24444732619000, 34.901917, 171.15404, -22.922348
24444737700000, 34.84898, 171.34831, -23.679134
24444742611000, 34.355095, 170.93158, -24.680824
24444747663000, 33.806717, 170.46483, -25.576351
24444752607000, 33.099064, 169.75183, -26.238785
24444757672000, 32.32635, 168.98146, -26.76917
24444762654000, 31.482658, 168.15074, -27.025408
24444767660000, 30.58723, 167.2772, -27.259844
24444772706000, 29.842014, 166.62561, -27.327219
24444777733000, 29.101545, 165.95825, -27.395369
24444782636000, 28.49578, 165.46057, -27.579739
24444787704000, 27.932995, 165.00032, -27.821983
24444794338000, 27.330557, 164.54617, -28.39634
24444797664000, 26.783125, 164.16927, -29.031754
24444802666000, 26.294294, 163.81892, -29.897427
24444807668000, 25.849514, 163.53114, -30.785084
24444812645000, 25.455658, 163.28824, -31.6651
24444817660000, 25.009174, 162.86003, -32.641773
24444822724000, 24.5999, 162.43988, -33.53695
24444827745000, 24.135435, 161.9119, -34.225952
24444832648000, 23.706215, 161.38062, -34.83592
24444838478000, 23.320408, 160.83173, -35.181816
24444842669000, 22.954561, 160.28824, -35.46558
24444847657000, 22.65046, 159.8183, -35.58423
24444852643000, 22.382814, 159.3726, -35.63074
24444857668000, 22.142189, 158.96437, -35.574234
24444862644000, 21.91662, 158.57857, -35.481323
24444867655000, 21.651314, 158.1456, -35.374485
24444872717000, 21.37455, 157.71614, -35.263172
24444877726000, 21.056242, 157.23767, -35.19132
24444882655000, 20.721678, 156.75917, -35.14539
24444887639000, 20.358416, 156.24394, -35.13454
24444892676000, 19.996496, 155.74316, -35.14318
24444897654000, 19.64418, 155.24292, -35.169605
24444902644000, 19.301947, 154.76181, -35.192734
24444908458000, 19.014538, 154.33626, -35.184326
24444912660000, 18.744125, 153.93631, -35.169556
24444917650000, 18.536251, 153.61734, -35.11636
24444922771000, 18.33749, 153.32446, -35.077606
24444927697000, 18.156782, 153.0809, -35.04732
24444932667000, 17.982504, 152.84941, -35.02701
24444937653000, 17.812983, 152.65286, -35.044632
24444942672000, 17.661535, 152.4613, -35.053455
24444947632000, 17.5195, 152.26405, -35.041424
24444952643000, 17.423151, 152.08446, -35.010704
24444957642000, 17.361456, 151.88861, -34.93574
24444962662000, 17.36653, 151.71931, -34.826546
24444967656000, 17.424923, 151.53937, -34.684235
24444972681000, 17.53683, 151.38467, -34.522022
24444978300000, 17.678947, 151.20872, -34.385868
24444982656000, 17.845686, 151.06053, -34.25991
24444987662000, 17.953445, 150.8161, -34.203568
24444993739000, 18.056995, 150.59904, -34.174057
24444997656000, 18.086811, 150.30754, -34.193764
24445002652000, 18.110691, 150.0419, -34.235947
24445007826000, 18.112968, 149.77711, -34.244633
24445012667000, 18.118862, 149.53429, -34.254326
24445018047000, 18.142773, 149.3315, -34.16814
24445022667000, 18.163498, 149.14378, -34.077423
24445027914000, 18.198378, 148.99867, -33.92129
24445032611000, 18.22656, 148.86209, -33.76832
24445037663000, 18.226614, 148.74579, -33.596996
24445042613000, 18.197657, 148.63014, -33.445957
24445047623000, 18.110098, 148.50427, -33.320667
24445052584000, 17.971355, 148.3739, -33.22071
24445057860000, 17.77104, 148.2404, -33.14834
24445062582000, 17.517033, 148.07768, -33.079746
24445067575000, 17.222813, 147.90274, -33.028236
24445072607000, 16.883553, 147.721, -32.9808
24445077533000, 16.517971, 147.53014, -32.922436
24445082577000, 16.138737, 147.34416, -32.876522
24445087549000, 15.754155, 147.15184, -32.81738
24445092576000, 15.402858, 146.96643, -32.75668
24445097522000, 15.055579, 146.76941, -32.686657
24445102580000, 14.741977, 146.59296, -32.625874
24445107549000, 14.440164, 146.4018, -32.55733
24445112597000, 14.156671, 146.21498, -32.467323
24445117582000, 13.888915, 146.02272, -32.376835
24445122621000, 13.630002, 145.82391, -32.234474
24445127546000, 13.385341, 145.6175, -32.087154
24445132597000, 13.178893, 145.41739, -31.853745
24445137619000, 12.984305, 145.21162, -31.619822
24445142603000, 12.835759, 145.06061, -31.335531
24445147572000, 12.697342, 144.91652, -31.0549
24445152650000, 12.566101, 144.76947, -30.771482
24445157654000, 12.439358, 144.63806, -30.496536
24445162790000, 12.340662, 144.54846, -30.233753
24445167689000, 12.233723, 144.46094, -29.986958
24445172677000, 12.116225, 144.36705, -29.72619
24445177700000, 11.976575, 144.27646, -29.490967
24445182657000, 11.819801, 144.17944, -29.275352
24445187759000, 11.635294, 144.09161, -29.093918
24445194202000, 11.431844, 143.99986, -28.937548
24445198315000, 11.200943, 143.90997, -28.809107
24445202632000, 10.954918, 143.83578, -28.70943
24445207638000, 10.686818, 143.76543, -28.635178
24445212660000, 10.387731, 143.67963, -28.585003
24445217668000, 10.081722, 143.60796, -28.55692
24445222675000, 9.766846, 143.5333, -28.538565
24445227666000, 9.445433, 143.46875, -28.536366
24445232780000, 9.136052, 143.40993, -28.544382
24445237672000, 8.831625, 143.36278, -28.549091
24445242663000, 8.551553, 143.32407, -28.560698
24445247661000, 8.291717, 143.29082, -28.561588
24445252624000, 8.054106, 143.26598, -28.55904
24445257639000, 7.8387613, 143.24496, -28.541424
24445262658000, 7.651804, 143.22995, -28.506243
24445268338000, 7.4871135, 143.2081, -28.444994
24445272698000, 7.3587027, 143.20555, -28.36359
24445277761000, 7.255197, 143.19284, -28.255669
24445282656000, 7.1700068, 143.18895, -28.129652
24445287675000, 7.10319, 143.17822, -27.984945
24445292664000, 7.0456276, 143.16959, -27.825542
24445297656000, 7.0013547, 143.15732, -27.653433
24445302644000, 6.9372687, 143.13892, -27.473333
24445307674000, 6.8764153, 143.1231, -27.29437
24445312657000, 6.793436, 143.10397, -27.1253
24445317700000, 6.7101398, 143.09148, -26.962639
24445322694000, 6.611827, 143.0812, -26.803408
24445327661000, 6.4985595, 143.07635, -26.661695
24445332612000, 6.3733616, 143.06345, -26.524883
24445338191000, 6.2348623, 143.05824, -26.407518
24445342659000, 6.091405, 143.0539, -26.283688
24445347703000, 5.9448347, 143.06046, -26.195461
24445352639000, 5.7925196, 143.0659, -26.104275
24445357567000, 5.6469707, 143.07776, -26.023817
24445362578000, 5.4820495, 143.08151, -25.958374
24445367585000, 5.3291526, 143.092, -25.898136
24445372615000, 5.1697717, 143.09167, -25.845518
24445377578000, 5.019193, 143.09106, -25.795141
24445382575000, 4.868232, 143.09015, -25.752024
24445387583000, 4.725984, 143.08958, -25.707851
24445393828000, 4.573572, 143.06593, -25.664862
24445397574000, 4.4304214, 143.03712, -25.62105
24445402652000, 4.295491, 143.00008, -25.573133
24445407885000, 4.174078, 142.96225, -25.52354
24445412595000, 4.063204, 142.92296, -25.471746
24445417657000, 3.9500556, 142.88065, -25.431763
24445422652000, 3.847248, 142.84221, -25.384424
24445427671000, 3.751203, 142.79729, -25.364408
24445432597000, 3.65682, 142.76125, -25.341724
24445437672000, 3.568044, 142.72946, -25.347418
24445442638000, 3.4843552, 142.70677, -25.350914
24445447658000, 3.4110456, 142.69095, -25.37713
24445452666000, 3.3459823, 142.68274, -25.402872
24445457636000, 3.2846465, 142.67958, -25.439274
24445462672000, 3.2331073, 142.68692, -25.469244
24445467649000, 3.1891115, 142.70782, -25.511963
24445472725000, 3.153906, 142.72885, -25.55119
24445477675000, 3.12914, 142.76453, -25.592976
24445482657000, 3.1097023, 142.79292, -25.628906
24445487661000, 3.0934432, 142.82253, -25.674038
24445492671000, 3.0794075, 142.84349, -25.709703
24445497655000, 3.067924, 142.87338, -25.759186
24445502646000, 3.063316, 142.8921, -25.800476
24445507665000, 3.0563748, 142.91283, -25.837269
24445512657000, 3.0544446, 142.9219, -25.871445
24445517664000, 3.0558743, 142.93312, -25.911701
24445522795000, 3.0625248, 142.94041, -25.948183
24445527691000, 3.0630798, 142.94388, -25.987186
24445532655000, 3.068985, 142.94418, -26.020514
24445537638000, 3.0677662, 142.9381, -26.057693
24445542667000, 3.0680041, 142.9259, -26.091768
24445547657000, 3.0623927, 142.90955, -26.124485
24445552648000, 3.0581365, 142.89401, -26.159475
24445557677000, 3.0271919, 142.86853, -26.201796
24445562660000, 2.9954813, 142.84436, -26.248995
24445567640000, 2.961406, 142.8307, -26.302746
24445572746000, 2.929264, 142.8212, -26.362377
24445577775000, 2.8900273, 142.8075, -26.43336
24445582663000, 2.852054, 142.79706, -26.508926
24445587662000, 2.818945, 142.78752, -26.596304
24445594421000, 2.7835476, 142.78404, -26.684267
24445597614000, 2.7440464, 142.77982, -26.788006
24445602641000, 2.7064934, 142.77786, -26.891062
24445607602000, 2.6686335, 142.77734, -26.999031
24445612661000, 2.6346042, 142.77617, -27.104706
24445617645000, 2.5995307, 142.7878, -27.223343
24445622685000, 2.5632145, 142.79607, -27.333687
24445627792000, 2.5239556, 142.80713, -27.44564
24445632658000, 2.4849114, 142.81213, -27.547182
24445637646000, 2.4545197, 142.83073, -27.650244
24445642669000, 2.4194674, 142.84659, -27.742607
24445647647000, 2.401986, 142.86331, -27.830488
24445652647000, 2.3792324, 142.87822, -27.915691
24445657667000, 2.374665, 142.88109, -27.976547
24445663232000, 2.3741808, 142.8813, -28.031294
24445667652000, 2.37964, 142.88568, -28.084293
24445672690000, 2.3959515, 142.89343, -28.134056
24445677764000, 2.404358, 142.89886, -28.186384
24445682658000, 2.4201343, 142.91046, -28.237211
24445688018000, 2.4356725, 142.92166, -28.285345
24445692642000, 2.4463487, 142.93437, -28.338717
24445697629000, 2.4588203, 142.94862, -28.386824
24445702651000, 2.4717057, 142.96558, -28.437143
24445707606000, 2.4824238, 142.98291, -28.486143
24445712662000, 2.493123, 142.99933, -28.540052
24445717642000, 2.5041928, 143.0189, -28.590858
24445722719000, 2.5161664, 143.03345, -28.642517
24445727606000, 2.5289571, 143.05501, -28.696585
24445732636000, 2.5353634, 143.06393, -28.740707
24445737618000, 2.540697, 143.07497, -28.78374
24445742663000, 2.5359263, 143.08246, -28.823923
24445747627000, 2.5311654, 143.08649, -28.860044
24445752642000, 2.5157804, 143.09158, -28.89108
24445757646000, 2.5023406, 143.09645, -28.924109
24445762659000, 2.4780438, 143.10326, -28.948244
24445767656000, 2.4627547, 143.111, -28.971321
24445772857000, 2.434159, 143.11581, -28.987782
24445777748000, 2.4065568, 143.12273, -29.005135
24445782661000, 2.3776896, 143.12323, -29.006838
24445787674000, 2.347418, 143.12704, -29.00464
24445794290000, 2.320069, 143.1393, -28.998007
24445797661000, 2.2954051, 143.14883, -28.980846
24445802614000, 2.2762032, 143.17262, -28.966213
24445807669000, 2.2589955, 143.19183, -28.943949
24445812659000, 2.2433662, 143.22012, -28.922436
24445817637000, 2.2299805, 143.24216, -28.895178
24445822763000, 2.2276804, 143.2697, -28.870853
24445827763000, 2.2216654, 143.29562, -28.842434
24445832658000, 2.2363112, 143.32599, -28.815699
24445837652000, 2.2492933, 143.35368, -28.781675
24445842646000, 2.2777002, 143.38614, -28.7481
24445847659000, 2.3109694, 143.41345, -28.712729
24445852633000, 2.3649545, 143.4558, -28.67568
24445857669000, 2.420057, 143.49219, -28.635778
24445862612000, 2.485017, 143.52734, -28.593716
24445867690000, 2.5493104, 143.55658, -28.552
24445872751000, 2.614345, 143.58954, -28.504908
24445877717000, 2.68247, 143.62094, -28.456324
24445882621000, 2.7474189, 143.64665, -28.40865
24445887701000, 2.8121176, 143.66483, -28.356316
24445892594000, 2.874219, 143.68666, -28.309004
24445897698000, 2.9362025, 143.70657, -28.26407
24445902639000, 2.9877172, 143.71622, -28.213556
24445907686000, 3.0408537, 143.73013, -28.166416
24445912642000, 3.0699894, 143.74515, -28.11821
24445918213000, 3.1007793, 143.76016, -28.07259
24445922787000, 3.1182811, 143.77332, -28.02272
24445927798000, 3.1368906, 143.77776, -27.971325
24445932709000, 3.1556797, 143.79117, -27.908405
24445937697000, 3.1739914, 143.80707, -27.848267
24445943037000, 3.1945539, 143.81595, -27.781391
24445947675000, 3.2171779, 143.82521, -27.718416
24445952997000, 3.2394962, 143.82852, -27.646914
24445957700000, 3.263201, 143.83165, -27.582197
24445962993000, 3.2902799, 143.82367, -27.516035
24445967687000, 3.314406, 143.81778, -27.453426
24445972693000, 3.3339415, 143.79832, -27.382717
24445977785000, 3.356343, 143.77931, -27.314024
24445982590000, 3.3770893, 143.75664, -27.24154
24445987643000, 3.41537, 143.73068, -27.15858
24445994259000, 3.45358, 143.7009, -27.07192
24445997655000, 3.4919636, 143.67308, -26.975843
24446002643000, 3.531253, 143.6452, -26.883024
24446007634000, 3.5774684, 143.61554, -26.779284
24446012673000, 3.625589, 143.58847, -26.672163
24446017657000, 3.6707056, 143.55843, -26.564661
24446022680000, 3.7137098, 143.52936, -26.45876
24446027767000, 3.755323, 143.49203, -26.33879
24446032718000, 3.7992089, 143.45569, -26.21807
24446037656000, 3.832703, 143.41566, -26.093494
24446042730000, 3.8645256, 143.37445, -25.966053
24446047630000, 3.8908765, 143.31433, -25.803595
24446052695000, 3.9125726, 143.25128, -25.633738
24446057998000, 3.9297407, 143.18161, -25.453463
24446062682000, 3.9524791, 143.11394, -25.270287
24446067661000, 3.9646423, 143.03699, -25.064537
24446072682000, 3.9776492, 142.95709, -24.853718
24446077664000, 4.0145607, 142.8736, -24.619434
24446082692000, 4.0487328, 142.78857, -24.381351
24446087649000, 4.082441, 142.69783, -24.12248
24446092696000, 4.107812, 142.60556, -23.865292
24446097660000, 4.1282716, 142.4966, -23.587791
24446102631000, 4.140633, 142.38745, -23.315115
24446107616000, 4.1559186, 142.27817, -23.046524
24446112674000, 4.1587133, 142.16959, -22.783918
24446117637000, 4.1451893, 142.0567, -22.501068
24446122710000, 4.119875, 141.94983, -22.229809
24446127818000, 4.0829287, 141.8326, -21.938732
24446132674000, 4.0342746, 141.72298, -21.656837
24446137650000, 3.9713318, 141.60716, -21.351845
24446142676000, 3.9022217, 141.49393, -21.056927
24446147625000, 3.8246346, 141.38629, -20.76748
24446152645000, 3.7406294, 141.28552, -20.489319
24446157668000, 3.651178, 141.17407, -20.175026
24446162697000, 3.556547, 141.07039, -19.867891
24446167664000, 3.4636343, 140.96967, -19.567005
24446172787000, 3.3647594, 140.87857, -19.283466
24446177759000, 3.2811427, 140.79431, -19.005842
24446182706000, 3.1971946, 140.71729, -18.74683
24446187718000, 3.1304097, 140.63872, -18.491123
24446194298000, 3.065998, 140.56691, -18.248585
24446197596000, 3.0144312, 140.49922, -18.001337
24446202692000, 2.9662457, 140.4373, -17.766325
24446207713000, 2.9265645, 140.37779, -17.53373
24446212701000, 2.9095447, 140.31897, -17.302692
24446217620000, 2.9032753, 140.26398, -17.07424
24446222794000, 2.9167998, 140.21956, -16.856783
24446227735000, 2.9457364, 140.17749, -16.640898
24446232711000, 3.013365, 140.12294, -16.437456
24446237675000, 3.0872905, 140.071, -16.234285
24446243237000, 3.179866, 140.02206, -16.036947
24446247674000, 3.2756014, 139.9754, -15.843197
24446252692000, 3.3657718, 139.92477, -15.652964
24446257705000, 3.4641378, 139.87558, -15.458939
24446262691000, 3.5901442, 139.80733, -15.239829
24446267710000, 3.7100723, 139.73837, -15.028566
24446272713000, 3.8421254, 139.65488, -14.794229
24446277790000, 3.9666011, 139.57385, -14.569244
24446282694000, 4.077174, 139.48187, -14.332205
24446287686000, 4.1845136, 139.38953, -14.10712
24446292666000, 4.298826, 139.28384, -13.865998
24446297695000, 4.4137583, 139.18323, -13.630083
24446302697000, 4.4974885, 139.07396, -13.403687
24446307701000, 4.580239, 138.97353, -13.187731
24446312600000, 4.6489635, 138.85461, -12.954683
24446317631000, 4.7137346, 138.74846, -12.741748
24446322772000, 4.760223, 138.64005, -12.517687
24446327760000, 4.805388, 138.54259, -12.31488
24446332653000, 4.831269, 138.44894, -12.102368
24446337649000, 4.8498874, 138.36757, -11.91487
24446342662000, 4.860464, 138.28107, -11.712425
24446347687000, 4.8567824, 138.20741, -11.530352
24446352643000, 4.8415413, 138.1368, -11.332616
24446357666000, 4.8173704, 138.0724, -11.153026
24446362657000, 4.7807393, 138.01755, -10.970182
24446367642000, 4.7276864, 137.95914, -10.808279
24446372679000, 4.6470156, 137.91959, -10.637524
24446377667000, 4.5535464, 137.87831, -10.478173
24446382669000, 4.451338, 137.8473, -10.324908
24446387656000, 4.3346934, 137.82089, -10.179692
24446393464000, 4.250773, 137.8066, -10.016228
24446397658000, 4.161364, 137.79929, -9.85862
24446402610000, 4.0551524, 137.80414, -9.717569
24446407675000, 3.9346018, 137.82195, -9.597247
24446412590000, 3.7893913, 137.84918, -9.472154
24446417660000, 3.6193695, 137.87991, -9.388228
24446422693000, 3.4175897, 137.89017, -9.335596
24446427694000, 3.191609, 137.89743, -9.333686
24446432638000, 2.942077, 137.89397, -9.3718815
24446437654000, 2.673867, 137.88603, -9.451485
24446442632000, 2.4182196, 137.86423, -9.565218
24446447656000, 2.17023, 137.83496, -9.702259
24446452685000, 1.9457046, 137.8077, -9.871272
24446457673000, 1.7419099, 137.77477, -10.041724
24446462693000, 1.5628172, 137.74387, -10.205766
24446467659000, 1.4377364, 137.71927, -10.384112
24446472710000, 1.3576647, 137.6836, -10.525206
24446477704000, 1.3102437, 137.65201, -10.63808
24446482647000, 1.3026743, 137.62225, -10.713699
24446487654000, 1.3885822, 137.61084, -10.846675
24446492654000, 1.490355, 137.59384, -10.952852
24446497658000, 1.6732947, 137.59204, -11.055664
24446502616000, 1.8566827, 137.5794, -11.131429
24446507665000, 2.1016827, 137.57852, -11.2080145
24446512629000, 2.361499, 137.57079, -11.23778
24446517666000, 2.6545215, 137.56609, -11.265361
24446522756000, 2.9595506, 137.55307, -11.250394
24446527669000, 3.2439177, 137.52942, -11.219633
24446532774000, 3.530258, 137.4997, -11.152659
24446537653000, 3.8386683, 137.49428, -11.093607
24446542668000, 4.1275024, 137.48604, -11.0137205
24446547660000, 4.4065123, 137.48505, -10.91598
24446552636000, 4.6686087, 137.48346, -10.813385
24446557639000, 4.9067616, 137.48795, -10.689298
24446562660000, 5.121149, 137.4879, -10.574125
24446568329000, 5.2756586, 137.49951, -10.464059
24446572706000, 5.409637, 137.51189, -10.36881
24446577659000, 5.523507, 137.5206, -10.300366
24446582623000, 5.6251874, 137.52779, -10.253523
24446587641000, 5.6417894, 137.50023, -10.166075
24446594233000, 5.653446, 137.47101, -10.094618
24446597694000, 5.6124816, 137.42029, -10.018206
24446602810000, 5.5775614, 137.36766, -9.954624
24446607663000, 5.4990697, 137.28876, -9.880601
24446612680000, 5.419535, 137.21092, -9.821497
24446617702000, 5.333732, 137.14706, -9.773805
24446622667000, 5.251399, 137.08316, -9.736833
24446627617000, 5.159205, 137.02202, -9.697229
24446632715000, 5.0658, 136.96077, -9.662341
24446638306000, 4.9806423, 136.91759, -9.62914
24446642668000, 4.8929553, 136.87988, -9.598121
24446647592000, 4.804295, 136.8523, -9.568872
24446652644000, 4.715207, 136.83055, -9.543865
24446657634000, 4.6272583, 136.81883, -9.520762
24446662666000, 4.538728, 136.80756, -9.504206
24446667646000, 4.464883, 136.80453, -9.486832
24446672782000, 4.392896, 136.80057, -9.473333
24446677659000, 4.333448, 136.81583, -9.47216
24446682630000, 4.2714057, 136.82661, -9.477704
24446687677000, 4.2176538, 136.85315, -9.502999
24446692654000, 4.165054, 136.87497, -9.533284
24446697646000, 4.1234694, 136.9093, -9.593765
24446702660000, 4.081245, 136.94398, -9.65474
24446708492000, 4.0485272, 136.9779, -9.741343
24446712663000, 4.015956, 137.01608, -9.826459
24446717634000, 4.006434, 137.04893, -9.921817
24446722782000, 3.994898, 137.07986, -10.010863
24446727609000, 3.987939, 137.10928, -10.097534
24446732680000, 3.9756057, 137.13919, -10.179339
24446737664000, 3.9753072, 137.16852, -10.251874
24446742709000, 3.9722364, 137.18994, -10.312784
24446747676000, 3.9812422, 137.21428, -10.358447
24446752659000, 4.004049, 137.2351, -10.410237
24446757705000, 4.042474, 137.25764, -10.442866
24446762690000, 4.075181, 137.27983, -10.465166
24446767750000, 4.1217203, 137.30112, -10.466389
24446772747000, 4.171894, 137.31812, -10.451084
24446777794000, 4.2363358, 137.33835, -10.419818
24446782689000, 4.3014364, 137.35645, -10.368924
24446787698000, 4.3734317, 137.37437, -10.316842
24446794208000, 4.4523935, 137.37753, -10.239909
24446797690000, 4.534635, 137.38106, -10.16731
24446802690000, 4.6190925, 137.37956, -10.094136
24446807761000, 4.704729, 137.38016, -10.020747
24446812693000, 4.7778816, 137.3706, -9.952818
24446817728000, 4.84812, 137.36568, -9.885209
24446822781000, 4.9152937, 137.3535, -9.822832
24446827716000, 4.9745507, 137.3385, -9.762577
24446832688000, 5.034062, 137.32832, -9.703005
24446837694000, 5.0862317, 137.31262, -9.649008
24446842725000, 5.1223845, 137.30096, -9.587694
24446847666000, 5.153171, 137.28252, -9.534786
24446852678000, 5.1749573, 137.2699, -9.476686
24446857680000, 5.188546, 137.25607, -9.428505
24446862679000, 5.19095, 137.25514, -9.377916
24446867685000, 5.18614, 137.24728, -9.333847
24446872708000, 5.167817, 137.24069, -9.292236
24446877715000, 5.1432686, 137.23561, -9.25984
24446882631000, 5.1098742, 137.23732, -9.224704
24446887702000, 5.0627584, 137.2404, -9.20287
24446892670000, 5.0182133, 137.24373, -9.17919
24446897698000, 4.9688544, 137.24992, -9.165573
24446902656000, 4.9246764, 137.25334, -9.141146
24446907694000, 4.874039, 137.25403, -9.120072
24446912682000, 4.826098, 137.25488, -9.104823
24446917719000, 4.7771926, 137.25917, -9.090131
24446922787000, 4.738335, 137.26103, -9.083747
24446927703000, 4.6984777, 137.25798, -9.078622
24446932675000, 4.663981, 137.26352, -9.081567
24446937692000, 4.6285005, 137.264, -9.088566
24446942658000, 4.5995274, 137.26445, -9.093153
24446947675000, 4.5695415, 137.26662, -9.098495
24446952652000, 4.5465574, 137.26068, -9.112895
24446957762000, 4.527347, 137.25665, -9.127677
24446962616000, 4.5092783, 137.25287, -9.137181
24446967683000, 4.4914618, 137.24948, -9.151874
24446972648000, 4.488632, 137.24536, -9.16484
24446977784000, 4.484584, 137.24467, -9.1778145
24446982609000, 4.4845266, 137.24283, -9.192139
24446987675000, 4.4902673, 137.23943, -9.200597
24446992666000, 4.496637, 137.2381, -9.208153
24446997699000, 4.5065293, 137.23077, -9.21923
24447002666000, 4.5231977, 137.22357, -9.225464
24447007693000, 4.5343704, 137.21292, -9.225635
24447012682000, 4.550821, 137.2013, -9.2253
24447017710000, 4.581838, 137.20148, -9.230715
24447022751000, 4.611182, 137.19438, -9.237015
24447027672000, 4.6467843, 137.19638, -9.238616
24447032601000, 4.6780562, 137.1912, -9.238812
24447037681000, 4.7127304, 137.19125, -9.242095
24447042709000, 4.74621, 137.19176, -9.241086
24447047621000, 4.7790256, 137.18991, -9.250706
24447052686000, 4.815403, 137.19131, -9.257633
24447057668000, 4.849395, 137.19075, -9.26072
24447062701000, 4.880698, 137.19128, -9.26786
24447067665000, 4.914032, 137.1929, -9.270175
24447072693000, 4.945773, 137.19666, -9.278222
24447087691000, 5.037909, 137.20163, -9.30046
24447092772000, 5.0643344, 137.20465, -9.311714
24447097626000, 5.090912, 137.20917, -9.321136
24447102966000, 5.116021, 137.21045, -9.337585
24447107638000, 5.1347113, 137.20587, -9.35042
24447112648000, 5.1502485, 137.20154, -9.371389
24447117651000, 5.162287, 137.19394, -9.391692
24447122737000, 5.176897, 137.19424, -9.417916
24447127645000, 5.181108, 137.18893, -9.436719
24447132660000, 5.183214, 137.18591, -9.459225
24447137925000, 5.179717, 137.18799, -9.478884
24447142642000, 5.17088, 137.185, -9.4978285
24447147625000, 5.1655574, 137.18689, -9.5214
24447152646000, 5.1555934, 137.18616, -9.544128
24447157644000, 5.149417, 137.18594, -9.565263
24447162662000, 5.1530533, 137.18565, -9.590005
24447167653000, 5.161571, 137.18811, -9.611776
24447172763000, 5.1673937, 137.18898, -9.637701
24447177687000, 5.183924, 137.19385, -9.661017
24447182659000, 5.199583, 137.20056, -9.688292
24447187666000, 5.2173314, 137.20805, -9.715603
24447194231000, 5.2415037, 137.2149, -9.74102
24447197679000, 5.265006, 137.22357, -9.765853
24447202640000, 5.297595, 137.2333, -9.791288
24447207681000, 5.3302584, 137.23828, -9.813521
24447212660000, 5.364179, 137.2472, -9.833444
24447217668000, 5.3970747, 137.25426, -9.85107
24447222663000, 5.430588, 137.26155, -9.875123
24447227664000, 5.4620647, 137.26056, -9.891274
24447232662000, 5.490545, 137.26747, -9.904869
24447237660000, 5.523768, 137.27103, -9.9181185
24447242644000, 5.547759, 137.27118, -9.930588
24447247669000, 5.574575, 137.27213, -9.940045
24447257671000, 5.597794, 137.27269, -9.949021
24447262657000, 5.6202426, 137.2752, -9.957133
24447267671000, 5.6405454, 137.27454, -9.964087
24447272736000, 5.6592584, 137.27592, -9.966639
24447277722000, 5.67924, 137.27802, -9.972605
24447282675000, 5.686544, 137.27852, -9.975555
24447288440000, 5.696221, 137.2787, -9.97539
24447292644000, 5.7067156, 137.2783, -9.975622
24447297700000, 5.715553, 137.27727, -9.97699
24447302679000, 5.7154016, 137.28075, -9.975837
24447307739000, 5.716536, 137.27856, -9.978213
24447312692000, 5.7169356, 137.2814, -9.979296
24447317731000, 5.713543, 137.28128, -9.987134
24447322861000, 5.7124257, 137.28568, -9.996323
24447327700000, 5.7106943, 137.28687, -10.008009
24447332638000, 5.697889, 137.29083, -10.021662
24447337690000, 5.685497, 137.28891, -10.034323
24447342648000, 5.677583, 137.2905, -10.044105
24447347669000, 5.671891, 137.28673, -10.05262
24447352659000, 5.6671977, 137.28711, -10.063195
24447357636000, 5.664183, 137.28502, -10.071166
24447362646000, 5.6634927, 137.28778, -10.07635
24447367693000, 5.6644306, 137.29025, -10.084297
24447372669000, 5.6644173, 137.2869, -10.090612
24447377734000, 5.6676493, 137.28084, -10.099038
24447382662000, 5.669628, 137.27824, -10.102061
24447387647000, 5.6754656, 137.27576, -10.10861
24447394294000, 5.676549, 137.26926, -10.112782
24447397661000, 5.677759, 137.25822, -10.117145
24447402680000, 5.6805353, 137.2529, -10.120212
24447407655000, 5.695597, 137.25716, -10.118483
24447412653000, 5.70827, 137.2571, -10.116516
24447417704000, 5.7222605, 137.26312, -10.122909
24447422687000, 5.7364283, 137.26057, -10.12344
24447427968000, 5.746649, 137.26265, -10.124399
24447432678000, 5.7611794, 137.25978, -10.124862
24447437642000, 5.770009, 137.26265, -10.123342
24447442638000, 5.7823, 137.26021, -10.118665
24447447669000, 5.7955174, 137.26186, -10.111894
24447452648000, 5.8120275, 137.26227, -10.10554
24447457677000, 5.826045, 137.2676, -10.101576
24447462662000, 5.8348293, 137.27295, -10.097805
24447467694000, 5.846646, 137.27463, -10.091928
24447472734000, 5.8534775, 137.27649, -10.085191
24447477703000, 5.861471, 137.27618, -10.079463
24447482661000, 5.8652086, 137.28067, -10.076158
24447487692000, 5.8704953, 137.27875, -10.068327
24447492668000, 5.869783, 137.27866, -10.0638895
24447497599000, 5.8701124, 137.28058, -10.059096
24447502640000, 5.8684664, 137.27875, -10.055543
24447507684000, 5.867347, 137.28026, -10.051208
24447512664000, 5.8596, 137.2811, -10.04611
24447517661000, 5.845787, 137.27396, -10.042555
24447522681000, 5.8311377, 137.27187, -10.039143
24447527612000, 5.815584, 137.27032, -10.036574
24447532661000, 5.799158, 137.26907, -10.031942
24447537608000, 5.7849994, 137.27199, -10.029413
24447542667000, 5.7705474, 137.27165, -10.026032
24447547599000, 5.7582564, 137.28821, -10.025388
24447552632000, 5.748088, 137.30344, -10.019831
24447557653000, 5.7369285, 137.32025, -10.017197
24447562661000, 5.727985, 137.33347, -10.012209
24447567676000, 5.7194695, 137.3442, -10.006916
24447572749000, 5.706195, 137.35455, -10.000188
24447577782000, 5.701775, 137.36807, -9.995587
24447582659000, 5.6907115, 137.37598, -9.98813
24447587849000, 5.687772, 137.38919, -9.985797
24447594227000, 5.6846437, 137.40349, -9.984415
24447597634000, 5.66922, 137.41463, -9.986763
24447602640000, 5.653838, 137.42773, -9.985377
24447607697000, 5.643507, 137.43729, -9.983974
24447613199000, 5.631047, 137.44748, -9.980298
24447617709000, 5.6222377, 137.45746, -9.97713
24447622666000, 5.609571, 137.46622, -9.973505
24447627627000, 5.602053, 137.47392, -9.968751
24447632654000, 5.59056, 137.48404, -9.964038
24447637657000, 5.5868073, 137.50128, -9.954238
24447642664000, 5.584699, 137.5184, -9.943623
24447647859000, 5.580426, 137.53572, -9.934513
24447652636000, 5.5845504, 137.54362, -9.925619
24447657891000, 5.5937614, 137.55038, -9.911803
24447662663000, 5.600644, 137.5526, -9.8979
24447667647000, 5.609282, 137.55746, -9.887766
24447672723000, 5.6146693, 137.56151, -9.876081
24447677726000, 5.6243725, 137.56541, -9.86576
24447682721000, 5.625839, 137.57013, -9.85386
24447687657000, 5.6296153, 137.5686, -9.844174
24447692674000, 5.6377835, 137.57462, -9.834523
24447697806000, 5.6416845, 137.5755, -9.824369
24447702636000, 5.6469355, 137.58022, -9.813742
24447707685000, 5.6513147, 137.58286, -9.799585
24447712661000, 5.6542125, 137.5841, -9.793542
24447717663000, 5.6586123, 137.58224, -9.782922
24447722761000, 5.663064, 137.58365, -9.772119
24447727725000, 5.666506, 137.57968, -9.763365
24447737642000, 5.6737785, 137.57977, -9.756079
24447742662000, 5.680099, 137.57648, -9.7456255
24447747663000, 5.6876955, 137.57707, -9.7368
24447752712000, 5.700211, 137.58493, -9.728712
24447757763000, 5.705263, 137.5845, -9.720122
24447762661000, 5.71477, 137.59164, -9.712038
24447767762000, 5.7248073, 137.59679, -9.705401
24447772759000, 5.73249, 137.59787, -9.699684
24447777717000, 5.744724, 137.60278, -9.696577
24447782690000, 5.7546296, 137.60527, -9.691446
24447787688000, 5.7659245, 137.61246, -9.687792
24447794189000, 5.76222, 137.6076, -9.686118
24447797679000, 5.7562857, 137.6099, -9.684424
24447802675000, 5.7510896, 137.60652, -9.682134
24447807752000, 5.7458816, 137.6083, -9.683494
24447812665000, 5.74014, 137.61108, -9.686163
24447817708000, 5.733689, 137.61389, -9.693713
24447822778000, 5.7238355, 137.62021, -9.699036
24447827772000, 5.7183514, 137.62688, -9.7092285
24447832652000, 5.705547, 137.63034, -9.720725
24447837709000, 5.69658, 137.63406, -9.731487
24447842663000, 5.684478, 137.63803, -9.745871
24447847639000, 5.673535, 137.6402, -9.757823
24447852671000, 5.6693964, 137.64648, -9.766914
24447857765000, 5.661288, 137.65358, -9.776606
24447862689000, 5.654026, 137.65465, -9.779583
24447867678000, 5.645116, 137.66003, -9.784022
24447872717000, 5.6384115, 137.66476, -9.788312
24447877773000, 5.63244, 137.66937, -9.796708
24447887688000, 5.6232767, 137.67097, -9.801808
24447892658000, 5.6100802, 137.67676, -9.810707
24447897690000, 5.6011167, 137.67853, -9.815366
24447902823000, 5.598989, 137.67627, -9.821476
24447907761000, 5.593347, 137.67542, -9.82699
24447912947000, 5.591068, 137.67343, -9.832744
24447923007000, 5.597484, 137.66844, -9.8290205
24447927736000, 5.6002645, 137.66025, -9.823699
24447932634000, 5.6033206, 137.65408, -9.822003
24447938344000, 5.604601, 137.64992, -9.8187895
24447942631000, 5.60624, 137.64212, -9.817566
24447947656000, 5.604653, 137.63696, -9.810428
24447952737000, 5.6031, 137.63312, -9.800603
24447957707000, 5.6103992, 137.62695, -9.794293
24447962693000, 5.618401, 137.62996, -9.781758
24447967676000, 5.626452, 137.62851, -9.776724
24447972883000, 5.635676, 137.62515, -9.7646055
24447977657000, 5.647863, 137.62936, -9.761296
24447982661000, 5.663352, 137.62837, -9.759498
24447987646000, 5.6842475, 137.63467, -9.753811
24447994315000, 5.7046404, 137.64058, -9.748441
24447997657000, 5.7247505, 137.64532, -9.739464
24448002656000, 5.74049, 137.6511, -9.732683
24448008390000, 5.760562, 137.65533, -9.72208
24448012658000, 5.7785697, 137.65558, -9.712666
24448017655000, 5.7999725, 137.66156, -9.705657
24448022696000, 5.8195715, 137.66245, -9.698356
24448027637000, 5.832573, 137.66393, -9.696709
24448032658000, 5.8475223, 137.66647, -9.691461
24448037651000, 5.863898, 137.6713, -9.689217
24448042666000, 5.882333, 137.67874, -9.687141
24448047623000, 5.8996572, 137.68362, -9.681685
24448052693000, 5.91758, 137.69199, -9.678219
24448057678000, 5.9368486, 137.69223, -9.66991
24448062669000, 5.9562893, 137.6971, -9.659024
24448067682000, 5.9733963, 137.70528, -9.655011
24448072679000, 5.989667, 137.71439, -9.648635
24448077618000, 6.004825, 137.72415, -9.64441
24448082720000, 6.025855, 137.72942, -9.637797
24448087607000, 6.0338893, 137.74507, -9.635805
24448092674000, 6.050144, 137.75476, -9.631211
24448097586000, 6.055736, 137.772, -9.633639
24448107677000, 6.061853, 137.78522, -9.632977
24448112757000, 6.0669928, 137.78947, -9.631915
24448117637000, 6.0685606, 137.79424, -9.628778
24448122718000, 6.0668325, 137.80112, -9.631523
24448127703000, 6.065937, 137.80304, -9.632913
24448132659000, 6.064469, 137.80942, -9.636942
24448137702000, 6.0567064, 137.81305, -9.64082
24448147797000, 6.0510817, 137.82072, -9.649125
24448152702000, 6.044769, 137.83002, -9.653497
24448157649000, 6.036262, 137.82657, -9.659881
24448162668000, 6.027557, 137.83073, -9.667416
24448167651000, 6.0180306, 137.8307, -9.674489
24448172775000, 6.0063787, 137.82971, -9.67925
24448177675000, 5.9998302, 137.82874, -9.685068
24448182653000, 5.989803, 137.83148, -9.697233
24448187618000, 5.982048, 137.82545, -9.705722
24448194239000, 5.9753795, 137.82236, -9.715533
24448197665000, 5.963937, 137.81801, -9.727343
24448202687000, 5.955456, 137.81082, -9.730488
24448207759000, 5.9435086, 137.80591, -9.7365055
24448212648000, 5.933292, 137.79605, -9.742791
24448217701000, 5.922919, 137.7857, -9.744384
24448222663000, 5.9127216, 137.77522, -9.751619
24448227744000, 5.9028287, 137.76526, -9.749861
24448232716000, 5.8935237, 137.75063, -9.7569
24448237674000, 5.8793716, 137.7359, -9.758266
24448242638000, 5.869289, 137.71881, -9.756574
24448247659000, 5.857802, 137.70486, -9.758017
24448252710000, 5.8509793, 137.68523, -9.759349
24448257653000, 5.8434153, 137.67117, -9.76291
24448262559000, 5.837304, 137.65733, -9.761307
24448267609000, 5.8304873, 137.64642, -9.758748
24448273087000, 5.8248916, 137.63, -9.756045
24448277570000, 5.8243575, 137.61504, -9.749343
24448282561000, 5.8148046, 137.60666, -9.741774
24448287604000, 5.811146, 137.59668, -9.728242
24448292550000, 5.8049483, 137.59256, -9.719117
24448297569000, 5.807884, 137.59105, -9.700226
24448302535000, 5.8117495, 137.59213, -9.681807
24448307564000, 5.813545, 137.60152, -9.666711
24448312535000, 5.815853, 137.60408, -9.648041
24448317578000, 5.8253555, 137.61293, -9.633557
24448322586000, 5.8382435, 137.61765, -9.619347
24448327562000, 5.8502464, 137.61778, -9.60928
24448332563000, 5.8606615, 137.62262, -9.602787
24448337580000, 5.8683205, 137.6149, -9.595294
24448342555000, 5.874988, 137.60965, -9.588925
24448347548000, 5.8826194, 137.60449, -9.586994
24448357562000, 5.8898726, 137.59357, -9.581077
24448362558000, 5.899201, 137.56863, -9.571394
24448367562000, 5.9062514, 137.53441, -9.551169
24448372614000, 5.915519, 137.49954, -9.53495
24448377558000, 5.930042, 137.46173, -9.507892
24448382554000, 5.944455, 137.42607, -9.4815645
24448387566000, 5.962186, 137.38765, -9.456813
24448393770000, 5.9750533, 137.34479, -9.4346695
24448397557000, 5.998609, 137.31271, -9.40877
24448402552000, 6.01695, 137.27182, -9.385176
24448407578000, 6.0376463, 137.23842, -9.36055
24448412568000, 6.0499477, 137.20297, -9.340841
24448417565000, 6.0735726, 137.16827, -9.319607
24448422603000, 6.091335, 137.1393, -9.299972
24448427565000, 6.112151, 137.1091, -9.284819
24448432584000, 6.130449, 137.0823, -9.270059
24448437598000, 6.148071, 137.05746, -9.256193
24448442581000, 6.1649737, 137.0313, -9.243162
24448447564000, 6.1884766, 137.00583, -9.222202
24448452669000, 6.2125344, 136.97903, -9.204868
24448457674000, 6.225316, 136.95886, -9.18987
24448462672000, 6.242911, 136.94221, -9.175824
24448467681000, 6.2526064, 136.9286, -9.165873
24448472687000, 6.2652025, 136.91998, -9.158473
24448477657000, 6.274844, 136.9104, -9.149083
24448482656000, 6.28432, 136.90082, -9.138996
24448487633000, 6.2858458, 136.89517, -9.125821
24448492668000, 6.286488, 136.89221, -9.113671
24448497659000, 6.2815757, 136.89545, -9.098882
24448502636000, 6.2782063, 136.90048, -9.082263
24448507699000, 6.275305, 136.90718, -9.067066
24448512645000, 6.270001, 136.91246, -9.049989
24448517660000, 6.266911, 136.93826, -9.035584
24448522678000, 6.2597613, 136.95966, -9.021364
24448527661000, 6.251238, 136.98625, -9.014635
24448532653000, 6.24193, 137.00522, -9.004468
24448537633000, 6.2312098, 137.02559, -8.999179
24448542669000, 6.2224684, 137.0485, -8.995694
24448547660000, 6.2117243, 137.06952, -8.99397
24448552641000, 6.202453, 137.09033, -8.990264
24448557722000, 6.1922917, 137.11263, -9.003773
24448562673000, 6.1853557, 137.13423, -9.016608
24448567643000, 6.1778026, 137.15569, -9.028169
24448572817000, 6.16752, 137.17426, -9.039555
24448577655000, 6.160457, 137.19748, -9.052578
24448582656000, 6.1531224, 137.21921, -9.06487
24448587620000, 6.1472654, 137.24664, -9.074624
24448594204000, 6.141733, 137.27267, -9.081662
24448597591000, 6.14183, 137.30376, -9.088203
24448602642000, 6.141928, 137.33643, -9.090722
24448607646000, 6.145827, 137.36766, -9.097348
24448612670000, 6.147649, 137.403, -9.099567
24448617652000, 6.1533103, 137.4306, -9.101891
24448622751000, 6.1564126, 137.46109, -9.107467
24448627702000, 6.161475, 137.49048, -9.1109
24448632657000, 6.1667647, 137.51474, -9.118067
24448637688000, 6.171169, 137.5382, -9.125892
24448642670000, 6.1748967, 137.55821, -9.13511
24448647640000, 6.1786165, 137.58012, -9.13568
24448652635000, 6.1801105, 137.59741, -9.139875
24448658147000, 6.185319, 137.61142, -9.138408
24448663497000, 6.189166, 137.62657, -9.136818
24448668873000, 6.189551, 137.63657, -9.132277
24448672677000, 6.194641, 137.6482, -9.127527
24448677628000, 6.1973696, 137.64616, -9.117452
24448682655000, 6.198686, 137.64832, -9.107018
24448687645000, 6.202208, 137.64705, -9.097629
24448692670000, 6.208332, 137.63583, -9.086918
24448697633000, 6.2145433, 137.62936, -9.080381
24448702638000, 6.2126637, 137.6201, -9.073945
24448707732000, 6.2100663, 137.61241, -9.071024
24448712672000, 6.2113066, 137.60437, -9.066494
24448717701000, 6.2085366, 137.60062, -9.060827
24448722706000, 6.2098017, 137.59657, -9.055757
24448727760000, 6.2121825, 137.59009, -9.050124
24448732653000, 6.214498, 137.58635, -9.047443
24448737654000, 6.2106423, 137.58162, -9.046873
24448742664000, 6.2158337, 137.5721, -9.037491
24448747656000, 6.2154145, 137.5657, -9.029425
24448752638000, 6.209806, 137.55753, -9.021775
24448757711000, 6.208072, 137.5512, -9.01256
24448762670000, 6.2057443, 137.5396, -9.007457
24448767681000, 6.1972713, 137.53098, -9.005757
24448772677000, 6.1932745, 137.5271, -9.003427
24448777664000, 6.1867356, 137.5188, -9.00235
24448782654000, 6.185395, 137.509, -9.0015335
24448787653000, 6.1856914, 137.50748, -9.004351
24448794192000, 6.1874824, 137.49991, -9.007925
24448797658000, 6.185734, 137.49313, -9.01486
24448802622000, 6.186781, 137.49031, -9.022848
24448807741000, 6.188695, 137.48372, -9.026264
24448812637000, 6.190619, 137.48071, -9.032746
24448817693000, 6.1912575, 137.47342, -9.036157
24448822660000, 6.1960297, 137.47368, -9.036657
24448827665000, 6.1968102, 137.46875, -9.035639
24448832653000, 6.1965585, 137.46144, -9.036315
24448837650000, 6.194271, 137.45818, -9.036446
24448842656000, 6.1914353, 137.46303, -9.037246
24448847656000, 6.188015, 137.46657, -9.035764
24448852628000, 6.187483, 137.477, -9.03627
24448857669000, 6.185441, 137.48874, -9.035022
24448862617000, 6.1885467, 137.49782, -9.038286
24448867706000, 6.188467, 137.51027, -9.041488
24448872661000, 6.191864, 137.52063, -9.047578
24448877660000, 6.194975, 137.53217, -9.054209
24448882585000, 6.204332, 137.54549, -9.054863
24448887637000, 6.2100987, 137.55832, -9.05648
24448892592000, 6.222391, 137.57089, -9.060313
24448897691000, 6.2302847, 137.58008, -9.06103
24448902642000, 6.2330093, 137.5905, -9.0600395
24448907726000, 6.241227, 137.59756, -9.064556
24448912659000, 6.244697, 137.60202, -9.063959
24448917704000, 6.245916, 137.60599, -9.0687275
24448922680000, 6.24761, 137.61694, -9.075118
24448927703000, 6.245134, 137.62534, -9.083843
24448933017000, 6.2434793, 137.6351, -9.090382
24448937695000, 6.2430696, 137.64346, -9.101954
24448942664000, 6.2356305, 137.65654, -9.1134405
24448947673000, 6.228505, 137.66504, -9.125508
24448952645000, 6.223719, 137.67876, -9.137561
24448957755000, 6.2151947, 137.68959, -9.14724
24448962604000, 6.2091875, 137.69897, -9.1521845
24448967715000, 6.202984, 137.71182, -9.16052
24448972656000, 6.1974754, 137.7189, -9.16328
24448977696000, 6.1927686, 137.72083, -9.170905
24448982708000, 6.1868114, 137.71887, -9.174415
24448987646000, 6.1809654, 137.72198, -9.178174
24448994252000, 6.1789846, 137.71979, -9.180277
24448997657000, 6.1737723, 137.7308, -9.179968
24449002653000, 6.1747217, 137.73662, -9.181295
24449007672000, 6.1693864, 137.74857, -9.183233
24449012632000, 6.168021, 137.75201, -9.183895
24449017708000, 6.172896, 137.76332, -9.178672
24449022708000, 6.1737843, 137.77536, -9.176008
24449027654000, 6.1759815, 137.7829, -9.169216
24449032717000, 6.177145, 137.79324, -9.164372
24449037639000, 6.1748376, 137.79439, -9.159176
24449042714000, 6.171945, 137.79721, -9.156192
24449047600000, 6.169236, 137.79994, -9.152183
24449052671000, 6.167724, 137.80347, -9.14699
24449057600000, 6.168422, 137.80725, -9.142008
24449062748000, 6.172579, 137.8113, -9.132297
24449067598000, 6.1694074, 137.81299, -9.126883
24449072685000, 6.1705856, 137.81337, -9.118412
24449087650000, 6.172565, 137.82635, -9.090781
24449092674000, 6.1753736, 137.83269, -9.079645
24449097641000, 6.174862, 137.83505, -9.066328
24449102684000, 6.174285, 137.83643, -9.052538
24449107689000, 6.1779513, 137.84619, -9.03628
24449112699000, 6.181031, 137.84808, -9.022663
24449117710000, 6.182366, 137.8612, -9.00831
24449122725000, 6.1837487, 137.85907, -8.991178
24449127671000, 6.1871424, 137.87411, -8.97773
24449132693000, 6.189528, 137.88106, -8.961746
24449137761000, 6.189472, 137.8929, -8.947946
24449142698000, 6.191088, 137.90154, -8.935785
24449147871000, 6.1863213, 137.91617, -8.919332
24449152682000, 6.18391, 137.93553, -8.906093
24449162697000, 6.1907682, 137.95137, -8.894281
24449167731000, 6.198678, 137.96634, -8.878796
24449172681000, 6.2021575, 137.97656, -8.867109
24449177604000, 6.2075896, 137.9837, -8.855287
24449182659000, 6.2088323, 137.99814, -8.849759
24449187617000, 6.2069907, 138.00833, -8.841713
24449194201000, 6.2085342, 138.01825, -8.8370695
24449197609000, 6.207184, 138.02776, -8.830558
24449202636000, 6.214282, 138.04085, -8.825325
24449207644000, 6.2196965, 138.04802, -8.820908
24449212658000, 6.226798, 138.05823, -8.81601
24449217662000, 6.233782, 138.06561, -8.813563
24449222731000, 6.243054, 138.0716, -8.806322
24449227688000, 6.2560363, 138.069, -8.80183
24449232688000, 6.2588305, 138.08113, -8.796784
24449237702000, 6.264196, 138.08252, -8.788279
24449242695000, 6.2717075, 138.08563, -8.781664
24449247676000, 6.2767, 138.08623, -8.7755165
24449252677000, 6.286724, 138.08786, -8.76886
24449257727000, 6.294199, 138.08968, -8.766531
24449262694000, 6.302636, 138.0853, -8.759762
24449267750000, 6.31001, 138.08444, -8.759598
24449272714000, 6.319482, 138.08038, -8.744143
24449282691000, 6.331217, 138.07173, -8.7341585
24449287703000, 6.3399844, 138.0752, -8.725095
24449292665000, 6.3481116, 138.07462, -8.715418
24449297690000, 6.3539796, 138.07617, -8.7089205
24449302676000, 6.3632145, 138.07657, -8.702192
24449307712000, 6.3743076, 138.07565, -8.696368
24449312695000, 6.3807445, 138.07521, -8.686446
24449317737000, 6.384558, 138.07701, -8.680884
24449322686000, 6.388054, 138.07787, -8.675825
24449327675000, 6.386802, 138.08272, -8.671648
24449332690000, 6.3882923, 138.08356, -8.671
24449337643000, 6.388361, 138.0878, -8.667519
24449342660000, 6.390524, 138.0877, -8.665182
24449347657000, 6.3892984, 138.09329, -8.664728
24449352663000, 6.3893228, 138.09, -8.656714
24449357721000, 6.389537, 138.0925, -8.653469
24449362650000, 6.385834, 138.09207, -8.648339
24449367665000, 6.3826084, 138.09052, -8.647073
24449372665000, 6.38392, 138.08505, -8.641767
24449377715000, 6.3829756, 138.08061, -8.634817
24449382680000, 6.3765078, 138.08606, -8.636598
24449387680000, 6.3724303, 138.09082, -8.632899
24449394195000, 6.366506, 138.092, -8.635563
24449397660000, 6.3612933, 138.09341, -8.637439
24449402610000, 6.358501, 138.09732, -8.646004
24449407665000, 6.3577375, 138.09456, -8.654845
24449412592000, 6.3537073, 138.09613, -8.662525
24449417668000, 6.3488216, 138.09415, -8.67193
24449422617000, 6.3460345, 138.09305, -8.673285
24449427671000, 6.342796, 138.0922, -8.679218
24449432611000, 6.334683, 138.09338, -8.685465
24449437642000, 6.3336744, 138.09355, -8.686069
24449442626000, 6.3295345, 138.09572, -8.6927595
24449447658000, 6.328282, 138.10138, -8.694095
24449452667000, 6.33635, 138.099, -8.695607
24449457696000, 6.3401284, 138.09912, -8.692659
24449462650000, 6.34876, 138.10027, -8.693942
24449467684000, 6.353893, 138.09769, -8.688036
24449472707000, 6.360625, 138.10007, -8.690546
24449477675000, 6.367277, 138.09793, -8.69167
24449482726000, 6.3724356, 138.09923, -8.692068
24449487711000, 6.380217, 138.09366, -8.689744
24449492882000, 6.3872705, 138.09412, -8.687152
24449497649000, 6.3954062, 138.08728, -8.685224
24449502986000, 6.4069176, 138.08795, -8.684249
24449507762000, 6.416998, 138.08324, -8.683998
24449513072000, 6.427107, 138.08186, -8.682904
24449517660000, 6.4331512, 138.07721, -8.681787
24449522734000, 6.438097, 138.07878, -8.681218
24449527691000, 6.4407463, 138.08084, -8.685666
24449532694000, 6.446336, 138.08241, -8.683825
24449537652000, 6.4503613, 138.08366, -8.685168
24449542723000, 6.4533467, 138.08545, -8.687201
24449547708000, 6.458302, 138.08844, -8.687719
24449552557000, 6.4601836, 138.08987, -8.690466
24449557618000, 6.46869, 138.0938, -8.695618
24449562543000, 6.469035, 138.10287, -8.705276
24449567547000, 6.475864, 138.10849, -8.7125025
24449572614000, 6.4779034, 138.11716, -8.724151
24449577548000, 6.484008, 138.11276, -8.734603
24449582560000, 6.4862747, 138.10916, -8.746671
24449587612000, 6.484921, 138.1039, -8.748786
24449593852000, 6.484166, 138.09822, -8.754438
24449597553000, 6.4803505, 138.09282, -8.759845
24449602554000, 6.4742546, 138.08398, -8.768441
24449607569000, 6.4682984, 138.07712, -8.772648
24449612534000, 6.465037, 138.0698, -8.77868
24449617547000, 6.463333, 138.06563, -8.7887745
24449623186000, 6.4646897, 138.06114, -8.795672
24449627564000, 6.469086, 138.04448, -8.802241
24449632567000, 6.474196, 138.0309, -8.804929
24449637569000, 6.4784694, 138.01393, -8.810007
24449642561000, 6.484288, 137.99678, -8.815428
24449647557000, 6.4854565, 137.98497, -8.817453
24449662556000, 6.4856777, 137.96585, -8.819826
24449667556000, 6.4869733, 137.95712, -8.8232
24449672608000, 6.4818034, 137.94485, -8.825315
24449677558000, 6.483981, 137.93994, -8.828124
24449682556000, 6.4858084, 137.93208, -8.832
24449692593000, 6.4891467, 137.93034, -8.836659
24449697556000, 6.4898133, 137.92198, -8.839385
24449702578000, 6.492778, 137.91937, -8.840795
24449707640000, 6.4925046, 137.91476, -8.84035
24449712598000, 6.49243, 137.91284, -8.841875
24449717595000, 6.491318, 137.90665, -8.83914
24449722673000, 6.491046, 137.9081, -8.836333
24449727643000, 6.489014, 137.90517, -8.833676
24449732628000, 6.486298, 137.90302, -8.831041
24449737615000, 6.495588, 137.90729, -8.822094
24449747599000, 6.501385, 137.91287, -8.815556
24449752659000, 6.509219, 137.91884, -8.814679
24449757765000, 6.514802, 137.9252, -8.816017
24449762695000, 6.5211387, 137.92982, -8.816422
24449767686000, 6.53056, 137.93683, -8.814078
24449772781000, 6.5352526, 137.9438, -8.811167
24449782700000, 6.545683, 137.94907, -8.804442
24449787649000, 6.548717, 137.95381, -8.797923
24449794202000, 6.547313, 137.95885, -8.802661
24449797671000, 6.5292926, 137.97322, -8.801348
24449802677000, 6.5147614, 137.98122, -8.799874
24449807851000, 6.502416, 137.9916, -8.800777
24449812698000, 6.485189, 138.0016, -8.801051
24449817775000, 6.47815, 138.00795, -8.797581
24449822740000, 6.4680743, 138.01355, -8.796651
24449827866000, 6.4516263, 138.01727, -8.7989645
24449832660000, 6.436298, 138.0123, -8.799356
24449837979000, 6.4219184, 138.01668, -8.80315
24449842664000, 6.408741, 138.01462, -8.806865
24449847638000, 6.388207, 138.01706, -8.812548
24449852679000, 6.3715405, 138.01875, -8.818191
24449857694000, 6.355191, 138.02354, -8.822057
24449862693000, 6.335073, 138.03026, -8.829001
24449867588000, 6.3165565, 138.03842, -8.8342285
24449872752000, 6.2987776, 138.04584, -8.8384695
24449877610000, 6.2799764, 138.04999, -8.841204
24449882695000, 6.2634616, 138.068, -8.854247
24449887610000, 6.2464437, 138.08237, -8.861402
24449892665000, 6.231268, 138.09291, -8.869481
24449897667000, 6.2102733, 138.10843, -8.877657
24449902675000, 6.192028, 138.11765, -8.881905
24449912698000, 6.1638436, 138.12791, -8.887685
24449917705000, 6.144702, 138.13956, -8.89201
24449922711000, 6.130865, 138.1456, -8.897417
24449927670000, 6.115291, 138.15163, -8.899379
24449932704000, 6.1004715, 138.15999, -8.903803
24449937654000, 6.087362, 138.16298, -8.904743
24449942655000, 6.0739937, 138.18025, -8.906407
24449947663000, 6.064912, 138.1936, -8.91055
24449952629000, 6.0553493, 138.21219, -8.906022
24449957666000, 6.0484176, 138.2332, -8.905931
24449962658000, 6.0400467, 138.25061, -8.903297
24449967648000, 6.0320497, 138.26662, -8.900277
24449972673000, 6.0235343, 138.28706, -8.898555
24449977661000, 6.015278, 138.30367, -8.893015
24449982659000, 5.9988475, 138.31688, -8.896211
24449987642000, 5.9844, 138.33179, -8.896504
24449997654000, 5.97914, 138.33983, -8.891836
24450002669000, 5.971443, 138.35143, -8.890652
24450007667000, 5.964677, 138.35683, -8.885968
24450012654000, 5.961772, 138.36406, -8.879247
24450017654000, 5.957538, 138.37173, -8.874979
24450022652000, 5.9567833, 138.37463, -8.863983
24450027649000, 5.9577007, 138.37732, -8.851246
24450032624000, 5.957541, 138.38383, -8.847734
24450037631000, 5.9585757, 138.38763, -8.841835
24450042632000, 5.9538527, 138.38562, -8.835994
24450047621000, 5.9521294, 138.3833, -8.833119
24450052633000, 5.949884, 138.3854, -8.830059
24450057627000, 5.9524617, 138.3865, -8.827248
24450062624000, 5.947496, 138.38818, -8.827193
24450067670000, 5.94798, 138.38919, -8.827345
24450077629000, 5.9422855, 138.39148, -8.830638
24450082658000, 5.9385514, 138.39143, -8.833593
24450087644000, 5.9346824, 138.39203, -8.83017
24450092651000, 5.936436, 138.38916, -8.836711
24450097662000, 5.942111, 138.38559, -8.837813
24450102639000, 5.9396443, 138.38484, -8.83592
24450107668000, 5.939578, 138.38275, -8.8374
24450112594000, 5.939153, 138.38072, -8.835995
24450117657000, 5.9413233, 138.37958, -8.834388
24450122667000, 5.9397984, 138.37631, -8.833086
24450127653000, 5.941057, 138.37344, -8.831381
24450132722000, 5.944031, 138.37596, -8.827718
24450137649000, 5.9473753, 138.37645, -8.826158
24450142907000, 5.952509, 138.38171, -8.826218
24450147654000, 5.960649, 138.38492, -8.824786
24450152895000, 5.961083, 138.38803, -8.828028
24450157668000, 5.9666343, 138.39137, -8.826812
24450162648000, 5.9740977, 138.39793, -8.820899
24450167650000, 5.9805408, 138.40291, -8.815013
24450172678000, 5.982425, 138.40555, -8.807531
24450177662000, 5.9897084, 138.40668, -8.803411
24450182671000, 5.989419, 138.40497, -8.798634
24450187642000, 5.9881086, 138.41524, -8.797517
24450194231000, 5.98397, 138.4248, -8.796907
24450197663000, 5.9807205, 138.43057, -8.794996
24450202636000, 5.9785132, 138.44434, -8.796745
24450207675000, 5.9796634, 138.45267, -8.79245
24450212662000, 5.982459, 138.46808, -8.788838
24450217658000, 5.986369, 138.47311, -8.785428
24450222662000, 5.9919453, 138.48032, -8.780626
24450227631000, 5.991111, 138.4931, -8.776867
24450232674000, 5.993027, 138.49736, -8.7733555
24450237633000, 5.9975815, 138.50902, -8.768606
24450242675000, 5.999868, 138.51926, -8.760663
24450247658000, 6.003283, 138.52762, -8.758854
24450252632000, 6.0070043, 138.53264, -8.749341
24450257688000, 6.0168443, 138.5396, -8.744442
24450262661000, 6.021831, 138.5431, -8.73723
24450267655000, 6.0335975, 138.54488, -8.739059
24450272656000, 6.048934, 138.55133, -8.737647
24450277621000, 6.059685, 138.56, -8.736867
24450282667000, 6.0746055, 138.56143, -8.735526
24450287638000, 6.08455, 138.56631, -8.731106
24450292668000, 6.093229, 138.56937, -8.727662
24450297650000, 6.1043634, 138.56564, -8.728002
24450302635000, 6.1076913, 138.56012, -8.728004
24450307670000, 6.12078, 138.55417, -8.728529
24450312660000, 6.129219, 138.55032, -8.732502
24450317583000, 6.136211, 138.55325, -8.736575
24450322655000, 6.1440654, 138.54965, -8.738034
24450327587000, 6.1509647, 138.55396, -8.744975
24450332706000, 6.160177, 138.55264, -8.747188
24450337611000, 6.1626124, 138.55713, -8.754213
24450342702000, 6.1690993, 138.55899, -8.757837
24450347613000, 6.171238, 138.5621, -8.764397
24450352673000, 6.175226, 138.55989, -8.768171
24450362690000, 6.1780047, 138.5467, -8.762306
24450372721000, 6.173446, 138.52597, -8.7577305
24450377676000, 6.1769285, 138.51015, -8.754059
24450382708000, 6.176933, 138.49771, -8.750129
24450387680000, 6.179724, 138.48846, -8.754389
24450394217000, 6.1758804, 138.47488, -8.751506
24450397660000, 6.1811423, 138.46889, -8.753696
24450402685000, 6.1796017, 138.45605, -8.751632
24450407706000, 6.17701, 138.44507, -8.753262
24450413034000, 6.1778946, 138.43726, -8.7501
24450417668000, 6.1696806, 138.4281, -8.755857
24450422656000, 6.1624074, 138.42215, -8.75594
24450427649000, 6.1534038, 138.41489, -8.758184
24450432641000, 6.148958, 138.40994, -8.763691
24450437639000, 6.138734, 138.40437, -8.7596655
24450442655000, 6.133873, 138.39865, -8.758176
24450452636000, 6.1257606, 138.39444, -8.761161
24450457656000, 6.120512, 138.39313, -8.7603035
24450462660000, 6.118774, 138.3938, -8.759107
24450467585000, 6.1164265, 138.39511, -8.757176
24450472660000, 6.111851, 138.40213, -8.755571
24450477598000, 6.1122828, 138.40329, -8.75621
24450487613000, 6.1180935, 138.41113, -8.74894
24450492692000, 6.1237173, 138.41928, -8.748116
24450497704000, 6.134849, 138.42825, -8.744317
24450502688000, 6.134181, 138.43456, -8.73675
24450507711000, 6.1395626, 138.44186, -8.73099
24450512663000, 6.1409116, 138.44318, -8.727913
24450517623000, 6.1441665, 138.44434, -8.728757
24450522659000, 6.1424255, 138.44531, -8.730147
24450527646000, 6.1464663, 138.44478, -8.732079
24450532641000, 6.1449957, 138.45789, -8.729679
24450537661000, 6.1407714, 138.46837, -8.729127
24450542667000, 6.1467147, 138.4769, -8.724487
24450547661000, 6.143879, 138.48793, -8.720338
24450552633000, 6.150371, 138.49329, -8.720178
24450557719000, 6.156266, 138.50366, -8.716229
24450562661000, 6.164906, 138.51251, -8.709655
24450567655000, 6.1799455, 138.51791, -8.700787
24450572656000, 6.1870346, 138.52802, -8.69642
24450577665000, 6.200541, 138.53676, -8.68898
24450582640000, 6.2093997, 138.54764, -8.678631
24450587647000, 6.2215395, 138.55728, -8.672146
24450594197000, 6.231839, 138.56783, -8.664324
24450597664000, 6.242083, 138.5739, -8.656342
24450602630000, 6.25079, 138.58585, -8.647629
24450607688000, 6.252467, 138.59212, -8.642643
24450612662000, 6.258358, 138.59543, -8.6361065
24450617695000, 6.265006, 138.60588, -8.628015
24450622708000, 6.260479, 138.60963, -8.622877
24450627702000, 6.2585335, 138.61476, -8.617092
24450632685000, 6.2571354, 138.62126, -8.614962
24450637704000, 6.25403, 138.62798, -8.615135
24450642708000, 6.245623, 138.63254, -8.614178
24450647663000, 6.242832, 138.63437, -8.614245
24450652681000, 6.2388835, 138.63834, -8.616551
24450657767000, 6.2334814, 138.64236, -8.619147
24450662640000, 6.2281218, 138.64879, -8.6197815
24450667690000, 6.223697, 138.65259, -8.621313
24450672677000, 6.2181005, 138.66177, -8.624068
24450677708000, 6.210935, 138.67326, -8.624374
24450682653000, 6.2044754, 138.67842, -8.626503
24450687655000, 6.1992064, 138.6883, -8.627423
24450692620000, 6.196308, 138.69287, -8.626933
24450697669000, 6.194312, 138.69714, -8.626108
24450702640000, 6.193151, 138.70398, -8.624107
24450707720000, 6.1907034, 138.71198, -8.625875
24450712592000, 6.1913733, 138.72104, -8.624387
24450717655000, 6.1851807, 138.73065, -8.625056
24450722626000, 6.1813984, 138.74059, -8.626708
24450727698000, 6.1737866, 138.74672, -8.628931
24450732631000, 6.171389, 138.74644, -8.633633
24450737652000, 6.1697497, 138.74734, -8.641958
24450742617000, 6.1741567, 138.74391, -8.645346
24450747677000, 6.1717362, 138.73293, -8.650953
24450752698000, 6.178355, 138.73068, -8.655812
24450757728000, 6.1789217, 138.72298, -8.6591625
24450762683000, 6.180099, 138.72246, -8.663855
24450767654000, 6.180578, 138.72592, -8.666221
24450772642000, 6.1880193, 138.72878, -8.6720295
24450777658000, 6.194249, 138.73503, -8.680723
24450782591000, 6.1994257, 138.74016, -8.684548
24450787656000, 6.2078123, 138.74342, -8.692984
24450794191000, 6.2141533, 138.74902, -8.700439
24450797664000, 6.222952, 138.75613, -8.7100315
24450802642000, 6.234624, 138.76375, -8.716629
24450807655000, 6.2404284, 138.76788, -8.722795
24450812665000, 6.249871, 138.77597, -8.729574
24450817657000, 6.261273, 138.7862, -8.730818
24450822685000, 6.2670627, 138.79579, -8.728496
24450827655000, 6.273411, 138.79959, -8.733275
24450832655000, 6.2775793, 138.80392, -8.73473
24450837638000, 6.2844815, 138.81236, -8.735064
24450842650000, 6.2909966, 138.8146, -8.737725
24450847663000, 6.3000913, 138.81331, -8.738433
24450852648000, 6.311709, 138.81323, -8.737346
24450857662000, 6.3216457, 138.805, -8.7357025
24450862664000, 6.329268, 138.79288, -8.737159
24450867644000, 6.3377686, 138.78609, -8.73204
24450872733000, 6.345795, 138.77899, -8.728906
24450877612000, 6.3494267, 138.76932, -8.7270565
24450882638000, 6.3559113, 138.76413, -8.720027
24450887690000, 6.360091, 138.75867, -8.718354
24450897622000, 6.3663516, 138.75058, -8.71041
24450902584000, 6.3643026, 138.7494, -8.711136
24450907581000, 6.354598, 138.74829, -8.713763
24450912576000, 6.3439527, 138.74739, -8.713524
24450917576000, 6.3375072, 138.74698, -8.714247
24450922610000, 6.3271065, 138.74242, -8.710367
24450927575000, 6.3148165, 138.7369, -8.713485
24450932573000, 6.3010716, 138.73117, -8.710317
24450937562000, 6.288634, 138.72954, -8.715539
24450942585000, 6.2818274, 138.7233, -8.717212
24450947577000, 6.268834, 138.71513, -8.716834
24450952658000, 6.2642283, 138.70639, -8.7197075
24450957678000, 6.2527046, 138.69946, -8.722651
24450962662000, 6.2438326, 138.68997, -8.725145
24450967633000, 6.2359776, 138.68478, -8.731883
24450972671000, 6.223662, 138.67973, -8.731787
24450977636000, 6.2158136, 138.67062, -8.738272
24450982659000, 6.2037525, 138.66943, -8.743376
24450987727000, 6.1928487, 138.66216, -8.746895
24450992670000, 6.181681, 138.66113, -8.7507105
24450998029000, 6.167845, 138.66129, -8.755223
24451002678000, 6.1520123, 138.6684, -8.759302
24451007669000, 6.1385827, 138.66968, -8.758031
24451012657000, 6.1233835, 138.67197, -8.759306
24451017596000, 6.107071, 138.67484, -8.76008
24451022729000, 6.091634, 138.68422, -8.761352
24451027604000, 6.0736585, 138.69083, -8.763862
24451032629000, 6.060746, 138.70062, -8.768095
24451037598000, 6.0464916, 138.70985, -8.770659
24451042643000, 6.034557, 138.7175, -8.767966
24451047599000, 6.0255833, 138.7259, -8.768119
24451052651000, 6.0157375, 138.7345, -8.763166
24451057618000, 6.00498, 138.73933, -8.76346
24451062646000, 5.9980073, 138.74548, -8.760735
24451067629000, 5.9861903, 138.74892, -8.763145
24451072686000, 5.976904, 138.74889, -8.761079
24451082661000, 5.9548244, 138.74759, -8.759758
24451087702000, 5.9391255, 138.74976, -8.757469
24451092690000, 5.9264555, 138.74643, -8.758186
24451097688000, 5.9129634, 138.74889, -8.755214
24451102533000, 5.899237, 138.7425, -8.7561655
24451107613000, 5.8894978, 138.7464, -8.754645
24451112520000, 5.870987, 138.75165, -8.759095
24451122541000, 5.8554406, 138.76363, -8.761981
24451127597000, 5.8408446, 138.77077, -8.762738
24451132535000, 5.821374, 138.7813, -8.763961
24451137605000, 5.8062606, 138.78987, -8.764146
24451142572000, 5.793118, 138.79358, -8.762423
24451147591000, 5.7829037, 138.79156, -8.757665
24451152707000, 5.77764, 138.79712, -8.758572
24451157711000, 5.7740016, 138.7967, -8.755145
24451162863000, 5.767987, 138.80167, -8.757757
24451167685000, 5.77353, 138.80612, -8.757539
24451172932000, 5.771669, 138.804, -8.754856
24451177664000, 5.7701173, 138.80597, -8.750832
24451182989000, 5.7755723, 138.80531, -8.748737
24451187644000, 5.7762203, 138.80518, -8.747544
24451193295000, 5.7724676, 138.80397, -8.744276
24451197664000, 5.770376, 138.8028, -8.74263
24451202671000, 5.7673073, 138.80408, -8.743035
24451207672000, 5.7657347, 138.79895, -8.741322
24451212637000, 5.764036, 138.79788, -8.741735
24451217656000, 5.764676, 138.79358, -8.741467
24451222707000, 5.7647038, 138.79721, -8.741097
24451227664000, 5.763049, 138.79146, -8.740909
24451232656000, 5.763719, 138.79233, -8.743917
24451237644000, 5.7641034, 138.79315, -8.741398
24451242655000, 5.766843, 138.7985, -8.741104
24451247662000, 5.767645, 138.79327, -8.73754
24451252660000, 5.7675805, 138.79185, -8.736683
24451257658000, 5.7718844, 138.78516, -8.72429
24451262668000, 5.776562, 138.7738, -8.7165165
24451267657000, 5.779348, 138.76602, -8.708023
24451272745000, 5.784295, 138.75462, -8.696368
24451277658000, 5.782331, 138.74406, -8.690376
24451282655000, 5.78672, 138.73515, -8.674367
24451287635000, 5.786123, 138.72543, -8.663558
24451292670000, 5.784265, 138.7188, -8.653847
24451297664000, 5.7920127, 138.71956, -8.646679
24451302664000, 5.7960367, 138.72241, -8.642732
24451307699000, 5.798689, 138.72412, -8.639733
24451312740000, 5.8036065, 138.73239, -8.633372
24451317653000, 5.8064423, 138.73306, -8.630662
24451322673000, 5.8098054, 138.73903, -8.625184
24451327661000, 5.810879, 138.74083, -8.623548
24451332655000, 5.8071113, 138.74016, -8.622184
24451337635000, 5.8065457, 138.73808, -8.624175
24451342641000, 5.803048, 138.73592, -8.625348
24451347647000, 5.79962, 138.73587, -8.626672
24451352650000, 5.799924, 138.73373, -8.627277
24451357642000, 5.8000107, 138.73444, -8.626936
24451362693000, 5.802595, 138.735, -8.627008
24451367587000, 5.8014507, 138.73103, -8.625756
24451372681000, 5.7989116, 138.73111, -8.627975
24451377593000, 5.800204, 138.72424, -8.626489
24451382655000, 5.7948475, 138.71906, -8.627144
24451387610000, 5.794685, 138.71274, -8.626317
24451394215000, 5.790325, 138.70354, -8.62453
24451397613000, 5.7933707, 138.69742, -8.631645
24451402658000, 5.792718, 138.6904, -8.633771
24451407662000, 5.7909207, 138.67519, -8.642483
24451412661000, 5.791802, 138.66144, -8.646899
24451417642000, 5.7844925, 138.65411, -8.652386
24451422678000, 5.782057, 138.64433, -8.660932
24451427652000, 5.774206, 138.64029, -8.662478
24451432655000, 5.7742434, 138.63245, -8.668429
24451437645000, 5.776383, 138.62932, -8.662646
24451442669000, 5.7823067, 138.6239, -8.66005
24451447674000, 5.779477, 138.6239, -8.663012
24451457672000, 5.7783604, 138.6218, -8.666303
24451462664000, 5.7753158, 138.61542, -8.664574
24451467653000, 5.7744293, 138.60486, -8.662311
24451472693000, 5.7696724, 138.59547, -8.66146
24451477643000, 5.7698913, 138.5892, -8.660053
24451482653000, 5.7637815, 138.57814, -8.6572
24451487630000, 5.761438, 138.57156, -8.657492
24451492656000, 5.7561283, 138.56839, -8.654991
24451497714000, 5.740655, 138.57272, -8.6589365
24451502667000, 5.7290144, 138.57181, -8.664842
24451507870000, 5.715083, 138.57391, -8.665318
24451517718000, 5.700585, 138.57591, -8.671104
24451522670000, 5.6872845, 138.57834, -8.674177
24451527597000, 5.675058, 138.5763, -8.676043
24451532651000, 5.6650395, 138.57463, -8.680066
24451537614000, 5.649529, 138.57097, -8.680456
24451542667000, 5.645037, 138.57071, -8.684215
24451547604000, 5.635064, 138.56729, -8.6814165
24451552678000, 5.6254725, 138.5659, -8.686287
24451557646000, 5.615249, 138.56723, -8.691686
24451562658000, 5.6054916, 138.56412, -8.698353
24451567594000, 5.595944, 138.56061, -8.7043295
24451572677000, 5.5863943, 138.55867, -8.71195
24451577604000, 5.5789104, 138.55667, -8.715711
24451582655000, 5.5716286, 138.55173, -8.719177
24451587650000, 5.5615563, 138.54758, -8.722049
24451594211000, 5.5595546, 138.53993, -8.723408
24451597630000, 5.5552235, 138.5353, -8.72148
24451602651000, 5.5509086, 138.53029, -8.721967
24451607720000, 5.5457478, 138.53256, -8.720806
24451612734000, 5.543797, 138.53401, -8.721126
24451617667000, 5.5421815, 138.53387, -8.723303
24451622734000, 5.5429564, 138.53262, -8.714999
24451628996000, 5.544779, 138.53131, -8.711369
24451633246000, 5.5448203, 138.5328, -8.7064085
24451638238000, 5.5453587, 138.52692, -8.702696
24451642685000, 5.5420046, 138.5287, -8.700081
24451647820000, 5.5374413, 138.5216, -8.699282
24451652831000, 5.5383883, 138.5161, -8.696948
24451657740000, 5.540056, 138.50974, -8.699177
24451662666000, 5.544291, 138.49384, -8.697376
24451667737000, 5.5518923, 138.48083, -8.69185
24451672689000, 5.557278, 138.46715, -8.687194
24451677660000, 5.564093, 138.4528, -8.688909
24451682639000, 5.568838, 138.44167, -8.687606
24451687683000, 5.5820026, 138.42596, -8.677536
24451692636000, 5.595074, 138.41193, -8.673078
24451697759000, 5.605312, 138.40463, -8.667772
24451702640000, 5.61565, 138.38773, -8.658155
24451707754000, 5.6288304, 138.37982, -8.650024
24451712616000, 5.6376286, 138.37204, -8.640836
24451717698000, 5.6520605, 138.36694, -8.630736
24451722681000, 5.668107, 138.36089, -8.622599
24451727637000, 5.6836967, 138.36455, -8.621787
24451732633000, 5.7026153, 138.36453, -8.617965
24451737650000, 5.7181873, 138.36496, -8.614718
24451742683000, 5.7372904, 138.36551, -8.613668
24451747642000, 5.7528753, 138.37048, -8.611358
24451752680000, 5.773787, 138.36905, -8.610321
24451757677000, 5.7887197, 138.37097, -8.611367
24451762686000, 5.8088584, 138.37271, -8.611461
24451767655000, 5.824438, 138.37202, -8.612117
24451772781000, 5.8437815, 138.37466, -8.613869
24451777662000, 5.859264, 138.37386, -8.61085
24451782660000, 5.876071, 138.3719, -8.605958
24451787639000, 5.8887835, 138.37756, -8.608385
24451794223000, 5.899417, 138.37675, -8.6069145
24451797644000, 5.914951, 138.3787, -8.609511
24451802659000, 5.926403, 138.38382, -8.611229
24451807655000, 5.944897, 138.3861, -8.607049
24451812668000, 5.963689, 138.38724, -8.604817
24451817659000, 5.979395, 138.39462, -8.603443
24451822677000, 5.9966564, 138.39508, -8.60022
24451827666000, 6.0124316, 138.39833, -8.599152
24451832662000, 6.0288215, 138.40791, -8.600026
24451837629000, 6.037246, 138.41331, -8.596759
24451842639000, 6.046274, 138.42398, -8.596033
24451847629000, 6.046484, 138.43088, -8.599408
24451852647000, 6.04507, 138.44228, -8.602512
24451857665000, 6.039832, 138.4472, -8.607464
24451862665000, 6.035848, 138.45253, -8.611484
24451867656000, 6.028608, 138.45694, -8.616201
24451872684000, 6.0229015, 138.4595, -8.618822
24451877649000, 6.0082464, 138.46098, -8.628355
24451882657000, 5.9936023, 138.46579, -8.6341715
24451887628000, 5.9849434, 138.46634, -8.642068
24451892669000, 5.974098, 138.46661, -8.648628
24451897632000, 5.9614925, 138.46782, -8.651524
24451902697000, 5.9489837, 138.46521, -8.654727
24451907633000, 5.9393263, 138.4643, -8.65602
24451912701000, 5.926543, 138.46376, -8.658157
24451917588000, 5.91734, 138.47119, -8.661559
24451922766000, 5.904683, 138.47403, -8.666752
24451927621000, 5.899896, 138.4765, -8.666736
24451932698000, 5.8926063, 138.48416, -8.667248
24451937640000, 5.8933034, 138.48912, -8.659704
24451942702000, 5.8965054, 138.50386, -8.656748
24451947630000, 5.8945513, 138.51338, -8.648603
24451952691000, 5.8964887, 138.52316, -8.641557
24451957667000, 5.894302, 138.53848, -8.640866
24451962698000, 5.888725, 138.54996, -8.63845
24451967697000, 5.878807, 138.56555, -8.637561
24451972725000, 5.8656654, 138.58081, -8.6378765
24451977783000, 5.8533897, 138.59303, -8.635813
24451982697000, 5.842756, 138.60524, -8.637698
24451987649000, 5.8262115, 138.61371, -8.652881
24451994193000, 5.81053, 138.6242, -8.665138
24451997595000, 5.7939115, 138.62718, -8.678747
24452002714000, 5.7830524, 138.63994, -8.6931505
24452007694000, 5.767141, 138.64333, -8.706034
24452012737000, 5.7457743, 138.65735, -8.718501
24452017592000, 5.730691, 138.67297, -8.7313595
24452022738000, 5.7124767, 138.68468, -8.7416525
24452027602000, 5.694663, 138.70236, -8.755023
24452032688000, 5.6790266, 138.7083, -8.767363
24452037647000, 5.6634274, 138.71901, -8.778058
24452042698000, 5.647839, 138.72823, -8.792375
24452047639000, 5.631806, 138.73598, -8.801931
24452052703000, 5.6197433, 138.7453, -8.81425
24452057794000, 5.6038694, 138.75047, -8.825287
24452062765000, 5.6055393, 138.75455, -8.827838
24452067696000, 5.6045847, 138.76282, -8.834749
24452072733000, 5.605385, 138.76999, -8.836753
24452077699000, 5.6082273, 138.77106, -8.836146
24452082685000, 5.611157, 138.77658, -8.832596
24452087686000, 5.6145043, 138.77368, -8.824129
24452092666000, 5.617295, 138.77167, -8.816912
24452097693000, 5.6211405, 138.77084, -8.810865
24452102707000, 5.620068, 138.7664, -8.807447
24452107715000, 5.6161504, 138.76297, -8.806317
24452112751000, 5.6108265, 138.7548, -8.807307
24452117695000, 5.6077247, 138.74689, -8.806163
24452122738000, 5.6028814, 138.7461, -8.803577
24452127697000, 5.60031, 138.7439, -8.801331
24452132691000, 5.5987964, 138.74196, -8.797723
24452137683000, 5.593829, 138.74371, -8.796151
24452142696000, 5.596028, 138.74176, -8.790231
24452147660000, 5.591884, 138.73964, -8.788002
24452152708000, 5.5903997, 138.73758, -8.778123
24452157796000, 5.5823836, 138.73605, -8.7718115
24452162779000, 5.5859704, 138.72844, -8.766437
24452167688000, 5.585986, 138.71863, -8.758866
24452172735000, 5.5854, 138.71277, -8.752027
24452177698000, 5.5857763, 138.70604, -8.7445545
24452182691000, 5.5851593, 138.70892, -8.737112
24452187695000, 5.5859694, 138.71109, -8.728347
24452194193000, 5.588419, 138.72125, -8.724856
24452197699000, 5.5919237, 138.72293, -8.719043
24452202697000, 5.600034, 138.73318, -8.717613
24452207828000, 5.6043687, 138.73949, -8.71577
24452212670000, 5.6136312, 138.75197, -8.708491
24452222631000, 5.624106, 138.76456, -8.704975
24452227667000, 5.635548, 138.77524, -8.705927
24452232590000, 5.6466765, 138.7905, -8.7060585
24452237647000, 5.653818, 138.80455, -8.703781
24452242606000, 5.6635904, 138.81027, -8.697719
24452247659000, 5.672872, 138.82004, -8.692388
24452252663000, 5.680593, 138.82828, -8.68511
24452257748000, 5.693321, 138.83293, -8.681488
24452262736000, 5.707736, 138.8502, -8.671868
24452267657000, 5.724451, 138.86415, -8.665058
24452272686000, 5.7413917, 138.87805, -8.658763
24452277665000, 5.75732, 138.89134, -8.650795
24452282648000, 5.764741, 138.90186, -8.640136
24452287643000, 5.775242, 138.91144, -8.629335
24452292938000, 5.7802463, 138.91994, -8.618967
24452297662000, 5.789306, 138.92924, -8.610495
24452302668000, 5.794967, 138.93506, -8.601454
24452307715000, 5.8006115, 138.93573, -8.59539
24452312704000, 5.806994, 138.94124, -8.585825
24452317654000, 5.815319, 138.94995, -8.578551
24452322692000, 5.824379, 138.95918, -8.565971
24452327665000, 5.8298345, 138.9566, -8.558696
24452337641000, 5.8396974, 138.96115, -8.550042
24452342671000, 5.851714, 138.9674, -8.545287
24452347660000, 5.8737392, 138.96674, -8.53349
24452352645000, 5.893402, 138.96794, -8.524741
24452357719000, 5.9161296, 138.96289, -8.520016
24452362745000, 5.933407, 138.95969, -8.517152
24452367657000, 5.952945, 138.95181, -8.511751
24452372668000, 5.9748683, 138.94621, -8.507464
24452377660000, 5.9883995, 138.9407, -8.504904
24452382653000, 6.006758, 138.92831, -8.499531
24452387643000, 6.0257773, 138.92073, -8.490286
24452394218000, 6.046321, 138.91553, -8.485187
24452397658000, 6.063314, 138.90515, -8.476643
24452402645000, 6.07241, 138.89758, -8.478192
24452407747000, 6.0872703, 138.88974, -8.4745455
24452412703000, 6.10127, 138.88522, -8.474319
24452417657000, 6.1040764, 138.8786, -8.47708
24452422693000, 6.1073513, 138.87154, -8.482153
24452427656000, 6.1168637, 138.86746, -8.480804
24452432653000, 6.126258, 138.8643, -8.480738
24452437632000, 6.1360817, 138.859, -8.48425
24452442670000, 6.1477165, 138.85727, -8.485042
24452447657000, 6.1503034, 138.8569, -8.486489
24452452648000, 6.1590977, 138.85632, -8.488988
24452457711000, 6.1628056, 138.85773, -8.488915
24452462699000, 6.1692324, 138.85526, -8.489622
24452467633000, 6.1747622, 138.86142, -8.487818
24452472660000, 6.1865225, 138.8648, -8.488654
24452477601000, 6.1872935, 138.85982, -8.487174
24452482653000, 6.188201, 138.86143, -8.488154
24452487604000, 6.1924696, 138.85265, -8.488216
24452492672000, 6.1966033, 138.84961, -8.492857
24452497585000, 6.1938176, 138.8482, -8.498368
24452502643000, 6.1913166, 138.84552, -8.512746
24452507714000, 6.1837864, 138.8392, -8.519487
24452512736000, 6.1766167, 138.83109, -8.533777
24452517622000, 6.167845, 138.82968, -8.546209
24452522671000, 6.162022, 138.82437, -8.556705
24452527640000, 6.1546774, 138.82552, -8.565789
24452532653000, 6.1524677, 138.82599, -8.578054
24452537657000, 6.1456122, 138.82646, -8.588524
24452542710000, 6.1410713, 138.82687, -8.597899
24452547670000, 6.1266065, 138.82559, -8.611609
24452552631000, 6.1107616, 138.8258, -8.626248
24452557727000, 6.101831, 138.82788, -8.644376
24452562757000, 6.0875397, 138.82864, -8.658687
24452567654000, 6.079012, 138.8273, -8.671264
24452572664000, 6.0676312, 138.82584, -8.686124
24452577657000, 6.0624504, 138.82985, -8.696102
24452582655000, 6.0587053, 138.82138, -8.701885
24452587631000, 6.04965, 138.82317, -8.704902
24452594283000, 6.041548, 138.8235, -8.70482
24452597614000, 6.0324216, 138.82274, -8.704205
24452602642000, 6.027, 138.8205, -8.704774
24452608100000, 6.017961, 138.81837, -8.711266
24452612709000, 6.013084, 138.81253, -8.719922
24452617622000, 6.0083394, 138.81284, -8.724599
24452622682000, 6.0021114, 138.81175, -8.732512
24452632653000, 5.9949446, 138.81808, -8.745202
24452637874000, 5.987845, 138.8233, -8.753743
24452642672000, 5.9766903, 138.83168, -8.767213
24452647592000, 5.9763703, 138.83948, -8.780424
24452652681000, 5.9671035, 138.84918, -8.792718
24452657758000, 5.9602685, 138.85721, -8.803957
24452662700000, 5.95566, 138.85974, -8.817467
24452667622000, 5.949881, 138.86188, -8.829319
24452672673000, 5.951348, 138.86789, -8.831987
24452677609000, 5.952012, 138.87372, -8.8344145
24452687616000, 5.957228, 138.87938, -8.834798
24452692671000, 5.9624786, 138.89075, -8.833911
24452697594000, 5.959249, 138.88878, -8.835042
24452702639000, 5.963085, 138.89459, -8.83356
24452707816000, 5.966472, 138.90576, -8.836615
24452712792000, 5.969851, 138.90265, -8.835691
24452717635000, 5.9779797, 138.90979, -8.837944
24452722718000, 5.9802794, 138.91588, -8.842189
24452727647000, 5.9868345, 138.91869, -8.845958
24452732655000, 5.98536, 138.92474, -8.847245
24452737640000, 5.9890547, 138.92361, -8.849422
24452742666000, 5.995398, 138.92628, -8.843042
24452747658000, 6.0011783, 138.92941, -8.838009
24452752660000, 6.005613, 138.93271, -8.832179
24452757732000, 6.0150347, 138.93547, -8.824681
24452762724000, 6.016873, 138.9412, -8.819056
24452767663000, 6.0239806, 138.9476, -8.811728
24452772666000, 6.029323, 138.95242, -8.808502
24452777667000, 6.032793, 138.95863, -8.801579
24452782658000, 6.0393953, 138.96326, -8.797089
24452787644000, 6.043636, 138.96956, -8.793443
24452794197000, 6.0495152, 138.97318, -8.779202
24452797659000, 6.0516415, 138.9779, -8.769147
24452802675000, 6.0586414, 138.98259, -8.7578
24452807840000, 6.064829, 138.99303, -8.747226
24452812724000, 6.0689425, 138.99808, -8.733174
24452817655000, 6.0729175, 139.01021, -8.723651
24452822676000, 6.0836473, 139.0093, -8.707694
24452827646000, 6.092118, 139.01332, -8.693003
24452832631000, 6.0994177, 139.0087, -8.680627
24452837651000, 6.109674, 139.01225, -8.66923
24452842661000, 6.116658, 139.00449, -8.661555
24452847659000, 6.1236315, 138.99617, -8.655971
24452852649000, 6.131995, 138.9938, -8.649453
24452857675000, 6.138575, 138.99228, -8.641704
24452862620000, 6.1505036, 138.9902, -8.638878
24452867667000, 6.157517, 138.98973, -8.637108
24452872679000, 6.171578, 138.98213, -8.6256695
24452882655000, 6.1857824, 138.97769, -8.617032
24452887650000, 6.2003984, 138.97006, -8.609466
24452893001000, 6.2131944, 138.96324, -8.600924
24452897657000, 6.2264237, 138.95654, -8.592913
24452902640000, 6.236293, 138.94458, -8.587869
24452907747000, 6.24783, 138.93805, -8.583701
24452912763000, 6.2590566, 138.92763, -8.573388
24452917664000, 6.2671275, 138.91881, -8.567325
24452922682000, 6.280304, 138.9144, -8.558638
24452927663000, 6.2902083, 138.9065, -8.554705
24452932623000, 6.3039536, 138.90099, -8.550483
24452937647000, 6.3110204, 138.89362, -8.552778
24452942652000, 6.321964, 138.89383, -8.553352
24452947659000, 6.322933, 138.8865, -8.553236
24452952666000, 6.329731, 138.88094, -8.553756
24452957686000, 6.330462, 138.86685, -8.551126
24452962718000, 6.329713, 138.85472, -8.552416
24452967623000, 6.3323965, 138.84193, -8.552065
24452972659000, 6.3306484, 138.82956, -8.553646
24452977673000, 6.3331885, 138.81711, -8.5575
24452982663000, 6.333707, 138.80376, -8.558968
24452987799000, 6.3329825, 138.78886, -8.565646
24452994212000, 6.3267407, 138.77531, -8.5738
