#Angle around the z x y axes.
#timestamp(ns), Azimuth , Pitch, Roll (degrees)
#Datetime: 11/06/2014 13:44:43
##########################################
#Activity: 11 - FKL - Front-knees-lying - 10s
#Subject ID: 28
#First Name: sub28
#Last Name: sub28
#Age: 23
#Height(cm): 178
#Weight(kg): 70
#Gender: Male
##########################################

@DATA
2883670481000, 320.88748, 4.2880335, -42.899227
2883675549000, 319.7932, 3.7274504, -43.20065
2883680486000, 320.5132, 3.743581, -43.464844
2883685470000, 320.11078, 3.5531678, -44.013798
2883690475000, 319.66513, 2.9984698, -44.563656
2883695492000, 319.18723, 2.443003, -45.10228
2883700529000, 318.67242, 1.881679, -45.641678
2883705443000, 318.11777, 1.3194546, -46.170887
2883710423000, 317.53546, 0.7543128, -46.69609
2883715421000, 316.90314, 0.18132988, -47.213806
2883720389000, 316.2418, -0.39387107, -47.72252
2883725403000, 315.54144, -0.96686083, -48.221405
2883730715000, 314.8027, -1.5421413, -48.710228
2883735405000, 314.0275, -2.1208916, -49.189648
2883740412000, 313.2176, -2.6926544, -49.663155
2883745407000, 312.43686, -3.174874, -50.01168
2883750417000, 311.6256, -3.6514359, -50.365654
2883755406000, 310.787, -4.115465, -50.716923
2883760459000, 309.92407, -4.5709596, -51.06629
2883765407000, 309.03244, -5.015988, -51.415466
2883770400000, 308.11813, -5.4537454, -51.748558
2883775424000, 307.1826, -5.88712, -52.0605
2883780405000, 306.2306, -6.3276496, -52.351696
2883785404000, 305.27695, -6.7646856, -52.616905
2883790386000, 304.34058, -7.217263, -52.77432
2883795410000, 303.3915, -7.7526965, -52.953926
2883800412000, 302.4754, -8.246023, -53.05349
2883805528000, 301.5811, -8.80493, -53.098724
2883810512000, 300.7031, -9.403508, -53.111343
2883815508000, 299.8376, -10.024168, -53.097206
2883820542000, 298.97668, -10.663911, -53.06047
2883825486000, 298.12476, -11.3284, -52.995773
2883830502000, 297.26044, -12.020791, -52.91987
2883835504000, 296.3817, -12.735501, -52.833946
2883840487000, 295.48608, -13.474152, -52.739155
2883845510000, 294.56482, -14.2325535, -52.642223
2883850504000, 293.61267, -15.009677, -52.544933
2883855531000, 292.64056, -15.797564, -52.447018
2883860522000, 291.6324, -16.601986, -52.349358
2883865506000, 290.60394, -17.417025, -52.248966
2883870517000, 289.5441, -18.241188, -52.142624
2883875497000, 288.45966, -19.080431, -52.0326
2883880504000, 287.3498, -19.929165, -51.908783
2883885499000, 286.22644, -20.792015, -51.766624
2883890503000, 285.08832, -21.657055, -51.617523
2883895518000, 283.93903, -22.541317, -51.440105
2883900521000, 282.80188, -23.422071, -51.242775
2883905577000, 281.67432, -24.307074, -51.02322
2883910524000, 280.57254, -25.1904, -50.775475
2883915512000, 279.50305, -26.06689, -50.50598
2883920538000, 278.4759, -26.939829, -50.1991
2883925495000, 277.49094, -27.807793, -49.863228
2883930587000, 276.55237, -28.67439, -49.491333
2883935647000, 275.67313, -29.53502, -49.079662
2883940512000, 274.83887, -30.406431, -48.62633
2883945583000, 274.09546, -31.331354, -48.025898
2883951152000, 273.41882, -32.2595, -47.387196
2883955658000, 272.80014, -33.19359, -46.717686
2883960555000, 272.24588, -34.12639, -46.01883
2883965611000, 271.74374, -35.063663, -45.298264
2883970633000, 271.30368, -35.99307, -44.562534
2883975546000, 270.90482, -36.9205, -43.821198
2883980478000, 270.54953, -37.83882, -43.07777
2883985564000, 270.242, -38.746395, -42.33678
2883990504000, 269.9568, -39.646843, -41.601715
2883995501000, 269.7111, -40.525757, -40.88715
2884000598000, 269.48312, -41.394135, -40.184723
2884005478000, 269.27176, -42.24871, -39.500954
2884010458000, 269.07016, -43.08003, -38.8483
2884015377000, 268.86206, -43.904305, -38.213573
2884020418000, 268.6491, -44.70448, -37.613003
2884025419000, 268.41547, -45.49749, -37.034184
2884030409000, 268.1536, -46.27829, -36.482
2884035404000, 267.8687, -47.048485, -35.950077
2884040419000, 267.54108, -47.81466, -35.436684
2884045408000, 267.1835, -48.576748, -34.93622
2884050436000, 266.7889, -49.338173, -34.445118
2884055453000, 266.3634, -50.098103, -33.962486
2884060517000, 265.91516, -50.85718, -33.48077
2884065467000, 265.44983, -51.61358, -33.00254
2884070465000, 264.97662, -52.363155, -32.528416
2884075450000, 264.5043, -53.10331, -32.05515
2884080446000, 264.03833, -53.83531, -31.582829
2884085458000, 263.58545, -54.547413, -31.12015
2884090439000, 263.14716, -55.24868, -30.654488
2884095464000, 262.7251, -55.928486, -30.199266
2884100436000, 262.3209, -56.59319, -29.744099
2884105526000, 261.93918, -57.240704, -29.291245
2884110581000, 261.57007, -57.87247, -28.840536
2884115530000, 261.2249, -58.489388, -28.386864
2884120510000, 260.89548, -59.095562, -27.931757
2884126336000, 260.5816, -59.690845, -27.473927
2884130525000, 260.28802, -60.28199, -27.007412
2884135449000, 260.00656, -60.860836, -26.543613
2884140498000, 259.7382, -61.438778, -26.070465
2884145517000, 259.4827, -62.01487, -25.594444
2884150532000, 259.31052, -62.466778, -25.188013
2884155511000, 259.1442, -62.920605, -24.779303
2884160600000, 258.97998, -63.370617, -24.371416
2884165526000, 258.81625, -63.82249, -23.963993
2884170495000, 258.6504, -64.27012, -23.56108
2884175485000, 258.49017, -64.72061, -23.157822
2884180496000, 258.32605, -65.16668, -22.761694
2884185501000, 258.16068, -65.61275, -22.36763
2884190495000, 258.0011, -66.059235, -21.980536
2884195570000, 257.84, -66.49835, -21.601414
2884200517000, 257.6868, -66.936066, -21.226786
2884205529000, 257.53888, -67.36746, -20.865921
2884210506000, 257.40305, -67.79115, -20.514374
2884215502000, 257.27927, -68.20316, -20.176561
2884220491000, 257.1697, -68.60595, -19.850687
2884225539000, 257.07202, -68.99583, -19.539583
2884230518000, 256.99103, -69.37905, -19.232065
2884235497000, 256.91876, -69.75528, -18.93431
2884240492000, 256.8531, -70.12722, -18.636536
2884245490000, 256.80035, -70.49696, -18.33972
2884250508000, 256.74866, -70.86833, -18.039135
2884255513000, 256.70166, -71.23774, -17.737837
2884260508000, 256.6567, -71.604515, -17.437048
2884266334000, 256.6198, -71.96576, -17.136868
2884270501000, 256.58612, -72.3236, -16.83826
2884275531000, 256.55414, -72.674126, -16.543419
2884280512000, 256.5312, -73.01773, -16.252283
2884285495000, 256.5155, -73.3507, -15.968695
2884290482000, 256.5053, -73.67719, -15.689091
2884295513000, 256.50394, -73.99849, -15.413036
2884300505000, 256.51248, -74.30507, -15.14944
2884305572000, 256.52655, -74.609924, -14.886829
2884310513000, 256.55234, -74.90277, -14.63389
2884315507000, 256.58105, -75.187935, -14.389289
2884320501000, 256.6133, -75.46528, -14.149807
2884325496000, 256.6468, -75.732086, -13.920694
2884330507000, 256.6729, -75.99298, -13.69559
2884335524000, 256.68817, -76.24523, -13.477346
2884340476000, 256.6854, -76.491425, -13.263121
2884345976000, 256.66373, -76.73026, -13.054016
2884350492000, 256.6062, -76.96992, -12.8417635
2884356515000, 256.33435, -77.19835, -12.678368
2884360514000, 256.0513, -77.41225, -12.513858
2884365526000, 255.74196, -77.64057, -12.323205
2884370499000, 255.43283, -77.85067, -12.136704
2884375541000, 255.12825, -78.05053, -11.948093
2884381199000, 254.84045, -101.73837, -11.737178
2884385496000, 254.5741, -101.53545, -11.524739
2884390487000, 254.33519, -101.32906, -11.301116
2884395502000, 254.13243, -101.12956, -11.076929
2884400499000, 253.95871, -100.94003, -10.8584175
2884405557000, 253.81656, -100.7648, -10.647507
2884410524000, 253.67952, -100.60633, -10.450018
2884415499000, 253.56775, -100.461685, -10.260874
2884420492000, 253.4039, -100.34965, -10.09313
2884425478000, 253.25293, -100.24757, -9.929005
2884430520000, 252.98335, -100.1846, -9.785435
2884435501000, 252.71835, -100.12907, -9.642568
2884440490000, 252.21243, -100.10953, -9.495362
2884445575000, 251.7214, -100.089226, -9.342932
2884450496000, 250.81235, -100.03896, -9.071711
2884455551000, 249.99088, -99.979225, -8.79514
2884460472000, 249.25198, -99.90221, -8.492693
2884465500000, 248.57101, -99.81466, -8.189296
2884470440000, 247.71295, -99.53113, -7.6364264
2884475522000, 246.94846, -99.26353, -7.1122994
2884480468000, 246.29706, -98.9816, -6.601761
2884485499000, 245.7413, -98.7213, -6.124124
2884490489000, 245.29672, -98.45755, -5.6903915
2884495494000, 244.94699, -98.216156, -5.286271
2884500666000, 244.69803, -97.994644, -4.941994
2884505540000, 244.5257, -97.79801, -4.6245284
2884510659000, 244.40088, -97.623314, -4.3339863
2884515503000, 244.33472, -97.46962, -4.069007
2884520467000, 244.2851, -97.3655, -3.82083
2884525483000, 244.25739, -97.28887, -3.5903516
2884530848000, 244.23611, -97.22938, -3.3766637
2884535496000, 244.18591, -97.23883, -3.178024
2884540451000, 244.12474, -97.29541, -2.9973288
2884545512000, 244.04584, -97.3709, -2.8300426
2884550505000, 243.93752, -97.45439, -2.6713703
2884555501000, 243.82599, -97.56559, -2.5245547
2884560531000, 243.68701, -97.67886, -2.3769782
2884565576000, 243.52693, -97.80947, -2.2458205
2884570508000, 243.361, -97.93519, -2.1127758
2884575504000, 243.16734, -98.0717, -1.9749322
2884580517000, 242.97635, -98.19294, -1.8303698
2884585497000, 242.79861, -98.304794, -1.6622126
2884590506000, 242.62048, -98.407196, -1.493182
2884595520000, 242.46046, -98.493965, -1.308889
2884600515000, 242.323, -98.575195, -1.1290163
2884605480000, 242.22476, -98.62859, -0.9539568
2884610592000, 242.16684, -98.68527, -0.7862598
2884615527000, 242.1358, -98.721725, -0.6379409
2884620505000, 242.14767, -98.76181, -0.49535528
2884625471000, 242.19383, -98.79514, -0.37252456
2884630512000, 242.2655, -98.83455, -0.252559
2884635501000, 242.35814, -98.88885, -0.13986194
2884640481000, 242.45546, -98.94757, -0.029002693
2884645478000, 242.5532, -99.02607, 0.07896384
2884650508000, 242.64156, -99.11289, 0.1859966
2884655490000, 242.71706, -99.22531, 0.3004016
2884660548000, 242.77608, -99.3416, 0.41270408
2884665466000, 242.83087, -99.48971, 0.5221718
2884670504000, 242.85327, -99.633255, 0.6328316
2884675459000, 242.88, -99.78511, 0.74183387
2884680511000, 242.8945, -99.93753, 0.8502462
2884685449000, 242.90157, -100.08569, 0.96165216
2884690484000, 242.90291, -100.22937, 1.0725901
2884695449000, 242.90219, -100.34407, 1.1752968
2884700476000, 242.90642, -100.450615, 1.2701672
2884705537000, 242.9183, -100.52081, 1.3653165
2884710532000, 242.94493, -100.58062, 1.4539362
2884715484000, 242.97815, -100.61867, 1.5397576
2884720464000, 243.02832, -100.64178, 1.618398
2884725490000, 243.0932, -100.66528, 1.7019745
2884735510000, 243.1796, -100.66094, 1.7825145
2884740484000, 243.2659, -100.664604, 1.8645695
2884750494000, 243.46677, -100.671616, 2.0159705
2884755498000, 243.56364, -100.68726, 2.0921092
2884760503000, 243.66644, -100.71629, 2.1804783
2884765527000, 243.76923, -100.75829, 2.273861
2884770522000, 243.86331, -100.81601, 2.3739066
2884776334000, 243.95242, -100.89273, 2.4811003
2884780509000, 244.05655, -101.00294, 2.6019907
2884785496000, 244.14832, -101.1113, 2.7275643
2884790468000, 244.2493, -101.25776, 2.8586426
2884795485000, 244.34631, -101.41235, 2.9914262
2884800484000, 244.43488, -101.59313, 3.125791
2884805533000, 244.5198, -101.78533, 3.2597296
2884810492000, 244.59814, -101.98543, 3.3870394
2884815512000, 244.67029, -102.19724, 3.5167449
2884820539000, 244.7351, -102.40908, 3.6475058
2884825485000, 244.78731, -102.63581, 3.7805045
2884830488000, 244.8421, -102.86446, 3.9137952
2884835501000, 244.8814, -103.10583, 4.050682
2884840470000, 244.91522, -103.35388, 4.19761
2884845510000, 244.93695, -103.6123, 4.352272
2884850480000, 244.95016, -103.88368, 4.5059085
2884855494000, 244.95212, -104.166336, 4.6697445
2884860484000, 244.95227, -104.46412, 4.843366
2884865506000, 244.92853, -104.7713, 5.022886
2884870440000, 244.90933, -105.092354, 5.2193274
2884875496000, 244.88333, -105.42889, 5.4211173
2884880449000, 244.85405, -105.77265, 5.6331234
2884885492000, 244.82825, -106.12379, 5.851789
2884890451000, 244.7941, -106.48244, 6.070908
2884895492000, 244.76866, -106.84898, 6.2918983
2884900520000, 244.74974, -107.22079, 6.5167007
2884905502000, 244.74873, -107.5991, 6.742159
2884910570000, 244.74977, -107.98907, 6.980002
2884915532000, 244.76843, -108.379425, 7.218733
2884920565000, 244.79044, -108.78731, 7.4813056
2884925487000, 244.82245, -109.18755, 7.7489877
2884930482000, 244.881, -109.61138, 8.048414
2884935500000, 244.9513, -110.023346, 8.355207
2884941095000, 245.0447, -110.43293, 8.682382
2884945525000, 245.16678, -110.81832, 9.006168
2884950469000, 245.31134, -111.17693, 9.3404255
2884955538000, 245.48874, -111.508194, 9.671953
2884960497000, 245.68784, -111.815796, 10.005978
2884965498000, 245.91618, -112.08773, 10.339657
2884970504000, 246.16086, -112.33803, 10.696466
2884975503000, 246.42743, -112.59959, 11.0646305
2884980502000, 246.71976, -112.86095, 11.438148
2884985499000, 247.03394, -113.14878, 11.838564
2884990470000, 247.36139, -113.44052, 12.236157
2884995514000, 247.69626, -113.760315, 12.6388445
2885000500000, 248.0328, -114.08294, 13.02707
2885005488000, 248.37292, -114.40812, 13.380186
2885010561000, 248.7044, -114.72434, 13.702226
2885015502000, 249.02948, -115.02927, 13.96679
2885020498000, 249.34227, -115.31238, 14.187878
2885025467000, 249.6359, -115.586464, 14.37446
2885030512000, 249.91287, -115.85214, 14.525551
2885035496000, 250.18536, -116.0871, 14.5827465
2885040474000, 250.43913, -116.31627, 14.62169
2885045445000, 250.68411, -116.524, 14.602835
2885050503000, 250.9183, -116.73008, 14.580959
2885055440000, 251.11977, -116.912415, 14.54576
2885060598000, 251.32367, -117.09172, 14.515334
2885065455000, 251.51825, -117.276535, 14.500565
2885070502000, 251.71996, -117.46379, 14.498614
2885075455000, 251.85999, -117.53008, 14.444166
2885080509000, 252.0032, -117.59729, 14.403016
2885085419000, 252.1369, -117.64105, 14.345759
2885090474000, 252.26068, -117.689606, 14.302799
2885095492000, 252.38087, -117.74089, 14.26
2885100478000, 252.48026, -117.7986, 14.223767
2885105501000, 252.58356, -117.89077, 14.189071
2885110508000, 252.6624, -117.986755, 14.156466
2885115613000, 252.74457, -118.12796, 14.146049
2885120505000, 252.79688, -118.27351, 14.133729
2885125478000, 252.8424, -118.46794, 14.141859
2885130536000, 252.86008, -118.65945, 14.149527
2885135514000, 252.83899, -118.85744, 14.167529
2885140477000, 252.81058, -119.07846, 14.208913
2885145541000, 252.7441, -119.2901, 14.264822
2885150496000, 252.652, -119.51964, 14.350367
2885155548000, 252.54485, -119.72238, 14.440242
2885160527000, 252.4064, -119.93837, 14.574385
2885165511000, 252.26315, -120.137726, 14.711036
2885170486000, 252.13055, -120.35342, 14.910317
2885175494000, 251.98627, -120.56021, 15.121715
2885180511000, 251.82603, -120.7482, 15.348316
2885185498000, 251.6784, -120.92135, 15.570765
2885190481000, 251.5274, -121.07118, 15.805991
2885195558000, 251.41275, -121.206924, 16.025496
2885200498000, 251.34079, -121.33852, 16.213982
2885205493000, 251.31628, -121.460724, 16.371172
2885210561000, 251.26047, -121.500465, 16.528042
2885215510000, 251.25919, -121.53176, 16.640795
2885220505000, 251.26288, -121.51474, 16.727074
2885225489000, 251.30545, -121.48333, 16.780355
2885230506000, 251.36118, -121.396515, 16.79267
2885235497000, 251.4356, -121.28938, 16.786877
2885240482000, 251.51529, -121.14487, 16.752125
2885245493000, 251.59158, -120.97478, 16.709736
2885250499000, 251.65678, -120.789444, 16.672989
2885255508000, 251.69528, -120.57625, 16.642397
2885260492000, 251.71248, -120.377365, 16.619638
2885265515000, 251.70297, -120.14697, 16.608494
2885270470000, 251.67632, -119.95316, 16.616312
2885275496000, 251.61584, -119.760284, 16.637821
2885280473000, 251.54579, -119.62052, 16.690582
2885285495000, 251.44937, -119.490746, 16.746964
2885291037000, 251.34409, -119.41584, 16.840239
2885295498000, 251.22327, -119.364944, 16.939741
2885300839000, 251.10147, -119.34599, 17.051386
2885305514000, 250.97534, -119.34671, 17.160622
2885310490000, 250.843, -119.36154, 17.28023
2885315509000, 250.7187, -119.38742, 17.392492
2885320542000, 250.61324, -119.414734, 17.487167
2885325476000, 250.50043, -119.41322, 17.56599
2885330510000, 250.41406, -119.40746, 17.628265
2885335500000, 250.30826, -119.34894, 17.666328
2885340479000, 250.22025, -119.27857, 17.680712
2885345502000, 250.11131, -119.1673, 17.681986
2885350499000, 250.0101, -119.05022, 17.670525
2885355499000, 249.9035, -118.91312, 17.641201
2885360526000, 249.8006, -118.77615, 17.61016
2885365497000, 249.6898, -118.644684, 17.569334
2885370499000, 249.59396, -118.526596, 17.5234
2885375476000, 249.49554, -118.41464, 17.48515
2885380521000, 249.4124, -118.32391, 17.437925
2885385500000, 249.3229, -118.22662, 17.388062
2885390544000, 249.25015, -118.1559, 17.326878
2885395494000, 249.1677, -118.06321, 17.23752
2885400494000, 249.09888, -117.99591, 17.13703
2885405534000, 249.02197, -117.91667, 17.011724
2885410581000, 248.95738, -117.85116, 16.87144
2885415498000, 248.84998, -117.717804, 16.654703
2885420503000, 248.7598, -117.59247, 16.420084
2885426213000, 248.65082, -117.404594, 16.127745
2885430518000, 248.5564, -117.211136, 15.807642
2885435481000, 248.45114, -116.94495, 15.413726
2885440477000, 248.35846, -116.64634, 14.9809
2885445528000, 248.25293, -116.219315, 14.434312
2885450497000, 248.16223, -115.73335, 13.869503
2885455459000, 248.0408, -115.00836, 13.045547
2885460613000, 247.95065, -114.146416, 12.195127
2885465447000, 247.86917, -113.19211, 11.210543
2885470500000, 247.78276, -112.19065, 10.243331
2885475511000, 247.7955, -111.36875, 9.405388
2885480510000, 247.45216, -110.62152, 8.8629875
2885485459000, 247.00446, -110.50528, 8.642891
2885490479000, 246.32947, -110.632904, 8.604065
2885496335000, 245.32101, -110.94008, 8.80449
2885500500000, 244.11192, -111.59693, 9.118168
2885505659000, 242.71182, -112.19229, 9.399967
2885510523000, 241.33328, -112.73486, 9.587849
2885515456000, 239.96153, -113.0039, 9.668207
2885520506000, 238.75737, -113.03394, 9.568556
2885525464000, 237.69919, -112.78145, 9.300303
2885530517000, 236.72107, -112.155556, 8.949606
2885535489000, 235.90997, -111.24935, 8.449767
2885540498000, 235.23547, -110.093346, 7.771317
2885545507000, 234.6431, -108.70636, 7.053558
2885550491000, 234.29454, -107.257195, 6.3347187
2885555519000, 234.1052, -105.754524, 5.6792846
2885560484000, 234.17664, -104.24096, 5.1701508
2885565486000, 234.46222, -102.78475, 4.7605143
2885570498000, 235.02815, -101.522545, 4.618165
2885575514000, 235.74652, -100.38716, 4.6120334
2885580506000, 236.65637, -99.64859, 4.887985
2885585500000, 237.61746, -99.13567, 5.2849245
2885590468000, 238.59668, -99.03845, 5.812641
2885595493000, 239.50696, -99.12146, 6.389341
2885600495000, 240.2962, -99.38909, 6.9500203
2885605518000, 240.95097, -99.752, 7.517983
2885610518000, 241.42607, -100.21086, 8.036111
2885615504000, 241.74356, -100.708855, 8.542614
2885620495000, 241.95374, -101.31091, 9.01945
2885625479000, 242.06328, -101.916, 9.456096
2885630502000, 242.15631, -102.5415, 9.819246
2885635501000, 242.2432, -103.17203, 10.1433325
2885640454000, 242.30524, -103.713585, 10.381213
2885645546000, 242.47772, -104.26382, 10.591132
2885650448000, 242.64093, -104.66064, 10.70482
2885655545000, 242.91122, -105.09871, 10.853392
2885660537000, 243.1644, -105.36527, 10.907035
2885665506000, 243.50632, -105.65487, 10.97996
2885670472000, 243.85428, -105.66804, 10.913126
2885675500000, 244.24127, -105.68347, 10.850792
2885680527000, 244.64264, -105.68635, 10.783557
2885685505000, 244.99149, -105.68162, 10.724015
2885690451000, 245.18268, -105.48163, 10.480751
2885695504000, 245.24223, -105.30001, 10.246499
2885700463000, 245.11395, -105.12952, 10.022111
2885705531000, 244.77686, -104.924385, 9.689202
2885710453000, 244.24231, -104.754135, 9.365664
2885715512000, 243.51276, -104.52107, 8.947003
2885720463000, 242.64052, -104.308464, 8.534043
2885725562000, 241.65048, -103.99675, 8.044717
2885730523000, 240.6069, -103.67246, 7.5505676
2885735560000, 239.50644, -103.23757, 7.0172606
2885740554000, 238.43744, -102.77719, 6.4730716
2885745554000, 237.35962, -102.20506, 5.91788
2885765410000, 234.09325, -99.754166, 3.5630271
2885770409000, 233.63115, -99.06453, 2.9874814
2885775393000, 233.41962, -98.260376, 2.485515
2885780434000, 233.38739, -97.49488, 1.987029
2885785394000, 233.4188, -96.61013, 1.4935437
2885790380000, 233.5998, -95.740234, 1.0200385
2885795408000, 233.85597, -94.82519, 0.547045
2885800414000, 234.1666, -93.88855, 0.10787778
2885805490000, 234.53328, -93.021286, -0.3136985
2885810492000, 234.88779, -92.17164, -0.70363307
2885815427000, 235.25706, -91.55856, -1.0387425
2885820471000, 235.59283, -91.366066, -1.3503441
2885825412000, 235.92892, -88.22573, -1.6475748
2885830472000, 236.25522, -87.51348, -1.9372807
2885835415000, 236.59436, -86.73758, -2.215333
2885840460000, 236.94995, -85.92087, -2.4831276
2885845470000, 237.33943, -85.12817, -2.7538106
2885850492000, 237.73969, -84.363976, -3.0196338
2885855471000, 238.16762, -83.67263, -3.276894
2885860592000, 238.59106, -83.02394, -3.5397444
2885865868000, 239.01312, -82.483795, -3.7758434
2885870498000, 239.4021, -82.001175, -4.018335
2885875484000, 239.7649, -81.627396, -4.2225714
2885880512000, 240.06828, -81.3087, -4.431623
2885885549000, 240.3135, -81.10426, -4.5895443
2885890468000, 240.48135, -80.94333, -4.748741
2885895942000, 240.587, -80.87358, -4.857201
2885900507000, 240.6178, -80.84027, -4.961948
2885905815000, 240.59225, -80.86468, -5.0343995
2885910495000, 240.51279, -80.922424, -5.101524
2885915841000, 240.41098, -80.97409, -5.161908
2885920506000, 240.28012, -81.04835, -5.2187824
2885925484000, 240.11166, -81.086075, -5.3006134
2885930496000, 239.9277, -81.127464, -5.388101
2885935446000, 239.73773, -81.182304, -5.4708476
2885940518000, 239.55797, -81.05041, -5.674465
2885945498000, 239.38953, -80.922386, -5.8834233
2885950557000, 239.21982, -80.68888, -6.1519613
2885955450000, 239.08255, -80.45725, -6.421958
2885960499000, 239.0217, -80.09349, -6.7436776
2885965508000, 239.01993, -79.72254, -7.064393
2885970496000, 239.10721, -79.23565, -7.406357
2885975479000, 239.2572, -78.73199, -7.741328
2885980479000, 239.50212, -78.134315, -8.064319
2885985490000, 239.7857, -77.50937, -8.38099
2885990498000, 240.11853, -76.859055, -8.67414
2885995650000, 240.4542, -76.181015, -8.953924
2886000593000, 240.80286, -75.531494, -9.211576
2886005575000, 241.1227, -74.86056, -9.465256
2886010517000, 241.44246, -74.23651, -9.6902485
2886015507000, 241.73099, -73.592926, -9.921209
2886020524000, 242.02411, -72.9891, -10.14654
2886025473000, 242.3096, -72.379486, -10.363761
2886030475000, 242.61526, -71.78496, -10.596786
2886035502000, 242.91971, -71.19413, -10.820393
2886040452000, 243.26631, -70.6142, -11.058915
2886045481000, 243.62009, -70.0339, -11.295454
2886050452000, 244.01355, -69.475586, -11.5343895
2886055565000, 244.42589, -68.913185, -11.771205
2886060490000, 244.87653, -68.37892, -12.00457
2886065471000, 245.33615, -67.83752, -12.239368
2886070484000, 245.81752, -67.34533, -12.457178
2886075515000, 246.29349, -66.84396, -12.6780405
2886080499000, 246.78458, -66.39862, -12.885383
2886085494000, 247.2482, -65.94358, -13.098848
2886090492000, 247.73352, -65.53607, -13.285386
2886095520000, 248.18747, -65.116325, -13.48545
2886100535000, 248.65327, -64.72502, -13.648559
2886105575000, 249.08052, -64.32456, -13.827127
2886111146000, 249.50845, -63.941498, -13.975169
2886115474000, 249.8906, -63.555782, -14.137062
2886120547000, 250.26251, -63.1794, -14.284106
2886125515000, 250.58856, -62.80736, -14.443705
2886130665000, 250.89243, -62.43966, -14.624062
2886135526000, 251.1732, -62.086487, -14.807867
2886140994000, 251.41887, -61.705326, -14.982641
2886145574000, 251.6726, -61.366035, -15.14847
2886150866000, 251.89294, -60.9808, -15.332864
2886155582000, 252.09492, -60.650898, -15.521797
2886160500000, 252.28801, -60.293335, -15.7244625
2886165505000, 252.45709, -59.977562, -15.939746
2886170471000, 252.59576, -59.71906, -16.167673
2886175484000, 252.73178, -59.450188, -16.410393
2886180461000, 252.85004, -59.26861, -16.656666
2886185494000, 252.99802, -59.10219, -16.895832
2886190462000, 253.21448, -59.05895, -17.089367
2886195570000, 253.59004, -59.0191, -17.216589
2886200521000, 254.14946, -59.123676, -17.236738
2886205576000, 254.96829, -59.081295, -17.151684
2886210491000, 256.00952, -59.15158, -16.936625
2886215503000, 257.40417, -58.762955, -16.617792
2886220441000, 258.9082, -58.358414, -16.216585
2886225482000, 260.4545, -56.81431, -16.281826
2886230503000, 262.06354, -55.256805, -16.237133
2886235506000, 263.40088, -53.43357, -16.60388
2886240478000, 264.56152, -51.481728, -16.909178
2886245526000, 265.39963, -49.643654, -17.500717
2886250519000, 265.94995, -47.766712, -18.147572
2886255523000, 266.21048, -45.99692, -19.04004
2886260587000, 266.23746, -44.24637, -19.9433
2886265499000, 266.0256, -42.68978, -20.961594
2886270495000, 265.6531, -41.206436, -21.938877
2886275484000, 265.2076, -39.946796, -22.825237
2886280501000, 264.71265, -38.7817, -23.630255
2886285493000, 264.2068, -37.84892, -24.283573
2886290472000, 263.76855, -37.013317, -24.81408
2886295528000, 263.4497, -36.359516, -25.15091
2886300500000, 263.2991, -35.780647, -25.326162
2886305533000, 263.34338, -35.2384, -25.424877
2886310514000, 263.56122, -34.721653, -25.43101
2886315461000, 263.92917, -34.138237, -25.50283
2886320505000, 264.40497, -33.5366, -25.574932
2886325448000, 264.98605, -32.828835, -25.784216
2886330501000, 265.5457, -32.10747, -26.065296
2886335440000, 266.1666, -31.260715, -26.48061
2886340478000, 266.7384, -30.425684, -26.955553
2886345724000, 267.2835, -29.537277, -27.482164
2886350501000, 267.7847, -28.665941, -28.060295
2886355651000, 268.27444, -27.79947, -28.564804
2886360517000, 268.7285, -26.978958, -29.086168
2886365464000, 269.19876, -26.18186, -29.442642
2886371149000, 269.65546, -25.424648, -29.80217
2886375504000, 270.10577, -24.702267, -30.168583
2886380480000, 270.6376, -23.94459, -30.391262
2886385452000, 271.15436, -23.218613, -30.620472
2886390478000, 271.65448, -22.517485, -30.84281
2886395517000, 272.13126, -21.837772, -31.05673
2886400665000, 272.63507, -21.092278, -31.112062
2886405456000, 273.10748, -20.371155, -31.146744
2886410523000, 273.52618, -19.674044, -31.135975
2886415536000, 273.9037, -19.004526, -31.101902
2886420497000, 274.24048, -18.373808, -31.040562
2886425510000, 274.53088, -17.771, -30.96086
2886430517000, 274.8593, -17.213226, -30.872206
2886436188000, 275.1351, -16.676306, -30.761599
2886440520000, 275.43234, -16.211838, -30.670732
2886445614000, 275.704, -15.76095, -30.560421
2886450543000, 275.85516, -15.468097, -30.638706
2886455502000, 276.00372, -15.184251, -30.700846
2886460625000, 276.1495, -14.91744, -30.75616
2886465540000, 276.3123, -14.654757, -30.806145
2886470497000, 276.46576, -14.443438, -30.96233
2886475540000, 276.63586, -14.239419, -31.12038
2886480512000, 276.8212, -14.041532, -31.35292
2886485519000, 277.02222, -13.845157, -31.584978
2886490528000, 277.25433, -13.603616, -31.885504
2886495681000, 277.51, -13.356796, -32.177822
2886500510000, 277.8331, -13.040976, -32.462875
2886506293000, 278.18103, -12.704332, -32.735306
2886510626000, 278.60544, -12.276005, -32.986263
2886515537000, 279.05576, -11.816292, -33.23087
2886520509000, 279.5631, -11.274226, -33.445145
2886525503000, 280.08228, -10.701169, -33.648037
2886530531000, 280.6541, -10.080332, -33.85652
2886535520000, 281.21286, -9.441022, -34.052425
2886540468000, 281.75058, -8.848303, -34.220028
2886545626000, 282.26404, -8.2794485, -34.38565
2886550715000, 282.74243, -7.791607, -34.517006
2886555619000, 283.16513, -7.3744373, -34.643322
2886560537000, 283.5192, -7.07938, -34.72702
2886565512000, 283.8047, -6.8775897, -34.799694
2886570443000, 284.04218, -6.7925234, -34.81572
2886575480000, 284.22858, -6.79058, -34.804455
2886580527000, 284.3916, -6.8598404, -34.76314
2886585527000, 284.52646, -6.987467, -34.679504
2886590494000, 284.72244, -7.111493, -34.4043
2886595676000, 284.91098, -7.250268, -34.10128
2886600542000, 285.21936, -7.362671, -33.62819
2886605500000, 285.50427, -7.463446, -33.16637
2886610520000, 285.69, -7.5550375, -32.68191
2886615526000, 285.8484, -7.6255007, -32.222004
2886620460000, 285.9521, -7.6942935, -31.75256
2886625507000, 286.02994, -7.750049, -31.334024
2886630453000, 286.10864, -7.799056, -30.970842
2886635513000, 286.17474, -7.848629, -30.668648
2886640462000, 286.22202, -7.9024234, -30.426437
2886645611000, 286.2866, -7.9891043, -30.322104
2886650511000, 286.33698, -8.08655, -30.29226
2886655497000, 286.44363, -8.234142, -30.408884
2886660480000, 286.5372, -8.395908, -30.575941
2886665506000, 286.59085, -8.616637, -30.889685
2886670451000, 286.64746, -8.849664, -31.207632
2886675494000, 286.6742, -9.121743, -31.578617
2886680503000, 286.72382, -9.392715, -31.90537
2886685507000, 286.80884, -9.677825, -32.19042
2886690492000, 286.9207, -9.95931, -32.400505
2886695494000, 287.10275, -10.22273, -32.5061
2886700485000, 287.31723, -10.480256, -32.536175
2886705465000, 287.54965, -10.709915, -32.48037
2886710481000, 287.8057, -10.928203, -32.372967
2886715478000, 288.03613, -11.125096, -32.21127
2886720500000, 288.28613, -11.30826, -32.013165
2886725466000, 288.50238, -11.480638, -31.783794
2886730818000, 288.7303, -11.635725, -31.552427
2886735494000, 288.9181, -11.783899, -31.288486
2886740506000, 289.11316, -11.9146385, -31.047068
2886745497000, 289.30078, -12.015319, -30.78411
2886750581000, 289.4854, -12.098357, -30.550074
2886755416000, 289.66516, -12.144532, -30.317585
2886760458000, 289.83722, -12.180129, -30.115446
2886765460000, 290.02087, -12.173443, -29.923248
2886770394000, 290.19153, -12.166985, -29.753622
2886775384000, 290.40787, -12.071763, -29.615305
2886780470000, 290.6114, -11.976109, -29.48272
2886785397000, 290.83667, -11.85822, -29.396353
2886790393000, 291.0539, -11.74514, -29.30828
2886795595000, 291.2461, -11.621462, -29.23577
2886800425000, 291.43655, -11.5108595, -29.15768
2886805663000, 291.61035, -11.40226, -29.082832
2886810552000, 291.78534, -11.305441, -28.99835
2886815426000, 291.9575, -11.220914, -28.915606
2886820388000, 292.12195, -11.147133, -28.821865
2886825433000, 292.27692, -11.096429, -28.729715
2886830407000, 292.4313, -11.051044, -28.628035
2886835459000, 292.5691, -11.018789, -28.529133
2886840399000, 292.70834, -11.009101, -28.41443
2886845464000, 292.83813, -10.997778, -28.308352
2886850409000, 292.96915, -11.005677, -28.186438
2886855448000, 293.09235, -11.00639, -28.08111
2886860485000, 293.20764, -11.011217, -27.989138
2886865424000, 293.32123, -10.99602, -27.908895
2886870425000, 293.4251, -10.987905, -27.863314
2886875431000, 293.52817, -10.954548, -27.836477
2886880431000, 293.6268, -10.92361, -27.828346
2886885445000, 293.7287, -10.877063, -27.83456
2886890412000, 293.8277, -10.843037, -27.869183
2886895520000, 293.9235, -10.798583, -27.907597
2886900383000, 294.0121, -10.754051, -27.953562
2886905472000, 294.09735, -10.708765, -28.009846
2886910492000, 294.1928, -10.687453, -28.059736
2886915488000, 294.28076, -10.670489, -28.120619
2886920396000, 294.36533, -10.64983, -28.190441
2886925454000, 294.45273, -10.643989, -28.241074
2886930486000, 294.53625, -10.643761, -28.306124
2886935479000, 294.6255, -10.654338, -28.353033
2886940422000, 294.715, -10.671908, -28.412546
2886945495000, 294.8117, -10.699829, -28.465433
2886950409000, 294.9082, -10.737454, -28.521633
2886955512000, 295.00143, -10.782803, -28.572084
2886960578000, 295.09583, -10.843592, -28.617167
2886965515000, 295.19608, -10.903121, -28.643915
2886970460000, 295.30032, -10.97359, -28.659548
2886975489000, 295.40216, -11.045345, -28.655476
2886980516000, 295.50467, -11.122132, -28.639
2886985506000, 295.61633, -11.184212, -28.606049
2886990473000, 295.72708, -11.246009, -28.559315
2886995718000, 295.84973, -11.291797, -28.494612
2887000503000, 295.97214, -11.3243475, -28.423954
2887005506000, 296.09174, -11.336737, -28.350262
2887010510000, 296.20862, -11.338351, -28.272945
2887015518000, 296.3121, -11.325449, -28.204962
2887020524000, 296.41208, -11.307657, -28.13575
2887025524000, 296.49387, -11.285439, -28.066063
2887030521000, 296.57465, -11.256659, -27.995485
2887035494000, 296.63907, -11.226272, -27.972082
2887040490000, 296.69806, -11.1902075, -27.951153
2887045567000, 296.7561, -11.153858, -27.95436
2887050521000, 296.81067, -11.114729, -27.95516
2887055509000, 296.86356, -11.088766, -27.972391
2887060502000, 296.9138, -11.057614, -27.991503
2887065500000, 296.968, -11.036489, -28.022146
2887070495000, 297.02353, -11.0068445, -28.06485
2887075486000, 297.07288, -10.991224, -28.109306
2887080538000, 297.12085, -10.970696, -28.166876
2887085446000, 297.16434, -10.965643, -28.242825
2887090497000, 297.2077, -10.960741, -28.333132
2887095484000, 297.24164, -10.968728, -28.44017
2887100503000, 297.27783, -10.978091, -28.559958
2887105439000, 297.30896, -11.015281, -28.673534
2887110959000, 297.33398, -11.061072, -28.792974
2887115443000, 297.35977, -11.132843, -28.904434
2887120516000, 297.3899, -11.207682, -29.000765
2887125466000, 297.4172, -11.308122, -29.09395
2887130507000, 297.4503, -11.416159, -29.171661
2887135476000, 297.49484, -11.519131, -29.23396
2887140505000, 297.54703, -11.628794, -29.278475
2887145777000, 297.61795, -11.726012, -29.3001
2887150494000, 297.69357, -11.823557, -29.307629
2887156639000, 297.77505, -11.908539, -29.307076
2887160481000, 297.85168, -11.99064, -29.303345
2887165510000, 297.93213, -12.062902, -29.30015
2887170494000, 297.9973, -12.134354, -29.295156
2887175492000, 298.05927, -12.196478, -29.295353
2887180509000, 298.1211, -12.24967, -29.30328
2887185499000, 298.18005, -12.296898, -29.317814
2887190538000, 298.2294, -12.348093, -29.325768
2887195512000, 298.2748, -12.395214, -29.33048
2887200495000, 298.3177, -12.433907, -29.337572
2887205498000, 298.35342, -12.480435, -29.340612
2887210478000, 298.39523, -12.503291, -29.342741
2887215507000, 298.43585, -12.526065, -29.345228
2887220491000, 298.47925, -12.523904, -29.34783
2887226218000, 298.5319, -12.5166235, -29.353119
2887230505000, 298.5818, -12.483845, -29.362383
2887235497000, 298.63898, -12.453844, -29.37131
2887240473000, 298.70972, -12.388419, -29.39271
2887245519000, 298.77826, -12.327131, -29.420507
2887250757000, 298.8472, -12.245966, -29.46738
2887255502000, 298.91608, -12.165169, -29.519165
2887260653000, 298.97455, -12.097246, -29.582489
2887265507000, 299.0334, -12.023822, -29.648663
2887270859000, 299.07733, -11.983873, -29.715162
2887275489000, 299.12088, -11.939573, -29.783327
2887280481000, 299.16348, -11.925949, -29.836672
2887285501000, 299.20377, -11.9112, -29.892452
2887290485000, 299.243, -11.906322, -29.941206
2887295517000, 299.27936, -11.922714, -29.976019
2887300457000, 299.31415, -11.944847, -30.004263
2887305498000, 299.3502, -11.984138, -30.022137
2887310575000, 299.3852, -12.023466, -30.034018
2887315511000, 299.39993, -12.083993, -30.03787
2887320482000, 299.41736, -12.142483, -30.041515
2887325480000, 299.43362, -12.209379, -30.03192
2887330502000, 299.44925, -12.279637, -30.025517
2887335464000, 299.46274, -12.354032, -30.003191
2887340487000, 299.47217, -12.4345875, -29.982828
2887345498000, 299.48376, -12.519046, -29.949131
2887350500000, 299.49603, -12.6018, -29.915281
2887355418000, 299.5058, -12.691688, -29.860497
2887360585000, 299.51688, -12.775223, -29.801273
2887365452000, 299.5362, -12.851408, -29.751045
2887370500000, 299.55344, -12.920474, -29.699957
2887375486000, 299.57, -12.978689, -29.650433
2887380493000, 299.58514, -13.028148, -29.603466
2887385491000, 299.5865, -13.079944, -29.564577
2887390518000, 299.58557, -13.122274, -29.532162
2887395504000, 299.58734, -13.158909, -29.514517
2887400512000, 299.5904, -13.190846, -29.502708
2887405517000, 299.60013, -13.21292, -29.49457
2887410553000, 299.6128, -13.234117, -29.491032
2887415483000, 299.6297, -13.244936, -29.495762
2887420490000, 299.648, -13.257527, -29.505856
2887425491000, 299.6673, -13.267375, -29.51205
2887430513000, 299.69495, -13.273654, -29.520054
2887435445000, 299.7131, -13.285523, -29.52062
2887440501000, 299.73868, -13.293282, -29.523746
2887445696000, 299.76044, -13.304879, -29.52698
2887450568000, 299.78992, -13.309076, -29.531034
2887455740000, 299.81348, -13.3116455, -29.535612
2887460512000, 299.844, -13.314397, -29.536491
2887465881000, 299.88406, -13.312031, -29.542
2887470497000, 299.92316, -13.311766, -29.549652
2887475506000, 299.9804, -13.305437, -29.54671
2887481105000, 300.03436, -13.304691, -29.544104
2887485505000, 300.08978, -13.295589, -29.539288
2887490519000, 300.14, -13.301757, -29.53497
2887495548000, 300.19604, -13.300742, -29.528511
2887500523000, 300.2449, -13.311641, -29.52165
2887505450000, 300.2932, -13.316138, -29.509504
2887510627000, 300.3366, -13.330523, -29.48916
2887515478000, 300.37714, -13.346705, -29.46646
2887520505000, 300.4153, -13.363751, -29.438353
2887525460000, 300.4527, -13.37604, -29.413147
2887530547000, 300.4853, -13.390625, -29.384605
2887535546000, 300.5172, -13.397131, -29.363924
2887540526000, 300.52872, -13.412082, -29.333897
2887545680000, 300.54034, -13.419919, -29.310812
2887551221000, 300.54846, -13.4348135, -29.286375
2887555482000, 300.55728, -13.446415, -29.267267
2887560480000, 300.55777, -13.458338, -29.254831
2887565557000, 300.55325, -13.476678, -29.242487
2887570525000, 300.547, -13.491882, -29.232933
2887575486000, 300.53638, -13.516709, -29.22826
2887580481000, 300.5268, -13.537504, -29.224213
2887585501000, 300.51605, -13.564844, -29.220615
2887590477000, 300.50842, -13.586914, -29.224257
2887595579000, 300.50134, -13.610896, -29.226664
2887600588000, 300.50024, -13.6244335, -29.234356
2887605527000, 300.50494, -13.635928, -29.244154
2887610591000, 300.5077, -13.651998, -29.250519
2887615518000, 300.50745, -13.664065, -29.259373
2887620424000, 300.51486, -13.674976, -29.259562
2887625475000, 300.51755, -13.682618, -29.26304
2887630483000, 300.52344, -13.689732, -29.264042
2887635510000, 300.52838, -13.693343, -29.264807
2887640501000, 300.53128, -13.6980915, -29.271887
2887645514000, 300.52707, -13.700975, -29.276035
2887650496000, 300.52826, -13.704779, -29.28937
2887655502000, 300.5265, -13.707395, -29.298645
2887660527000, 300.53802, -13.701936, -29.314999
2887665511000, 300.54596, -13.69988, -29.334698
2887670488000, 300.557, -13.697171, -29.356237
2887675491000, 300.56033, -13.699536, -29.379166
2887680476000, 300.5709, -13.700839, -29.40259
2887685507000, 300.57053, -13.704532, -29.43084
2887690477000, 300.57788, -13.70781, -29.44942
2887695565000, 300.58176, -13.717178, -29.469172
2887700494000, 300.58304, -13.725977, -29.48961
2887705464000, 300.58777, -13.736179, -29.508461
2887710498000, 300.58737, -13.750302, -29.511574
2887715476000, 300.5849, -13.765279, -29.514685
2887720535000, 300.58353, -13.782928, -29.513863
2887725474000, 300.58112, -13.797365, -29.509413
2887730592000, 300.57162, -13.81043, -29.50536
2887735518000, 300.56247, -13.826765, -29.506132
2887740774000, 300.55908, -13.828218, -29.504042
2887750575000, 300.55255, -13.83815, -29.506334
2887755404000, 300.54846, -13.8461685, -29.507076
2887760420000, 300.54858, -13.84839, -29.512085
2887765400000, 300.54285, -13.860942, -29.509024
2887770367000, 300.53918, -13.873379, -29.50985
2887775398000, 300.5383, -13.877042, -29.518969
2887780370000, 300.53812, -13.883621, -29.532564
2887785400000, 300.54465, -13.886541, -29.54886
2887790381000, 300.55304, -13.888293, -29.565178
2887795446000, 300.55826, -13.895998, -29.588343
2887800409000, 300.56647, -13.896105, -29.610106
2887806202000, 300.57202, -13.900901, -29.630579
2887810503000, 300.57858, -13.901736, -29.655668
2887815505000, 300.58096, -13.914616, -29.667738
2887825474000, 300.5831, -13.925954, -29.681438
2887830507000, 300.5716, -13.939535, -29.685162
2887835505000, 300.5577, -13.961475, -29.685532
2887840614000, 300.5437, -13.972466, -29.67853
2887845505000, 300.52783, -13.992116, -29.67205
2887850488000, 300.51733, -14.003221, -29.661482
2887855541000, 300.50525, -14.021134, -29.646198
2887860541000, 300.4925, -14.037409, -29.629072
2887865503000, 300.48288, -14.051915, -29.613993
2887870501000, 300.4732, -14.065326, -29.59824
2887876164000, 300.477, -14.068618, -29.589634
2887880509000, 300.48004, -14.070232, -29.58414
2887885490000, 300.48648, -14.069085, -29.581175
2887890486000, 300.49255, -14.063077, -29.581322
2887895513000, 300.52014, -14.059814, -29.578691
2887900497000, 300.54602, -14.052463, -29.578217
2887905508000, 300.57404, -14.044986, -29.58807
2887910575000, 300.5995, -14.041012, -29.598173
2887915454000, 300.6264, -14.030298, -29.610907
2887920493000, 300.64917, -14.024623, -29.623177
2887925445000, 300.68613, -14.016071, -29.634096
2887930507000, 300.72134, -14.0066805, -29.644623
2887935441000, 300.7512, -14.0040045, -29.651424
2887940521000, 300.78842, -13.990876, -29.660513
2887945474000, 300.81525, -13.99869, -29.66642
2887950496000, 300.84518, -13.997495, -29.668776
2887955468000, 300.85107, -14.009071, -29.666872
2887960525000, 300.85754, -14.016584, -29.66146
2887965478000, 300.8625, -14.028014, -29.655773
2887970495000, 300.8675, -14.037755, -29.649046
2887975501000, 300.8728, -14.046752, -29.643074
2887980507000, 300.88034, -14.054047, -29.640285
2887985508000, 300.8868, -14.061871, -29.633272
2887990511000, 300.89798, -14.067162, -29.630337
2887995576000, 300.91507, -14.069631, -29.631027
2888000500000, 300.93164, -14.0691395, -29.634512
2888005441000, 300.94705, -14.072552, -29.634111
2888010492000, 300.96677, -14.074706, -29.634287
2888015831000, 300.987, -14.068056, -29.637413
2888020512000, 301.00458, -14.066676, -29.637936
2888025456000, 301.0397, -14.058542, -29.631023
2888030501000, 301.06693, -14.060472, -29.627686
2888035444000, 301.09738, -14.058413, -29.619085
2888040503000, 301.12988, -14.057668, -29.607958
2888045492000, 301.15552, -14.058158, -29.604816
2888050500000, 301.1937, -14.056649, -29.591955
2888055470000, 301.2242, -14.055538, -29.58239
2888060502000, 301.25854, -14.051676, -29.57881
2888065517000, 301.28857, -14.045737, -29.577795
2888070493000, 301.3117, -14.04049, -29.578465
2888075500000, 301.3284, -14.031784, -29.583155
2888080510000, 301.3494, -14.019941, -29.592175
2888085506000, 301.3655, -14.015783, -29.604856
2888090476000, 301.37982, -14.007688, -29.6093
2888095514000, 301.39407, -13.997904, -29.61684
2888100498000, 301.39984, -13.990745, -29.62707
2888105515000, 301.4023, -13.981723, -29.634466
2888110475000, 301.4145, -13.9704, -29.64473
2888115508000, 301.42352, -13.9585905, -29.653284
2888120494000, 301.43698, -13.9570875, -29.652252
2888125472000, 301.44568, -13.95847, -29.652164
2888131187000, 301.45602, -13.958367, -29.650232
2888135499000, 301.46753, -13.965987, -29.646526
2888140473000, 301.4845, -13.965271, -29.648558
2888145515000, 301.50754, -13.963931, -29.648167
2888150655000, 301.53302, -13.966737, -29.647154
2888155502000, 301.5627, -13.96624, -29.645731
2888160748000, 301.5844, -13.965233, -29.647346
2888165488000, 301.60287, -13.969243, -29.653193
2888175523000, 301.6234, -13.96129, -29.662117
2888185500000, 301.64456, -13.957929, -29.6715
2888190486000, 301.65857, -13.95357, -29.684778
2888195525000, 301.6683, -13.954979, -29.697594
2888200485000, 301.6781, -13.950034, -29.717104
2888205514000, 301.68353, -13.9491625, -29.725393
2888210508000, 301.6942, -13.947684, -29.73551
2888215501000, 301.69992, -13.943184, -29.749308
2888220490000, 301.70328, -13.942063, -29.76219
2888225449000, 301.70895, -13.9343195, -29.769522
2888230498000, 301.70944, -13.931705, -29.775473
2888235444000, 301.7113, -13.922948, -29.787098
2888240491000, 301.71008, -13.921833, -29.796225
2888245610000, 301.71176, -13.90737, -29.816412
2888250531000, 301.71115, -13.901056, -29.839516
2888255474000, 301.71472, -13.885092, -29.853888
2888260509000, 301.7143, -13.876695, -29.86792
2888265485000, 301.72385, -13.86079, -29.88202
2888270449000, 301.73508, -13.847769, -29.891806
2888275489000, 301.74014, -13.836222, -29.90573
2888280502000, 301.75082, -13.823735, -29.918385
2888285466000, 301.75537, -13.81371, -29.93005
2888290507000, 301.75986, -13.8055525, -29.948462
2888295537000, 301.76602, -13.798032, -29.965807
2888300492000, 301.77332, -13.789568, -29.987429
2888305441000, 301.77863, -13.781186, -30.010143
2888310500000, 301.791, -13.775358, -30.027395
2888315490000, 301.80606, -13.762597, -30.049192
2888320527000, 301.81802, -13.755945, -30.064552
2888325482000, 301.83304, -13.746723, -30.082485
2888330510000, 301.84622, -13.738249, -30.09941
2888335509000, 301.86026, -13.731468, -30.119211
2888340492000, 301.87207, -13.731257, -30.1276
2888345507000, 301.88797, -13.728107, -30.134695
2888350498000, 301.9001, -13.722689, -30.1468
2888355505000, 301.91266, -13.71587, -30.163593
2888360502000, 301.92896, -13.708506, -30.171175
2888365528000, 301.93906, -13.701413, -30.186234
2888370494000, 301.95557, -13.691328, -30.191368
2888375502000, 301.9698, -13.677559, -30.198383
2888380497000, 301.9824, -13.669213, -30.21186
2888385501000, 301.9966, -13.6648245, -30.21883
2888390481000, 302.0064, -13.646832, -30.242165
2888395565000, 302.02023, -13.633242, -30.258377
2888400509000, 302.03668, -13.621787, -30.27071
2888405505000, 302.05417, -13.609453, -30.28622
2888410487000, 302.07034, -13.595543, -30.29459
2888415477000, 302.08853, -13.585093, -30.303205
2888420442000, 302.0926, -13.57829, -30.308434
2888425517000, 302.10025, -13.571574, -30.316328
2888430471000, 302.11075, -13.565905, -30.331516
2888435528000, 302.12698, -13.557962, -30.346123
2888441019000, 302.141, -13.547928, -30.359514
2888445601000, 302.15723, -13.540228, -30.371025
2888450478000, 302.18384, -13.525502, -30.387022
2888455501000, 302.21338, -13.511053, -30.400726
2888460918000, 302.2406, -13.494645, -30.413025
2888465502000, 302.26605, -13.483725, -30.424633
2888470441000, 302.29227, -13.472483, -30.434128
2888475489000, 302.31726, -13.460314, -30.448156
2888480518000, 302.33737, -13.453148, -30.458637
2888485506000, 302.36444, -13.437677, -30.471203
2888490504000, 302.38232, -13.429905, -30.485914
2888495542000, 302.40442, -13.416699, -30.496038
2888500461000, 302.42303, -13.40449, -30.505775
2888505512000, 302.4392, -13.396095, -30.516954
2888510555000, 302.4564, -13.381793, -30.526623
2888515526000, 302.47284, -13.372519, -30.543745
2888520533000, 302.48746, -13.359622, -30.558624
2888530527000, 302.49393, -13.361071, -30.560783
2888535510000, 302.50345, -13.35981, -30.562605
2888540502000, 302.50677, -13.365437, -30.559353
2888545480000, 302.51285, -13.366555, -30.553064
2888550503000, 302.52243, -13.370079, -30.54667
2888555496000, 302.52844, -13.375185, -30.53338
2888560547000, 302.53098, -13.380817, -30.521214
2888570485000, 302.54065, -13.386537, -30.511442
2888575493000, 302.54773, -13.395505, -30.496649
2888580515000, 302.55316, -13.406, -30.480095
2888585507000, 302.5673, -13.412302, -30.46061
2888590479000, 302.57355, -13.421572, -30.44236
2888595494000, 302.58777, -13.432963, -30.418232
2888600498000, 302.60132, -13.443947, -30.394176
2888605495000, 302.6136, -13.456818, -30.37503
2888610518000, 302.62384, -13.467961, -30.35796
2888615507000, 302.6306, -13.481668, -30.340136
2888620500000, 302.6325, -13.495531, -30.321178
2888625476000, 302.63644, -13.508606, -30.306908
2888630505000, 302.63925, -13.519362, -30.293026
2888635504000, 302.62946, -13.539716, -30.272287
2888640468000, 302.62067, -13.55884, -30.25587
2888645532000, 302.61102, -13.577438, -30.233622
2888650498000, 302.601, -13.592536, -30.21238
2888655500000, 302.59393, -13.611019, -30.191044
2888660505000, 302.5869, -13.625474, -30.169266
2888665481000, 302.57947, -13.642644, -30.149797
2888670499000, 302.57614, -13.654112, -30.128141
2888675483000, 302.5718, -13.668962, -30.116669
2888680486000, 302.57056, -13.680454, -30.10337
2888685524000, 302.57068, -13.689151, -30.090467
2888695616000, 302.56488, -13.700824, -30.081484
2888700559000, 302.5695, -13.708608, -30.066505
2888705519000, 302.5639, -13.720418, -30.057322
2888710486000, 302.55762, -13.736074, -30.043484
2888715551000, 302.55313, -13.745596, -30.027943
2888720476000, 302.5462, -13.759411, -30.012394
2888725488000, 302.54666, -13.769814, -29.99523
2888730501000, 302.54684, -13.780811, -29.978767
2888735455000, 302.54535, -13.795456, -29.968275
2888740495000, 302.5452, -13.809138, -29.957216
2888745485000, 302.5438, -13.824178, -29.946844
2888750572000, 302.54474, -13.835895, -29.938047
2888755393000, 302.55057, -13.847024, -29.928278
2888765378000, 302.5507, -13.857461, -29.911694
2888770395000, 302.5581, -13.868675, -29.895435
2888775373000, 302.56793, -13.873633, -29.882568
2888780403000, 302.57648, -13.881679, -29.873701
2888785364000, 302.58627, -13.886853, -29.86397
2888790386000, 302.5889, -13.89575, -29.852802
2888795395000, 302.5901, -13.903676, -29.840153
2888800434000, 302.5926, -13.910642, -29.830482
2888805452000, 302.59393, -13.9171, -29.820625
2888810517000, 302.5943, -13.923503, -29.812866
2888815466000, 302.59717, -13.928234, -29.804544
2888820497000, 302.6095, -13.930129, -29.798153
2888825483000, 302.6228, -13.929679, -29.789167
2888830519000, 302.64117, -13.92733, -29.785048
2888835484000, 302.6543, -13.925789, -29.780117
2888840474000, 302.67023, -13.923367, -29.775406
2888845585000, 302.68417, -13.922332, -29.767954
2888850531000, 302.7002, -13.913359, -29.770094
2888855530000, 302.71732, -13.906224, -29.771902
2888860497000, 302.73087, -13.903977, -29.778364
2888865508000, 302.74606, -13.902929, -29.783024
2888870490000, 302.7615, -13.900749, -29.791122
2888875487000, 302.7773, -13.898987, -29.80066
2888885498000, 302.80005, -13.890212, -29.819508
2888890479000, 302.82574, -13.884567, -29.835165
2888895516000, 302.84814, -13.871665, -29.851824
2888900486000, 302.86765, -13.868383, -29.868956
2888905499000, 302.88095, -13.866287, -29.886768
2888910474000, 302.90332, -13.854306, -29.901606
2888915506000, 302.91718, -13.853643, -29.922087
2888920490000, 302.9194, -13.850808, -29.9343
2888925477000, 302.9212, -13.853922, -29.946478
2888930506000, 302.92258, -13.856324, -29.956697
2888935501000, 302.92548, -13.8581505, -29.970531
2888940477000, 302.9355, -13.854498, -29.97568
2888945560000, 302.944, -13.853966, -29.98635
2888950480000, 302.9571, -13.853249, -29.993914
2888955495000, 302.9762, -13.846189, -30.003717
2888960504000, 302.99524, -13.833805, -30.02389
2888965507000, 303.01593, -13.820889, -30.043194
2888970489000, 303.03305, -13.805268, -30.068247
2888975486000, 303.04886, -13.79387, -30.091747
2888980483000, 303.0656, -13.778491, -30.112791
2888985499000, 303.07962, -13.765976, -30.138317
2888990470000, 303.08716, -13.747769, -30.153456
2888995515000, 303.09314, -13.733013, -30.164568
2889000470000, 303.1089, -13.713981, -30.174404
2889005491000, 303.12845, -13.694603, -30.17401
2889010496000, 303.14124, -13.681807, -30.17662
2889015507000, 303.15588, -13.66555, -30.17716
2889020513000, 303.1604, -13.651681, -30.180832
2889025475000, 303.16187, -13.637531, -30.185389
2889030491000, 303.163, -13.626448, -30.186182
2889035507000, 303.1645, -13.617618, -30.188517
2889040482000, 303.15, -13.624753, -30.18928
2889045540000, 303.1367, -13.624674, -30.189005
2889050455000, 303.12665, -13.632978, -30.190292
2889055496000, 303.1121, -13.639517, -30.189777
2889060482000, 303.09872, -13.6491, -30.186974
2889070452000, 303.08353, -13.658207, -30.18594
2889075484000, 303.07376, -13.663773, -30.185812
2889080503000, 303.06897, -13.665405, -30.181688
2889085498000, 303.0624, -13.672814, -30.17799
2889090488000, 303.05777, -13.67234, -30.174595
2889095508000, 303.05655, -13.670427, -30.186094
2889100479000, 303.05548, -13.668616, -30.192444
2889105491000, 303.05173, -13.670358, -30.200247
2889110503000, 303.0509, -13.670018, -30.207209
2889115503000, 303.05206, -13.666749, -30.212593
2889120492000, 303.05103, -13.6678915, -30.213142
2889125474000, 303.03708, -13.672731, -30.212303
2889130511000, 303.02637, -13.679634, -30.210947
2889135505000, 303.0113, -13.689693, -30.210367
2889140470000, 303.0034, -13.693952, -30.208729
2889145542000, 302.98938, -13.699241, -30.206848
2889150503000, 302.9837, -13.700133, -30.20461
2889155509000, 302.9769, -13.7060175, -30.197989
2889160515000, 302.97623, -13.705655, -30.195116
2889165499000, 302.97925, -13.70455, -30.19033
2889170497000, 302.9823, -13.705963, -30.188612
2889175474000, 302.98105, -13.7041235, -30.182869
2889180502000, 302.9829, -13.701711, -30.177578
2889185502000, 302.98257, -13.704265, -30.166704
2889190487000, 302.98117, -13.7022705, -30.161135
2889195496000, 302.9809, -13.701403, -30.153858
2889200498000, 302.97574, -13.703199, -30.150885
2889205516000, 302.9777, -13.694188, -30.151628
2889210504000, 302.974, -13.695775, -30.157778
2889215497000, 302.96902, -13.696837, -30.160559
2889220494000, 302.96753, -13.695664, -30.16677
2889225467000, 302.962, -13.689406, -30.181133
2889230503000, 302.9603, -13.678899, -30.19594
2889235464000, 302.95685, -13.675563, -30.206673
2889240475000, 302.95425, -13.665062, -30.216677
2889245482000, 302.9425, -13.661164, -30.237114
2889250504000, 302.93515, -13.649749, -30.253862
2889255438000, 302.9287, -13.647912, -30.264734
2889260524000, 302.92377, -13.643829, -30.274084
2889265455000, 302.91956, -13.641875, -30.284687
2889270510000, 302.91486, -13.638128, -30.294617
2889275476000, 302.91193, -13.635224, -30.300356
2889280513000, 302.90463, -13.638168, -30.30696
2889285465000, 302.88702, -13.630414, -30.319824
2889290466000, 302.86755, -13.626037, -30.331816
2889295793000, 302.85297, -13.620957, -30.345608
2889300502000, 302.83292, -13.621711, -30.359348
2889305798000, 302.81927, -13.616093, -30.357199
2889310535000, 302.806, -13.617405, -30.352505
2889315451000, 302.7954, -13.614107, -30.352455
2889320484000, 302.77847, -13.615611, -30.34796
2889325458000, 302.76974, -13.609334, -30.344828
2889330502000, 302.75177, -13.606366, -30.34522
2889335451000, 302.7318, -13.60359, -30.344769
2889340478000, 302.71576, -13.597805, -30.34469
2889345561000, 302.69855, -13.59174, -30.345732
2889350517000, 302.69, -13.5848055, -30.34614
2889360523000, 302.68204, -13.576983, -30.349102
2889365508000, 302.6685, -13.567442, -30.352228
2889370496000, 302.65527, -13.562967, -30.351112
2889375495000, 302.64297, -13.55685, -30.35492
2889380480000, 302.63095, -13.553785, -30.35336
2889385489000, 302.61893, -13.555012, -30.356955
2889390489000, 302.6059, -13.550398, -30.356033
2889395582000, 302.5976, -13.549698, -30.354393
2889400636000, 302.58206, -13.54581, -30.352215
2889405493000, 302.57324, -13.548008, -30.349619
2889410476000, 302.5765, -13.543644, -30.33911
2889415527000, 302.58167, -13.541877, -30.333218
2889420476000, 302.58435, -13.541302, -30.324228
2889425481000, 302.58942, -13.541077, -30.317444
2889430502000, 302.59995, -13.539016, -30.312405
2889435502000, 302.61136, -13.5333185, -30.312004
2889440469000, 302.62427, -13.537288, -30.297974
2889445511000, 302.63422, -13.5372925, -30.288485
2889450501000, 302.64835, -13.53469, -30.282751
2889455541000, 302.66006, -13.537401, -30.275267
2889460513000, 302.66907, -13.536112, -30.263826
2889465503000, 302.68243, -13.535838, -30.25927
2889470494000, 302.6909, -13.537058, -30.249668
2889475487000, 302.7019, -13.53716, -30.241493
2889480507000, 302.71127, -13.526111, -30.24649
2889485498000, 302.72156, -13.520271, -30.251883
2889490471000, 302.73117, -13.508309, -30.259533
2889495529000, 302.74258, -13.499581, -30.26601
2889500427000, 302.75284, -13.488127, -30.273119
2889505541000, 302.7622, -13.4790535, -30.280355
2889510496000, 302.76758, -13.46705, -30.289896
2889515513000, 302.76666, -13.460105, -30.305288
2889520497000, 302.7701, -13.4483185, -30.312405
2889525475000, 302.77087, -13.439286, -30.322908
2889530801000, 302.77386, -13.426089, -30.334036
2889535505000, 302.77655, -13.41571, -30.345867
2889540479000, 302.77667, -13.409286, -30.354708
2889545546000, 302.77927, -13.398486, -30.367638
2889550457000, 302.7792, -13.393565, -30.375105
2889555492000, 302.78073, -13.384312, -30.386898
2889560547000, 302.78088, -13.376918, -30.395828
2889565505000, 302.78793, -13.363955, -30.400738
2889570493000, 302.79205, -13.351956, -30.40514
2889575482000, 302.79678, -13.335936, -30.410221
2889580504000, 302.80188, -13.324583, -30.414227
2889585502000, 302.8123, -13.313629, -30.41955
2889590472000, 302.82004, -13.301639, -30.427315
2889595500000, 302.8246, -13.295214, -30.43428
2889600500000, 302.8231, -13.289927, -30.440958
2889605500000, 302.8302, -13.284732, -30.454327
2889610512000, 302.8318, -13.282608, -30.46422
2889615503000, 302.83173, -13.275086, -30.482267
2889620489000, 302.83224, -13.268778, -30.499609
2889625473000, 302.83203, -13.26207, -30.513847
2889635506000, 302.82922, -13.257057, -30.526373
2889640467000, 302.84296, -13.258694, -30.515146
2889645506000, 302.853, -13.270561, -30.501223
2889650510000, 302.86304, -13.277561, -30.488167
2889655470000, 302.86743, -13.282749, -30.485298
2889660493000, 302.86865, -13.289132, -30.483496
2889665443000, 302.87643, -13.288775, -30.48253
2889670503000, 302.87766, -13.298513, -30.481874
2889675467000, 302.88788, -13.294399, -30.485914
2889680497000, 302.90067, -13.297383, -30.483511
2889685457000, 302.91302, -13.293258, -30.488356
2889690487000, 302.92117, -13.293125, -30.48575
2889695489000, 302.93488, -13.289973, -30.485817
2889700483000, 302.94733, -13.289094, -30.486605
2889705465000, 302.94232, -13.288102, -30.485836
2889710526000, 302.93854, -13.288738, -30.48932
2889715476000, 302.93726, -13.28314, -30.492249
2889720516000, 302.9328, -13.279366, -30.496244
2889725485000, 302.91357, -13.278383, -30.506094
2889730521000, 302.8958, -13.274835, -30.514515
2889735477000, 302.8645, -13.277468, -30.532787
2889740536000, 302.83487, -13.2720785, -30.54765
2889745581000, 302.80612, -13.27164, -30.56742
2889750527000, 302.77728, -13.263687, -30.58709
2889755585000, 302.74274, -13.260305, -30.611256
2889760642000, 302.71036, -13.254011, -30.639551
2889765364000, 302.67126, -13.255557, -30.662287
2889770395000, 302.633, -13.258081, -30.681648
2889775389000, 302.59717, -13.255313, -30.704197
2889780373000, 302.56656, -13.259186, -30.726505
2889785596000, 302.53427, -13.2587185, -30.750694
2889790377000, 302.50635, -13.260772, -30.770435
2889795671000, 302.47144, -13.258739, -30.803978
2889800434000, 302.43695, -13.252209, -30.834951
2889805479000, 302.40567, -13.2515335, -30.860239
2889810500000, 302.37494, -13.251103, -30.8851
2889815470000, 302.34628, -13.251483, -30.905197
2889820500000, 302.32025, -13.249361, -30.922094
2889825459000, 302.2947, -13.248754, -30.934385
2889830476000, 302.27783, -13.256718, -30.930933
2889835446000, 302.2673, -13.261741, -30.922977
2889840485000, 302.25476, -13.273096, -30.915503
2889845524000, 302.24472, -13.280592, -30.90651
2889850498000, 302.2397, -13.2857275, -30.899218
2889855478000, 302.22864, -13.292377, -30.890862
2889860522000, 302.2444, -13.2911005, -30.880558
2889865503000, 302.2564, -13.290335, -30.872604
2889870500000, 302.27335, -13.2926445, -30.85227
2889875509000, 302.2879, -13.292116, -30.836763
2889880511000, 302.303, -13.297621, -30.819757
2889885519000, 302.31717, -13.302568, -30.805693
2889890474000, 302.3305, -13.311263, -30.787706
2889895559000, 302.3484, -13.321513, -30.7701
2889900489000, 302.3648, -13.329834, -30.755135
2889905502000, 302.37778, -13.339781, -30.740326
2889910503000, 302.39783, -13.346191, -30.717957
2889915517000, 302.41232, -13.353724, -30.702246
2889920495000, 302.43207, -13.362784, -30.675972
2889925485000, 302.4533, -13.370948, -30.655025
2889930508000, 302.48465, -13.372858, -30.636827
2889935501000, 302.51584, -13.372323, -30.62182
2889940471000, 302.54068, -13.373941, -30.610245
2889945576000, 302.56836, -13.3732195, -30.600937
2889950493000, 302.59598, -13.367166, -30.591965
2889955497000, 302.6217, -13.362771, -30.58079
2889960474000, 302.64807, -13.356693, -30.57338
2889965514000, 302.67645, -13.350084, -30.565384
2889970499000, 302.6975, -13.348879, -30.549402
2889975497000, 302.72177, -13.34901, -30.535122
2889980506000, 302.73572, -13.336609, -30.53199
2889985502000, 302.7491, -13.329509, -30.529926
2889990469000, 302.76434, -13.316121, -30.528637
2889995587000, 302.77512, -13.313593, -30.527649
2890000498000, 302.77454, -13.3061905, -30.533657
2890005504000, 302.7684, -13.305509, -30.539452
2890010487000, 302.76627, -13.300842, -30.547907
2890015512000, 302.7629, -13.297161, -30.555931
2890020494000, 302.75616, -13.294894, -30.569658
2890025479000, 302.74878, -13.291656, -30.579662
2890030467000, 302.74408, -13.282001, -30.590572
2890035513000, 302.7437, -13.267837, -30.603975
2890040475000, 302.73856, -13.25803, -30.612177
2890045548000, 302.7356, -13.246231, -30.621479
2890050520000, 302.72733, -13.231514, -30.632837
2890055497000, 302.71848, -13.219561, -30.641195
2890065551000, 302.70706, -13.2043295, -30.651102
2890070484000, 302.70105, -13.191288, -30.654003
2890075501000, 302.69067, -13.184671, -30.654713
2890080512000, 302.68466, -13.180338, -30.658527
2890085522000, 302.67838, -13.175868, -30.661085
2890090482000, 302.66492, -13.174295, -30.668007
2890095565000, 302.6527, -13.170842, -30.67517
2890100503000, 302.63797, -13.169616, -30.68336
2890105549000, 302.62527, -13.171233, -30.689909
2890110596000, 302.61426, -13.168028, -30.69604
2890115537000, 302.6005, -13.169888, -30.705275
2890120572000, 302.5708, -13.182144, -30.70817
2890125476000, 302.53656, -13.194208, -30.714674
2890130831000, 302.50565, -13.206102, -30.72195
2890135534000, 302.47305, -13.217663, -30.735144
2890140447000, 302.4411, -13.224572, -30.743673
2890145558000, 302.4111, -13.235003, -30.751032
2890150463000, 302.3776, -13.24409, -30.764597
2890155516000, 302.35522, -13.24639, -30.777824
2890160460000, 302.3315, -13.25318, -30.79582
2890165528000, 302.30798, -13.253723, -30.809011
2890170419000, 302.28766, -13.259589, -30.822897
2890175518000, 302.26578, -13.266374, -30.82878
2890180457000, 302.24243, -13.272022, -30.836163
2890185518000, 302.21906, -13.281715, -30.845362
2890190422000, 302.19653, -13.289892, -30.85467
2890195551000, 302.15756, -13.30525, -30.868826
2890200500000, 302.122, -13.319956, -30.883505
2890205524000, 302.08838, -13.329705, -30.896044
2890210530000, 302.04977, -13.345501, -30.910107
2890215504000, 302.01968, -13.350716, -30.926483
2890220491000, 301.9831, -13.365982, -30.944212
2890225487000, 301.95676, -13.370821, -30.954514
2890230492000, 301.9303, -13.385091, -30.96101
2890235532000, 301.9045, -13.393646, -30.969421
2890240529000, 301.8783, -13.406193, -30.974072
2890245526000, 301.86334, -13.417394, -30.973528
2890250521000, 301.84412, -13.430796, -30.974072
2890255495000, 301.82687, -13.437734, -30.975288
2890260588000, 301.8123, -13.447598, -30.984974
2890265513000, 301.7912, -13.450033, -30.988543
2890270485000, 301.7791, -13.455538, -30.99663
2890275500000, 301.76483, -13.459196, -30.997885
2890280477000, 301.74976, -13.465394, -31.008493
2890285514000, 301.73187, -13.468478, -31.01638
2890290479000, 301.724, -13.471152, -31.02164
2890295488000, 301.71997, -13.475215, -31.028429
2890300507000, 301.71826, -13.476024, -31.03679
2890305496000, 301.7091, -13.485191, -31.036345
2890310506000, 301.69617, -13.491684, -31.040337
2890315528000, 301.68665, -13.500649, -31.039484
2890320492000, 301.67612, -13.508406, -31.043194
2890325505000, 301.6844, -13.507658, -31.039927
2890330541000, 301.69476, -13.507065, -31.038998
2890335495000, 301.70352, -13.504867, -31.032862
2890340478000, 301.71555, -13.500522, -31.02844
2890345488000, 301.72333, -13.493234, -31.025837
2890350503000, 301.73032, -13.4905615, -31.02513
2890355498000, 301.7442, -13.480936, -31.018326
2890360489000, 301.7466, -13.477642, -31.017235
2890365521000, 301.76743, -13.463827, -31.011889
2890370698000, 301.78162, -13.454878, -31.010248
2890375500000, 301.78894, -13.442825, -31.007416
2890380552000, 301.7964, -13.429644, -31.004602
2890385594000, 301.8021, -13.42393, -31.003878
2890390489000, 301.80768, -13.40943, -31.006105
2890395612000, 301.81543, -13.401693, -31.004446
2890400529000, 301.81964, -13.403828, -30.992298
2890405498000, 301.82764, -13.403307, -30.978247
2890410476000, 301.8228, -13.412487, -30.97029
2890415529000, 301.81677, -13.41927, -30.96728
2890425483000, 301.81213, -13.430131, -30.964106
2890430476000, 301.8118, -13.438504, -30.963327
2890435504000, 301.81955, -13.444202, -30.963894
2890440475000, 301.84164, -13.447104, -30.963722
2890445603000, 301.85962, -13.450385, -30.965105
2890450476000, 301.878, -13.453839, -30.962257
2890455500000, 301.90012, -13.4577, -30.961988
2890460476000, 301.92017, -13.460773, -30.962095
2890465516000, 301.93933, -13.463019, -30.963778
2890470490000, 301.9739, -13.446096, -30.973711
2890475489000, 302.00323, -13.4288225, -30.98366
2890480464000, 302.03693, -13.410427, -30.996222
2890485505000, 302.06796, -13.392262, -31.01327
2890490475000, 302.09866, -13.372556, -31.024244
2890495578000, 302.12686, -13.354883, -31.03815
2890500911000, 302.14154, -13.340182, -31.050924
2890505496000, 302.15353, -13.32585, -31.062305
2890510851000, 302.17435, -13.302914, -31.075115
2890515504000, 302.1898, -13.284738, -31.089748
2890520441000, 302.20746, -13.263693, -31.104198
2890525484000, 302.224, -13.247755, -31.114868
2890530474000, 302.23737, -13.229407, -31.124342
2890535508000, 302.24872, -13.2149315, -31.130901
2890540481000, 302.25916, -13.203164, -31.134937
2890545521000, 302.27182, -13.190626, -31.130247
2890550504000, 302.28818, -13.177049, -31.128893
2890555505000, 302.29855, -13.167354, -31.128885
2890560569000, 302.31155, -13.160472, -31.130041
2890565518000, 302.31763, -13.154246, -31.13182
2890570510000, 302.32626, -13.14626, -31.13458
2890575491000, 302.32184, -13.151207, -31.138842
2890580533000, 302.31433, -13.15484, -31.144678
2890585510000, 302.30838, -13.160237, -31.153221
2890595600000, 302.30557, -13.1601515, -31.156548
2890600534000, 302.29742, -13.1779, -31.165083
2890605497000, 302.29205, -13.189512, -31.169155
2890610488000, 302.28555, -13.20603, -31.176414
2890615505000, 302.2848, -13.214615, -31.17491
2890620489000, 302.28094, -13.226126, -31.172783
2890625476000, 302.27588, -13.238859, -31.173273
2890630499000, 302.27234, -13.252059, -31.169243
2890635500000, 302.26834, -13.266955, -31.165201
2890640468000, 302.26453, -13.27735, -31.16076
2890645501000, 302.25946, -13.294054, -31.155336
2890650503000, 302.2568, -13.306175, -31.155212
2890655513000, 302.2588, -13.322494, -31.148006
2890660479000, 302.25275, -13.337997, -31.146759
2890665506000, 302.25702, -13.354809, -31.144184
2890670495000, 302.25513, -13.371397, -31.141075
2890675475000, 302.252, -13.389856, -31.141865
2890680487000, 302.2544, -13.402431, -31.139978
2890685464000, 302.2518, -13.421828, -31.130716
2890690489000, 302.24988, -13.435452, -31.123772
2890695495000, 302.25214, -13.450535, -31.113699
2890700482000, 302.2449, -13.46739, -31.110825
2890705431000, 302.23685, -13.482599, -31.10289
2890710485000, 302.22134, -13.499671, -31.097702
2890715467000, 302.2243, -13.505311, -31.094778
2890720480000, 302.22668, -13.511188, -31.091337
2890730487000, 302.2328, -13.5120735, -31.09232
2890735463000, 302.23474, -13.512995, -31.093943
2890740504000, 302.24463, -13.510032, -31.102058
2890750572000, 302.25662, -13.497886, -31.106453
2890755392000, 302.26028, -13.498323, -31.108139
2890760415000, 302.26593, -13.4955, -31.111538
2890765399000, 302.26923, -13.489496, -31.117544
2890770396000, 302.26764, -13.489237, -31.12818
2890775397000, 302.27002, -13.4860115, -31.136715
2890780426000, 302.27423, -13.481915, -31.137596
2890785406000, 302.27496, -13.482428, -31.14577
2890790401000, 302.2787, -13.479189, -31.14521
2890795427000, 302.2835, -13.4731865, -31.14785
2890800420000, 302.28473, -13.465824, -31.154089
2890805405000, 302.29016, -13.456009, -31.156496
2890810592000, 302.28934, -13.452174, -31.164919
2890815482000, 302.29178, -13.446964, -31.167915
2890820490000, 302.2916, -13.447176, -31.174372
2890825559000, 302.2867, -13.445205, -31.177057
2890830542000, 302.2823, -13.44565, -31.18423
2890835775000, 302.26443, -13.454272, -31.191929
2890840480000, 302.2509, -13.455953, -31.20133
2890845910000, 302.23123, -13.4669075, -31.210228
2890850497000, 302.2198, -13.468587, -31.219185
2890855503000, 302.2056, -13.473528, -31.227604
2890860516000, 302.19254, -13.480803, -31.236958
2890865507000, 302.1824, -13.4805355, -31.243414
2890870498000, 302.1844, -13.481923, -31.25453
2890875488000, 302.18732, -13.47973, -31.263899
2890880490000, 302.1917, -13.475788, -31.273098
2890885495000, 302.1985, -13.470229, -31.286146
2890890506000, 302.19196, -13.47158, -31.294552
2890895571000, 302.19348, -13.468383, -31.304272
2890900503000, 302.1921, -13.467154, -31.31464
2890905503000, 302.19528, -13.464898, -31.323328
2890910498000, 302.20276, -13.456694, -31.336775
2890915520000, 302.20856, -13.448211, -31.349379
2890920443000, 302.2166, -13.440851, -31.361021
2890925476000, 302.22427, -13.432764, -31.373768
2890930483000, 302.22894, -13.418409, -31.386618
2890935506000, 302.23648, -13.40608, -31.398815
2890945497000, 302.23352, -13.394802, -31.414732
2890950504000, 302.22974, -13.382504, -31.425732
2890955504000, 302.2177, -13.377668, -31.429438
2890960478000, 302.2, -13.381522, -31.436356
2890965472000, 302.18823, -13.380985, -31.439114
2890970659000, 302.1711, -13.389433, -31.438223
2890975480000, 302.15665, -13.397096, -31.438137
2890980724000, 302.1585, -13.397804, -31.435682
2890985540000, 302.1622, -13.397446, -31.433739
2890991628000, 302.16208, -13.400482, -31.432398
2890995583000, 302.1703, -13.399898, -31.433374
2891000477000, 302.17084, -13.40664, -31.42557
2891005495000, 302.1769, -13.409799, -31.418428
2891010470000, 302.17932, -13.415954, -31.413933
2891015512000, 302.18637, -13.419606, -31.408976
2891020444000, 302.19064, -13.423311, -31.402523
2891025512000, 302.19595, -13.424696, -31.397493
2891030499000, 302.20084, -13.422928, -31.38969
2891035519000, 302.20245, -13.421292, -31.39196
2891040496000, 302.2036, -13.415823, -31.394407
2891045507000, 302.19534, -13.416206, -31.395336
2891050510000, 302.19156, -13.413993, -31.400755
2891055514000, 302.18536, -13.405033, -31.398834
2891060497000, 302.1811, -13.39927, -31.40152
2891065513000, 302.17923, -13.388255, -31.403576
2891070498000, 302.17606, -13.3801775, -31.40264
2891075493000, 302.1722, -13.373684, -31.395903
2891080487000, 302.1766, -13.368101, -31.390818
2891085505000, 302.17325, -13.353635, -31.380274
2891090471000, 302.17358, -13.338572, -31.371374
2891095530000, 302.17725, -13.328538, -31.36059
2891100532000, 302.18256, -13.314552, -31.348413
2891105518000, 302.18387, -13.30835, -31.341316
2891110593000, 302.18524, -13.301149, -31.332836
2891115531000, 302.18652, -13.288514, -31.328623
2891120515000, 302.18362, -13.276762, -31.324842
2891125537000, 302.1833, -13.267541, -31.317135
2891130472000, 302.17914, -13.257104, -31.316046
2891135516000, 302.19324, -13.246005, -31.312267
2891140515000, 302.2027, -13.238433, -31.310875
2891145526000, 302.2019, -13.23011, -31.315191
2891150532000, 302.19977, -13.224821, -31.318184
2891155516000, 302.1904, -13.2220125, -31.325487
2891160521000, 302.1785, -13.222782, -31.331837
2891165526000, 302.18326, -13.218551, -31.346447
2891170495000, 302.18918, -13.214744, -31.363703
2891175479000, 302.197, -13.206656, -31.37808
2891180510000, 302.2025, -13.203389, -31.394651
2891185483000, 302.20825, -13.19948, -31.404945
2891190526000, 302.20984, -13.202239, -31.415442
2891195545000, 302.23615, -13.195851, -31.426643
2891200552000, 302.26086, -13.191767, -31.441158
2891205487000, 302.2912, -13.185237, -31.453663
2891210488000, 302.32297, -13.171731, -31.468649
2891215493000, 302.35724, -13.157184, -31.483011
2891220467000, 302.38867, -13.141967, -31.498428
2891225460000, 302.42444, -13.127634, -31.509941
2891230482000, 302.46057, -13.105533, -31.516226
2891235538000, 302.4983, -13.084434, -31.521269
2891240494000, 302.5338, -13.061186, -31.525713
2891245534000, 302.56473, -13.042902, -31.526287
2891250509000, 302.579, -13.020876, -31.534025
2891255495000, 302.58682, -13.002384, -31.536512
2891260499000, 302.6027, -12.978369, -31.535908
2891265526000, 302.61005, -12.961464, -31.537716
2891270487000, 302.62115, -12.937832, -31.539532
2891275484000, 302.6283, -12.920621, -31.54134
2891280480000, 302.63742, -12.901288, -31.546297
2891285505000, 302.6421, -12.886446, -31.555653
2891290467000, 302.6507, -12.870903, -31.559464
2891295540000, 302.6565, -12.854611, -31.565062
2891300495000, 302.6495, -12.848704, -31.567812
2891305521000, 302.64255, -12.8385515, -31.572569
2891310494000, 302.63605, -12.831476, -31.574575
2891315526000, 302.62787, -12.824377, -31.579908
2891320479000, 302.64017, -12.814562, -31.580994
2891330457000, 302.64484, -12.80687, -31.589903
2891335508000, 302.6573, -12.801033, -31.592533
2891340499000, 302.66257, -12.799634, -31.594366
2891345522000, 302.6708, -12.797204, -31.594608
2891350485000, 302.67886, -12.794844, -31.593801
2891355495000, 302.69043, -12.793879, -31.594065
2891365506000, 302.6949, -12.79491, -31.599937
2891370496000, 302.7059, -12.799954, -31.599556
2891375483000, 302.7107, -12.796964, -31.610199
2891380479000, 302.71753, -12.797681, -31.6175
2891385534000, 302.7195, -12.798441, -31.626469
2891390484000, 302.72946, -12.79307, -31.633379
2891395621000, 302.7317, -12.796483, -31.638548
2891400473000, 302.7353, -12.794709, -31.644505
2891410472000, 302.75122, -12.792921, -31.64623
2891415511000, 302.76083, -12.792629, -31.649185
2891420479000, 302.77588, -12.790408, -31.651041
2891425473000, 302.78857, -12.786701, -31.652948
2891430500000, 302.80026, -12.781716, -31.656445
2891435500000, 302.8133, -12.771787, -31.661106
2891440501000, 302.82312, -12.767372, -31.66674
2891445595000, 302.83844, -12.754509, -31.66977
2891450524000, 302.8454, -12.744908, -31.673107
2891455501000, 302.8768, -12.731242, -31.67205
2891460504000, 302.90784, -12.71786, -31.668558
2891465507000, 302.93124, -12.705015, -31.666025
2891470493000, 302.95844, -12.690463, -31.667557
2891475486000, 302.98346, -12.68247, -31.668531
2891480510000, 303.0035, -12.674875, -31.672882
2891485502000, 303.02417, -12.663642, -31.678165
2891490470000, 303.04865, -12.654692, -31.679739
2891495567000, 303.06525, -12.64755, -31.689228
2891500515000, 303.08856, -12.639596, -31.690481
2891505523000, 303.0975, -12.632005, -31.694782
2891510497000, 303.1055, -12.62692, -31.701445
2891515504000, 303.113, -12.617372, -31.708523
2891520489000, 303.1223, -12.611392, -31.712427
2891525474000, 303.1206, -12.610424, -31.714825
2891530539000, 303.11868, -12.611403, -31.711529
2891535505000, 303.12222, -12.618587, -31.698643
2891540483000, 303.12238, -12.626124, -31.68839
2891545531000, 303.11996, -12.635377, -31.67539
2891550510000, 303.12445, -12.639484, -31.664743
2891555495000, 303.11887, -12.653507, -31.65797
2891560515000, 303.11237, -12.662904, -31.64823
2891565501000, 303.11072, -12.669544, -31.640432
2891570494000, 303.10648, -12.679327, -31.625381
2891575468000, 303.0969, -12.691017, -31.611946
2891580504000, 303.09183, -12.699896, -31.593718
2891585471000, 303.08224, -12.713361, -31.586857
2891590474000, 303.07834, -12.7195425, -31.57723
2891595546000, 303.07126, -12.723421, -31.574991
2891600500000, 303.07547, -12.727253, -31.570349
2891605471000, 303.06857, -12.738474, -31.563545
2891610497000, 303.06686, -12.745363, -31.556812
2891615477000, 303.05676, -12.756857, -31.554008
2891620492000, 303.04703, -12.759596, -31.547813
2891630166000, 303.02524, -12.781924, -31.541069
2891630996000, 303.0053, -12.794372, -31.534489
2891635497000, 302.98755, -12.810572, -31.526794
2891640507000, 302.96704, -12.825912, -31.52159
2891645604000, 302.9487, -12.841405, -31.513147
2891650496000, 302.93292, -12.857287, -31.508488
2891655491000, 302.92865, -12.858137, -31.511837
2891660510000, 302.92505, -12.858069, -31.513664
2891665505000, 302.92084, -12.864905, -31.517225
2891670500000, 302.91, -12.86852, -31.519695
2891675486000, 302.90475, -12.873511, -31.519522
2891680501000, 302.89868, -12.875763, -31.522175
2891690470000, 302.88602, -12.8830185, -31.520588
2891695501000, 302.87534, -12.892056, -31.515116
2891700491000, 302.86505, -12.891757, -31.512968
2891705484000, 302.8562, -12.892926, -31.51653
2891710500000, 302.84308, -12.898252, -31.520937
2891715485000, 302.8352, -12.894683, -31.52214
2891720508000, 302.83157, -12.895467, -31.52361
2891725469000, 302.82272, -12.898673, -31.523357
2891730501000, 302.82104, -12.895198, -31.52192
2891735447000, 302.8166, -12.903422, -31.517492
2891740497000, 302.81494, -12.908701, -31.514788
2891745449000, 302.8176, -12.908796, -31.510302
2891750598000, 302.81512, -12.913058, -31.51021
2891755359000, 302.82523, -12.907002, -31.510612
2891760407000, 302.835, -12.902629, -31.51163
2891765357000, 302.84586, -12.897916, -31.511692
2891770394000, 302.8493, -12.894816, -31.5109
2891775372000, 302.85187, -12.886051, -31.517578
2891780406000, 302.85193, -12.8779335, -31.523138
2891785381000, 302.85196, -12.878919, -31.521862
2891790377000, 302.85706, -12.872734, -31.521063
2891795431000, 302.85983, -12.872999, -31.5192
2891800455000, 302.86478, -12.864623, -31.517828
2891805497000, 302.87323, -12.860543, -31.520906
2891810541000, 302.88437, -12.8531475, -31.519703
2891815595000, 302.891, -12.847346, -31.51965
2891820499000, 302.90204, -12.84179, -31.515553
2891825586000, 302.91077, -12.835712, -31.511238
2891830511000, 302.91998, -12.832512, -31.509228
2891835503000, 302.92987, -12.828059, -31.506311
2891840490000, 302.94022, -12.825081, -31.499132
2891845502000, 302.95337, -12.822378, -31.497026
2891850509000, 302.96625, -12.81719, -31.491066
2891855446000, 302.9795, -12.813983, -31.482527
2891860480000, 302.99124, -12.809315, -31.47823
2891865527000, 303.00162, -12.806743, -31.472696
2891870508000, 303.01514, -12.806133, -31.468603
2891875639000, 303.0297, -12.802278, -31.459284
2891880474000, 303.04544, -12.799115, -31.452446
2891885741000, 303.06003, -12.796279, -31.443836
2891890569000, 303.07547, -12.787541, -31.440434
2891895517000, 303.08295, -12.774275, -31.447777
2891900512000, 303.08792, -12.763806, -31.45893
2891905420000, 303.09448, -12.750768, -31.464687
2891910524000, 303.09842, -12.733951, -31.47047
2891915451000, 303.1028, -12.723574, -31.478123
2891920518000, 303.10382, -12.709846, -31.479242
2891925448000, 303.106, -12.699875, -31.4851
2891930529000, 303.10684, -12.693757, -31.48031
2891935432000, 303.1074, -12.693338, -31.478188
2891940488000, 303.10962, -12.692217, -31.474743
2891945560000, 303.10974, -12.694668, -31.47032
2891950535000, 303.11273, -12.700542, -31.471045
2891955475000, 303.11313, -12.704233, -31.463955
2891960507000, 303.11777, -12.710367, -31.462084
2891965498000, 303.12527, -12.713488, -31.459072
2891970498000, 303.12048, -12.723762, -31.459347
2891975485000, 303.1203, -12.729324, -31.459915
2891980513000, 303.11948, -12.729639, -31.472013
2891985502000, 303.12244, -12.728303, -31.48375
2891990503000, 303.12347, -12.729547, -31.496569
2891995528000, 303.12592, -12.728184, -31.509233
2892000498000, 303.1334, -12.727402, -31.516758
2892005505000, 303.14053, -12.72559, -31.529085
2892010479000, 303.14767, -12.713606, -31.537458
2892015500000, 303.15808, -12.69753, -31.546387
2892020504000, 303.16443, -12.680042, -31.558752
2892025485000, 303.1732, -12.663954, -31.56987
2892030500000, 303.176, -12.646405, -31.58202
2892035505000, 303.18173, -12.631601, -31.59399
2892040486000, 303.18243, -12.613482, -31.599655
2892045535000, 303.18262, -12.60367, -31.602955
2892050570000, 303.18362, -12.586318, -31.602638
2892055508000, 303.1814, -12.571099, -31.603415
2892060528000, 303.179, -12.559358, -31.602776
2892065504000, 303.17746, -12.550317, -31.600662
2892070497000, 303.1811, -12.545493, -31.59484
2892075502000, 303.18472, -12.542097, -31.589909
2892080496000, 303.1882, -12.541539, -31.585627
2892085492000, 303.18936, -12.543016, -31.57998
2892090489000, 303.19202, -12.537738, -31.582438
2892095579000, 303.19363, -12.535854, -31.584255
2892100572000, 303.19916, -12.533468, -31.585972
2892105493000, 303.2006, -12.534826, -31.589079
2892110474000, 303.21405, -12.534593, -31.58812
2892115508000, 303.22467, -12.535833, -31.585854
2892120450000, 303.23026, -12.54396, -31.582504
2892125497000, 303.23886, -12.5494175, -31.575302
2892130460000, 303.25476, -12.544065, -31.575417
2892135500000, 303.27335, -12.539629, -31.572794
2892140537000, 303.29065, -12.535071, -31.572878
2892145519000, 303.30542, -12.531983, -31.572004
2892150484000, 303.32758, -12.533691, -31.557928
2892155499000, 303.34625, -12.537317, -31.543568
2892165500000, 303.35583, -12.54198, -31.534275
2892170488000, 303.36725, -12.54668, -31.524096
2892175486000, 303.36703, -12.551884, -31.521727
2892180719000, 303.3664, -12.552622, -31.51993
2892185520000, 303.37222, -12.548094, -31.52059
2892190825000, 303.3777, -12.547673, -31.518417
2892200724000, 303.38846, -12.546774, -31.513798
2892205524000, 303.40253, -12.535576, -31.515959
2892210791000, 303.41763, -12.519288, -31.519796
2892215513000, 303.43524, -12.5063715, -31.526884
2892220493000, 303.44467, -12.49579, -31.535244
2892225481000, 303.45944, -12.480381, -31.541967
2892230457000, 303.47308, -12.471368, -31.547699
2892235506000, 303.47086, -12.469332, -31.548717
2892240467000, 303.4764, -12.463234, -31.550243
2892245523000, 303.4648, -12.470699, -31.54755
2892250485000, 303.4594, -12.47264, -31.543512
2892255532000, 303.45517, -12.476692, -31.546974
2892260497000, 303.4463, -12.487445, -31.547882
2892265509000, 303.44073, -12.490745, -31.55005
2892275476000, 303.44098, -12.496648, -31.548
2892280525000, 303.42822, -12.502511, -31.54872
2892285505000, 303.42987, -12.4998865, -31.54799
2892290547000, 303.4335, -12.498717, -31.545435
2892295524000, 303.43634, -12.496947, -31.543829
2892300505000, 303.437, -12.495915, -31.545252
2892305498000, 303.43707, -12.498172, -31.53761
2892310494000, 303.43402, -12.506636, -31.530281
2892315510000, 303.43347, -12.507902, -31.521858
2892320488000, 303.42975, -12.51047, -31.520138
2892325481000, 303.43048, -12.511447, -31.510397
2892330502000, 303.42792, -12.516271, -31.501867
2892335497000, 303.42517, -12.519847, -31.493044
2892340500000, 303.42627, -12.518071, -31.485437
2892350503000, 303.43268, -12.527697, -31.470081
2892355537000, 303.44254, -12.529873, -31.455078
2892360486000, 303.45142, -12.534805, -31.434437
2892365508000, 303.458, -12.539273, -31.417082
2892370488000, 303.46713, -12.54059, -31.399254
2892375480000, 303.4726, -12.547088, -31.381052
2892380502000, 303.47867, -12.55549, -31.367598
2892385497000, 303.50995, -12.552676, -31.349764
2892390483000, 303.5433, -12.555056, -31.335749
2892400578000, 303.5686, -12.558147, -31.32208
2892405486000, 303.60028, -12.558353, -31.308475
2892410486000, 303.63873, -12.555567, -31.297247
2892415474000, 303.68167, -12.549078, -31.290037
2892420499000, 303.72226, -12.541242, -31.28125
2892425442000, 303.76654, -12.534059, -31.272757
2892430509000, 303.80438, -12.529437, -31.266844
2892435419000, 303.83096, -12.5313635, -31.253674
2892440494000, 303.86053, -12.533292, -31.241673
2892445479000, 303.8816, -12.528921, -31.234957
2892455443000, 303.9018, -12.529524, -31.227137
2892460498000, 303.92395, -12.527797, -31.221598
2892465481000, 303.94495, -12.525995, -31.216608
2892475482000, 303.9628, -12.522711, -31.21042
2892480502000, 303.9737, -12.534087, -31.20596
2892490543000, 303.9808, -12.54015, -31.200241
2892495635000, 303.9908, -12.547925, -31.192743
2892500520000, 303.99884, -12.556323, -31.187428
2892505747000, 303.99384, -12.566835, -31.186205
2892510498000, 303.9933, -12.572379, -31.183554
2892515482000, 303.98978, -12.579484, -31.1755
2892520503000, 303.98697, -12.58057, -31.171543
2892525454000, 303.98578, -12.58438, -31.164385
2892530498000, 303.97424, -12.58675, -31.162413
2892535465000, 303.95764, -12.58935, -31.163677
2892540503000, 303.94666, -12.594221, -31.16218
2892545602000, 303.93445, -12.600492, -31.161245
2892550501000, 303.92218, -12.60663, -31.16229
2892555556000, 303.90903, -12.611711, -31.161013
2892560485000, 303.8987, -12.615369, -31.161608
2892565510000, 303.88516, -12.621379, -31.161898
2892570490000, 303.8744, -12.626373, -31.161669
2892575489000, 303.86246, -12.628294, -31.16225
2892580478000, 303.83267, -12.6334715, -31.173315
2892585498000, 303.80515, -12.634602, -31.185287
2892590512000, 303.77963, -12.636948, -31.19209
2892595523000, 303.75168, -12.639551, -31.200655
2892600500000, 303.73044, -12.640042, -31.211977
2892605555000, 303.71127, -12.636263, -31.220215
2892610480000, 303.6913, -12.641982, -31.229784
2892615508000, 303.67017, -12.641158, -31.237864
2892620485000, 303.6643, -12.643104, -31.243265
2892625474000, 303.65454, -12.646387, -31.244184
2892630485000, 303.6494, -12.647053, -31.249573
2892635499000, 303.64236, -12.649847, -31.248121
2892640513000, 303.64325, -12.6451645, -31.25451
2892645516000, 303.64755, -12.636394, -31.25816
2892650501000, 303.64853, -12.633129, -31.26423
2892655542000, 303.64478, -12.627648, -31.27116
2892660472000, 303.66174, -12.605732, -31.289892
2892665508000, 303.67487, -12.589321, -31.306282
2892670462000, 303.68683, -12.576095, -31.32424
2892675480000, 303.6981, -12.558901, -31.340591
2892680546000, 303.71445, -12.541838, -31.362122
2892685500000, 303.73788, -12.521947, -31.380384
2892690506000, 303.75284, -12.502073, -31.401295
2892695525000, 303.76892, -12.483466, -31.4232
2892700459000, 303.78723, -12.46037, -31.438538
2892705535000, 303.80438, -12.440922, -31.456875
2892710467000, 303.80652, -12.420522, -31.472734
2892715507000, 303.80948, -12.402694, -31.491095
2892720442000, 303.81348, -12.389938, -31.508564
2892725474000, 303.81454, -12.373621, -31.523272
2892730474000, 303.80954, -12.369064, -31.54251
2892735497000, 303.80142, -12.362845, -31.561317
2892740495000, 303.79373, -12.365796, -31.568037
2892745580000, 303.787, -12.364905, -31.578135
2892750537000, 303.77774, -12.36486, -31.580786
2892755546000, 303.77106, -12.365713, -31.585598
2892760469000, 303.76273, -12.364972, -31.591066
2892765511000, 303.76047, -12.36093, -31.593287
2892770460000, 303.74994, -12.363586, -31.59852
2892775505000, 303.73047, -12.359677, -31.611546
2892780461000, 303.7115, -12.362551, -31.622854
2892785498000, 303.6873, -12.361502, -31.6424
2892790450000, 303.66223, -12.361178, -31.660873
2892795523000, 303.6464, -12.358259, -31.676617
2892800459000, 303.62927, -12.357103, -31.695257
2892805494000, 303.597, -12.360099, -31.713099
2892810525000, 303.56857, -12.358382, -31.733728
2892815510000, 303.54416, -12.355758, -31.749296
2892820499000, 303.51797, -12.351142, -31.76377
2892825478000, 303.49323, -12.349435, -31.777723
2892830536000, 303.47037, -12.349549, -31.79211
2892835503000, 303.44415, -12.344359, -31.802622
2892840510000, 303.4263, -12.338252, -31.815401
2892850510000, 303.39612, -12.341353, -31.821278
2892855548000, 303.36804, -12.344591, -31.82419
2892860501000, 303.3542, -12.336767, -31.824926
2892865509000, 303.33966, -12.328977, -31.825773
2892870501000, 303.3239, -12.323423, -31.824642
2892875474000, 303.3226, -12.309174, -31.828346
2892880513000, 303.31732, -12.295763, -31.830456
2892885500000, 303.315, -12.282992, -31.831816
2892890503000, 303.31195, -12.271228, -31.831593
2892895518000, 303.31125, -12.255203, -31.843973
2892900509000, 303.31158, -12.241312, -31.855223
2892905542000, 303.31067, -12.231118, -31.86765
2892910477000, 303.311, -12.220297, -31.877874
2892915507000, 303.31323, -12.211713, -31.892555
2892920500000, 303.31555, -12.202582, -31.902264
2892925461000, 303.31818, -12.196433, -31.917204
2892930517000, 303.32474, -12.188679, -31.927074
2892935469000, 303.32446, -12.188606, -31.942291
2892940521000, 303.32956, -12.181477, -31.952116
2892945503000, 303.3312, -12.179841, -31.964392
2892950514000, 303.33875, -12.173983, -31.973072
2892955472000, 303.34186, -12.174744, -31.983597
2892960489000, 303.34763, -12.170426, -31.994577
2892965449000, 303.37003, -12.158298, -32.011246
2892970489000, 303.39435, -12.144692, -32.02788
2892975453000, 303.4146, -12.132648, -32.03683
2892980491000, 303.43155, -12.124323, -32.045258
2892985418000, 303.44415, -12.113713, -32.059032
2892990505000, 303.45938, -12.102753, -32.07139
2892995553000, 303.4747, -12.092489, -32.08164
2893000512000, 303.4842, -12.083752, -32.094894
2893005479000, 303.49683, -12.07644, -32.106968
2893010482000, 303.5108, -12.064124, -32.121
2893015492000, 303.52246, -12.052089, -32.134502
2893020499000, 303.5331, -12.043101, -32.148254
2893025812000, 303.5448, -12.027584, -32.165634
2893030524000, 303.55453, -12.017438, -32.175102
2893035593000, 303.56238, -12.007115, -32.18578
2893040541000, 303.56516, -11.994577, -32.1927
2893045529000, 303.57483, -11.985921, -32.198498
2893050496000, 303.57584, -11.979851, -32.203667
2893055442000, 303.58298, -11.970277, -32.208065
2893060490000, 303.58627, -11.971804, -32.203335
2893065517000, 303.59015, -11.972643, -32.19675
2893070493000, 303.59613, -11.969021, -32.195847
2893075507000, 303.59875, -11.969917, -32.19317
2893080478000, 303.61072, -11.966499, -32.194645
2893085505000, 303.6188, -11.962277, -32.195408
2893090515000, 303.63443, -11.964159, -32.18938
2893095507000, 303.64508, -11.961688, -32.183674
2893100501000, 303.66046, -11.958422, -32.18186
2893105503000, 303.67538, -11.954547, -32.18187
2893110493000, 303.68268, -11.948077, -32.18003
2893115512000, 303.68948, -11.946015, -32.178543
2893120495000, 303.69427, -11.944598, -32.178646
2893125477000, 303.70242, -11.938946, -32.178783
2893130484000, 303.70364, -11.943058, -32.172565
2893135504000, 303.70877, -11.944805, -32.161015
2893140564000, 303.7219, -11.949365, -32.144154
2893145522000, 303.73425, -11.955936, -32.123177
2893150496000, 303.74072, -11.961393, -32.111034
2893155541000, 303.74417, -11.968007, -32.095676
2893160480000, 303.74884, -11.972651, -32.078415
2893165510000, 303.7504, -11.982699, -32.06065
2893170486000, 303.74573, -11.991527, -32.052162
2893175551000, 303.73953, -11.999051, -32.040108
2893180490000, 303.73315, -12.0082245, -32.031723
2893185549000, 303.72388, -12.02284, -32.027596
2893190596000, 303.71933, -12.027511, -32.017845
2893195564000, 303.71103, -12.041395, -32.013294
2893200499000, 303.70386, -12.050316, -32.01208
2893205527000, 303.70026, -12.060015, -32.00941
2893210469000, 303.69778, -12.063238, -32.00454
2893215512000, 303.69003, -12.073112, -32.00134
2893220529000, 303.69458, -12.067314, -32.013493
2893225477000, 303.69278, -12.063333, -32.019066
2893230449000, 303.69086, -12.0669365, -32.028267
2893235503000, 303.68933, -12.067742, -32.035908
2893240497000, 303.6861, -12.073265, -32.036854
2893245513000, 303.6784, -12.081805, -32.033504
2893250450000, 303.67706, -12.081399, -32.033234
2893255541000, 303.6728, -12.085601, -32.031437
2893260462000, 303.66974, -12.083902, -32.02953
2893265515000, 303.66504, -12.087575, -32.027824
2893270442000, 303.67078, -12.090383, -32.020065
2893275484000, 303.67163, -12.095169, -32.008846
2893280490000, 303.6814, -12.097987, -32.010418
2893285507000, 303.68997, -12.103533, -32.00843
2893290481000, 303.68927, -12.112526, -32.005947
2893295531000, 303.68484, -12.123152, -32.003307
2893300583000, 303.68253, -12.1317425, -32.00117
2893305543000, 303.6842, -12.136546, -31.997503
2893310484000, 303.67734, -12.148974, -31.995588
2893315506000, 303.67184, -12.153996, -31.99235
2893320453000, 303.66693, -12.165413, -31.99077
2893325476000, 303.6609, -12.17344, -31.98765
2893330506000, 303.64862, -12.185019, -31.98803
2893335498000, 303.64465, -12.196435, -31.988943
2893340455000, 303.63947, -12.207113, -31.990395
2893345512000, 303.63382, -12.220685, -31.991053
2893350497000, 303.63492, -12.232964, -31.993399
2893355542000, 303.62863, -12.249816, -31.990139
2893360498000, 303.62457, -12.263173, -31.983974
2893365506000, 303.61792, -12.279562, -31.979025
2893370499000, 303.6125, -12.293417, -31.975111
2893375487000, 303.61734, -12.301493, -31.965113
2893380561000, 303.61978, -12.309602, -31.96
2893385492000, 303.62598, -12.325235, -31.94068
2893390508000, 303.6335, -12.3341, -31.925241
2893395503000, 303.6386, -12.347685, -31.910376
2893400501000, 303.64505, -12.356521, -31.893667
2893405537000, 303.65247, -12.362888, -31.885746
2893410478000, 303.65268, -12.369446, -31.876677
2893415508000, 303.6629, -12.374069, -31.869297
2893420502000, 303.66495, -12.381917, -31.86159
2893425471000, 303.66537, -12.390158, -31.858837
2893430515000, 303.67468, -12.392708, -31.84763
2893435501000, 303.67105, -12.40461, -31.84659
2893440516000, 303.67535, -12.411333, -31.842852
2893445585000, 303.68484, -12.41501, -31.83613
2893450520000, 303.69507, -12.419387, -31.833311
2893455518000, 303.7025, -12.421738, -31.82354
2893460485000, 303.71063, -12.427964, -31.821535
2893465503000, 303.72095, -12.431543, -31.81894
2893470499000, 303.7288, -12.4329, -31.81544
2893475496000, 303.73846, -12.438837, -31.810612
2893480580000, 303.74695, -12.440393, -31.808277
2893485515000, 303.75525, -12.44576, -31.801975
2893490489000, 303.76553, -12.448708, -31.799305
2893495495000, 303.76672, -12.455129, -31.782038
2893500504000, 303.7605, -12.4698715, -31.772797
2893505438000, 303.7613, -12.478142, -31.761751
2893510487000, 303.76102, -12.486486, -31.75041
2893515444000, 303.75952, -12.496975, -31.742373
2893520545000, 303.75824, -12.503545, -31.735065
2893525446000, 303.76212, -12.512097, -31.725481
2893530521000, 303.7586, -12.519834, -31.71534
2893535467000, 303.74725, -12.539395, -31.699455
2893540517000, 303.73248, -12.55565, -31.681747
2893545532000, 303.71957, -12.5753975, -31.667017
2893550501000, 303.7066, -12.5911665, -31.652876
2893555493000, 303.70322, -12.599815, -31.648
2893560486000, 303.69955, -12.610538, -31.641397
2893565502000, 303.6994, -12.615617, -31.641705
2893570507000, 303.6966, -12.617888, -31.643291
2893575466000, 303.697, -12.6256, -31.644163
2893580479000, 303.69037, -12.6386175, -31.64638
2893585503000, 303.68494, -12.646591, -31.646536
2893590508000, 303.68097, -12.660431, -31.640995
2893595674000, 303.6704, -12.67463, -31.647758
2893600509000, 303.6651, -12.685125, -31.652424
2893605461000, 303.6534, -12.702585, -31.648384
2893610489000, 303.64325, -12.717137, -31.644335
2893615496000, 303.63272, -12.735648, -31.642662
2893620501000, 303.62476, -12.750608, -31.63919
2893625931000, 303.62833, -12.763452, -31.63772
2893630524000, 303.6335, -12.768426, -31.638746
2893635626000, 303.639, -12.778637, -31.639357
2893640526000, 303.64594, -12.784297, -31.640303
2893645877000, 303.65125, -12.787737, -31.648518
2893650499000, 303.65338, -12.793246, -31.655205
2893655591000, 303.65585, -12.792141, -31.664394
2893660476000, 303.66043, -12.791259, -31.67119
2893665709000, 303.6598, -12.799997, -31.67096
