#Angle around the z x y axes.
#timestamp(ns), Azimuth , Pitch, Roll (degrees)
#Datetime: 26/03/2015 13:10:18
##########################################
#Activity: 11 - FKL - Front-knees-lying - 10s
#Subject ID: 38
#First Name: sub38
#Last Name: sub38
#Age: 21
#Height(cm): 170
#Weight(kg): 88
#Gender: Female
##########################################

@DATA
8873128597000, 345.58063, -8.722507, 42.30758
8873133629000, 342.60443, -6.8659196, 45.439796
8873138592000, 346.29855, -10.587556, 41.876762
8873143594000, 347.24576, -11.4216585, 42.2824
8873148591000, 347.90125, -13.25325, 41.788834
8873153607000, 348.5364, -13.751178, 41.293217
8873158572000, 349.1632, -14.252717, 40.8029
8873163609000, 349.7635, -14.758745, 40.311687
8873168632000, 350.354, -15.26675, 39.824287
8873173635000, 350.9291, -15.777864, 39.343914
8873178599000, 351.45706, -16.28436, 38.838524
8873183614000, 352.00854, -16.771961, 38.37219
8873188612000, 352.5096, -17.28528, 37.882267
8873193652000, 353.00177, -17.766836, 37.40229
8873198606000, 353.47894, -18.244781, 36.935585
8873203525000, 353.9427, -18.727413, 36.46979
8873208548000, 354.398, -19.200134, 36.026905
8873213781000, 354.8469, -19.683615, 35.59324
8873218533000, 355.28915, -20.17443, 35.18123
8873223538000, 355.7363, -20.681946, 34.78842
8873228534000, 356.18518, -21.211525, 34.41876
8873233521000, 356.63525, -21.76891, 34.06641
8873238538000, 357.11584, -22.360373, 33.75606
8873243515000, 357.61194, -23.024633, 33.469845
8873248527000, 358.0864, -23.736153, 33.168266
8873253571000, 358.59396, -24.42852, 32.9051
8873258536000, 359.10522, -25.1952, 32.70945
8873263623000, 359.6011, -25.96848, 32.504738
8873268630000, 0.092149846, -26.730064, 32.290165
8873273630000, 0.5751631, -27.48734, 32.072533
8873278629000, 1.0477436, -28.248182, 31.846468
8873283597000, 1.5173225, -29.000748, 31.61662
8873288736000, 1.9738193, -29.756054, 31.38048
8873293633000, 2.4219182, -30.50498, 31.139158
8873298632000, 2.8632112, -31.250916, 30.891983
8873303739000, 3.2949104, -31.99433, 30.642094
8873308660000, 3.718829, -32.731316, 30.387987
8873313630000, 4.1361957, -33.466038, 30.128948
8873318578000, 4.5424695, -34.192993, 29.868652
8873323630000, 4.9447875, -34.919376, 29.602001
8873328631000, 5.3337874, -35.63738, 29.333399
8873333620000, 5.7167897, -36.350517, 29.062555
8873338674000, 6.0913386, -37.05988, 28.7867
8873343631000, 6.4527783, -37.764404, 28.508978
8873348609000, 6.81039, -38.460342, 28.228899
8873353708000, 7.1578164, -39.154476, 27.945581
8873358631000, 7.495395, -39.839478, 27.660944
8873363629000, 7.8267264, -40.520943, 27.372934
8873368637000, 8.147522, -41.1935, 27.08393
8873373627000, 8.463032, -41.8615, 26.794567
8873378635000, 8.767373, -42.52274, 26.503
8873383611000, 9.066645, -43.17845, 26.209194
8873388665000, 9.357124, -43.829185, 25.913301
8873393627000, 9.641228, -44.474297, 25.619345
8873398630000, 9.91726, -45.113987, 25.322153
8873403626000, 10.18224, -45.747723, 25.02382
8873408633000, 10.44094, -46.375286, 24.725183
8873413629000, 10.692747, -46.9982, 24.427494
8873418580000, 10.930815, -47.612167, 24.128973
8873423646000, 11.164915, -48.220444, 23.828413
8873428635000, 11.388934, -48.820778, 23.532413
8873433605000, 11.604401, -49.41295, 23.236275
8873438689000, 11.812753, -49.997128, 22.93907
8873443636000, 12.011995, -50.573296, 22.646824
8873448644000, 12.201266, -51.13763, 22.355524
8873453672000, 12.385809, -51.70128, 22.064102
8873458635000, 12.567919, -52.244522, 21.799194
8873463635000, 12.746408, -52.784092, 21.532072
8873468628000, 12.9159355, -53.31632, 21.27027
8873473638000, 13.08145, -53.838776, 21.009031
8873478631000, 13.243423, -54.359936, 20.749699
8873483608000, 13.394703, -54.86792, 20.491987
8873488678000, 13.543867, -55.371502, 20.24145
8873493608000, 13.687907, -55.86876, 19.989183
8873498652000, 13.825246, -56.357544, 19.74062
8873503703000, 13.95735, -56.837303, 19.497059
8873508692000, 14.085365, -57.313217, 19.253939
8873513631000, 14.210707, -57.780304, 19.014862
8873518582000, 14.327329, -58.237633, 18.777061
8873523635000, 14.444229, -58.695156, 18.54025
8873528634000, 14.551765, -59.1374, 18.30977
8873533613000, 14.6577, -59.576553, 18.077356
8873539337000, 14.757797, -60.009563, 17.850142
8873543632000, 14.853137, -60.43334, 17.620344
8873548656000, 14.944179, -60.851536, 17.396986
8873553667000, 15.030689, -61.26401, 17.173588
8873558708000, 15.113229, -61.66946, 16.94839
8873563624000, 15.1917515, -62.069237, 16.731226
8873568645000, 15.268208, -62.462418, 16.513578
8873573634000, 15.3379965, -62.84564, 16.297955
8873578630000, 15.405695, -63.224514, 16.087055
8873583620000, 15.469619, -63.594917, 15.879152
8873588646000, 15.533362, -63.95683, 15.674041
8873593632000, 15.587964, -64.31408, 15.471889
8873598643000, 15.644349, -64.66223, 15.277621
8873603643000, 15.700538, -65.00685, 15.082283
8873609070000, 15.750604, -65.34082, 14.894383
8873613630000, 15.802137, -65.6737, 14.708359
8873618578000, 15.849502, -65.99697, 14.526091
8873623637000, 15.899173, -66.316925, 14.3463
8873628621000, 15.941918, -66.62804, 14.171484
8873633638000, 15.989617, -66.94019, 13.995094
8873638727000, 16.032293, -67.243645, 13.82511
8873643629000, 16.075481, -67.542534, 13.656964
8873648653000, 16.120447, -67.83993, 13.491461
8873653674000, 16.162312, -68.128586, 13.327735
8873658644000, 16.20531, -68.43812, 13.150452
8873663636000, 16.24218, -68.740555, 12.976598
8873668633000, 16.284569, -69.04036, 12.802953
8873673632000, 16.3207, -69.33263, 12.634295
8873678659000, 16.358452, -69.62288, 12.468983
8873683613000, 16.393375, -69.91064, 12.30258
8873688685000, 16.42187, -70.19054, 12.142041
8873693631000, 16.45529, -70.46288, 11.984034
8873698662000, 16.48046, -70.73687, 11.829717
8873703649000, 16.507088, -71.001015, 11.6743355
8873708632000, 16.533607, -71.26109, 11.526976
8873713627000, 16.558086, -71.51516, 11.379686
8873718586000, 16.584166, -71.76501, 11.235424
8873723635000, 16.61006, -72.012115, 11.094762
8873728638000, 16.634245, -72.25097, 10.95556
8873733617000, 16.660217, -72.48952, 10.818542
8873738631000, 16.686584, -72.72388, 10.684206
8873743631000, 16.709635, -72.95212, 10.551385
8873748737000, 16.738255, -73.17924, 10.41926
8873753662000, 16.763895, -73.40037, 10.292703
8873758632000, 16.788794, -73.62001, 10.163964
8873763627000, 16.814123, -73.832825, 10.0396185
8873768630000, 16.841028, -74.04386, 9.916465
8873773639000, 16.864536, -74.25211, 9.794457
8873778628000, 16.885944, -74.45753, 9.673522
8873783618000, 16.912928, -74.6585, 9.555187
8873788719000, 16.935627, -74.8592, 9.436432
8873793628000, 16.955215, -75.05251, 9.322415
8873798681000, 16.978228, -75.24611, 9.207137
8873803646000, 16.998665, -75.43461, 9.094301
8873808633000, 17.015759, -75.61858, 8.986066
8873813627000, 17.034952, -75.801895, 8.875744
8873818607000, 17.054329, -75.97859, 8.769309
8873823646000, 17.069435, -76.15772, 8.663304
8873828628000, 17.088436, -76.32956, 8.560783
8873833608000, 17.103645, -76.49942, 8.459198
8873838673000, 17.122217, -76.665985, 8.360282
8873843602000, 17.136042, -76.8308, 8.262755
8873848689000, 17.152939, -76.98996, 8.16907
8873853669000, 17.17034, -77.14854, 8.075165
8873858625000, 17.196136, -77.3074, 7.992427
8873864012000, 17.224033, -77.4657, 7.910676
8873868621000, 17.25863, -77.63351, 7.826704
8873873646000, 17.294071, -77.799065, 7.743933
8873878628000, 17.339483, -77.98268, 7.655413
8873883631000, 17.387512, -78.16513, 7.5676165
8873888610000, 17.44924, -78.3754, 7.4702907
8873893646000, 17.514215, -78.580376, 7.3720613
8873898686000, 17.623175, -78.851685, 7.2641397
8873903653000, 17.73138, -79.11454, 7.1539316
8873908630000, 17.846436, -79.44825, 7.0083017
8873913636000, 17.960897, -79.77058, 6.8666186
8873918570000, 18.067324, -80.11879, 6.7084603
8873923641000, 18.172592, -80.45777, 6.5512857
8873928630000, 18.280403, -80.83195, 6.3732157
8873934332000, 18.38267, -81.19363, 6.201912
8873938676000, 18.49042, -81.58834, 6.0106754
8873943644000, 18.595644, -81.96949, 5.8270435
8873948731000, 18.70097, -82.38351, 5.622664
8873953682000, 18.79986, -82.77743, 5.428735
8873958550000, 18.915115, -83.2073, 5.222123
8873963635000, 19.027664, -83.611694, 5.025754
8873968575000, 19.127174, -83.97096, 4.8498697
8873973615000, 19.227924, -84.314804, 4.6784463
8873978546000, 19.311209, -84.60957, 4.5304337
8873983646000, 19.391323, -84.89094, 4.3882194
8873988622000, 19.484426, -85.148056, 4.257607
8873993576000, 19.570795, -85.38901, 4.1353564
8873998572000, 19.662294, -85.612274, 4.0212445
8874003708000, 19.752708, -85.819016, 3.910996
8874008558000, 19.844074, -86.00789, 3.8085186
8874013590000, 19.93043, -86.18288, 3.7050457
8874018625000, 20.020344, -86.337036, 3.6049132
8874023595000, 20.102137, -86.477715, 3.5015168
8874028895000, 20.189896, -86.60708, 3.3909051
8874033597000, 20.27431, -93.28568, 3.2824771
8874038562000, 20.353199, -93.19742, 3.173481
8874043596000, 20.431675, -93.128296, 3.0638714
8874048522000, 20.503744, -93.07931, 2.9555526
8874053588000, 20.575645, -93.052635, 2.851826
8874058539000, 20.646978, -93.04133, 2.748607
8874063586000, 20.709255, -93.05581, 2.6493788
8874068549000, 20.777342, -93.088, 2.5522258
8874073766000, 20.832155, -93.13567, 2.4642003
8874078529000, 20.899677, -93.20057, 2.3782809
8874083567000, 20.955135, -93.273315, 2.2979603
8874088627000, 21.012907, -93.35148, 2.2206647
8874093595000, 21.069468, -93.43819, 2.146989
8874098534000, 21.12788, -93.5213, 2.0762649
8874103607000, 21.1854, -93.62033, 2.003296
8874108556000, 21.247105, -93.71754, 1.9316958
8874118576000, 21.31436, -93.81781, 1.8514391
8874123604000, 21.38194, -93.92194, 1.7771481
8874128593000, 21.45174, -94.01935, 1.6957548
8874133585000, 21.52187, -94.1171, 1.6094503
8874138631000, 21.589754, -94.2174, 1.5207434
8874143559000, 21.653397, -94.31569, 1.4382669
8874148587000, 21.72009, -94.41884, 1.3538761
8874153605000, 21.779951, -94.52543, 1.2782254
8874158566000, 21.842253, -94.62791, 1.2013203
8874163564000, 21.89693, -94.732124, 1.1295687
8874168569000, 21.955997, -94.83801, 1.0637367
8874173557000, 22.007847, -94.940636, 0.99720585
8874178549000, 22.060701, -95.04567, 0.9406949
8874183566000, 22.111982, -95.15097, 0.87734807
8874188579000, 22.164007, -95.25196, 0.82023627
8874193552000, 22.210884, -95.355934, 0.7791274
8874198557000, 22.259674, -95.45438, 0.74161613
8874208526000, 22.341486, -95.6621, 0.6729086
8874213483000, 22.380226, -95.76337, 0.6498117
8874218529000, 22.419722, -95.86148, 0.62250113
8874223509000, 22.457638, -95.96502, 0.6052702
8874228511000, 22.491056, -96.06886, 0.58957434
8874233496000, 22.52849, -96.173096, 0.5728045
8874238551000, 22.561619, -96.2687, 0.55912477
8874243502000, 22.59378, -96.363655, 0.539061
8874248509000, 22.618185, -96.45879, 0.52375555
8874253705000, 22.64774, -96.53958, 0.49921107
8874259061000, 22.676998, -96.62387, 0.4735663
8874263613000, 22.700933, -96.70685, 0.44870874
8874268581000, 22.727262, -96.7811, 0.41869602
8874273605000, 22.74608, -96.85877, 0.38768792
8874278597000, 22.765955, -96.93385, 0.35576463
8874284134000, 22.781206, -97.013115, 0.31953752
8874288633000, 22.79534, -97.088615, 0.28456905
8874293923000, 22.812922, -97.16583, 0.24785298
8874298588000, 22.820005, -97.238396, 0.2110038
8874303624000, 22.843376, -97.30344, 0.17008477
8874308607000, 22.861637, -97.37102, 0.12759572
8874313633000, 22.879341, -97.44211, 0.08613809
8874318579000, 22.900965, -97.51351, 0.041823808
8874323622000, 22.91682, -97.58335, -0.0016631511
8874328905000, 22.936869, -97.65511, -0.04407778
8874333775000, 22.956446, -97.72419, -0.083743274
8874338608000, 22.980412, -97.793015, -0.12382798
8874343570000, 23.00952, -97.86104, -0.15875687
8874348591000, 23.035463, -97.92229, -0.19199187
8874353616000, 23.066431, -97.989426, -0.22418022
8874358601000, 23.094885, -98.0493, -0.25036907
8874363525000, 23.121717, -98.10951, -0.27700537
8874368581000, 23.151663, -98.16511, -0.30634734
8874373538000, 23.186382, -98.22333, -0.33693606
8874378595000, 23.222855, -98.26879, -0.3702782
8874383613000, 23.262169, -98.30888, -0.40771624
8874388705000, 23.30706, -98.34379, -0.44559655
8874393632000, 23.352879, -98.381996, -0.4831459
8874398620000, 23.403025, -98.41492, -0.5217815
8874403638000, 23.454754, -98.45036, -0.55724114
8874408629000, 23.49905, -98.49254, -0.57354134
8874413632000, 23.546024, -98.52882, -0.58681566
8874418567000, 23.599632, -98.56615, -0.6039928
8874423644000, 23.653322, -98.60253, -0.6217806
8874428629000, 23.702318, -98.64225, -0.6307833
8874433612000, 23.757322, -98.684616, -0.63984317
8874438716000, 23.805826, -98.72976, -0.6490841
8874443619000, 23.854584, -98.77631, -0.6599594
8874448627000, 23.904013, -98.83495, -0.67595685
8874453661000, 23.948997, -98.894936, -0.69285417
8874458622000, 23.987854, -98.966644, -0.7070595
8874463631000, 24.02483, -99.04781, -0.7257406
8874468555000, 24.056007, -99.12914, -0.746945
8874473618000, 24.088018, -99.217224, -0.7685319
8874478629000, 24.112103, -99.32147, -0.7958391
8874483618000, 24.13303, -99.4271, -0.82607687
8874488651000, 24.154163, -99.534584, -0.8528746
8874493638000, 24.169827, -99.642914, -0.88176006
8874498617000, 24.185308, -99.75069, -0.9123819
8874503659000, 24.19878, -99.86075, -0.94465035
8874508584000, 24.221506, -99.97038, -0.9889683
8874513630000, 24.242956, -100.07958, -1.0340588
8874518560000, 24.263952, -100.1887, -1.0816092
8874523634000, 24.28844, -100.29372, -1.127046
8874528531000, 24.3273, -100.400505, -1.2061057
8874533614000, 24.368935, -100.50253, -1.2857647
8874538591000, 24.419775, -100.60094, -1.3794619
8874543634000, 24.465813, -100.69549, -1.4725963
8874548523000, 24.526571, -100.792854, -1.5795431
8874553658000, 24.582888, -100.88941, -1.6854094
8874558555000, 24.650946, -100.99035, -1.7987576
8874563639000, 24.715298, -101.08854, -1.9072353
8874568574000, 24.784752, -101.196304, -2.0186327
8874573637000, 24.86276, -101.294785, -2.123433
8874578573000, 24.927895, -101.400856, -2.2194228
8874584464000, 24.996712, -101.50568, -2.3100731
8874588644000, 25.070917, -101.60983, -2.3957095
8874593630000, 25.14346, -101.71787, -2.4761438
8874598630000, 25.207048, -101.83925, -2.5424373
8874603652000, 25.27833, -101.9701, -2.6081583
8874608539000, 25.319632, -102.13609, -2.653284
8874613628000, 25.359365, -102.3027, -2.6863418
8874618644000, 25.390875, -102.48083, -2.7130477
8874623637000, 25.426514, -102.67304, -2.7413795
8874628931000, 25.464918, -102.895676, -2.7885869
8874633617000, 25.498161, -103.12006, -2.8303895
8874638671000, 25.549915, -103.36508, -2.9086177
8874643621000, 25.598783, -103.60573, -2.983826
8874648521000, 25.638767, -103.85248, -3.062621
8874654365000, 25.687754, -104.12315, -3.1727266
8874658535000, 25.730106, -104.39681, -3.284855
8874663627000, 25.77396, -104.70213, -3.439363
8874668547000, 25.815765, -105.00315, -3.5991228
8874673637000, 25.863577, -105.34527, -3.7985706
8874678534000, 25.90004, -105.68507, -4.0049257
8874683611000, 25.95424, -106.067924, -4.2533274
8874688590000, 25.996399, -106.4572, -4.5131574
8874693630000, 26.05356, -106.87196, -4.793704
8874698527000, 26.106758, -107.307915, -5.0977283
8874703646000, 26.15814, -107.74524, -5.4111567
8874708638000, 26.2085, -108.1994, -5.745105
8874713626000, 26.265612, -108.81376, -6.172495
8874718583000, 26.310726, -109.44559, -6.6234365
8874723670000, 26.384571, -110.196846, -7.171784
8874728635000, 26.440634, -110.9583, -7.737325
8874733610000, 26.491854, -111.77475, -8.365408
8874738687000, 26.526155, -112.59172, -8.995876
8874743630000, 26.551859, -113.36732, -9.637336
8874748636000, 26.550762, -114.129456, -10.272035
8874753636000, 26.557327, -114.789734, -10.877288
8874758634000, 26.535513, -115.42699, -11.467137
8874763626000, 26.517263, -115.94867, -12.020245
8874768628000, 26.479147, -116.43964, -12.55147
8874773634000, 26.445654, -116.81006, -13.018835
8874778629000, 26.402746, -117.154274, -13.461107
8874783608000, 26.351559, -117.3858, -13.824799
8874788690000, 26.308205, -117.59086, -14.15471
8874793572000, 26.213411, -117.69083, -14.366119
8874798616000, 26.146437, -117.76357, -14.530774
8874803611000, 26.013912, -117.71659, -14.52694
8874808632000, 25.90999, -117.65361, -14.498828
8874813629000, 25.739534, -117.48813, -14.288903
8874818616000, 25.607035, -117.31801, -14.070042
8874823606000, 25.432058, -117.1008, -13.737101
8874828619000, 25.289824, -116.88464, -13.39844
8874833600000, 25.128586, -116.7068, -13.036909
8874838666000, 24.985958, -116.53889, -12.680549
8874843580000, 24.851976, -116.4375, -12.360384
8874848603000, 24.726587, -116.345764, -12.049496
8874853609000, 24.62584, -116.33781, -11.81897
8874858633000, 24.526026, -116.3379, -11.597158
8874863745000, 24.45956, -116.41406, -11.473798
8874868604000, 24.387632, -116.49555, -11.361828
8874873612000, 24.371128, -116.64748, -11.37469
8874878629000, 24.344576, -116.799255, -11.399901
8874883599000, 24.368067, -117.00307, -11.550177
8874888733000, 24.375395, -117.20871, -11.709338
8874893602000, 24.407223, -117.47741, -11.962152
8874898626000, 24.419062, -117.72943, -12.224456
8874903587000, 24.472248, -117.99935, -12.563899
8874909379000, 24.51312, -118.24979, -12.898089
8874913595000, 24.545414, -118.48558, -13.241359
8874918571000, 24.557419, -118.70982, -13.572905
8874923537000, 24.561163, -118.923996, -13.89732
8874928629000, 24.535091, -119.12013, -14.187783
8874933576000, 24.501844, -119.31052, -14.475632
8874938649000, 24.463987, -119.50137, -14.756215
8874943533000, 24.425266, -119.69177, -15.03214
8874948619000, 24.310753, -119.83648, -15.189469
8874953570000, 24.20693, -119.98391, -15.343578
8874958636000, 24.036655, -120.11832, -15.400114
8874963628000, 23.875408, -120.26386, -15.456107
8874968610000, 23.648874, -120.398285, -15.411792
8874973630000, 23.431139, -120.539795, -15.372335
8874978927000, 23.173262, -120.69942, -15.282682
8874983614000, 22.920053, -120.85495, -15.188993
8874988719000, 22.654348, -121.0372, -15.09638
8874993630000, 22.393316, -121.21271, -14.999617
8874998609000, 22.129341, -121.410934, -14.9184
8875003662000, 21.868044, -121.59275, -14.830255
8875008624000, 21.691923, -121.80246, -14.8655205
8875013612000, 21.515577, -121.99632, -14.882757
8875018592000, 21.394623, -122.153755, -14.94559
8875023633000, 21.278074, -122.28966, -14.991322
8875028614000, 21.21547, -122.36037, -15.05339
8875033613000, 21.159811, -122.41789, -15.106721
8875038668000, 21.151405, -122.402435, -15.162468
8875043632000, 21.146767, -122.3743, -15.21075
8875049085000, 21.175558, -122.2795, -15.245898
8875053637000, 21.209154, -122.1779, -15.285133
8875058627000, 21.269592, -122.02577, -15.304446
8875063623000, 21.337612, -121.87619, -15.334827
8875068606000, 21.407742, -121.71513, -15.3562765
8875073640000, 21.491268, -121.55936, -15.383817
8875078653000, 21.56107, -121.442764, -15.419754
8875083611000, 21.63583, -121.33256, -15.465772
8875088620000, 21.696976, -121.28873, -15.535236
8875093621000, 21.754908, -121.25311, -15.615615
8875098521000, 21.804026, -121.28415, -15.730184
8875103708000, 21.852755, -121.318146, -15.853406
8875108531000, 21.897682, -121.41626, -16.01597
8875113631000, 21.935219, -121.51631, -16.174944
8875118733000, 21.947653, -121.66461, -16.361465
8875123641000, 21.950861, -121.821236, -16.543861
8875128589000, 21.923346, -122.02739, -16.734879
8875133639000, 21.883297, -122.23248, -16.919327
8875138646000, 21.822935, -122.47049, -17.107355
8875143635000, 21.753408, -122.703445, -17.289852
8875148613000, 21.672268, -122.928345, -17.45987
8875153671000, 21.587484, -123.14501, -17.622017
8875158614000, 21.49068, -123.35271, -17.770102
8875163602000, 21.387493, -123.550674, -17.907387
8875168588000, 21.288963, -123.70889, -18.010773
8875173612000, 21.192526, -123.85254, -18.107777
8875178615000, 21.093493, -123.95401, -18.170254
8875183655000, 21.005913, -124.0376, -18.220457
8875188544000, 20.941011, -124.074936, -18.260052
8875193628000, 20.89557, -124.093475, -18.279793
8875198573000, 20.86236, -124.09766, -18.300737
8875203511000, 20.867313, -124.05752, -18.31045
8875208534000, 20.897764, -123.99657, -18.318253
8875213530000, 20.960104, -123.902725, -18.326073
8875218518000, 21.043375, -123.79163, -18.328972
8875223537000, 21.14796, -123.66322, -18.33632
8875228532000, 21.266827, -123.523224, -18.334545
8875233962000, 21.394407, -123.38179, -18.332914
8875238533000, 21.52759, -123.2296, -18.324104
8875243531000, 21.619255, -123.10518, -18.289347
8875248530000, 21.713213, -122.98064, -18.252392
8875253641000, 21.81405, -122.83786, -18.211374
8875258626000, 21.905106, -122.69685, -18.164257
8875263618000, 21.980148, -122.54927, -18.104593
8875269196000, 22.050575, -122.409454, -18.041689
8875273630000, 22.115808, -122.273224, -17.984425
8875278629000, 22.175308, -122.14008, -17.926708
8875283620000, 22.231222, -121.972694, -17.832275
8875288659000, 22.282728, -121.80392, -17.739021
8875293631000, 22.336315, -121.61365, -17.625305
8875298619000, 22.38209, -121.42546, -17.511145
8875303819000, 22.434433, -121.23471, -17.398504
8875308634000, 22.48918, -121.04518, -17.287296
8875313603000, 22.52125, -120.8298, -17.133318
8875318581000, 22.560593, -120.61267, -16.98405
8875323576000, 22.597927, -120.397, -16.83058
8875328629000, 22.631386, -120.17467, -16.671127
8875333603000, 22.6954, -119.95075, -16.525648
8875339381000, 22.75465, -119.7191, -16.376873
8875343527000, 22.834015, -119.481476, -16.235361
8875348625000, 22.91507, -119.23654, -16.089783
8875353582000, 23.049944, -119.02191, -16.023455
8875358639000, 23.198793, -118.80017, -15.965565
8875363643000, 23.37193, -118.59531, -15.94071
8875368632000, 23.557146, -118.37437, -15.913494
8875373577000, 23.765688, -118.199936, -15.936209
8875378629000, 23.993118, -118.02103, -15.971204
8875383597000, 24.230536, -117.90384, -16.051546
8875388620000, 24.4749, -117.79568, -16.151033
8875393558000, 24.755718, -117.714874, -16.316729
8875398616000, 24.9753, -117.67203, -16.506107
8875403617000, 25.298222, -117.40878, -16.67508
8875408958000, 25.847021, -117.2012, -16.993052
8875413609000, 26.519892, -116.24739, -16.848066
8875418573000, 27.06314, -115.50854, -16.797705
8875423592000, 26.395742, -115.2292, -16.35584
8875428632000, 25.888731, -114.87662, -15.941488
8875433608000, 25.251947, -115.31537, -15.819808
8875438611000, 24.249378, -115.796616, -15.787868
8875443806000, 23.811699, -115.127495, -15.293828
8875448668000, 23.734625, -114.37654, -14.665463
8875453704000, 23.947857, -113.500755, -14.035958
8875458613000, 24.287739, -112.59187, -13.336827
8875463604000, 24.685053, -111.59614, -12.517458
8875468584000, 25.153486, -110.91637, -11.965868
8875473605000, 25.629122, -110.17733, -11.350624
8875478597000, 26.03549, -109.84682, -11.063044
8875483590000, 26.504791, -109.40766, -10.789344
8875488604000, 27.002516, -108.95605, -10.443505
8875493600000, 27.500963, -108.348, -10.115832
8875498590000, 27.917616, -107.96647, -9.838438
8875503648000, 28.298298, -107.59911, -9.593426
8875508599000, 28.577316, -107.49997, -9.512463
8875513591000, 28.763168, -107.48265, -9.472602
8875518576000, 28.843998, -107.647446, -9.528412
8875523605000, 28.84778, -107.88901, -9.623646
8875528595000, 28.86971, -108.02388, -9.754733
8875533593000, 28.837421, -108.18745, -9.908706
8875538604000, 28.832691, -108.26247, -10.141319
8875543604000, 28.810844, -108.3541, -10.376415
8875548596000, 28.729074, -108.61633, -10.74673
8875553597000, 28.622543, -108.89621, -11.096308
8875558706000, 28.420677, -109.31509, -11.39839
8875563598000, 28.200907, -109.72226, -11.666378
8875568577000, 27.996786, -109.66587, -11.498406
8875573588000, 27.77953, -109.60558, -11.311459
8875578582000, 27.475138, -109.453255, -10.847757
8875583580000, 27.20169, -109.30798, -10.38219
8875588597000, 26.965738, -108.97844, -9.73429
8875594173000, 26.788761, -108.65712, -9.105497
8875598591000, 26.747438, -108.13006, -8.485475
8875603628000, 26.77524, -107.602875, -7.884162
8875608597000, 26.903069, -106.889824, -7.29541
8875613584000, 27.048767, -106.1708, -6.6975
8875618578000, 27.223545, -105.36522, -6.1093364
8875623604000, 27.373396, -104.55107, -5.5141954
8875628659000, 27.508686, -103.7545, -4.9598985
8875633579000, 27.610516, -102.96232, -4.409743
8875638569000, 27.701109, -102.310425, -3.9668958
8875643602000, 27.769712, -101.67823, -3.5531335
8875648527000, 27.833452, -101.29863, -3.2819858
8875653741000, 27.879925, -100.94713, -3.0229485
8875658529000, 27.948353, -100.98134, -2.9637458
8875664198000, 27.997314, -101.00744, -2.9076722
8875668577000, 28.091764, -101.26392, -2.9864898
8875673644000, 28.19073, -101.46019, -3.042006
8875678568000, 28.293756, -101.57033, -3.0956912
8875683635000, 28.476707, -101.63249, -3.1442866
8875688589000, 28.716621, -101.538536, -3.1626022
8875693636000, 29.00115, -101.417435, -3.17879
8875698600000, 29.33001, -101.293274, -3.191308
8875703654000, 29.674103, -101.12029, -3.2024398
8875708539000, 30.034462, -100.876274, -3.1287963
8875713627000, 30.38282, -100.61603, -3.0479343
8875718547000, 30.706087, -100.35854, -2.9613266
8875723635000, 30.994726, -100.03007, -2.7596083
8875728530000, 31.253078, -99.730576, -2.560693
8875733562000, 31.47233, -99.376144, -2.25279
8875738634000, 31.654108, -99.06827, -1.9433146
8875743633000, 31.796259, -98.65253, -1.5061628
8875748561000, 31.902424, -98.30557, -1.0780058
8875753642000, 31.937372, -97.64503, -0.39948392
8875758617000, 31.939674, -97.08221, 0.26224262
8875763627000, 31.887564, -96.4871, 1.0268766
8875768623000, 31.805336, -96.0247, 1.7685287
8875773636000, 31.673021, -95.64681, 2.567349
8875778605000, 31.519852, -95.464676, 3.3520865
8875783619000, 31.302782, -95.47419, 4.1822996
8875788685000, 31.074368, -95.691216, 4.968412
8875793629000, 30.806572, -96.13974, 5.8180327
8875798612000, 30.528044, -96.69903, 6.5951858
8875803726000, 30.246935, -97.42953, 7.42021
8875808635000, 29.980906, -81.80523, 8.185576
8875813608000, 29.758915, -80.93249, 9.00204
8875818613000, 29.560808, -80.05121, 9.797459
8875823630000, 29.398258, -79.12655, 10.616881
8875828616000, 29.269567, -78.21393, 11.422383
8875833617000, 29.129078, -77.23245, 12.276907
8875838625000, 29.003563, -76.25228, 13.134902
8875843621000, 28.873655, -75.30558, 13.943347
8875848616000, 28.775297, -74.355705, 14.760029
8875853650000, 28.646463, -73.4221, 15.552222
8875858636000, 28.534447, -72.48073, 16.349306
8875863620000, 28.403908, -71.67731, 16.972065
8875868617000, 28.273342, -70.8508, 17.606731
8875873536000, 28.12941, -69.98259, 18.265387
8875878630000, 27.95798, -69.101814, 18.924227
8875883761000, 27.773682, -68.26112, 19.481632
8875888674000, 27.55351, -67.396454, 20.045322
8875893613000, 27.306923, -66.56412, 20.531794
8875898630000, 27.023304, -65.689545, 21.028137
8875903645000, 26.721067, -64.83221, 21.49631
8875908614000, 26.379572, -63.933155, 21.976822
8875913593000, 26.051966, -63.094345, 22.425842
8875919257000, 25.701553, -62.231445, 22.890038
8875923563000, 25.387384, -61.428963, 23.34046
8875928596000, 25.085745, -60.63324, 23.800276
8875933577000, 24.789148, -59.850163, 24.281929
8875938611000, 24.513693, -59.101177, 24.759518
8875943546000, 24.205782, -58.29251, 25.314198
8875948585000, 23.910257, -57.548367, 25.838926
8875953785000, 23.551569, -56.715427, 26.466337
8875958604000, 23.187468, -55.93819, 27.0683
8875963520000, 22.768604, -55.125023, 27.721203
8875968581000, 22.323961, -54.356506, 28.349764
8875973527000, 21.843315, -53.579643, 28.984753
8875978596000, 21.318148, -52.82534, 29.591843
8875983550000, 20.751808, -52.052437, 30.201206
8875989321000, 20.152811, -51.299793, 30.772766
8875993554000, 19.498877, -50.4688, 31.376745
8875998586000, 18.829247, -49.68323, 31.923052
8876003606000, 18.102785, -48.7988, 32.491104
8876008604000, 17.385933, -47.940617, 33.024506
8876013555000, 16.62275, -46.985394, 33.57241
8876018573000, 15.894646, -46.045643, 34.09328
8876023600000, 15.127486, -44.994705, 34.64338
8876028595000, 14.418321, -43.953857, 35.177757
8876033574000, 13.711747, -42.86029, 35.70557
8876038603000, 13.074559, -41.77013, 36.22757
8876043597000, 12.469652, -40.668224, 36.73916
8876048594000, 11.931681, -39.570305, 37.23929
8876053589000, 11.443708, -38.50251, 37.70585
8876059058000, 10.978899, -37.42289, 38.164646
8876063607000, 10.577555, -36.402687, 38.559353
8876068620000, 10.15883, -35.358677, 38.938435
8876073604000, 9.824794, -34.406475, 39.265026
8876078629000, 9.449768, -33.448074, 39.551144
8876083615000, 9.185306, -32.598644, 39.77892
8876088657000, 8.887102, -31.729229, 40.000328
8876093736000, 8.717744, -31.031187, 40.138042
8876098621000, 8.517841, -30.311052, 40.295822
8876103630000, 8.552803, -29.90999, 40.347687
8876108639000, 8.567186, -29.535528, 40.41459
8876113540000, 8.815604, -29.487114, 40.461597
8876118579000, 9.022221, -29.488607, 40.490868
8876123579000, 9.193398, -29.52985, 40.518543
8876128739000, 9.550427, -29.845373, 40.466995
8876133597000, 9.854555, -30.171967, 40.400635
8876138656000, 10.009477, -30.373402, 40.330166
8876143589000, 10.129497, -30.57509, 40.262398
8876148625000, 10.024676, -30.571287, 40.156757
8876153673000, 9.914964, -30.594023, 40.034817
8876158598000, 9.58077, -30.394327, 39.96603
8876163604000, 9.27789, -30.238121, 39.902912
8876168629000, 8.799964, -29.861542, 39.91416
8876173596000, 8.322789, -29.504375, 39.929604
8876178593000, 7.7133417, -28.930534, 40.09867
8876183613000, 7.1517935, -28.370626, 40.28483
8876188601000, 6.4754567, -27.587908, 40.70064
8876193618000, 5.853604, -26.802137, 41.144485
8876198618000, 5.2063975, -25.889626, 41.76917
8876203513000, 4.6140847, -24.97248, 42.414825
8876208542000, 4.041628, -24.00738, 43.162838
8876213526000, 3.5242655, -23.074272, 43.888847
8876218504000, 2.9727736, -22.131327, 44.677883
8876223550000, 2.452602, -21.25563, 45.410603
8876228533000, 1.8796393, -20.397398, 46.14836
8876233523000, 1.2721918, -19.594942, 46.80948
8876238560000, 0.7808283, -18.974258, 47.423603
8876243525000, 0.22532535, -18.38099, 47.965652
8876248531000, 0.14783107, -18.268757, 48.090305
8876253564000, 0.022894178, -18.162462, 48.16345
8876258533000, 0.3082602, -18.421152, 48.053688
8876263531000, 0.57731056, -18.675058, 47.91872
8876268527000, 1.2280982, -19.237997, 47.639694
8876273535000, 1.8648076, -19.781252, 47.364006
8876278609000, 2.421155, -20.257181, 46.96648
8876283606000, 2.9680007, -20.714102, 46.56348
8876288736000, 3.5496387, -21.19966, 46.101917
8876293672000, 4.1192017, -21.674416, 45.624275
8876298623000, 4.7745795, -22.18909, 45.124413
8876303649000, 5.4093285, -22.681412, 44.62358
8876308626000, 5.8082156, -22.960976, 44.171337
8876314301000, 6.21318, -23.228186, 43.74118
8876318570000, 6.3887877, -23.297594, 43.43268
8876323646000, 6.5649533, -23.360413, 43.1461
8876328628000, 6.574398, -23.25281, 43.011784
8876333609000, 6.580484, -23.142223, 42.894535
8876338692000, 6.4387302, -22.87756, 42.94535
8876343653000, 6.2900405, -22.613918, 43.005615
8876348650000, 6.030488, -22.223837, 43.21862
8876353637000, 5.753974, -21.829073, 43.435123
8876358534000, 5.3924146, -21.357782, 43.739586
8876363627000, 5.0168, -20.889187, 44.03569
8876368549000, 4.6017213, -20.391706, 44.367535
8876373616000, 4.1827483, -19.899189, 44.691025
8876378524000, 3.764704, -19.4333, 45.005802
8876383797000, 3.3403094, -18.974264, 45.31622
8876388629000, 2.9672134, -18.574726, 45.572372
8876393710000, 2.5892372, -18.186918, 45.8325
8876398580000, 2.26849, -17.862999, 46.035793
8876403658000, 1.9524912, -17.547533, 46.236053
8876408572000, 1.7044657, -17.30335, 46.382393
8876413626000, 1.4579192, -17.056852, 46.51701
8876418578000, 1.2818727, -16.876764, 46.604607
8876423633000, 1.1088784, -16.697237, 46.67423
8876428631000, 0.9789957, -16.56042, 46.70393
8876433632000, 0.85130125, -16.424126, 46.714622
8876438610000, 0.7522317, -16.318708, 46.691467
8876443632000, 0.65666777, -16.213125, 46.648064
8876448602000, 0.56211615, -16.11793, 46.58028
8876453790000, 0.4725023, -16.027863, 46.494495
8876458612000, 0.3933035, -15.94454, 46.37595
8876463627000, 0.3246394, -15.869016, 46.243313
8876468630000, 0.23776343, -15.784448, 46.103622
8876473618000, 0.15492482, -15.700428, 45.959953
8876478562000, 0.07800402, -15.618898, 45.81893
8876483628000, 0.0073279883, -15.540863, 45.68636
8876488925000, 359.94067, -15.460314, 45.56438
8876493629000, 359.8832, -15.383821, 45.45273
8876498565000, 359.83276, -15.312944, 45.36415
8876503639000, 359.79282, -15.243413, 45.288307
8876508531000, 359.7636, -15.179354, 45.238846
8876513629000, 359.7417, -15.11329, 45.20263
8876518548000, 359.7158, -15.045379, 45.18031
8876523635000, 359.7009, -14.976842, 45.184372
8876528527000, 359.6802, -14.907477, 45.200706
8876533620000, 359.6587, -14.840129, 45.248013
8876538574000, 359.63852, -14.774055, 45.309208
8876543631000, 359.60718, -14.7082, 45.384167
8876548526000, 359.58148, -14.650297, 45.472977
8876553688000, 359.53616, -14.595958, 45.5748
8876558564000, 359.49695, -14.554515, 45.68118
8876563623000, 359.4369, -14.504919, 45.7895
8876568613000, 359.3838, -14.471788, 45.898872
8876573618000, 359.31137, -14.42612, 45.99804
8876578601000, 359.24396, -14.394173, 46.090275
8876583627000, 359.15735, -14.342932, 46.152885
8876588664000, 359.0803, -14.301276, 46.19977
8876593622000, 359.02377, -14.276003, 46.218376
8876598592000, 358.9859, -14.257158, 46.223454
8876603712000, 358.98367, -14.260593, 46.196564
8876608646000, 358.9938, -14.265494, 46.15585
8876613621000, 359.07907, -14.319694, 46.0951
8876618580000, 359.17038, -14.366476, 46.025562
8876623630000, 359.33423, -14.464862, 45.94304
8876628629000, 359.5025, -14.55395, 45.854027
8876633626000, 359.69647, -14.666903, 45.754864
8876639095000, 359.88666, -14.770907, 45.65151
8876643627000, 0.09855412, -14.885724, 45.537846
8876648617000, 0.2981086, -14.985601, 45.424595
8876653633000, 0.50861615, -15.09367, 45.305923
8876658637000, 0.708258, -15.188261, 45.189987
8876663624000, 0.8926665, -15.274194, 45.0721
8876668631000, 1.0657972, -15.351483, 44.958225
8876673758000, 1.1978203, -15.391599, 44.863358
8876678626000, 1.3214242, -15.43807, 44.769623
8876683591000, 1.3777342, -15.426141, 44.71445
8876688647000, 1.4263719, -15.418619, 44.66317
8876693522000, 1.4128826, -15.373992, 44.66641
8876698627000, 1.3839513, -15.329587, 44.681442
8876703620000, 1.2993876, -15.255374, 44.727722
8876709249000, 1.2113609, -15.188902, 44.78675
8876713522000, 1.0789269, -15.098467, 44.880573
8876718574000, 0.95086515, -15.019367, 44.972206
8876723528000, 0.81049824, -14.927685, 45.07085
8876728629000, 0.67551196, -14.842554, 45.175278
8876733550000, 0.5554495, -14.764848, 45.256557
8876738649000, 0.43355513, -14.67857, 45.343193
8876743608000, 0.31434324, -14.589735, 45.424618
8876748619000, 0.19733313, -14.499056, 45.502846
8876753590000, 0.106973514, -14.4131975, 45.519436
8876758650000, 0.022827001, -14.327135, 45.529816
8876763576000, 359.94577, -14.2389, 45.51958
8876768627000, 359.86765, -14.144759, 45.492027
8876773593000, 359.80048, -14.059237, 45.455887
8876778917000, 359.7433, -13.967476, 45.41124
8876783596000, 359.68555, -13.87529, 45.36279
8876788678000, 359.64606, -13.794834, 45.30576
8876793702000, 359.60193, -13.708728, 45.265697
8876798613000, 359.571, -13.63486, 45.22919
8876803666000, 359.53928, -13.566864, 45.220146
8876808635000, 359.5167, -13.510018, 45.221302
8876813614000, 359.48965, -13.465159, 45.26935
8876818575000, 359.46594, -13.429129, 45.32949
8876823611000, 359.42752, -13.394971, 45.427486
8876828627000, 359.38867, -13.36543, 45.529793
8876833589000, 359.3457, -13.34381, 45.66072
8876838667000, 359.29724, -13.31694, 45.789482
8876843589000, 359.24127, -13.291602, 45.914482
8876848626000, 359.1887, -13.267966, 46.05681
8876853700000, 359.14963, -13.25472, 46.1973
8876858631000, 359.1092, -13.245867, 46.331486
8876863724000, 359.08368, -13.246851, 46.44416
8876868632000, 359.06082, -13.254309, 46.551792
8876873712000, 359.0526, -13.273482, 46.62769
8876878660000, 359.03497, -13.296067, 46.701702
8876883611000, 359.02402, -13.322201, 46.767616
8876888731000, 359.00638, -13.347838, 46.80062
8876893670000, 358.98062, -13.377111, 46.819298
8876898662000, 358.99463, -13.433693, 46.819523
8876903611000, 359.0041, -13.489261, 46.81385
8876908599000, 359.01816, -13.552718, 46.796207
8876913610000, 359.0541, -13.618921, 46.773994
8876918578000, 359.04382, -13.639226, 46.718803
8876923606000, 359.04703, -13.659322, 46.65819
8876928681000, 359.08624, -13.69318, 46.56864
8876933575000, 359.13065, -13.718587, 46.481693
8876938597000, 359.21872, -13.759974, 46.373695
8876943600000, 359.31158, -13.790631, 46.2692
8876948587000, 359.44547, -13.842652, 46.162262
8876953648000, 359.58075, -13.883657, 46.059032
8876958601000, 359.73352, -13.930575, 45.961365
8876964171000, 359.886, -13.971808, 45.869564
8876968566000, 0.046971597, -14.01652, 45.780453
8876973607000, 0.20062396, -14.052828, 45.69804
8876978594000, 0.33690464, -14.089829, 45.621464
8876983586000, 0.46278045, -14.118308, 45.553776
8876988620000, 0.57938784, -14.144487, 45.50218
8876993595000, 0.68216044, -14.163842, 45.455036
8876998648000, 0.7495011, -14.166013, 45.440502
8877003616000, 0.81072766, -14.175549, 45.427223
8877008551000, 0.8304946, -14.155451, 45.451614
8877013600000, 0.83753204, -14.1414385, 45.47708
8877018548000, 0.80538094, -14.100484, 45.53025
8877023605000, 0.76366335, -14.062298, 45.578865
8877028524000, 0.703594, -14.013904, 45.65295
8877034214000, 0.64131707, -13.965627, 45.71879
8877038597000, 0.5765055, -13.916526, 45.79373
8877043682000, 0.50707585, -13.8638315, 45.858974
8877048591000, 0.46279332, -13.832365, 45.92101
8877053654000, 0.40947005, -13.790095, 45.97849
8877058727000, 0.3881122, -13.775472, 46.01234
8877063632000, 0.36574486, -13.7547455, 46.044426
8877068605000, 0.36683413, -13.753737, 46.050728
8877073636000, 0.36741906, -13.741828, 46.057938
8877078597000, 0.38089094, -13.7472725, 46.048378
8877083621000, 0.39801982, -13.748157, 46.038166
8877088607000, 0.42583293, -13.76156, 46.020443
8877093634000, 0.45382756, -13.772229, 46.004524
8877098527000, 0.48645198, -13.788025, 45.994213
8877103930000, 0.52247804, -13.811951, 45.98855
8877108532000, 0.5620899, -13.836817, 45.985302
8877113625000, 0.59092283, -13.864099, 45.996643
8877118592000, 0.6178454, -13.892422, 46.00986
8877123651000, 0.624029, -13.9066, 46.046566
8877128585000, 0.6231478, -13.920862, 46.08245
8877133611000, 0.6109036, -13.920276, 46.132977
8877138660000, 0.5981136, -13.920692, 46.185677
8877143626000, 0.5850304, -13.918756, 46.24156
8877148584000, 0.56729555, -13.913014, 46.298134
8877153659000, 0.5296618, -13.890988, 46.35811
8877158600000, 0.4873511, -13.872403, 46.411415
8877163597000, 0.43032736, -13.838683, 46.461823
8877168638000, 0.37754312, -13.809615, 46.509953
8877173632000, 0.3034761, -13.769441, 46.539833
8877178608000, 0.24131012, -13.731354, 46.57403
8877183615000, 0.16282809, -13.688586, 46.581894
8877188597000, 0.08915683, -13.650091, 46.592297
8877193602000, 0.017338043, -13.605959, 46.573036
8877198616000, 359.94794, -13.567608, 46.553635
8877203511000, 359.88513, -13.531374, 46.50893
8877208537000, 359.83447, -13.497137, 46.46467
8877213495000, 359.79535, -13.468935, 46.379036
8877218505000, 359.7663, -13.438221, 46.298977
8877223486000, 359.77, -13.428447, 46.19345
8877228535000, 359.7869, -13.415722, 46.095737
8877233492000, 359.83807, -13.430896, 45.986084
8877238555000, 359.8944, -13.439006, 45.88318
8877243456000, 359.9877, -13.478531, 45.781605
8877248536000, 0.08236492, -13.510338, 45.69106
8877253485000, 0.17732586, -13.5407, 45.60635
8877258535000, 0.2760962, -13.564101, 45.53067
8877263471000, 0.43176514, -13.63904, 45.443207
8877268532000, 0.58032304, -13.707467, 45.36204
8877273480000, 0.7575219, -13.801259, 45.278282
8877278535000, 0.92907214, -13.890507, 45.2008
8877283490000, 1.1108692, -13.993106, 45.126328
8877289294000, 1.2916993, -14.096826, 45.052998
8877293568000, 1.4728045, -14.210353, 44.992554
8877298585000, 1.6524538, -14.324367, 44.9309
8877303589000, 1.8148404, -14.428174, 44.8822
8877308605000, 1.9727405, -14.531715, 44.832634
8877313786000, 2.1057446, -14.615414, 44.803543
8877318581000, 2.2311916, -14.69719, 44.77107
8877323718000, 2.3142288, -14.744859, 44.765274
8877328591000, 2.3887808, -14.789293, 44.757893
8877333581000, 2.4409924, -14.80556, 44.77621
8877338612000, 2.4936275, -14.821927, 44.798138
8877343593000, 2.5206404, -14.807568, 44.8487
8877348596000, 2.5474343, -14.791516, 44.907578
8877353968000, 2.547922, -14.744304, 45.00471
8877359224000, 2.5511606, -14.702217, 45.11217
8877363782000, 2.525677, -14.627748, 45.262753
8877368579000, 2.5045147, -14.565929, 45.41965
8877373540000, 2.4559987, -14.475065, 45.61647
8877378596000, 2.4118838, -14.401756, 45.806747
8877383598000, 2.374559, -14.335157, 45.99501
8877388647000, 2.3201265, -14.24948, 46.196377
8877393617000, 2.268955, -14.172924, 46.393402
8877398590000, 2.216097, -14.092581, 46.580532
8877403556000, 2.1646907, -14.01419, 46.76068
8877408599000, 2.1257744, -13.935874, 46.92644
8877413613000, 2.0848765, -13.857236, 47.0762
8877418575000, 2.051063, -13.778269, 47.211838
8877423605000, 2.014069, -13.700066, 47.33094
8877429078000, 1.9895806, -13.633393, 47.428787
8877433581000, 1.9670058, -13.568572, 47.51552
8877438633000, 2.0010862, -13.552202, 47.547886
8877443633000, 2.0317428, -13.53908, 47.575752
8877448579000, 2.0912302, -13.554771, 47.566273
8877453648000, 2.1523998, -13.575852, 47.562077
8877458593000, 2.2428544, -13.626957, 47.52842
8877463593000, 2.3361058, -13.676327, 47.505146
8877468580000, 2.4506478, -13.754226, 47.47586
8877473606000, 2.5548606, -13.827178, 47.454227
8877478586000, 2.6872096, -13.919542, 47.435123
8877483597000, 2.8123455, -14.00875, 47.421642
8877488618000, 2.9399688, -14.09532, 47.411903
8877493580000, 3.0575984, -14.175525, 47.399582
8877498674000, 3.1793985, -14.266842, 47.416885
8877503622000, 3.2904966, -14.35352, 47.422802
8877508567000, 3.3842719, -14.41512, 47.44915
8877513572000, 3.4684503, -14.480982, 47.4598
8877518603000, 3.5191944, -14.514088, 47.484097
8877523605000, 3.5642238, -14.547646, 47.499344
8877528521000, 3.591458, -14.558224, 47.52762
8877533593000, 3.6131058, -14.567366, 47.547653
8877538570000, 3.6233618, -14.562903, 47.58344
8877543596000, 3.6383796, -14.559065, 47.61583
8877548522000, 3.6330998, -14.5476465, 47.65885
8877553601000, 3.6340947, -14.533818, 47.700207
8877558540000, 3.6490085, -14.5269165, 47.756977
8877563592000, 3.66133, -14.517758, 47.80911
8877568950000, 3.6868985, -14.51544, 47.86874
8877573622000, 3.7103758, -14.511402, 47.922318
8877578592000, 3.7425232, -14.51568, 47.983612
8877583585000, 3.7758672, -14.522303, 48.037685
8877588699000, 3.8261003, -14.544508, 48.09922
8877593588000, 3.8730397, -14.565347, 48.158825
8877598588000, 3.934626, -14.601422, 48.220062
8877603651000, 3.9975002, -14.640702, 48.280334
8877608583000, 4.080074, -14.695928, 48.34612
8877614274000, 4.1565833, -14.75401, 48.408493
8877618584000, 4.25597, -14.828922, 48.46873
8877623605000, 4.3497386, -14.901714, 48.530792
8877628575000, 4.4595466, -14.994637, 48.571236
8877633572000, 4.56045, -15.080908, 48.610313
8877638655000, 4.675125, -15.178465, 48.631317
8877643644000, 4.7832947, -15.274001, 48.647873
8877648792000, 4.880877, -15.35969, 48.66223
8877653619000, 4.990635, -15.455222, 48.64667
8877658787000, 5.0944357, -15.549015, 48.609753
8877663597000, 5.1901693, -15.633623, 48.573822
8877668917000, 5.2821045, -15.715204, 48.517654
8877673603000, 5.3674393, -15.79022, 48.460693
8877678584000, 5.4498982, -15.862396, 48.3908
8877684313000, 5.532106, -15.933885, 48.3207
8877688610000, 5.6126213, -16.000845, 48.255585
8877693708000, 5.680182, -16.059164, 48.169537
8877698525000, 5.7492986, -16.116293, 48.084126
8877703638000, 5.806277, -16.159115, 47.992577
8877708535000, 5.865287, -16.202888, 47.903126
8877713625000, 5.9099874, -16.231926, 47.80627
8877718611000, 5.957793, -16.259665, 47.7165
8877723638000, 5.992745, -16.280117, 47.627213
8877728529000, 6.0352416, -16.298767, 47.542015
8877733617000, 6.0586157, -16.31005, 47.46735
8877738646000, 6.0890346, -16.322739, 47.39835
8877743641000, 6.1149573, -16.32896, 47.339573
8877748556000, 6.138562, -16.335665, 47.284565
8877754070000, 6.164856, -16.342611, 47.237724
8877758607000, 6.186284, -16.348553, 47.190517
8877763622000, 6.2011085, -16.352524, 47.148415
8877768610000, 6.218611, -16.35918, 47.110973
8877773633000, 6.2402887, -16.370628, 47.074688
8877778617000, 6.258535, -16.377323, 47.04286
8877783621000, 6.283485, -16.395975, 47.015594
8877788707000, 6.304757, -16.412426, 46.98502
8877793720000, 6.320908, -16.42561, 46.954773
8877798609000, 6.3359985, -16.442049, 46.92348
8877803629000, 6.3607397, -16.465551, 46.89838
8877808630000, 6.3874702, -16.49001, 46.874718
8877813626000, 6.4023695, -16.512537, 46.847637
8877818568000, 6.420906, -16.537062, 46.817265
8877823635000, 6.418512, -16.546122, 46.784817
8877828634000, 6.421603, -16.559998, 46.752098
8877833632000, 6.416217, -16.572697, 46.714622
8877838724000, 6.423387, -16.58968, 46.682743
8877843669000, 6.370708, -16.561666, 46.661667
8877848631000, 6.3343635, -16.535982, 46.64916
8877853644000, 6.2778115, -16.497782, 46.64136
8877858638000, 6.231786, -16.4625, 46.640602
8877863623000, 6.1847644, -16.424496, 46.640827
8877868600000, 6.1404014, -16.383627, 46.650032
8877873641000, 6.0949636, -16.342207, 46.64931
8877878629000, 6.0515614, -16.297216, 46.651566
8877883622000, 6.020766, -16.265785, 46.646713
8877888708000, 5.9858627, -16.22987, 46.646996
8877893578000, 5.96836, -16.208307, 46.61659
8877898632000, 5.957716, -16.190092, 46.59159
8877903595000, 5.9581456, -16.185848, 46.538517
8877908634000, 5.9551687, -16.17722, 46.49034
8877913553000, 5.9765286, -16.190699, 46.414303
8877918579000, 5.9877863, -16.20035, 46.341488
8877923575000, 5.996126, -16.218067, 46.243355
8877928597000, 6.0031505, -16.23886, 46.145218
8877933579000, 6.0142756, -16.265997, 46.038628
8877939430000, 6.029536, -16.298742, 45.93232
8877943615000, 6.0326447, -16.325863, 45.828876
8877948584000, 6.0335517, -16.353315, 45.72886
8877953598000, 6.033578, -16.377504, 45.63178
8877958607000, 6.0290947, -16.399956, 45.539036
8877963600000, 6.017976, -16.414415, 45.447006
8877968578000, 6.0031285, -16.427664, 45.358162
8877978593000, 5.983335, -16.434433, 45.26991
8877983576000, 5.958441, -16.43894, 45.182026
8877988694000, 5.919525, -16.431692, 45.09405
8877993619000, 5.8722563, -16.425034, 44.996758
8877998595000, 5.821444, -16.415268, 44.8993
8878003612000, 5.7611723, -16.398773, 44.79013
8878009071000, 5.6978507, -16.376686, 44.683277
8878013590000, 5.6396947, -16.359947, 44.576286
8878018583000, 5.5757117, -16.335312, 44.465233
8878023791000, 5.5114655, -16.313396, 44.359596
8878028588000, 5.4447255, -16.288712, 44.25272
8878033611000, 5.3855705, -16.257881, 44.11018
8878038659000, 5.3239584, -16.22329, 43.97134
8878043767000, 5.2679477, -16.187498, 43.83609
8878048628000, 5.20253, -16.13974, 43.7185
8878053739000, 5.140996, -16.089731, 43.614853
8878058638000, 5.0782332, -16.037458, 43.511448
8878063615000, 5.0098605, -15.980647, 43.433125
8878068629000, 4.93755, -15.917376, 43.358604
8878073534000, 4.8711505, -15.856927, 43.289753
8878079242000, 4.8083014, -15.803427, 43.265217
8878083551000, 4.7469745, -15.7526655, 43.24528
8878088681000, 4.68566, -15.697568, 43.227413
8878093643000, 4.623675, -15.642343, 43.216885
8878098621000, 4.5790515, -15.617262, 43.22946
8878103562000, 4.5346723, -15.592725, 43.246643
8878108632000, 4.479802, -15.562015, 43.281246
8878113572000, 4.428638, -15.534882, 43.32372
8878118606000, 4.374159, -15.510179, 43.370205
8878123571000, 4.3197703, -15.488896, 43.42148
8878128634000, 4.2377563, -15.461867, 43.481255
8878133621000, 4.1591606, -15.440176, 43.541367
8878138668000, 4.0605507, -15.401089, 43.608047
8878143595000, 3.9701385, -15.374918, 43.67367
8878148922000, 3.8647497, -15.326998, 43.743404
8878153694000, 3.7597606, -15.286614, 43.808495
8878158601000, 3.6465485, -15.228913, 43.868507
8878163605000, 3.535134, -15.174814, 43.927635
8878168608000, 3.431973, -15.117475, 43.969177
8878173608000, 3.329194, -15.058157, 44.014236
8878178592000, 3.2428849, -15.004027, 44.0357
8878183604000, 3.1571257, -14.953501, 44.0607
8878188595000, 3.0997047, -14.918736, 44.06411
8878193608000, 3.0427654, -14.884217, 44.066433
8878198597000, 3.0054097, -14.872814, 44.05676
8878203518000, 2.9755776, -14.864544, 44.04475
8878208526000, 2.9628782, -14.882371, 44.013596
8878213530000, 2.9507892, -14.906601, 43.97641
8878218520000, 2.962644, -14.950937, 43.928032
8878223537000, 2.9670205, -14.9986925, 43.873108
8878228531000, 2.9881856, -15.057343, 43.807083
8878233520000, 3.003596, -15.118605, 43.738716
8878238556000, 3.0156605, -15.1761675, 43.67067
8878243526000, 3.0237017, -15.231754, 43.600388
8878248509000, 3.0173404, -15.272101, 43.540005
8878253593000, 3.004949, -15.310294, 43.48405
8878258591000, 2.9761672, -15.332649, 43.43631
8878263593000, 2.9464405, -15.353868, 43.39619
8878268571000, 2.920306, -15.371867, 43.3583
8878273603000, 2.8908255, -15.38242, 43.331493
8878278590000, 2.862807, -15.385718, 43.327866
8878283578000, 2.8255062, -15.370854, 43.336475
8878288604000, 2.804439, -15.360731, 43.357815
8878293637000, 2.7806952, -15.339188, 43.384903
8878298570000, 2.7789502, -15.328669, 43.413307
8878303594000, 2.7808464, -15.315537, 43.44284
8878308558000, 2.8113375, -15.320939, 43.465416
8878313630000, 2.8484306, -15.325818, 43.489105
8878318548000, 2.8946085, -15.339105, 43.49755
8878323638000, 2.9431734, -15.352389, 43.5003
8878328521000, 3.0050564, -15.3714, 43.498928
8878333638000, 3.063161, -15.389777, 43.49006
8878338685000, 3.1236758, -15.404711, 43.487225
8878343638000, 3.186566, -15.423173, 43.483604
8878348592000, 3.2359185, -15.419514, 43.485573
8878353654000, 3.2812037, -15.418763, 43.48196
8878358614000, 3.3221698, -15.407166, 43.482796
8878363633000, 3.3615484, -15.390942, 43.483913
8878368602000, 3.3866122, -15.353905, 43.496254
8878373632000, 3.4147553, -15.318136, 43.507828
8878378573000, 3.4099429, -15.264415, 43.541515
8878383629000, 3.3981752, -15.208435, 43.575096
8878388828000, 3.3574295, -15.133959, 43.637863
8878393713000, 3.3088615, -15.062549, 43.697433
8878400374000, 3.2310965, -14.97101, 43.786327
8878403583000, 3.1514497, -14.885798, 43.870777
8878408536000, 3.0629132, -14.803026, 43.976955
8878413595000, 2.9747083, -14.723539, 44.07899
8878418569000, 2.889965, -14.644307, 44.182816
8878423608000, 2.8392165, -14.598302, 44.29044
8878428523000, 2.7840862, -14.545543, 44.39901
8878433578000, 2.7644784, -14.515982, 44.49426
8878438571000, 2.7434635, -14.484511, 44.590557
8878443594000, 2.7469592, -14.473008, 44.66776
8878448547000, 2.7552414, -14.459989, 44.744312
8878454255000, 2.7677927, -14.457998, 44.806965
8878458606000, 2.7824147, -14.456071, 44.865726
8878463583000, 2.7990153, -14.455317, 44.925617
8878468584000, 2.81296, -14.4635315, 44.982944
8878473604000, 2.8257492, -14.480014, 45.040928
8878478600000, 2.8335085, -14.498341, 45.097717
8878483571000, 2.8391683, -14.527139, 45.16758
8878488664000, 2.8350227, -14.556966, 45.228397
8878493663000, 2.8285706, -14.596289, 45.28419
8878498586000, 2.820699, -14.63727, 45.34744
8878503631000, 2.8117602, -14.684613, 45.408146
8878508601000, 2.7956016, -14.7278, 45.463932
8878513752000, 2.7705476, -14.766578, 45.511093
8878518580000, 2.7496214, -14.804007, 45.555927
8878523547000, 2.7062318, -14.828781, 45.574085
8878528594000, 2.668051, -14.850702, 45.58848
8878533571000, 2.6260748, -14.868384, 45.603584
8878538705000, 2.5726914, -14.868665, 45.59746
8878543585000, 2.5270512, -14.868178, 45.599575
8878548588000, 2.466941, -14.85467, 45.57437
8878553565000, 2.41855, -14.8388, 45.564312
8878558604000, 2.363371, -14.808801, 45.540817
8878563529000, 2.3114052, -14.783488, 45.522808
8878568583000, 2.278173, -14.757989, 45.51353
8878573537000, 2.2524114, -14.737236, 45.511963
8878578595000, 2.20875, -14.697322, 45.48973
8878583565000, 2.1743078, -14.663169, 45.465687
8878588675000, 2.1392515, -14.627944, 45.4577
8878593592000, 2.0998607, -14.596955, 45.446312
8878598587000, 2.0768685, -14.58118, 45.443417
8878603554000, 2.0544121, -14.571689, 45.437923
8878608596000, 2.0360153, -14.574457, 45.436573
8878613576000, 2.0188954, -14.584981, 45.430515
8878618579000, 2.0102103, -14.611011, 45.434013
8878623615000, 2.002587, -14.64142, 45.43412
8878628596000, 2.0105383, -14.6886635, 45.433002
8878633606000, 2.0183744, -14.73426, 45.42514
8878638711000, 2.057905, -14.802382, 45.397
8878643626000, 2.0982993, -14.8661585, 45.367905
8878648624000, 2.1266503, -14.920535, 45.332027
8878653639000, 2.1580656, -14.9735155, 45.294052
8878658631000, 2.2597432, -15.076168, 45.18476
8878663628000, 2.363183, -15.17724, 45.0703
8878668624000, 2.4507217, -15.264537, 44.941086
8878673643000, 2.5472493, -15.35069, 44.812096
8878678625000, 2.629046, -15.4116335, 44.66282
8878683617000, 2.7162106, -15.47172, 44.511406
8878688696000, 2.806509, -15.5169525, 44.342537
8878693658000, 2.9019082, -15.553841, 44.173977
8878698621000, 2.9831917, -15.5684, 43.99466
8878703612000, 3.0695045, -15.574292, 43.823483
8878708628000, 3.131818, -15.55167, 43.669262
8878713628000, 3.1932495, -15.524568, 43.528664
8878718574000, 3.2185826, -15.472949, 43.424133
8878723638000, 3.2402828, -15.421342, 43.33277
8878728626000, 3.217151, -15.352899, 43.28331
8878733612000, 3.1911836, -15.294374, 43.24256
8878738714000, 3.135507, -15.218803, 43.254444
8878743716000, 3.0790646, -15.159793, 43.269775
8878748621000, 2.9894075, -15.086022, 43.32623
8878753623000, 2.9066975, -15.022297, 43.387196
8878758629000, 2.8123345, -14.964801, 43.472977
8878763624000, 2.7200418, -14.910837, 43.55747
8878768551000, 2.6425834, -14.869368, 43.644043
8878773650000, 2.5727932, -14.835006, 43.72605
8878778526000, 2.5017753, -14.792357, 43.816166
8878783626000, 2.4389668, -14.749582, 43.898632
8878788669000, 2.4108562, -14.723469, 43.950283
8878793730000, 2.379722, -14.69232, 43.996563
8878798598000, 2.3806632, -14.6730995, 44.01946
8878803591000, 2.3769035, -14.645356, 44.04248
8878808566000, 2.405665, -14.633673, 44.048553
8878813590000, 2.430955, -14.617458, 44.055508
8878818571000, 2.4535687, -14.600298, 44.061447
8878823602000, 2.4856179, -14.594559, 44.06769
8878828594000, 2.51296, -14.587917, 44.07587
8878833581000, 2.5297027, -14.588484, 44.096863
8878838674000, 2.5421035, -14.589119, 44.11768
8878843671000, 2.5426977, -14.598192, 44.169033
8878848607000, 2.5419133, -14.607888, 44.210346
8878853585000, 2.5250432, -14.620247, 44.28224
8878858604000, 2.5059097, -14.633626, 44.34662
8878863592000, 2.4859302, -14.660302, 44.4229
8878868583000, 2.4560146, -14.681598, 44.492725
8878873573000, 2.4431047, -14.721471, 44.56656
8878878597000, 2.417188, -14.754179, 44.63155
8878883576000, 2.396199, -14.796127, 44.682564
8878888612000, 2.3685167, -14.830561, 44.729145
8878893603000, 2.3281367, -14.856086, 44.75699
8878898605000, 2.293675, -14.882935, 44.785805
8878903590000, 2.2430286, -14.887478, 44.801067
8878908602000, 2.2029755, -14.897034, 44.82226
8878913590000, 2.1193166, -14.851873, 44.81191
8878918584000, 2.0493188, -14.813111, 44.810455
8878923596000, 1.9685676, -14.756221, 44.803047
8878928597000, 1.8975794, -14.702985, 44.804268
8878933580000, 1.8423951, -14.653279, 44.81658
8878938629000, 1.7929863, -14.607404, 44.833313
8878943611000, 1.7366525, -14.543086, 44.8435
8878948586000, 1.6860291, -14.482253, 44.8619
8878958601000, 1.6372964, -14.427168, 44.87892
8878963588000, 1.6010827, -14.378796, 44.895866
8878968579000, 1.5575434, -14.340158, 44.92169
8878973601000, 1.5228449, -14.317395, 44.955208
8878978596000, 1.4885848, -14.302888, 44.985523
8878983570000, 1.4503359, -14.303195, 45.01213
8878988679000, 1.4110292, -14.317722, 45.03508
8878993612000, 1.3813202, -14.34157, 45.0531
8878998590000, 1.3454448, -14.37778, 45.060745
8879003564000, 1.3134091, -14.418213, 45.06806
8879008600000, 1.279337, -14.466759, 45.064995
8879013545000, 1.2698563, -14.535336, 45.05429
8879018584000, 1.2555006, -14.599101, 45.029816
8879023564000, 1.2851832, -14.690499, 44.98515
8879028590000, 1.3111914, -14.771112, 44.930943
8879033576000, 1.3797181, -14.871759, 44.852383
8879038684000, 1.4473469, -14.957733, 44.773666
8879043584000, 1.5606278, -15.0693655, 44.670425
8879048591000, 1.6747127, -15.173679, 44.56853
8879053573000, 1.7938125, -15.272008, 44.44746
8879058604000, 1.9126195, -15.363138, 44.336025
8879063607000, 2.034496, -15.458949, 44.20903
8879068576000, 2.158347, -15.542396, 44.090305
8879073589000, 2.289469, -15.61837, 43.94629
8879078595000, 2.4277663, -15.691019, 43.810345
8879083576000, 2.5705683, -15.751957, 43.65057
8879088634000, 2.7159302, -15.810909, 43.502098
8879093641000, 2.8502526, -15.849045, 43.34591
8879098588000, 2.9796784, -15.888197, 43.196815
8879103570000, 3.0806017, -15.894623, 43.06737
8879108600000, 3.1725695, -15.908802, 42.940258
8879113576000, 3.2144134, -15.883409, 42.85583
8879118596000, 3.2449322, -15.873063, 42.770824
8879123840000, 3.2165782, -15.819767, 42.7431
8879128596000, 3.1792855, -15.782423, 42.720192
8879134306000, 3.0973625, -15.723622, 42.744045
8879138640000, 3.0095346, -15.67747, 42.775024
8879143716000, 2.8947372, -15.622051, 42.844902
8879148594000, 2.7815156, -15.571152, 42.92004
8879153766000, 2.6614254, -15.531485, 43.011463
8879158575000, 2.5447373, -15.487826, 43.10558
8879163895000, 2.4327714, -15.456628, 43.208015
8879168571000, 2.3277576, -15.426712, 43.303684
8879173570000, 2.2483983, -15.411927, 43.39119
8879178551000, 2.1691747, -15.390412, 43.46959
8879188550000, 2.103304, -15.358741, 43.53772
8879193533000, 2.056649, -15.34959, 43.579918
8879198583000, 2.0374138, -15.338345, 43.590588
8879203479000, 2.020425, -15.325489, 43.599594
8879208515000, 2.0064185, -15.304332, 43.605244
8879213492000, 1.9964396, -15.281999, 43.61686
8879218534000, 1.9998289, -15.258203, 43.594696
8879223499000, 2.0106568, -15.236907, 43.578186
8879228514000, 2.0118687, -15.207993, 43.558895
8879233497000, 2.0202746, -15.1792145, 43.5474
8879238541000, 2.026032, -15.151021, 43.540707
8879243461000, 2.0325623, -15.124114, 43.532017
8879248507000, 2.025391, -15.095615, 43.540546
8879253530000, 2.0136485, -15.072957, 43.539783
8879258570000, 1.9959618, -15.044245, 43.555706
8879263515000, 1.9684124, -15.023595, 43.559895
8879268560000, 1.9272181, -14.999977, 43.58079
8879273536000, 1.885653, -14.985255, 43.594036
8879278568000, 1.8426514, -14.97504, 43.607887
8879283558000, 1.7930187, -14.964526, 43.619305
8879288576000, 1.7434597, -14.95238, 43.614273
8879293564000, 1.6956693, -14.938674, 43.615135
8879298566000, 1.6399136, -14.922285, 43.615063
8879308595000, 1.5955696, -14.900265, 43.633232
8879313590000, 1.5451411, -14.882468, 43.64026
8879318580000, 1.5056875, -14.861214, 43.65331
8879323604000, 1.47367, -14.836055, 43.675564
8879328595000, 1.4408753, -14.808559, 43.69658
8879333568000, 1.4151621, -14.776529, 43.72344
8879338675000, 1.3948615, -14.746335, 43.744976
8879343627000, 1.3807919, -14.714747, 43.767773
8879348589000, 1.3721946, -14.690381, 43.789455
8879353589000, 1.3655466, -14.662554, 43.808376
8879358595000, 1.3553948, -14.642983, 43.82855
8879363594000, 1.3474137, -14.621399, 43.84598
8879368576000, 1.3451927, -14.616221, 43.863346
8879373603000, 1.3426453, -14.614652, 43.873356
8879378592000, 1.3376678, -14.619542, 43.890743
8879383567000, 1.330721, -14.625931, 43.898716
8879388664000, 1.3251412, -14.643734, 43.911972
8879393612000, 1.314665, -14.664083, 43.91823
8879398591000, 1.3003998, -14.679768, 43.920185
8879403580000, 1.2881461, -14.698142, 43.927006
8879408587000, 1.2669883, -14.708574, 43.92993
8879413596000, 1.254161, -14.718799, 43.940884
8879418569000, 1.2384663, -14.722454, 43.944363
8879423608000, 1.2307165, -14.722999, 43.95578
8879428594000, 1.2341003, -14.728671, 43.960922
8879433565000, 1.2359432, -14.728176, 43.96516
8879438631000, 1.2665656, -14.732261, 43.967453
8879443671000, 1.2898687, -14.73257, 43.966454
8879448572000, 1.3172202, -14.737569, 43.97048
8879453586000, 1.3490071, -14.7422495, 43.972355
8879458553000, 1.3935516, -14.761908, 43.955532
8879463595000, 1.4392818, -14.781213, 43.935917
8879468551000, 1.4891206, -14.808516, 43.915195
8879473607000, 1.5273111, -14.8362255, 43.889065
8879478524000, 1.5716175, -14.870986, 43.859734
8879483563000, 1.6141496, -14.909024, 43.82754
8879488657000, 1.6533157, -14.951235, 43.78856
8879493622000, 1.68776, -14.990237, 43.748898
8879498535000, 1.7159556, -15.028759, 43.71843
8879503589000, 1.7425233, -15.065261, 43.689667
8879508551000, 1.7573922, -15.094667, 43.65973
8879513592000, 1.7715752, -15.117981, 43.6335
8879518568000, 1.7746701, -15.131983, 43.613155
8879523605000, 1.7737701, -15.139068, 43.592724
8879528572000, 1.7541847, -15.126383, 43.582596
8879533561000, 1.7360641, -15.111431, 43.572525
8879538685000, 1.6937248, -15.080209, 43.572754
8879543637000, 1.6519055, -15.04626, 43.578205
8879548591000, 1.6000948, -15.001335, 43.592087
8879553597000, 1.5533679, -14.960731, 43.60307
8879558600000, 1.4956697, -14.912474, 43.62631
8879563596000, 1.4460201, -14.869812, 43.645283
8879568644000, 1.4002354, -14.834715, 43.665733
8879573624000, 1.363269, -14.803577, 43.688175
8879578562000, 1.3347855, -14.7864065, 43.703815
8879583569000, 1.306595, -14.768414, 43.718502
8879588655000, 1.2864847, -14.7602825, 43.733704
8879593642000, 1.265753, -14.75632, 43.74295
8879598555000, 1.2443761, -14.755688, 43.753494
8879603572000, 1.218536, -14.752461, 43.76493
8879608696000, 1.1987509, -14.757604, 43.772152
8879613594000, 1.1746503, -14.7570305, 43.780212
8879618752000, 1.1634535, -14.761463, 43.786526
8879623597000, 1.1449403, -14.76173, 43.79375
8879628855000, 1.1355551, -14.765266, 43.789722
8879633569000, 1.1267406, -14.764751, 43.785305
8879638621000, 1.11567, -14.761279, 43.783688
8879643642000, 1.1086086, -14.754714, 43.782608
8879648521000, 1.0943477, -14.7457075, 43.77779
8879653585000, 1.094752, -14.737673, 43.782845
8879658577000, 1.0930684, -14.728052, 43.78055
8879663589000, 1.0859514, -14.714105, 43.784145
8879668577000, 1.0809642, -14.7021055, 43.78569
8879673603000, 1.0849253, -14.692843, 43.78808
8879678602000, 1.0835323, -14.683556, 43.7899
8879683561000, 1.0903412, -14.680658, 43.80228
8879688719000, 1.0893043, -14.67633, 43.814453
8879693665000, 1.0926884, -14.67122, 43.830635
8879698587000, 1.096248, -14.672906, 43.84317
8879703586000, 1.1041809, -14.678286, 43.855907
8879708602000, 1.1147944, -14.684942, 43.87192
8879713593000, 1.1256278, -14.692259, 43.886528
8879718574000, 1.1385605, -14.69979, 43.902332
8879723597000, 1.1471, -14.707956, 43.91191
8879728597000, 1.153909, -14.715463, 43.919106
8879733609000, 1.1550947, -14.720896, 43.92721
8879738676000, 1.1493607, -14.725077, 43.929005
8879743602000, 1.1416296, -14.733171, 43.928688
8879748587000, 1.1296095, -14.740814, 43.924244
8879753571000, 1.1271795, -14.753375, 43.916767
8879758607000, 1.1238188, -14.764852, 43.906475
8879763592000, 1.1186987, -14.78143, 43.888454
8879768578000, 1.1156701, -14.795846, 43.870827
8879773603000, 1.1071564, -14.8071165, 43.858555
8879778596000, 1.0958164, -14.81704, 43.84333
8879783590000, 1.0844263, -14.825642, 43.8313
8879788676000, 1.0717041, -14.830493, 43.819706
8879793603000, 1.059621, -14.835167, 43.81672
8879798589000, 1.0486153, -14.835568, 43.820343
8879803572000, 1.0454124, -14.845234, 43.82617
8879808611000, 1.044843, -14.851677, 43.83582
8879813592000, 1.0599638, -14.8681, 43.841057
8879818574000, 1.0748925, -14.883419, 43.85006
8879823597000, 1.096848, -14.902198, 43.852493
8879828627000, 1.1258571, -14.9211645, 43.858067
8879833628000, 1.1513157, -14.940232, 43.853096
8879838702000, 1.1806887, -14.964681, 43.852047
8879843626000, 1.2135929, -14.983104, 43.833
8879848625000, 1.245378, -15.0004225, 43.813534
8879853563000, 1.2809813, -15.016436, 43.783512
8879858606000, 1.3111448, -15.031859, 43.756283
8879863519000, 1.3422083, -15.048464, 43.71081
8879868623000, 1.3760449, -15.06843, 43.667072
8879873528000, 1.4117311, -15.08772, 43.619637
8879878629000, 1.4481158, -15.113117, 43.56686
8879883589000, 1.4892385, -15.13684, 43.51088
8879888710000, 1.5262508, -15.165094, 43.450134
8879893659000, 1.5724705, -15.19961, 43.389446
8879898634000, 1.6113706, -15.233017, 43.33172
8879903616000, 1.6632369, -15.265242, 43.269444
8879908626000, 1.7154808, -15.3011, 43.204525
8879913553000, 1.7684693, -15.329736, 43.13902
8879918575000, 1.8190455, -15.362852, 43.07009
8879923716000, 1.8747566, -15.391076, 43.004513
8879928627000, 1.9247407, -15.416282, 42.93602
8879933738000, 1.9689336, -15.445114, 42.87317
8879938659000, 2.0107946, -15.471765, 42.812546
8879944029000, 2.0433867, -15.487846, 42.753853
8879948627000, 2.0850816, -15.505437, 42.69584
8879953550000, 2.1218257, -15.521756, 42.650993
8879958619000, 2.158214, -15.529062, 42.610653
8879963606000, 2.1965265, -15.538076, 42.57284
8879968616000, 2.2292058, -15.540506, 42.54363
8879973588000, 2.2601473, -15.543137, 42.520695
8879978628000, 2.2918923, -15.543914, 42.50598
8879983665000, 2.3210564, -15.540538, 42.49757
8879988746000, 2.3436344, -15.534931, 42.50487
8879993655000, 2.3638954, -15.528434, 42.51623
8879998614000, 2.3807821, -15.522667, 42.53307
8880003623000, 2.3937972, -15.517914, 42.55459
8880008635000, 2.4128582, -15.514986, 42.57307
8880013627000, 2.4277804, -15.514382, 42.5916
8880018578000, 2.4485936, -15.523235, 42.614338
8880023631000, 2.4642665, -15.530466, 42.630062
8880028627000, 2.484178, -15.541022, 42.64544
8880033656000, 2.5015748, -15.55418, 42.66151
8880038595000, 2.5226297, -15.567318, 42.66678
8880043612000, 2.5489092, -15.583657, 42.67636
8880048591000, 2.5720515, -15.59762, 42.679035
8880053576000, 2.6010213, -15.615473, 42.6799
8880058587000, 2.6299317, -15.631036, 42.674133
8880063594000, 2.6600268, -15.644281, 42.668446
8880068576000, 2.685692, -15.659773, 42.662518
8880073602000, 2.7061312, -15.66727, 42.65615
8880078590000, 2.7254643, -15.672766, 42.649986
8880083599000, 2.7412314, -15.674461, 42.644295
8880088706000, 2.7657926, -15.673667, 42.640347
8880093606000, 2.7894065, -15.670661, 42.641777
8880098592000, 2.8018801, -15.661105, 42.65226
8880103659000, 2.814311, -15.652053, 42.66043
8880108596000, 2.8170803, -15.636854, 42.685303
8880113596000, 2.8198693, -15.626015, 42.705532
8880118567000, 2.8171656, -15.610571, 42.744328
8880123605000, 2.8124769, -15.599723, 42.78037
8880128591000, 2.8174481, -15.589301, 42.815453
8880133594000, 2.8190165, -15.581985, 42.85094
8880138706000, 2.8130312, -15.571122, 42.9122
8880143648000, 2.8062801, -15.56108, 42.9705
8880148623000, 2.7961378, -15.542897, 43.03277
8880153631000, 2.7816348, -15.522945, 43.09256
8880158580000, 2.76241, -15.503578, 43.155415
8880163606000, 2.737167, -15.483618, 43.2165
8880168575000, 2.7126298, -15.462497, 43.276314
8880173602000, 2.6861393, -15.443069, 43.339184
8880178530000, 2.6659257, -15.421803, 43.401093
8880183681000, 2.6404912, -15.40039, 43.458385
8880188548000, 2.615549, -15.375052, 43.522675
8880193631000, 2.5840857, -15.350726, 43.583336
8880198541000, 2.5421586, -15.316584, 43.644802
8880203674000, 2.503799, -15.285963, 43.706
8880208656000, 2.4638073, -15.251599, 43.77283
8880213707000, 2.4218726, -15.214198, 43.835373
8880218695000, 2.3754458, -15.179629, 43.906704
8880223653000, 2.3359652, -15.142995, 43.972088
8880228596000, 2.2946165, -15.108279, 44.045013
8880233602000, 2.254813, -15.071751, 44.116627
8880238663000, 2.21611, -15.041677, 44.184624
8880243617000, 2.1818104, -15.014711, 44.251522
8880248574000, 2.1400616, -14.98677, 44.320084
8880253587000, 2.1016529, -14.960857, 44.389027
8880258583000, 2.0631216, -14.941219, 44.454266
8880263597000, 2.020337, -14.921191, 44.516033
8880268639000, 1.9952286, -14.904728, 44.58199
8880273604000, 1.9606864, -14.8887, 44.6401
8880278729000, 1.9299804, -14.874938, 44.694588
8880283610000, 1.9022872, -14.866978, 44.743347
8880289162000, 1.8785422, -14.869854, 44.797894
8880293711000, 1.8578086, -14.876362, 44.845455
8880298526000, 1.847958, -14.89292, 44.885056
8880303628000, 1.8347509, -14.911157, 44.92213
8880308533000, 1.8173326, -14.924002, 44.955853
8880313627000, 1.812447, -14.948246, 44.984707
8880318541000, 1.8050704, -14.969368, 45.01083
8880323635000, 1.804584, -14.996984, 45.021927
8880328531000, 1.8022344, -15.021982, 45.039185
8880333655000, 1.8001693, -15.041125, 45.051163
8880338698000, 1.80313, -15.061773, 45.06312
8880343701000, 1.7923433, -15.076058, 45.06233
8880348618000, 1.7945167, -15.092144, 45.062366
8880353629000, 1.7905461, -15.106952, 45.061325
8880358639000, 1.7912189, -15.1215105, 45.06033
8880363627000, 1.789611, -15.135183, 45.06232
8880368634000, 1.7859633, -15.14579, 45.06453
8880373615000, 1.785909, -15.157038, 45.06328
8880378626000, 1.7826704, -15.167445, 45.058846
8880383636000, 1.7791641, -15.180579, 45.05385
8880388715000, 1.7718376, -15.194207, 45.04431
8880393636000, 1.7622075, -15.208782, 45.03555
8880398613000, 1.753727, -15.221954, 45.026638
8880403616000, 1.7445525, -15.236072, 45.008804
8880408636000, 1.7357153, -15.250438, 44.990086
8880413628000, 1.7135175, -15.262889, 44.971607
8880418567000, 1.6881088, -15.27418, 44.948536
8880423594000, 1.6714127, -15.288208, 44.925995
8880428629000, 1.6562365, -15.306548, 44.89799
8880433633000, 1.6406485, -15.320847, 44.87355
8880438716000, 1.6267906, -15.336779, 44.84405
8880443635000, 1.6060733, -15.351553, 44.813736
8880448630000, 1.5879161, -15.368602, 44.7807
8880453615000, 1.5756168, -15.388536, 44.745243
8880458634000, 1.5657678, -15.407433, 44.704163
8880463627000, 1.5567945, -15.427948, 44.654537
8880468610000, 1.5447279, -15.443583, 44.609722
8880473688000, 1.5386397, -15.462184, 44.549896
8880478632000, 1.5349907, -15.476827, 44.49384
8880483643000, 1.5272877, -15.492398, 44.434536
8880488731000, 1.5285995, -15.5078535, 44.380753
8880493642000, 1.5187293, -15.526143, 44.321625
8880498629000, 1.516628, -15.54823, 44.263737
8880503611000, 1.5144607, -15.57031, 44.204285
8880508637000, 1.5143921, -15.595103, 44.14367
8880513620000, 1.5210451, -15.623888, 44.084522
8880518564000, 1.5299218, -15.6511755, 44.029934
8880523576000, 1.5462852, -15.685954, 43.962475
8880528631000, 1.5650036, -15.717965, 43.900707
8880533585000, 1.5751685, -15.7457905, 43.841652
8880538734000, 1.585657, -15.775969, 43.779716
8880543615000, 1.6102525, -15.8116455, 43.707577
8880548629000, 1.6319053, -15.843521, 43.63645
8880553546000, 1.6590846, -15.880871, 43.556
8880558636000, 1.6923417, -15.918941, 43.475357
8880563528000, 1.7286992, -15.950949, 43.39989
8880568605000, 1.7665268, -15.983553, 43.320316
8880573598000, 1.8112957, -16.013962, 43.240295
8880578631000, 1.8586974, -16.048025, 43.15914
8880583601000, 1.9008579, -16.070286, 43.07119
8880588740000, 1.9467043, -16.09351, 42.986107
8880593630000, 1.9811702, -16.11084, 42.89728
8880598616000, 2.0142608, -16.125252, 42.81146
8880603581000, 2.0521684, -16.138731, 42.729168
8880608637000, 2.0892081, -16.152184, 42.648262
8880613606000, 2.1313326, -16.164677, 42.556843
8880618568000, 2.1771226, -16.17992, 42.470436
8880623602000, 2.2245975, -16.193306, 42.376926
8880628629000, 2.2673726, -16.205116, 42.286987
8880633623000, 2.301471, -16.213379, 42.204666
8880638735000, 2.339132, -16.223104, 42.122684
8880643630000, 2.369861, -16.233667, 42.045937
8880648625000, 2.4051309, -16.240768, 41.97104
8880653587000, 2.4374316, -16.25021, 41.89884
8880658633000, 2.466085, -16.259562, 41.829952
8880663649000, 2.4981973, -16.268705, 41.764988
8880668610000, 2.52391, -16.272589, 41.70406
8880673837000, 2.551146, -16.281076, 41.64845
8880678629000, 2.5735846, -16.284416, 41.597065
8880683845000, 2.6114724, -16.299158, 41.561474
8880688654000, 2.6475751, -16.312103, 41.53361
8880693990000, 2.678277, -16.326675, 41.513065
8880698625000, 2.7092414, -16.341547, 41.494736
8880703594000, 2.7400908, -16.354618, 41.48429
8880708636000, 2.7684045, -16.363781, 41.470596
8880713527000, 2.7976322, -16.373322, 41.45728
8880718564000, 2.8207006, -16.37052, 41.44718
8880723553000, 2.8446581, -16.373198, 41.43617
8880728629000, 2.847683, -16.359198, 41.425266
8880733570000, 2.8511994, -16.346968, 41.417522
8880738708000, 2.8593106, -16.338406, 41.404366
8880743586000, 2.857213, -16.32439, 41.396904
8880748623000, 2.865586, -16.314272, 41.38621
8880753551000, 2.8697782, -16.299301, 41.376965
8880758631000, 2.855183, -16.26372, 41.37715
8880763579000, 2.8395827, -16.226805, 41.376717
8880768613000, 2.8156412, -16.184593, 41.38946
8880773580000, 2.795207, -16.14645, 41.400635
8880778627000, 2.776726, -16.110874, 41.423145
8880783627000, 2.759053, -16.07587, 41.44811
8880788665000, 2.7459843, -16.048716, 41.48029
8880793606000, 2.7342927, -16.021395, 41.515663
8880798608000, 2.7328684, -16.001795, 41.551987
8880803623000, 2.7285247, -15.980696, 41.590054
8880808634000, 2.7446945, -15.972005, 41.628147
8880813632000, 2.7603219, -15.96245, 41.671173
8880818571000, 2.7781768, -15.955304, 41.707714
8880823572000, 2.7993743, -15.947096, 41.749146
8880828591000, 2.8142583, -15.935233, 41.79477
8880833603000, 2.8283353, -15.924272, 41.837524
8880838634000, 2.839234, -15.909408, 41.88685
8880843687000, 2.8516657, -15.895865, 41.936176
8880848593000, 2.8557036, -15.869545, 41.992577
8880853581000, 2.8611453, -15.843997, 42.048935
8880858597000, 2.8528345, -15.806659, 42.11135
8880863597000, 2.841767, -15.772812, 42.1759
8880868566000, 2.8238633, -15.726062, 42.245594
8880873611000, 2.805593, -15.683058, 42.314182
8880878596000, 2.7725544, -15.628478, 42.389656
8880883596000, 2.739786, -15.572809, 42.461956
8880888606000, 2.6939054, -15.507531, 42.540417
8880893695000, 2.6485782, -15.446743, 42.615448
8880898593000, 2.5969071, -15.380103, 42.697685
8880903576000, 2.546631, -15.315165, 42.775227
8880908596000, 2.4841156, -15.254014, 42.853836
8880913632000, 2.4264696, -15.18977, 42.93492
8880918566000, 2.3595545, -15.13256, 43.019333
8880923672000, 2.294795, -15.072545, 43.100807
8880928629000, 2.2276828, -15.022655, 43.18954
8880933657000, 2.1606793, -14.971076, 43.275
8880938647000, 2.102059, -14.931206, 43.367676
8880943733000, 2.040791, -14.8855715, 43.460537
8880948607000, 1.9871995, -14.855835, 43.559486
8880953637000, 1.9321176, -14.821036, 43.654373
8880958575000, 1.8903879, -14.794409, 43.751244
8880963631000, 1.8522668, -14.768025, 43.846317
8880968546000, 1.821261, -14.746252, 43.94251
8880973635000, 1.7931503, -14.7262945, 44.039524
8880978525000, 1.7808061, -14.712225, 44.132923
8880983665000, 1.7713876, -14.7014475, 44.227062
8880988580000, 1.7733185, -14.693493, 44.304565
8880993739000, 1.7734185, -14.68814, 44.377823
8880998533000, 1.7787437, -14.68217, 44.45992
8881003646000, 1.7810255, -14.679109, 44.540577
8881008581000, 1.78758, -14.6803, 44.621983
8881013629000, 1.7854677, -14.681379, 44.699356
8881018573000, 1.7778981, -14.676279, 44.785633
8881023636000, 1.7672132, -14.672788, 44.86522
8881028609000, 1.7450967, -14.659976, 44.95079
8881033687000, 1.725682, -14.649975, 45.029255
8881038699000, 1.6997231, -14.63308, 45.105415
8881043718000, 1.6654812, -14.616887, 45.175114
8881048632000, 1.6263636, -14.592508, 45.24566
8881053628000, 1.5859545, -14.569648, 45.307526
8881058621000, 1.5375731, -14.539924, 45.363907
8881063635000, 1.4875765, -14.515971, 45.409523
8881068621000, 1.4387692, -14.486386, 45.45332
8881073684000, 1.3842353, -14.453535, 45.491676
8881078602000, 1.3262101, -14.420631, 45.521114
8881083714000, 1.274438, -14.386499, 45.5426
8881088619000, 1.2344043, -14.349382, 45.564545
8881093646000, 1.1958834, -14.3096895, 45.58319
8881098607000, 1.1663436, -14.279097, 45.596527
8881103636000, 1.13457, -14.244925, 45.610218
8881108640000, 1.1111536, -14.218779, 45.620937
8881113629000, 1.0873202, -14.190143, 45.63435
8881118720000, 1.07685, -14.1718445, 45.645283
8881123680000, 1.0641934, -14.152116, 45.656013
8881128944000, 1.0730166, -14.143018, 45.668903
8881133675000, 1.0817313, -14.138713, 45.678585
8881138708000, 1.1022235, -14.138455, 45.694317
8881143745000, 1.1217433, -14.141295, 45.700867
8881148531000, 1.1418216, -14.14276, 45.717197
8881153620000, 1.1692799, -14.158756, 45.71926
8881158535000, 1.1985345, -14.176239, 45.721504
8881163595000, 1.2284307, -14.198758, 45.72166
8881168589000, 1.2584996, -14.222402, 45.722668
8881173594000, 1.2916763, -14.250542, 45.705833
8881178598000, 1.3240831, -14.279065, 45.6919
8881183677000, 1.3526924, -14.305474, 45.675495
8881188588000, 1.3824366, -14.333901, 45.658894
8881193613000, 1.4013624, -14.362032, 45.624073
8881198624000, 1.4195076, -14.385953, 45.58965
8881203520000, 1.4373705, -14.41064, 45.550026
8881208560000, 1.4631423, -14.437527, 45.509758
8881213531000, 1.4801481, -14.457608, 45.472065
8881218491000, 1.5023482, -14.477674, 45.43671
8881223511000, 1.5270693, -14.501012, 45.3952
8881228535000, 1.5519073, -14.521361, 45.354443
8881233511000, 1.5752974, -14.539999, 45.312008
8881238566000, 1.6018692, -14.561537, 45.267887
8881243502000, 1.6278894, -14.580004, 45.226387
8881248531000, 1.657114, -14.599125, 45.18551
8881253464000, 1.6727296, -14.609239, 45.14559
8881258537000, 1.6921914, -14.618856, 45.099022
8881263460000, 1.7060009, -14.6247425, 45.06058
8881268520000, 1.7207136, -14.633888, 45.01578
8881273458000, 1.7230569, -14.634525, 44.967083
8881278534000, 1.7285808, -14.636795, 44.920475
8881283463000, 1.7299328, -14.635391, 44.877674
8881288571000, 1.7315142, -14.634824, 44.83842
8881293474000, 1.7302132, -14.629408, 44.788235
8881298528000, 1.7300156, -14.622829, 44.744328
8881303572000, 1.7469804, -14.632906, 44.706554
8881308641000, 1.7672704, -14.642826, 44.672478
8881313585000, 1.790535, -14.649463, 44.646236
8881318568000, 1.8210741, -14.66213, 44.62167
8881323610000, 1.8569888, -14.667467, 44.606586
8881328631000, 1.8947289, -14.679757, 44.59088
8881333616000, 1.936754, -14.693932, 44.577644
8881338641000, 1.9800447, -14.7085285, 44.566383
8881343635000, 2.0236025, -14.725292, 44.556957
8881348629000, 2.0613477, -14.740888, 44.547256
8881353584000, 2.0976424, -14.755483, 44.53886
8881358645000, 2.1319146, -14.768564, 44.537148
8881363608000, 2.1555612, -14.78039, 44.5294
8881368619000, 2.1837614, -14.789707, 44.52984
8881373660000, 2.208352, -14.802853, 44.526207
8881378631000, 2.2355509, -14.814687, 44.525665
8881383620000, 2.2611766, -14.83199, 44.527515
8881388726000, 2.2849207, -14.845449, 44.53088
8881393683000, 2.304133, -14.861565, 44.535465
8881398614000, 2.316295, -14.874503, 44.537308
8881403581000, 2.3259423, -14.886204, 44.539642
8881408637000, 2.3334973, -14.891627, 44.539215
8881413606000, 2.3406045, -14.902222, 44.523693
8881418566000, 2.3437147, -14.90883, 44.506897
8881423613000, 2.345224, -14.9136505, 44.48122
8881428632000, 2.3525698, -14.919111, 44.46116
8881433850000, 2.3567502, -14.92589, 44.43819
8881438691000, 2.3656378, -14.926684, 44.410988
8881444148000, 2.382232, -14.932621, 44.390472
8881448628000, 2.3896902, -14.938517, 44.360706
8881453612000, 2.4043815, -14.942307, 44.332836
8881458635000, 2.4180822, -14.952184, 44.302643
8881463529000, 2.4278336, -14.958431, 44.272667
8881468615000, 2.4313655, -14.965334, 44.243233
8881473580000, 2.428687, -14.970452, 44.21736
8881478632000, 2.4279969, -14.98204, 44.184307
8881483550000, 2.4204366, -14.990994, 44.156513
8881488665000, 2.4121356, -14.999167, 44.127228
8881493533000, 2.4062734, -15.006176, 44.103004
8881498627000, 2.393478, -15.012476, 44.0701
8881503604000, 2.3874247, -15.017061, 44.045834
8881508632000, 2.375223, -15.014385, 44.0115
8881513572000, 2.3663905, -15.012655, 43.979248
8881518568000, 2.3653567, -15.01326, 43.948124
8881523676000, 2.3624463, -15.009268, 43.920322
8881528633000, 2.3605938, -14.9990225, 43.88922
8881533666000, 2.3599951, -14.990731, 43.85964
8881538605000, 2.3627384, -14.980265, 43.834175
8881543612000, 2.365714, -14.965285, 43.811935
8881548595000, 2.365375, -14.956277, 43.792683
8881553589000, 2.3661027, -14.942801, 43.77852
8881558605000, 2.3708541, -14.933007, 43.770424
8881568567000, 2.3698354, -14.919004, 43.76143
8881573624000, 2.3717082, -14.907044, 43.76289
8881578594000, 2.378417, -14.896817, 43.760544
8881583608000, 2.3730636, -14.881691, 43.75894
8881588582000, 2.384079, -14.882476, 43.756626
8881593608000, 2.3871908, -14.882776, 43.757298
8881598596000, 2.389942, -14.8832, 43.753113
8881603585000, 2.3889046, -14.882536, 43.748802
8881608596000, 2.378269, -14.878043, 43.747787
8881613595000, 2.3662746, -14.871775, 43.743275
8881618569000, 2.3510218, -14.862347, 43.7405
8881623634000, 2.3358746, -14.852394, 43.735188
8881628595000, 2.3196564, -14.841265, 43.73379
8881633576000, 2.3033483, -14.832877, 43.731224
8881638603000, 2.286171, -14.808855, 43.72973
8881643598000, 2.271689, -14.787933, 43.732193
8881648595000, 2.2502131, -14.761987, 43.7325
8881653577000, 2.2336783, -14.736108, 43.74042
8881658599000, 2.2190163, -14.716902, 43.746117
8881663597000, 2.2030852, -14.694413, 43.752174
8881668580000, 2.1865098, -14.671692, 43.765053
8881673701000, 2.1728592, -14.652424, 43.773087
8881678558000, 2.1464283, -14.635716, 43.77896
8881683645000, 2.125866, -14.620451, 43.7895
8881688573000, 2.112086, -14.612415, 43.798347
8881693635000, 2.0911686, -14.600054, 43.80372
8881698525000, 2.077138, -14.592207, 43.811436
8881703624000, 2.0589793, -14.584762, 43.817863
8881708531000, 2.0418484, -14.570512, 43.82899
8881713631000, 2.0230992, -14.558195, 43.837166
8881718558000, 2.006457, -14.548993, 43.842777
8881723706000, 1.9955235, -14.540285, 43.851208
8881733619000, 1.9750963, -14.528631, 43.858093
8881738633000, 1.9561832, -14.520161, 43.865425
8881743732000, 1.94679, -14.508156, 43.887867
8881748564000, 1.9284035, -14.498394, 43.91271
8881753642000, 1.9143378, -14.489424, 43.93685
8881758580000, 1.8998048, -14.479409, 43.98227
8881763631000, 1.8809667, -14.470748, 44.025547
8881768577000, 1.8757832, -14.461113, 44.07252
8881773687000, 1.8644434, -14.451511, 44.115944
8881778802000, 1.8540479, -14.445441, 44.165848
8881783629000, 1.8448678, -14.438737, 44.213066
8881788784000, 1.8213748, -14.423304, 44.261154
8881793640000, 1.798807, -14.40713, 44.305965
8881800461000, 1.767893, -14.394793, 44.348946
8881803626000, 1.7360512, -14.382642, 44.38615
8881808648000, 1.6995806, -14.368149, 44.41912
8881813624000, 1.668814, -14.358059, 44.4455
8881818566000, 1.6376871, -14.347099, 44.469337
8881823698000, 1.6155272, -14.34133, 44.48658
8881828601000, 1.5949196, -14.333061, 44.49956
8881833633000, 1.5709312, -14.32968, 44.509277
8881838694000, 1.5461956, -14.320969, 44.52011
8881843705000, 1.5310926, -14.308612, 44.51501
8881848632000, 1.5192964, -14.301642, 44.51221
8881853634000, 1.5172724, -14.293462, 44.503094
8881858647000, 1.5218583, -14.284832, 44.49815
8881863626000, 1.5276078, -14.281144, 44.490723
8881868614000, 1.5318282, -14.272031, 44.485264
8881873610000, 1.5482553, -14.26918, 44.48379
8881878632000, 1.5576723, -14.265588, 44.47493
8881883639000, 1.5641861, -14.252554, 44.47609
8881888671000, 1.5725526, -14.24339, 44.474876
8881893626000, 1.5892348, -14.236144, 44.48163
8881898633000, 1.6066101, -14.225826, 44.485233
8881903576000, 1.617071, -14.217674, 44.50003
8881908606000, 1.6283118, -14.206263, 44.511395
8881913596000, 1.6314186, -14.193964, 44.53529
8881918574000, 1.6289324, -14.178051, 44.5567
8881923662000, 1.6331005, -14.162688, 44.58354
8881928601000, 1.6323138, -14.145715, 44.608284
8881933611000, 1.6301719, -14.129464, 44.63258
8881938643000, 1.623578, -14.109342, 44.659187
8881943659000, 1.6175737, -14.08999, 44.68362
8881948598000, 1.6079308, -14.069231, 44.70764
8881953570000, 1.6065543, -14.049745, 44.73225
8881958596000, 1.6027921, -14.03427, 44.75527
8881963594000, 1.606627, -14.019075, 44.7622
8881968575000, 1.6087244, -14.005711, 44.768967
8881973619000, 1.624462, -13.996162, 44.777943
8881978596000, 1.6373829, -13.987873, 44.78518
8881983607000, 1.6574448, -13.978934, 44.790543
8881988610000, 1.6739092, -13.971931, 44.797157
8881993594000, 1.6992879, -13.969115, 44.798515
8881998594000, 1.72429, -13.96313, 44.803543
8882003561000, 1.744607, -13.958172, 44.80452
8882008609000, 1.7680492, -13.95351, 44.804943
8882013555000, 1.7906903, -13.950503, 44.805843
8882018574000, 1.8141311, -13.948638, 44.807148
8882023600000, 1.8302666, -13.946079, 44.81283
8882028598000, 1.846391, -13.943221, 44.81847
8882033541000, 1.86022, -13.940825, 44.82448
8882038621000, 1.876102, -13.939657, 44.827618
8882043529000, 1.8807664, -13.937163, 44.845932
8882048608000, 1.8859521, -13.934184, 44.862587
8882053621000, 1.8889619, -13.931654, 44.87776
8882058613000, 1.8880718, -13.928316, 44.890972
8882063581000, 1.8757659, -13.914661, 44.909588
8882068617000, 1.8677167, -13.90489, 44.92569
8882073755000, 1.8497417, -13.890861, 44.942146
8882078714000, 1.832752, -13.879455, 44.95908
8882083604000, 1.8182113, -13.865565, 44.9731
8882088628000, 1.7962984, -13.853411, 44.98702
8882093601000, 1.7777777, -13.841971, 44.998753
8882098584000, 1.7623882, -13.841275, 45.008194
8882103540000, 1.7402635, -13.836761, 45.01409
8882108496000, 1.7209744, -13.8356, 45.018013
8882113496000, 1.7052143, -13.832233, 45.023987
8882118529000, 1.6860025, -13.82532, 45.021347
8882123495000, 1.671158, -13.822549, 45.0223
8882128491000, 1.6550347, -13.818362, 45.01032
8882133519000, 1.6426425, -13.8120775, 45.003986
8882138555000, 1.6284869, -13.808216, 44.995243
8882143493000, 1.6150389, -13.80233, 44.983936
8882148490000, 1.5975789, -13.795492, 44.956257
8882153539000, 1.5808593, -13.788421, 44.932465
8882158527000, 1.5674733, -13.7826185, 44.90294
8882163509000, 1.5523483, -13.7784395, 44.873497
8882168533000, 1.5470053, -13.775016, 44.848083
8882173523000, 1.5416567, -13.7749405, 44.8171
8882178478000, 1.5291246, -13.767379, 44.797577
8882183482000, 1.5166262, -13.760349, 44.778545
8882188536000, 1.5140684, -13.744813, 44.75549
8882193503000, 1.5074799, -13.731687, 44.731888
8882198479000, 1.4931601, -13.705392, 44.716614
8882203517000, 1.4741827, -13.681465, 44.701347
8882208789000, 1.4593722, -13.655466, 44.68838
8882213523000, 1.4391696, -13.63031, 44.676926
8882218795000, 1.4247354, -13.607263, 44.666443
8882223490000, 1.4126235, -13.585822, 44.66025
8882228483000, 1.3992801, -13.565024, 44.64854
8882233522000, 1.3865699, -13.542269, 44.64018
8882238515000, 1.3758869, -13.523155, 44.630108
8882243504000, 1.3593045, -13.50012, 44.623154
8882248493000, 1.3467515, -13.479052, 44.610756
8882253549000, 1.3327109, -13.458645, 44.60073
8882258470000, 1.3197639, -13.4366665, 44.59395
8882263518000, 1.3152243, -13.409207, 44.579422
8882268477000, 1.3069233, -13.377119, 44.56424
8882273516000, 1.306352, -13.352228, 44.552444
8882278450000, 1.3073355, -13.331039, 44.537758
8882283520000, 1.3017638, -13.304264, 44.524017
8882288478000, 1.3018647, -13.283019, 44.50597
8882293517000, 1.2982419, -13.258508, 44.495834
8882298466000, 1.306708, -13.238898, 44.484367
8882303510000, 1.3065432, -13.219217, 44.471397
8882308505000, 1.3119061, -13.197965, 44.46204
8882313527000, 1.3208405, -13.179572, 44.454884
8882318507000, 1.3286406, -13.160834, 44.449474
8882323531000, 1.3355302, -13.140055, 44.447315
8882328519000, 1.3395629, -13.117517, 44.446873
8882333535000, 1.3442085, -13.097014, 44.447884
8882338566000, 1.347571, -13.072183, 44.447407
8882343527000, 1.3505752, -13.050292, 44.443436
8882348522000, 1.3561856, -13.028891, 44.436207
8882353575000, 1.356018, -13.018552, 44.429367
8882358602000, 1.3574212, -13.009936, 44.418217
8882363593000, 1.3607008, -13.00564, 44.411743
8882368566000, 1.360581, -13.000263, 44.402966
8882373605000, 1.3665489, -12.997507, 44.39931
8882378597000, 1.3695233, -12.992283, 44.390854
8882383609000, 1.3839872, -13.000889, 44.37488
8882388601000, 1.4066156, -13.010582, 44.357
8882393595000, 1.4144655, -13.01449, 44.33799
8882398593000, 1.4289303, -13.021959, 44.316376
8882403556000, 1.4589195, -13.035455, 44.28397
8882408604000, 1.4831693, -13.045448, 44.250805
8882413578000, 1.5048175, -13.056936, 44.21527
8882418580000, 1.5258632, -13.069344, 44.176643
8882423596000, 1.5459292, -13.078551, 44.141594
8882428595000, 1.5662466, -13.088325, 44.105732
8882433590000, 1.5894531, -13.098218, 44.070347
8882438604000, 1.6075203, -13.104518, 44.039684
8882443527000, 1.6350135, -13.117933, 44.010048
8882448590000, 1.6614153, -13.129898, 43.986786
8882453545000, 1.6760875, -13.134175, 43.974483
8882458602000, 1.6912419, -13.143446, 43.96356
8882463528000, 1.6919421, -13.140961, 43.97171
8882468568000, 1.6912544, -13.140661, 43.977097
8882473637000, 1.682545, -13.138457, 43.995533
8882478599000, 1.6736571, -13.135369, 44.012653
8882483590000, 1.6436247, -13.121136, 44.048576
8882488606000, 1.6148615, -13.108274, 44.084057
8882493605000, 1.5901456, -13.101402, 44.114887
8882498591000, 1.5677422, -13.095083, 44.145077
8882508604000, 1.5551261, -13.086794, 44.180836
8882513617000, 1.5433947, -13.080706, 44.212257
8882518576000, 1.5370733, -13.072405, 44.240868
8882523672000, 1.5310735, -13.061105, 44.264717
8882528633000, 1.5306362, -13.051959, 44.285633
8882533652000, 1.5332229, -13.045327, 44.30074
8882538640000, 1.5370462, -13.039028, 44.317757
8882543720000, 1.5385984, -13.034244, 44.337967
8882548631000, 1.5399301, -13.0285225, 44.3634
8882553939000, 1.5437919, -13.0231285, 44.39834
8882558641000, 1.549575, -13.020998, 44.4327
8882563896000, 1.5506208, -13.016468, 44.482925
8882568604000, 1.5545647, -13.019028, 44.53389
8882573628000, 1.5578518, -13.016078, 44.60195
8882578630000, 1.5638179, -13.017939, 44.671703
8882583574000, 1.5703676, -13.01887, 44.747612
8882588643000, 1.573014, -13.018596, 44.83639
8882593532000, 1.5772531, -13.021079, 44.928177
8882598614000, 1.5826421, -13.023578, 45.031372
8882603572000, 1.5800046, -13.029423, 45.131817
8882608636000, 1.5745188, -13.030099, 45.240696
8882613580000, 1.5619745, -13.036631, 45.34233
8882618571000, 1.5431907, -13.041453, 45.43047
8882623654000, 1.5227395, -13.04822, 45.512238
8882628628000, 1.4893259, -13.05187, 45.574333
8882633624000, 1.4560342, -13.053975, 45.632343
8882638653000, 1.411626, -13.045531, 45.673763
8882643643000, 1.3661659, -13.038702, 45.706463
8882648627000, 1.3098335, -13.023317, 45.720173
8882653640000, 1.2591741, -13.010547, 45.726944
8882658638000, 1.2038186, -12.994545, 45.722492
8882663635000, 1.1469307, -12.974, 45.717205
8882668612000, 1.0936143, -12.954912, 45.70741
8882673694000, 1.0414786, -12.93987, 45.694836
8882678624000, 0.9923967, -12.924559, 45.681774
8882683654000, 0.942883, -12.90618, 45.677586
8882688645000, 0.90187454, -12.902593, 45.66853
8882693627000, 0.8593467, -12.889135, 45.67107
8882698623000, 0.83588886, -12.897532, 45.654034
8882703628000, 0.80861086, -12.900037, 45.644447
8882708629000, 0.7928069, -12.907092, 45.632946
8882713630000, 0.7765484, -12.912846, 45.623505
8882718578000, 0.7534793, -12.920504, 45.608616
8882723716000, 0.7309904, -12.922154, 45.5931
8882728628000, 0.7158572, -12.93184, 45.577682
8882733668000, 0.6977032, -12.9344635, 45.56321
8882738647000, 0.6883669, -12.952816, 45.538525
8882743633000, 0.6708886, -12.964422, 45.516552
8882748611000, 0.6596749, -12.978861, 45.492573
8882753627000, 0.646765, -12.9922495, 45.46407
8882758636000, 0.6316072, -13.006725, 45.419388
8882763629000, 0.6246055, -13.023404, 45.371433
8882768619000, 0.61216843, -13.038416, 45.31578
8882773634000, 0.6038253, -13.049809, 45.25737
8882778599000, 0.59879065, -13.0672035, 45.195263
8882783664000, 0.59450185, -13.077904, 45.136173
8882788608000, 0.60476786, -13.0932255, 45.054028
8882793633000, 0.6185478, -13.105501, 44.97591
8882798538000, 0.6241745, -13.109248, 44.89954
8882803635000, 0.6348198, -13.113124, 44.8251
8882808532000, 0.6763833, -13.134984, 44.732075
8882813613000, 0.72058743, -13.150685, 44.646694
8882818543000, 0.7790191, -13.1792145, 44.56418
8882823671000, 0.84637153, -13.201522, 44.485523
8882828533000, 0.90921575, -13.233115, 44.411568
8882833678000, 0.97406816, -13.259898, 44.3422
8882838603000, 1.0372294, -13.281359, 44.27472
8882843635000, 1.1017535, -13.300604, 44.207657
8882848562000, 1.1678671, -13.318128, 44.146816
8882853631000, 1.2297386, -13.333068, 44.08143
8882858601000, 1.2917407, -13.343742, 44.021584
8882863624000, 1.3479193, -13.354868, 43.958157
8882868600000, 1.3953004, -13.355414, 43.90636
8882873703000, 1.43621, -13.353848, 43.8556
8882878606000, 1.4715476, -13.349848, 43.807137
8882883684000, 1.5004424, -13.349603, 43.76149
8882888637000, 1.4788316, -13.300563, 43.78596
8882893622000, 1.4566201, -13.256876, 43.81166
8882898748000, 1.4027052, -13.20005, 43.878605
8882903631000, 1.3513535, -13.153586, 43.942776
8882908808000, 1.2802525, -13.0892515, 44.04735
8882913627000, 1.2106361, -13.042472, 44.145004
8882918898000, 1.1364982, -12.9964905, 44.265057
8882923711000, 1.0635394, -12.952885, 44.37973
8882928982000, 0.99899304, -12.921806, 44.503548
8882933719000, 0.9311344, -12.890882, 44.617905
8882938637000, 0.89134103, -12.8721485, 44.718315
8882943634000, 0.8514491, -12.85346, 44.81184
8882948620000, 0.80946213, -12.830071, 44.89371
8882953596000, 0.78748566, -12.817014, 44.961384
8882958600000, 0.7654515, -12.802182, 45.018284
8882963586000, 0.75595963, -12.793856, 45.05266
8882968586000, 0.75398785, -12.788384, 45.084473
8882973614000, 0.7555517, -12.7840395, 45.09848
8882978595000, 0.7574707, -12.7825165, 45.11179
8882983592000, 0.76086825, -12.778796, 45.12119
8882988612000, 0.76978874, -12.781832, 45.129593
8882993596000, 0.7678054, -12.773963, 45.14256
8882998594000, 0.7642394, -12.769506, 45.16086
8883003571000, 0.75693554, -12.762963, 45.187187
8883008577000, 0.74419737, -12.760997, 45.21466
8883013591000, 0.7296798, -12.759425, 45.26743
8883018574000, 0.7138249, -12.760176, 45.31196
8883023660000, 0.6952075, -12.760312, 45.36564
8883028595000, 0.67489386, -12.760657, 45.415974
8883033571000, 0.6507108, -12.762798, 45.470585
8883038613000, 0.62567765, -12.766021, 45.52061
8883043561000, 0.6028568, -12.771476, 45.562626
8883048591000, 0.57588136, -12.772552, 45.60404
8883053546000, 0.5541348, -12.77869, 45.6298
8883058606000, 0.53263736, -12.787338, 45.654472
8883063520000, 0.5245292, -12.794296, 45.670654
8883068580000, 0.5177511, -12.803225, 45.68474
8883073588000, 0.5135536, -12.808466, 45.68827
8883078597000, 0.5143343, -12.814804, 45.688366
8883083520000, 0.5093052, -12.804388, 45.674576
8883088619000, 0.51369894, -12.798982, 45.659435
8883093564000, 0.5152462, -12.78579, 45.644176
8883098592000, 0.5233547, -12.773798, 45.632458
8883103580000, 0.52109593, -12.756828, 45.619465
8883108608000, 0.51990813, -12.732647, 45.619728
8883113584000, 0.5119509, -12.718851, 45.61674
8883118569000, 0.5070863, -12.699335, 45.620907
