#Angle around the z x y axes.
#timestamp(ns), Azimuth , Pitch, Roll (degrees)
#Datetime: 18/05/2015 18:19:10
##########################################
#Activity: 11 - FKL - Front-knees-lying - 10s
#Subject ID: 56
#First Name: sub56
#Last Name: sub56
#Age: 29
#Height(cm): 170
#Weight(kg): 75
#Gender: Male
##########################################

@DATA
21667563008000, 354.13776, -179.85323, 1.5646412
21667568002000, 354.14343, -179.84251, 1.5698805
21667573036000, 354.0375, -178.99438, 1.8903017
21667578025000, 353.91797, -178.16354, 2.2192578
21667583026000, 353.7907, -177.32977, 2.5479107
21667587982000, 353.6465, -176.4997, 2.8784106
21667592991000, 353.49576, -175.6783, 3.208753
21667597986000, 353.33273, -174.8598, 3.5251756
21667602988000, 353.1586, -174.06778, 3.8551471
21667607973000, 352.9725, -173.26729, 4.178636
21667613500000, 352.78467, -172.48274, 4.525734
21667617989000, 352.58173, -171.68166, 4.8240075
21667622995000, 352.37256, -170.92953, 5.171999
21667628004000, 352.15375, -170.14224, 5.495129
21667633059000, 351.93262, -169.37808, 5.8160677
21667638027000, 351.70166, -168.62286, 6.1303115
21667643014000, 351.46683, -167.8771, 6.4381275
21667648006000, 351.22906, -167.14319, 6.7381773
21667653058000, 350.98688, -166.42375, 7.02352
21667658018000, 350.74347, -165.73463, 7.2917414
21667664611000, 350.499, -165.06839, 7.5427337
21667668032000, 350.25217, -164.44089, 7.7749352
21667673019000, 350.0076, -163.858, 7.981673
21667678029000, 349.76212, -163.31184, 8.149696
21667683358000, 349.5196, -162.85567, 8.27267
21667688031000, 349.2732, -162.4779, 8.4154
21667693012000, 349.03036, -162.06801, 8.512786
21667698006000, 348.7891, -161.76941, 8.5966425
21667703022000, 348.54688, -161.4747, 8.687209
21667708024000, 348.30243, -161.18694, 8.782986
21667712994000, 348.0813, -160.79434, 8.912594
21667718100000, 347.8613, -160.40567, 9.034527
21667723014000, 347.6387, -160.02472, 9.162793
21667728035000, 347.41583, -159.64944, 9.286027
21667733061000, 347.19, -159.27663, 9.410382
21667738025000, 346.966, -158.91235, 9.534193
21667743015000, 346.73935, -158.55348, 9.660637
21667748006000, 346.51385, -158.20422, 9.780424
21667752988000, 346.28586, -157.85394, 9.904704
21667758005000, 346.05902, -157.51532, 10.031073
21667762995000, 345.83054, -157.18079, 10.151812
21667768043000, 345.6001, -156.85422, 10.278046
21667773018000, 345.36862, -156.52711, 10.403267
21667778052000, 345.13318, -156.21135, 10.528854
21667783039000, 344.89963, -155.89732, 10.652345
21667788018000, 344.65924, -155.59276, 10.78108
21667793013000, 344.4203, -155.28777, 10.907487
21667798009000, 344.17728, -154.99466, 11.0381775
21667803024000, 343.9349, -154.70338, 11.165017
21667808019000, 343.68713, -154.41795, 11.296453
21667812989000, 343.4395, -154.14114, 11.432092
21667818120000, 343.18945, -153.86397, 11.562632
21667822987000, 342.9372, -153.59502, 11.696265
21667828052000, 342.6818, -153.33217, 11.832749
21667833137000, 342.42435, -153.07237, 11.968626
21667838120000, 342.1646, -152.81374, 12.10451
21667843051000, 341.9026, -152.56598, 12.241553
21667848052000, 341.64005, -152.31813, 12.379244
21667853059000, 341.37277, -152.07318, 12.516773
21667858053000, 341.10382, -151.83533, 12.653464
21667862998000, 340.83765, -151.60286, 12.790549
21667868863000, 340.56516, -151.36862, 12.9264
21667873017000, 340.2916, -151.14479, 13.062955
21667878035000, 340.01617, -150.92088, 13.19942
21667883167000, 339.73654, -150.70346, 13.336229
21667888133000, 339.45807, -150.4895, 13.476559
21667893046000, 339.17288, -150.27591, 13.617195
21667898058000, 338.88586, -150.07063, 13.757297
21667903043000, 338.59586, -149.86754, 13.901636
21667908047000, 338.30246, -149.66425, 14.047349
21667913040000, 338.04514, -149.3775, 14.206678
21667918045000, 337.7823, -149.09189, 14.369297
21667923018000, 337.52023, -148.81316, 14.531017
21667928015000, 337.2506, -148.53671, 14.691717
21667933042000, 336.9839, -148.26639, 14.853224
21667938369000, 336.70926, -147.99937, 15.014264
21667943022000, 336.43246, -147.73593, 15.175324
21667948009000, 336.15298, -147.48123, 15.336975
21667953020000, 335.86658, -147.22667, 15.497143
21667958015000, 335.5793, -146.97572, 15.662252
21667963006000, 335.28577, -146.7325, 15.822779
21667968046000, 334.99146, -146.49432, 15.988024
21667973021000, 334.69113, -146.25737, 16.154749
21667978024000, 334.389, -146.02881, 16.321297
21667983078000, 334.0839, -145.8011, 16.486578
21667988100000, 333.77524, -145.5826, 16.654804
21667993017000, 333.46216, -145.36455, 16.822012
21667998005000, 333.1488, -145.15169, 16.987812
21668003022000, 332.82968, -144.94017, 17.15101
21668008024000, 332.51077, -144.73535, 17.316269
21668013056000, 332.18484, -144.53392, 17.478485
21668018145000, 331.85898, -144.33316, 17.642622
21668023017000, 331.52948, -144.14037, 17.803932
21668028034000, 331.1916, -143.94673, 17.968515
21668033077000, 330.85233, -143.75797, 18.133291
21668038059000, 330.50885, -143.57068, 18.300222
21668043052000, 330.15735, -143.39111, 18.469925
21668048049000, 329.8035, -143.20499, 18.637825
21668053058000, 329.4431, -143.03069, 18.811018
21668058056000, 329.0833, -142.85332, 18.984423
21668064632000, 328.71536, -142.67998, 19.158329
21668068109000, 328.3445, -142.51001, 19.331404
21668073053000, 327.97232, -142.3392, 19.507294
21668078063000, 327.59607, -142.17068, 19.679333
21668083083000, 327.21478, -142.00693, 19.854898
21668088054000, 326.83105, -141.84201, 20.026236
21668093052000, 326.44165, -141.67847, 20.198732
21668098053000, 326.05124, -141.52231, 20.370623
21668103229000, 325.6529, -141.36032, 20.543024
21668108053000, 325.2517, -141.20598, 20.713802
21668113037000, 324.89914, -140.91864, 20.86463
21668118168000, 324.54282, -140.63358, 21.010826
21668123022000, 324.1823, -140.35326, 21.160706
21668128061000, 323.81735, -140.0805, 21.31069
21668133092000, 323.4505, -139.80968, 21.45867
21668138057000, 323.0776, -139.54321, 21.609425
21668143042000, 322.7037, -139.28557, 21.757263
21668148065000, 322.323, -139.02785, 21.90498
21668153062000, 321.94385, -138.78098, 22.055733
21668158058000, 321.558, -138.53162, 22.201887
21668163033000, 321.17053, -138.29424, 22.34912
21668168128000, 320.7785, -138.05171, 22.496746
21668173063000, 320.38705, -137.82236, 22.644
21668178071000, 319.9859, -137.58986, 22.791883
21668183103000, 319.5868, -137.36526, 22.938663
21668188055000, 319.18158, -137.14104, 23.088018
21668193331000, 318.7719, -136.92384, 23.237259
21668198057000, 318.35822, -136.70831, 23.385092
21668203054000, 317.94135, -136.4993, 23.536871
21668208049000, 317.5182, -136.28885, 23.685509
21668213026000, 317.0918, -136.08612, 23.835903
21668218102000, 316.65833, -135.88718, 23.9864
21668223021000, 316.22107, -135.687, 24.135695
21668228053000, 315.78043, -135.49467, 24.282969
21668233078000, 315.3321, -135.30124, 24.433142
21668238055000, 314.88336, -135.11057, 24.57713
21668243053000, 314.42505, -134.9274, 24.724405
21668248049000, 313.9675, -134.7375, 24.867586
21668253058000, 313.5052, -134.5581, 25.009504
21668258057000, 313.03564, -134.3743, 25.15074
21668265377000, 312.56708, -134.19804, 25.29188
21668268316000, 312.09137, -134.0197, 25.42974
21668273053000, 311.61646, -133.84912, 25.568422
21668278063000, 311.13303, -133.6749, 25.703524
21668283098000, 310.64856, -133.50836, 25.84105
21668288067000, 310.16214, -133.34464, 25.975815
21668293056000, 309.6644, -133.17908, 26.109777
21668298060000, 309.1715, -133.01721, 26.240719
21668303058000, 308.66852, -132.86072, 26.372246
21668308053000, 308.16193, -132.70448, 26.505495
21668313042000, 307.73276, -132.36542, 26.531494
21668318095000, 307.3002, -132.03738, 26.562326
21668323020000, 306.86554, -131.70956, 26.58841
21668328076000, 306.43457, -131.38806, 26.613941
21668333331000, 305.9983, -131.07257, 26.640436
21668338056000, 305.56308, -130.76007, 26.665304
21668343053000, 305.12762, -130.44977, 26.686945
21668348048000, 304.69073, -130.14972, 26.709871
21668353055000, 304.25015, -129.84912, 26.73366
21668358057000, 303.8124, -129.55753, 26.756187
21668363044000, 303.36816, -129.26752, 26.775946
21668368074000, 302.92545, -128.98279, 26.797655
21668373055000, 302.48187, -128.7045, 26.817606
21668378084000, 302.0329, -128.42743, 26.837872
21668383071000, 301.589, -128.15768, 26.855799
21668388056000, 301.14102, -127.89093, 26.872282
21668393050000, 300.69196, -127.629974, 26.89159
21668398056000, 300.24615, -127.37243, 26.905497
21668403102000, 299.79584, -127.12424, 26.921753
21668408051000, 299.3476, -126.87735, 26.936617
21668413037000, 298.90186, -126.638084, 26.950289
21668418086000, 298.45145, -126.40469, 26.965488
21668423019000, 298.00043, -126.17438, 26.978962
21668428095000, 297.55276, -125.949646, 26.992744
21668433098000, 297.10062, -125.73218, 27.006819
21668438052000, 296.64578, -125.51555, 27.02191
21668443055000, 296.19202, -125.30562, 27.036062
21668448046000, 295.73288, -125.098206, 27.048492
21668453063000, 295.2749, -124.89748, 27.063206
21668458054000, 294.8121, -124.699715, 27.07833
21668464630000, 294.3509, -124.50343, 27.089401
21668468093000, 293.8838, -124.31612, 27.104202
21668473058000, 293.41815, -124.12697, 27.117409
21668478095000, 292.95273, -123.945854, 27.130032
21668483143000, 292.48163, -123.765396, 27.143427
21668488074000, 292.01166, -123.58929, 27.155325
21668493053000, 291.53873, -123.41612, 27.16758
21668498054000, 291.06567, -123.24547, 27.176912
21668503051000, 290.59027, -123.07652, 27.18704
21668508058000, 290.11496, -122.9136, 27.198408
21668513016000, 289.7288, -122.65731, 27.139992
21668518725000, 289.34515, -122.40571, 27.08452
21668523000000, 289.0125, -122.10286, 26.990438
21668533009000, 288.67987, -121.79884, 26.88998
21668538035000, 288.3842, -121.47604, 26.780806
21668543033000, 288.12976, -121.13948, 26.661386
21668547997000, 287.87726, -120.81137, 26.54539
21668553000000, 287.67264, -120.48186, 26.431368
21668558049000, 287.4734, -120.159134, 26.319471
21668563003000, 287.34213, -119.85407, 26.229351
21668568124000, 287.22333, -119.55247, 26.135149
21668573123000, 287.20874, -119.28872, 26.087418
21668578110000, 287.20032, -119.03457, 26.03744
21668583028000, 287.35452, -118.83052, 26.062593
21668588605000, 287.51535, -118.63536, 26.082985
21668593129000, 287.9652, -118.53856, 26.24417
21668598041000, 288.41266, -118.45436, 26.395948
21668603211000, 289.43307, -118.581375, 26.835787
21668608027000, 290.4156, -118.7266, 27.248533
21668613382000, 291.78076, -118.97484, 27.788757
21668618038000, 293.07376, -119.2422, 28.294828
21668622991000, 294.18735, -119.397705, 28.636261
21668628054000, 295.26328, -119.5648, 28.958632
21668632970000, 296.2956, -119.73853, 29.261885
21668638060000, 297.30264, -119.92113, 29.551256
21668643055000, 298.27618, -120.105064, 29.823057
21668648046000, 299.21497, -120.28296, 30.07256
21668653069000, 300.12744, -120.4532, 30.300697
21668658208000, 301.0276, -120.620476, 30.51362
21668663408000, 301.90128, -120.78416, 30.713003
21668668112000, 302.7223, -120.925644, 30.880457
21668673153000, 303.52603, -121.05514, 31.029015
21668678104000, 304.32602, -121.17786, 31.164986
21668683089000, 305.1091, -121.29225, 31.287733
21668688051000, 305.9242, -121.414474, 31.413937
21668693056000, 306.72424, -58.470108, 31.529537
21668698043000, 307.53717, -58.354782, 31.641863
21668713044000, 308.33923, -58.241447, 31.749512
21668718089000, 309.13287, -58.154358, 31.829021
21668723018000, 309.91632, -58.06794, 31.90617
21668728209000, 310.70654, -57.983807, 31.979832
21668733091000, 311.48932, -57.905396, 32.046898
21668738050000, 312.2223, -57.854, 32.086586
21668743057000, 312.95135, -57.811047, 32.117523
21668748034000, 313.64563, -57.779755, 32.13716
21668753072000, 314.33298, -57.75375, 32.151165
21668758048000, 315.00748, -57.737316, 32.155945
21668763042000, 315.67502, -57.7254, 32.156
21668768057000, 316.34268, -57.720665, 32.149277
21668773046000, 317.00812, -57.71926, 32.1396
21668777992000, 317.65903, -57.732513, 32.115074
21668783087000, 318.30704, -57.7539, 32.083054
21668787950000, 318.95026, -57.780113, 32.046143
21668797965000, 319.58478, -57.813602, 32.002296
21668803073000, 320.23828, -57.84301, 31.963284
21668807970000, 320.9051, -57.873173, 31.924511
21668813049000, 321.5633, -57.912247, 31.877039
21668818057000, 322.22684, -57.955036, 31.826416
21668823026000, 322.88568, -58.00188, 31.772924
21668828012000, 323.57022, -58.04969, 31.718943
21668833157000, 324.24936, -58.10486, 31.65895
21668838036000, 324.9201, -58.169346, 31.591108
21668843811000, 325.58813, -58.24255, 31.514673
21668848029000, 326.24472, -58.318863, 31.435717
21668853001000, 326.8951, -58.404705, 31.348001
21668857973000, 327.52487, -58.49395, 31.256441
21668864632000, 328.14163, -58.59112, 31.157223
21668868006000, 328.76102, -58.687897, 31.059282
21668872970000, 329.3517, -58.789005, 30.957155
21668877970000, 329.9385, -58.89114, 30.854176
21668883000000, 330.51187, -59.00143, 30.744547
21668888060000, 331.07715, -59.116608, 30.629612
21668892983000, 331.6773, -59.219585, 30.529541
21668897981000, 332.2716, -59.32997, 30.422935
21668903000000, 332.88742, -59.445965, 30.312057
21668908020000, 333.49643, -59.563362, 30.200302
21668913805000, 334.08798, -59.697914, 30.071705
21668918133000, 334.67163, -59.838966, 29.936598
21668922993000, 335.2509, -59.98839, 29.792686
21668928013000, 335.82147, -60.14512, 29.64177
21668933038000, 336.3866, -60.30421, 29.487377
21668938064000, 336.89716, -60.47322, 29.322357
21668942976000, 337.40527, -60.64477, 29.154102
21668948045000, 337.8919, -60.806046, 28.995144
21668952959000, 338.37997, -60.969902, 28.83338
21668958059000, 338.87384, -61.13133, 28.673399
21668962978000, 339.36603, -61.292213, 28.513418
21668968162000, 339.8435, -61.45545, 28.351318
21668972953000, 340.32327, -61.6201, 28.187757
21668978050000, 340.80447, -61.781525, 28.02776
21668983823000, 341.29086, -61.939987, 27.871088
21668988054000, 341.77896, -62.10495, 27.708769
21668993052000, 342.2664, -62.267857, 27.54797
21668998029000, 342.75693, -62.439243, 27.380814
21669003058000, 343.2333, -62.611458, 27.21172
21669008058000, 343.73373, -62.787563, 27.040667
21669013042000, 344.21564, -62.96175, 26.87065
21669018081000, 344.70657, -63.137104, 26.699896
21669023023000, 345.18134, -63.315445, 26.525606
21669028041000, 345.63586, -63.504486, 26.340971
21669033017000, 346.08154, -63.69481, 26.154621
21669038017000, 346.512, -63.881214, 25.971231
21669043015000, 346.93933, -64.07068, 25.784782
21669047988000, 347.34576, -64.25902, 25.598982
21669053163000, 347.75174, -64.44751, 25.412996
21669058014000, 348.13675, -64.64528, 25.216616
21669064645000, 348.52353, -64.84115, 25.0227
21669068025000, 348.9083, -65.03858, 24.827124
21669073014000, 349.29163, -65.233185, 24.634672
21669077968000, 349.6668, -65.43215, 24.436968
21669083017000, 350.04132, -65.63249, 24.238075
21669087944000, 350.40616, -65.83722, 24.033363
21669093012000, 350.7671, -66.044624, 23.82614
21669097961000, 351.11462, -66.250305, 23.619545
21669103031000, 351.45715, -66.45646, 23.412271
21669107945000, 351.80136, -66.659706, 23.208076
21669112999000, 352.1428, -66.861244, 23.005512
21669118090000, 352.48285, -67.06371, 22.80234
21669123015000, 352.815, -67.26192, 22.603094
21669127983000, 353.15634, -67.45452, 22.410898
21669133027000, 353.48727, -67.6447, 22.221426
21669137993000, 353.8283, -67.83173, 22.03565
21669143014000, 354.16574, -68.02059, 21.849157
21669148011000, 354.50125, -68.2071, 21.664442
21669153026000, 354.83588, -68.39407, 21.480328
21669158027000, 355.17816, -68.57595, 21.30166
21669162993000, 355.52426, -68.75709, 21.124712
21669168312000, 355.8637, -68.93638, 20.948725
21669173061000, 356.20258, -69.115974, 20.773012
21669178006000, 356.53244, -69.29373, 20.597446
21669183019000, 356.86395, -69.47189, 20.422354
21669187983000, 357.1854, -69.650024, 20.246386
21669193024000, 357.5012, -69.82871, 20.069479
21669198002000, 357.80743, -70.00696, 19.892944
21669203035000, 358.11777, -70.18468, 19.716484
21669207959000, 358.4228, -70.35979, 19.542437
21669212995000, 358.71713, -70.5441, 19.35923
21669218005000, 359.00882, -70.72282, 19.181358
21669223020000, 359.29675, -70.90464, 19.000364
21669227942000, 359.5809, -71.07994, 18.82548
21669233018000, 359.85074, -71.24806, 18.657045
21669237979000, 0.113513954, -71.411766, 18.492964
21669243019000, 0.35973465, -71.56846, 18.334873
21669248019000, 0.6048005, -71.71568, 18.186415
21669253029000, 0.8238047, -71.85135, 18.047997
21669257987000, 1.0441935, -71.97722, 17.919367
21669264625000, 1.2401744, -72.09128, 17.801931
21669268155000, 1.4295472, -72.19248, 17.696753
21669273063000, 1.600993, -72.279045, 17.606148
21669277986000, 1.7611941, -72.355255, 17.526299
21669283016000, 1.9124041, -72.41477, 17.46369
21669288039000, 2.055416, -72.47018, 17.40539
21669293016000, 2.1972888, -72.51928, 17.354439
21669298030000, 2.331637, -72.56915, 17.302605
21669303027000, 2.4768128, -72.6255, 17.2453
21669308217000, 2.617455, -72.68699, 17.18259
21669313004000, 2.7588708, -72.76553, 17.101349
21669318038000, 2.9020116, -72.85355, 17.010374
21669323017000, 3.0426419, -72.94783, 16.910973
21669328009000, 3.186027, -73.05035, 16.802402
21669333011000, 3.3277826, -73.15791, 16.686451
21669338018000, 3.4661188, -73.265755, 16.569345
21669343013000, 3.6028664, -73.37129, 16.451206
21669348009000, 3.7428164, -73.47416, 16.335201
21669353015000, 3.8770456, -73.57327, 16.222029
21669358017000, 4.0193963, -73.6675, 16.111824
21669362986000, 4.158139, -73.75297, 16.010094
21669368047000, 4.292288, -73.83806, 15.906729
21669372985000, 4.4345026, -73.904045, 15.823177
21669378376000, 4.573781, -73.97215, 15.737075
21669383029000, 4.707674, -74.01846, 15.673487
21669388018000, 4.8379693, -74.064964, 15.610637
21669393001000, 4.9682617, -74.1007, 15.558912
21669397998000, 5.0952864, -74.13605, 15.5092
21669403213000, 5.2253065, -74.166405, 15.464753
21669408013000, 5.348113, -74.19565, 15.422609
21669413310000, 5.469897, -74.22295, 15.381665
21669418060000, 5.585685, -74.245804, 15.344194
21669423003000, 5.702129, -74.27323, 15.304558
21669428013000, 5.8222265, -74.29875, 15.267132
21669432999000, 5.928616, -74.314186, 15.241151
21669438018000, 6.0405374, -74.326004, 15.21751
21669443109000, 6.144374, -74.33352, 15.200459
21669448035000, 6.265978, -74.33447, 15.189762
21669453209000, 6.333185, -74.29395, 15.217301
21669458014000, 6.42177, -74.25835, 15.239594
21669464590000, 6.441808, -74.16959, 15.299804
21669468065000, 6.4533176, -74.064545, 15.371865
21669473021000, 6.501062, -73.97007, 15.435887
21669478012000, 6.506852, -73.84187, 15.54075
21669483030000, 6.5349493, -73.722176, 15.636909
21669488019000, 6.587065, -73.60798, 15.737151
21669493012000, 6.628398, -73.489685, 15.842373
21669498000000, 6.6889753, -73.392746, 15.935889
21669503027000, 6.7450547, -73.29969, 16.02603
21669508013000, 6.8152537, -73.22777, 16.09974
21669513001000, 6.8861985, -73.1578, 16.173506
21669518049000, 6.9618564, -73.11159, 16.221981
21669523021000, 7.0460577, -73.068726, 16.270844
21669527996000, 7.1129336, -73.044136, 16.300022
21669533030000, 7.1869464, -73.024796, 16.326962
21669538009000, 7.2569876, -73.02229, 16.340816
21669543022000, 7.3193164, -73.01711, 16.35801
21669548008000, 7.3468037, -72.99064, 16.387947
21669552959000, 7.38694, -72.9698, 16.413794
21669558013000, 7.4448304, -72.954445, 16.43559
21669563692000, 7.4678655, -72.90221, 16.482191
21669568115000, 7.5016165, -72.856125, 16.52183
21669573032000, 7.498769, -72.76026, 16.596937
21669578011000, 7.4759784, -72.64827, 16.683807
21669583007000, 7.4690146, -72.565254, 16.73526
21669587994000, 7.441684, -72.46472, 16.801138
21669592975000, 7.42257, -72.36415, 16.86231
21669598003000, 7.4022303, -72.265816, 16.920025
21669602993000, 7.4052167, -72.1743, 16.965714
21669607972000, 7.418964, -72.08003, 17.008017
21669613011000, 7.4181237, -71.987465, 17.041948
21669617975000, 7.4129763, -71.891335, 17.071577
21669622976000, 7.4226723, -71.84459, 17.072058
21669628032000, 7.410133, -71.79443, 17.066053
21669633786000, 7.419996, -71.788185, 17.028618
21669638053000, 7.4185505, -71.78377, 16.983036
21669643010000, 7.4262853, -71.80245, 16.921724
21669648007000, 7.4304557, -71.82798, 16.85163
21669653109000, 7.470098, -71.88477, 16.743666
21669657940000, 7.5219383, -71.93834, 16.638361
21669664266000, 7.5807347, -71.99361, 16.505587
21669667946000, 7.6625137, -72.054596, 16.37091
21669672910000, 7.7491364, -72.07339, 16.271713
21669677931000, 7.870646, -72.100876, 16.16815
21669682946000, 8.011931, -72.12552, 16.06685
21669687938000, 8.108901, -72.07511, 15.9963045
21669692900000, 8.225788, -72.02367, 15.928501
21669697957000, 8.321864, -71.90951, 15.908459
21669703023000, 8.439794, -71.78737, 15.896118
21669708014000, 8.534236, -71.61621, 15.9184265
21669712997000, 8.6166725, -71.42979, 15.951952
21669718025000, 8.660606, -71.173225, 16.034302
21669722951000, 8.681046, -70.903114, 16.115376
21669728017000, 8.656348, -70.601974, 16.226105
21669733062000, 8.617948, -70.299355, 16.327152
21669738226000, 8.5623255, -69.97382, 16.45286
21669742983000, 8.472308, -69.64995, 16.570383
21669748011000, 8.354717, -69.29133, 16.721148
21669753030000, 8.229713, -68.93424, 16.867613
21669758020000, 8.095933, -68.599754, 17.006994
21669763025000, 7.9726305, -68.28173, 17.139061
21669768033000, 7.856434, -67.98496, 17.271683
21669773037000, 7.7400484, -67.70592, 17.397799
21669778014000, 7.640678, -67.46498, 17.514399
21669783086000, 7.543634, -67.23757, 17.634562
21669788015000, 7.4582586, -67.04406, 17.722792
21669793011000, 7.3794, -66.87419, 17.806543
21669798035000, 7.319603, -66.73146, 17.853424
21669802993000, 7.269947, -66.61252, 17.889751
21669807982000, 7.235869, -66.51869, 17.885857
21669813052000, 7.2148485, -66.44386, 17.868246
21669818072000, 7.1754622, -66.32359, 17.854265
21669823129000, 7.1640215, -66.20316, 17.84406
21669828016000, 7.170233, -66.100716, 17.798195
21669833030000, 7.2054114, -66.003296, 17.75571
21669838018000, 7.236947, -65.84813, 17.739403
21669843019000, 7.2629385, -65.68404, 17.725502
21669847990000, 7.2764854, -65.483696, 17.749641
21669853030000, 7.294388, -65.28121, 17.781607
21669858016000, 7.2852426, -65.05828, 17.855927
21669864791000, 7.2999334, -64.847435, 17.934574
21669867990000, 7.2369003, -64.61717, 18.047241
21669873021000, 7.20504, -64.408585, 18.15259
21669877963000, 7.1603484, -64.17713, 18.304337
21669883043000, 7.0679297, -63.96367, 18.420454
21669888017000, 6.964354, -63.711906, 18.576256
21669893019000, 6.850036, -63.476017, 18.722315
21669898002000, 6.696469, -63.194202, 18.880186
21669903017000, 6.5551286, -62.9273, 19.035189
21669907999000, 6.3558455, -62.573994, 19.23755
21669912998000, 6.1701, -62.237225, 19.432228
21669918031000, 5.978712, -61.888046, 19.650583
21669923505000, 5.7932086, -61.560806, 19.858322
21669928005000, 5.631873, -61.233036, 20.091166
21669933043000, 5.4478083, -60.945034, 20.284592
21669937974000, 5.2802277, -60.652, 20.503181
21669943015000, 5.1131115, -60.38158, 20.71238
21669948010000, 4.9418335, -60.12078, 20.910513
21669953027000, 4.84162, -59.97348, 21.049614
21669958045000, 4.753427, -59.83934, 21.19051
21669963018000, 4.744056, -59.79317, 21.284185
21669968054000, 4.7317677, -59.78327, 21.3583
21669973018000, 4.8716507, -59.93225, 21.355137
21669978013000, 5.020033, -60.103622, 21.339134
21669983004000, 5.2183228, -60.326733, 21.2751
21669988024000, 5.4335656, -60.55347, 21.22158
21669993643000, 5.636927, -60.79181, 21.140228
21669998097000, 5.856175, -61.036736, 21.068064
21670003031000, 6.1214495, -61.33017, 20.997902
21670008028000, 6.3355494, -61.6152, 20.915255
21670013034000, 6.543989, -61.93782, 20.836046
21670018145000, 6.755754, -62.249695, 20.76332
21670023096000, 6.9501014, -62.5995, 20.694572
21670028016000, 7.1548996, -62.969917, 20.595785
21670033066000, 7.4001756, -63.350636, 20.476563
21670038029000, 7.6506305, -63.744118, 20.327585
21670043005000, 7.937839, -64.10745, 20.136381
21670048001000, 8.259288, -64.49109, 19.91873
21670053094000, 8.629104, -64.91676, 19.65208
21670058018000, 9.017174, -65.34554, 19.373604
21670064948000, 9.454412, -65.8006, 19.09309
21670067994000, 9.88519, -66.244095, 18.817513
21670073021000, 10.334717, -66.676315, 18.545885
21670078009000, 10.781012, -67.14116, 18.346764
21670083072000, 11.224927, -67.5928, 18.147327
21670088019000, 11.663972, -68.03805, 17.972033
21670093019000, 12.093778, -68.48285, 17.79402
21670097989000, 12.528588, -68.930824, 17.606112
21670103031000, 12.950812, -69.3785, 17.411335
21670108014000, 13.344237, -69.79944, 17.229866
21670113028000, 13.769977, -70.26196, 16.994085
21670117988000, 14.111092, -70.62719, 16.794697
21670123021000, 14.490117, -71.016014, 16.565294
21670127944000, 14.8991995, -71.42906, 16.266607
21670133020000, 15.325692, -71.85511, 15.9575405
21670137952000, 15.803949, -72.3423, 15.547191
21670143014000, 16.301542, -72.80145, 15.165364
21670147986000, 16.748873, -73.08579, 14.897341
21670153031000, 17.190315, -73.30609, 14.68894
21670157994000, 17.531055, -73.47866, 14.511064
21670163022000, 17.708225, -73.55947, 14.356504
21670168255000, 17.903845, -73.364105, 14.394596
21670173021000, 18.202171, -73.01192, 14.549279
21670178040000, 18.31201, -72.6727, 14.48338
21670183047000, 18.278801, -72.31229, 14.405939
21670187958000, 18.404911, -72.17379, 14.57291
21670193017000, 18.560328, -72.112335, 14.741271
21670198016000, 18.441559, -72.23656, 14.780162
21670202986000, 18.51137, -72.857574, 14.48542
21670208016000, 18.615097, -73.5764, 14.151317
21670213107000, 18.718067, -74.353226, 13.672066
21670218053000, 18.84529, -75.20043, 13.166483
21670223001000, 18.939142, -75.92115, 12.768488
21670228037000, 19.068922, -76.67821, 12.328116
21670233063000, 19.223557, -77.311386, 11.924644
21670238036000, 19.425262, -77.94811, 11.4801035
21670243018000, 19.708218, -78.39692, 11.106042
21670247999000, 20.025494, -78.8424, 10.680214
21670253023000, 20.396238, -79.26569, 10.235911
21670258024000, 20.784912, -79.66013, 9.785667
21670263375000, 21.136644, -79.93709, 9.401751
21670268092000, 21.426401, -80.1723, 9.020597
21670273007000, 21.587, -80.28416, 8.838392
21670278052000, 21.630459, -80.37041, 8.669005
21670283804000, 21.563133, -80.432686, 8.513943
21670288024000, 21.360115, -80.41812, 8.493932
21670293015000, 21.070185, -80.385254, 8.504806
21670298006000, 20.676548, -80.27367, 8.652413
21670303030000, 20.239494, -80.13864, 8.844742
21670308022000, 19.751005, -79.92349, 9.152346
21670312993000, 19.264107, -79.67448, 9.503709
21670318113000, 18.788395, -79.438965, 9.83292
21670323124000, 18.348677, -79.181046, 10.183737
21670328017000, 17.97802, -78.96127, 10.457388
21670333039000, 17.63913, -78.73764, 10.729728
21670338021000, 17.42649, -78.58607, 10.901608
21670343051000, 17.238125, -78.45197, 11.051102
21670347995000, 17.12968, -78.40448, 11.089721
21670352977000, 17.063034, -78.374016, 11.109256
21670357953000, 17.04645, -78.442444, 11.030008
21670363024000, 17.0524, -78.530624, 10.924147
21670368050000, 17.08611, -78.71387, 10.74066
21670373086000, 17.120426, -78.91541, 10.534674
21670377985000, 17.160372, -79.20121, 10.266339
21670383048000, 17.186844, -79.49831, 9.98639
21670387995000, 17.19914, -79.84911, 9.68606
21670393010000, 17.191301, -80.20533, 9.382687
21670398020000, 17.176819, -80.56537, 9.105471
21670403039000, 17.133217, -80.93929, 8.812974
21670408063000, 17.098354, -81.29243, 8.543047
21670413062000, 17.059298, -81.62807, 8.279249
21670418030000, 17.033752, -81.959305, 8.001022
21670422978000, 17.033073, -82.25622, 7.7360516
21670428032000, 17.045547, -97.46222, 7.461372
21670433081000, 17.075998, -97.217476, 7.193479
21670438023000, 17.118303, -97.00971, 6.9252014
21670443053000, 17.167177, -96.84106, 6.65467
21670448003000, 17.229555, -96.73913, 6.389665
21670452995000, 17.295448, -96.685455, 6.1196485
21670457983000, 17.37344, -96.669304, 5.827105
21670464638000, 17.462675, -96.70413, 5.527568
21670468060000, 17.567558, -96.7582, 5.1919065
21670473024000, 17.677523, -96.849174, 4.8435225
21670478113000, 17.796658, -96.95781, 4.4622397
21670483042000, 17.914242, -97.09339, 4.069574
21670488214000, 18.024414, -97.25292, 3.6551902
21670493052000, 18.12847, -97.42823, 3.2320995
21670498399000, 18.209877, -97.63682, 2.8095338
21670503056000, 18.283976, -97.85512, 2.3834674
21670507987000, 18.330523, -98.08132, 1.9847394
21670513018000, 18.37452, -98.311356, 1.5804048
21670518001000, 18.412722, -98.54156, 1.1841772
21670523026000, 18.428825, -98.80493, 0.80625695
21670527954000, 18.444101, -99.073616, 0.4405294
21670532992000, 18.424807, -99.39821, 0.11056716
21670537963000, 18.398626, -99.7384, -0.20564805
21670543055000, 18.356909, -100.121574, -0.50333244
21670547970000, 18.311928, -100.52191, -0.7869162
21670553017000, 18.267467, -100.94582, -1.075209
21670558074000, 18.226433, -101.38284, -1.3540975
21670563002000, 18.19473, -101.83789, -1.6525141
21670568007000, 18.169489, -102.29702, -1.9387287
21670573641000, 18.156965, -102.78659, -2.270464
21670577971000, 18.137241, -103.27898, -2.5964918
21670583134000, 18.127035, -103.84025, -2.9811156
21670588013000, 18.108301, -104.40477, -3.364319
21670593020000, 18.076271, -105.02346, -3.801756
21670598037000, 18.03253, -105.6405, -4.2368407
21670603030000, 17.972033, -106.31918, -4.7050896
21670608132000, 17.88424, -106.98659, -5.1436725
21670613028000, 17.809387, -107.73835, -5.704603
21670618015000, 17.7021, -108.48402, -6.2530947
21670622993000, 17.576344, -109.28928, -6.8053994
21670628070000, 17.43294, -110.09824, -7.347715
21670633098000, 17.287336, -110.9901, -7.9836893
21670638125000, 17.136229, -111.859215, -8.592016
21670643651000, 16.97632, -112.79097, -9.227714
21670648010000, 16.813717, -113.69816, -9.833115
21670653002000, 16.619167, -114.64387, -10.418939
21670658019000, 16.428879, -115.56287, -10.976508
21670663072000, 16.189295, -116.5328, -11.48919
21670668037000, 15.947479, -117.46236, -11.966305
21670672992000, 15.63625, -118.45215, -12.378111
21670677994000, 15.314398, -119.413376, -12.749922
21670683065000, 14.926662, -120.430435, -13.056871
21670688006000, 14.532094, -121.42234, -13.322209
21670692979000, 14.107188, -122.46628, -13.526365
21670698026000, 13.688008, -123.48891, -13.687007
21670703114000, 13.237534, -124.569016, -13.821374
21670708084000, 12.818701, -125.62117, -13.914077
21670713564000, 12.375133, -126.74182, -13.9749365
21670718138000, 11.945525, -127.838196, -14.008104
21670723015000, 11.528143, -129.03662, -14.129133
21670728050000, 11.124555, -130.19719, -14.224781
21670733015000, 10.731434, -131.47269, -14.432022
21670738026000, 10.36368, -132.68076, -14.604368
21670743014000, 10.000558, -134.00793, -14.91366
21670747998000, 9.65428, -135.26523, -15.197197
21670753024000, 9.311175, -136.5761, -15.5888
21670758019000, 8.981428, -137.81657, -16.005804
21670763023000, 8.654373, -139.06702, -16.497637
21670768037000, 8.336496, -140.26294, -17.005213
21670772949000, 8.014037, -141.48364, -17.650564
21670778008000, 7.6927023, -142.68083, -18.32994
21670783136000, 7.363301, -143.89789, -18.995726
21670788026000, 7.0355654, -145.12152, -19.688128
21670793018000, 6.688357, -146.37917, -20.271614
21670798009000, 6.342773, -147.65085, -20.851877
21670803005000, 6.0181093, -148.86197, -21.207104
21670808020000, 5.7022743, -150.08871, -21.554964
21670813269000, 5.443902, -151.20728, -21.690752
21670818026000, 5.1988115, -152.33833, -21.838152
21670823002000, 5.009909, -153.34253, -21.897736
21670828012000, 4.8347626, -154.3578, -21.982615
21670833041000, 4.709125, -155.253, -22.01824
21670838024000, 4.5801125, -156.1506, -22.070448
21670842993000, 4.492396, -156.92494, -22.08481
21670847996000, 4.396942, -157.67766, -22.105482
21670852955000, 4.318466, -158.3493, -22.119005
21670858056000, 4.227969, -158.98602, -22.13191
21670865118000, 4.1231904, -159.577, -22.150265
21670868067000, 4.064063, -159.99355, -22.123482
21670873041000, 3.980476, -160.4096, -22.127327
21670878053000, 3.8780339, -160.77112, -22.1522
21670883032000, 3.7661123, -161.09904, -22.17575
21670888021000, 3.616183, -161.42496, -22.175785
21670893014000, 3.4575326, -161.6937, -22.122272
21670898691000, 3.2507741, -161.96707, -22.00885
21670903029000, 3.0295231, -162.18352, -21.824425
21670908014000, 2.785403, -162.3786, -21.582577
21670913010000, 2.529407, -162.50749, -21.304884
21670918029000, 2.3031833, -162.56845, -21.00552
21670923027000, 2.1295397, -162.52852, -20.65202
21670928012000, 1.9259745, -162.53978, -20.286804
21670933055000, 1.8392532, -162.39864, -19.900866
21670938018000, 1.7389091, -162.33029, -19.627802
21670943013000, 1.7199625, -162.21123, -19.41126
21670947999000, 1.7238195, -162.24854, -19.362438
21670953029000, 1.7683164, -162.28128, -19.448624
21670958018000, 1.8157214, -162.41725, -19.769855
21670963012000, 1.8941742, -162.5687, -20.22393
21670968820000, 1.9721675, -162.73643, -20.905489
21670973120000, 2.0271904, -162.92151, -21.653925
21670977988000, 2.063834, -163.08078, -22.540436
21670983023000, 2.0925295, -163.25291, -23.4707
21670987966000, 2.1522017, -163.32834, -24.380438
21670993024000, 2.2144625, -163.41078, -25.324947
21670997966000, 2.351989, -163.37271, -26.242783
21671003080000, 2.5181417, -163.34204, -27.19892
21671007959000, 2.768969, -163.22958, -28.109533
21671013010000, 3.0450313, -163.1367, -29.035381
21671018104000, 3.3848584, -162.998, -29.917158
21671023049000, 3.7461936, -162.88892, -30.795366
21671028025000, 4.069893, -162.79652, -31.612482
21671033025000, 4.3982406, -162.7159, -32.36388
21671038520000, 4.6778646, -162.64311, -32.99075
21671043016000, 4.916721, -162.57024, -33.50126
21671047995000, 5.2030225, -162.42938, -33.674004
21671053030000, 5.4423776, -162.25847, -33.6649
21671058022000, 5.540842, -162.07469, -33.415707
21671064616000, 5.615267, -161.86374, -32.977257
21671068100000, 5.640051, -161.61203, -32.266747
21671073012000, 5.634639, -161.35358, -31.432148
21671077993000, 5.587704, -161.11371, -30.499796
21671083021000, 5.50083, -160.89024, -29.453367
21671087994000, 5.3520184, -160.69238, -28.346918
21671093016000, 5.146084, -160.51474, -27.14582
21671098033000, 4.8773637, -160.35912, -25.91364
21671103024000, 4.5588026, -160.22012, -24.661346
21671108120000, 4.202034, -160.1231, -23.500633
21671113011000, 3.8561943, -160.04613, -22.38871
21671118036000, 3.5134907, -160.01283, -21.310041
21671123021000, 3.260863, -159.94223, -20.504383
21671128354000, 3.0493286, -159.97484, -19.75352
21671133020000, 2.87328, -160.07353, -19.16614
21671137955000, 2.7320638, -160.17227, -18.671856
21671143017000, 2.6038759, -160.34802, -18.232782
21671147973000, 2.4643815, -160.50368, -17.837114
21671153029000, 2.3631096, -160.7533, -17.724186
21671157955000, 2.2401867, -160.94589, -17.636896
21671163011000, 2.1623025, -161.14462, -17.65402
21671168011000, 2.0828314, -161.23607, -17.740343
21671173020000, 2.055766, -161.32755, -17.918194
21671177980000, 2.039019, -161.31439, -18.184483
21671183008000, 2.0308793, -161.25581, -18.453856
21671187996000, 2.0332112, -161.14252, -18.80094
21671193012000, 2.0267255, -161.02121, -19.157997
21671198006000, 2.0097754, -160.9027, -19.582937
21671203033000, 1.9820255, -160.81158, -20.031689
21671208018000, 1.939157, -160.7533, -20.533875
21671212992000, 1.8961219, -160.74573, -21.045002
21671218050000, 1.867157, -160.77255, -21.621769
21671223809000, 1.8304929, -160.74161, -22.109709
21671228018000, 1.8150464, -160.76675, -22.615732
21671232992000, 1.8150952, -160.75597, -23.088903
21671238023000, 1.8391285, -160.77861, -23.563608
21671243017000, 1.9183835, -160.78001, -23.970673
21671248002000, 2.0110831, -160.80435, -24.364368
21671253022000, 2.1353512, -160.80594, -24.683268
21671258015000, 2.2679007, -160.82343, -24.966496
21671264620000, 2.405238, -160.82861, -25.18096
21671268020000, 2.5352986, -160.83762, -25.345266
21671273016000, 2.6808462, -160.81851, -25.410994
21671278015000, 2.810712, -160.80502, -25.428144
21671282995000, 2.9393616, -160.74475, -25.34558
21671288035000, 3.0599396, -160.67711, -25.207758
21671293474000, 3.1674523, -160.57765, -25.004549
21671298003000, 3.2583072, -160.47173, -24.754444
21671302976000, 3.3226016, -160.35939, -24.451466
21671308023000, 3.3602624, -160.24223, -24.104393
21671313017000, 3.3988194, -160.07323, -23.743273
21671318042000, 3.3948576, -159.90115, -23.306856
21671322979000, 3.369625, -159.72366, -22.871092
21671328031000, 3.3016987, -159.552, -22.397472
21671333029000, 3.2171903, -159.38501, -21.934912
21671338024000, 3.088854, -159.22946, -21.45373
21671343006000, 2.936518, -159.08008, -21.012594
21671348009000, 2.7563872, -158.93724, -20.592653
21671352991000, 2.583874, -158.80449, -20.237803
21671358015000, 2.392334, -158.6792, -19.914171
21671363315000, 2.2090669, -158.534, -19.656336
21671368046000, 2.0319886, -158.39093, -19.439005
21671373346000, 1.8526636, -158.2507, -19.262138
21671378009000, 1.69199, -158.11179, -19.132648
21671383030000, 1.540293, -157.99196, -19.065825
21671388027000, 1.405776, -157.8691, -19.035027
21671393000000, 1.2828676, -157.74579, -19.04005
21671398003000, 1.186939, -157.65001, -19.10314
21671402958000, 1.110677, -157.55836, -19.195599
21671408018000, 1.0384535, -157.49034, -19.325485
21671412981000, 0.98127496, -157.43335, -19.463888
21671418105000, 0.9350226, -157.40298, -19.624754
21671423002000, 0.8986556, -157.39368, -19.793245
21671428048000, 0.8675207, -157.40123, -19.958635
21671433268000, 0.8519616, -157.42087, -20.142542
21671438071000, 0.84806585, -157.45883, -20.323484
21671442988000, 0.86016506, -157.50087, -20.513018
21671448028000, 0.86620307, -157.5639, -20.681858
21671452996000, 0.88578564, -157.62495, -20.84778
21671458018000, 0.9062085, -157.69081, -21.001593
21671464612000, 0.93030894, -157.75395, -21.148643
21671468007000, 0.96918225, -157.80551, -21.273384
21671473032000, 1.0008847, -157.85548, -21.379995
21671478015000, 1.037467, -157.90645, -21.473316
21671483085000, 1.0700207, -157.95578, -21.540096
21671488059000, 1.0939307, -158.00754, -21.578781
21671493053000, 1.113871, -158.05647, -21.591604
21671498047000, 1.1269311, -158.11719, -21.574635
21671503053000, 1.1340349, -158.17014, -21.528217
21671508053000, 1.1405872, -158.23065, -21.47126
21671513058000, 1.1350107, -158.28981, -21.383905
21671518107000, 1.1279249, -158.36713, -21.306108
21671523029000, 1.1162951, -158.43831, -21.211998
21671528036000, 1.1100196, -158.50458, -21.128458
21671533045000, 1.1026322, -158.55995, -21.033884
21671538024000, 1.105958, -158.59447, -20.951674
21671543020000, 1.103468, -158.62344, -20.865904
21671547995000, 1.1093107, -158.62863, -20.801533
21671553022000, 1.1120822, -158.62503, -20.738445
21671558018000, 1.1218072, -158.60342, -20.684994
21671562988000, 1.1312417, -158.57565, -20.636917
21671568094000, 1.1436979, -158.5322, -20.590355
21671573056000, 1.1559151, -158.48976, -20.551165
21671577976000, 1.1664107, -158.43878, -20.512005
21671583083000, 1.1807467, -158.38762, -20.481981
21671587973000, 1.2015774, -158.33186, -20.447319
21671592981000, 1.2178664, -158.28082, -20.421778
21671597988000, 1.2364342, -158.23671, -20.399555
21671602983000, 1.2595565, -158.19492, -20.387312
21671607954000, 1.2692322, -158.1509, -20.360424
21671612992000, 1.2772216, -158.10886, -20.34032
21671618547000, 1.2844764, -158.0779, -20.3134
21671623007000, 1.2910979, -158.05234, -20.294521
21671628121000, 1.2837056, -158.04051, -20.27697
21671632993000, 1.2859626, -158.03177, -20.263428
21671638197000, 1.2796935, -158.03516, -20.254059
21671643029000, 1.2777407, -158.0416, -20.24801
21671648340000, 1.2674024, -158.06723, -20.24319
21671652971000, 1.2586125, -158.09445, -20.241686
21671658132000, 1.2476948, -158.11678, -20.233898
21671662941000, 1.2364554, -158.14124, -20.223186
21671668188000, 1.2180636, -158.16844, -20.207165
21671672934000, 1.2062365, -158.18762, -20.183907
21671678207000, 1.1810002, -158.20898, -20.156912
21671682963000, 1.1621603, -158.22778, -20.120531
21671688166000, 1.1413848, -158.22768, -20.077618
21671692934000, 1.1188418, -158.23064, -20.027325
21671697911000, 1.095747, -158.22363, -19.976004
21671703026000, 1.0783794, -158.21446, -19.91549
21671707927000, 1.0509943, -158.19418, -19.844828
21671712986000, 1.0273596, -158.17575, -19.770542
21671717987000, 0.9984755, -158.14494, -19.694403
21671722993000, 0.96372044, -158.1164, -19.606926
21671727934000, 0.9270369, -158.08351, -19.520327
21671733004000, 0.8833927, -158.0482, -19.429028
21671737972000, 0.8400259, -158.01526, -19.336403
21671742992000, 0.7894637, -157.9797, -19.249197
21671747996000, 0.73811054, -157.9428, -19.164448
21671753022000, 0.6932785, -157.91174, -19.095598
21671758277000, 0.64570594, -157.88171, -19.028648
21671762992000, 0.60032743, -157.85367, -18.970085
21671768133000, 0.5501871, -157.8345, -18.920515
21671773098000, 0.50789344, -157.8169, -18.876131
21671778011000, 0.4590572, -157.80542, -18.835398
21671783018000, 0.42041218, -157.7963, -18.80378
21671788023000, 0.37992704, -157.79254, -18.777353
21671793015000, 0.34373552, -157.78773, -18.755522
21671798002000, 0.3142118, -157.78598, -18.740145
21671803048000, 0.27485806, -157.78467, -18.72287
21671808021000, 0.23994145, -157.79224, -18.711287
21671812987000, 0.21156448, -157.78438, -18.698
21671818067000, 0.1764838, -157.78317, -18.687065
21671823070000, 0.14447753, -157.7774, -18.669273
21671828020000, 0.11346922, -157.77232, -18.651754
21671833018000, 0.088214085, -157.76733, -18.624453
21671838050000, 0.06227483, -157.76088, -18.594723
21671843048000, 0.03928081, -157.74599, -18.552538
21671848031000, 0.017589908, -157.73073, -18.512075
21671853016000, 359.98657, -157.71725, -18.471945
21671858051000, 359.9623, -157.70364, -18.431658
21671864671000, 359.93906, -157.68494, -18.38998
21671868067000, 359.91568, -157.66595, -18.349571
21671872957000, 359.8948, -157.64919, -18.310928
21671878049000, 359.87433, -157.63734, -18.274683
21671882977000, 359.86136, -157.61258, -18.24233
21671888068000, 359.84732, -157.60056, -18.21112
21671892978000, 359.83603, -157.584, -18.179615
21671898031000, 359.82175, -157.56953, -18.151777
21671902997000, 359.81168, -157.561, -18.125917
21671908145000, 359.80084, -157.55164, -18.103634
21671912989000, 359.7898, -157.54596, -18.081865
21671918060000, 359.7809, -157.5408, -18.063389
21671923013000, 359.77377, -157.53294, -18.051498
21671928046000, 359.77084, -157.53102, -18.0436
21671933013000, 359.76703, -157.52216, -18.036268
21671938067000, 359.7658, -157.51729, -18.029621
21671943884000, 359.76752, -157.51076, -18.03243
21671948032000, 359.7697, -157.50269, -18.028553
21671952969000, 359.77396, -157.49171, -18.031458
21671958052000, 359.7778, -157.48088, -18.031027
21671962970000, 359.78226, -157.467, -18.030054
21671968091000, 359.79205, -157.46909, -18.02759
21671973009000, 359.79788, -157.47298, -18.024788
21671978143000, 359.80618, -157.47119, -18.018118
21671983059000, 359.81134, -157.47523, -18.013535
21671988026000, 359.8176, -157.47195, -18.014254
21671993045000, 359.8219, -157.47336, -18.01104
21671998050000, 359.82755, -157.46852, -18.008062
21672003188000, 359.83047, -157.46645, -18.004503
21672008037000, 359.83206, -157.46632, -17.999115
21672013788000, 359.8324, -157.46777, -17.995972
21672018106000, 359.8428, -157.471, -17.997547
21672023008000, 359.85196, -157.47833, -17.99713
21672028043000, 359.85867, -157.48085, -17.999586
21672033085000, 359.86896, -157.4854, -17.999546
21672038043000, 359.8739, -157.49236, -18.013039
21672043039000, 359.87784, -157.50192, -18.02599
21672047982000, 359.88, -157.51094, -18.037975
21672053093000, 359.88165, -157.5282, -18.053282
21672057940000, 359.8854, -157.53865, -18.069653
21672064307000, 359.8843, -157.55229, -18.08038
21672067978000, 359.89026, -157.57281, -18.098234
21672072949000, 359.89328, -157.58684, -18.10911
21672077925000, 359.8939, -157.6059, -18.119783
21672083118000, 359.89838, -157.62495, -18.127542
21672087998000, 359.895, -157.64304, -18.13565
21672092921000, 359.8949, -157.66353, -18.141506
21672097972000, 359.88766, -157.69215, -18.139307
21672102967000, 359.8802, -157.71475, -18.143316
21672107933000, 359.8706, -157.73627, -18.143003
21672112978000, 359.8598, -157.75961, -18.146746
21672117974000, 359.8511, -157.77657, -18.149744
21672122926000, 359.83994, -157.797, -18.154833
21672127926000, 359.828, -157.81415, -18.16266
21672132981000, 359.8117, -157.83195, -18.17401
21672137919000, 359.80453, -157.84933, -18.188128
21672142920000, 359.79337, -157.86942, -18.200783
21672147929000, 359.78024, -157.89384, -18.217554
21672152927000, 359.76477, -157.91821, -18.231789
21672157915000, 359.74762, -157.94026, -18.250921
21672162910000, 359.7323, -157.95718, -18.27112
21672167968000, 359.7163, -157.97968, -18.286402
21672172919000, 359.7009, -157.99884, -18.306536
21672177921000, 359.68402, -158.02043, -18.321167
21672182956000, 359.67145, -158.039, -18.340643
21672188069000, 359.65765, -158.05692, -18.356743
21672192919000, 359.6473, -158.07379, -18.372835
21672197902000, 359.6338, -158.08855, -18.387316
21672202961000, 359.62112, -158.10367, -18.397503
21672208226000, 359.60977, -158.1115, -18.408026
21672212949000, 359.59885, -158.12004, -18.418041
21672218231000, 359.57602, -158.12859, -18.433443
21672222967000, 359.5583, -158.13043, -18.445404
21672228259000, 359.53275, -158.14038, -18.452147
21672232991000, 359.50833, -158.14255, -18.455172
21672237953000, 359.48846, -158.14493, -18.45617
21672242959000, 359.46503, -158.14278, -18.451836
21672247969000, 359.4449, -158.14648, -18.449783
21672253017000, 359.42267, -158.14359, -18.442673
21672258026000, 359.39972, -158.14551, -18.439926
21672264604000, 359.38785, -158.14772, -18.437382
21672268721000, 359.3748, -158.1443, -18.434097
21672273027000, 359.36108, -158.14714, -18.438366
21672277969000, 359.35037, -158.14973, -18.437582
21672283067000, 359.34784, -158.15097, -18.4504
21672287997000, 359.34653, -158.15096, -18.459415
21672293019000, 359.3422, -158.15227, -18.468262
21672298010000, 359.3388, -158.1519, -18.474846
21672303175000, 359.3346, -158.15152, -18.478365
21672308019000, 359.33322, -158.15082, -18.48321
21672313058000, 359.33267, -158.13875, -18.487234
21672318058000, 359.33688, -158.12817, -18.485468
21672323017000, 359.33737, -158.1152, -18.477955
21672328050000, 359.3361, -158.1009, -18.470522
21672333057000, 359.33902, -158.08984, -18.45605
21672338672000, 359.34644, -158.07776, -18.43802
21672343049000, 359.3491, -158.05586, -18.418806
21672348035000, 359.3554, -158.03601, -18.393328
21672353050000, 359.35596, -158.01651, -18.368734
21672358057000, 359.36404, -157.99797, -18.343822
21672363094000, 359.3657, -157.98233, -18.312109
21672368084000, 359.36633, -157.97243, -18.27906
21672373094000, 359.37927, -157.95445, -18.246014
21672378056000, 359.38434, -157.94048, -18.21361
21672383039000, 359.3935, -157.92844, -18.179396
21672388063000, 359.40244, -157.91518, -18.151228
21672393042000, 359.41388, -157.9067, -18.117506
21672398011000, 359.42557, -157.89816, -18.087948
21672402954000, 359.43912, -157.89404, -18.060167
21672407982000, 359.4564, -157.88628, -18.037344
21672412997000, 359.46826, -157.88675, -18.013254
21672418069000, 359.48602, -157.88292, -17.997766
21672428007000, 359.50256, -157.87488, -17.98812
21672432991000, 359.51334, -157.87347, -17.974478
21672438022000, 359.53104, -157.86182, -17.96853
21672442973000, 359.5453, -157.85541, -17.964722
21672448019000, 359.55447, -157.85233, -17.96447
21672453014000, 359.56567, -157.85072, -17.966444
21672458013000, 359.5775, -157.84253, -17.969702
21672464657000, 359.58356, -157.83887, -17.973244
21672467964000, 359.60123, -157.82813, -17.974941
21672473020000, 359.6157, -157.81941, -17.976004
21672478122000, 359.62732, -157.81158, -17.979975
21672483067000, 359.6435, -157.79996, -17.977385
21672488061000, 359.65442, -157.79541, -17.986668
21672493076000, 359.66672, -157.78603, -17.988781
21672498254000, 359.6741, -157.77907, -17.997332
21672503158000, 359.6807, -157.76947, -18.001808
21672508054000, 359.68378, -157.76318, -18.004162
21672513054000, 359.68677, -157.75322, -18.002502
21672518077000, 359.68753, -157.7466, -18.002565
21672528025000, 359.6911, -157.74214, -18.001963
21672533122000, 359.6923, -157.7387, -17.999437
21672538065000, 359.6981, -157.73056, -17.9971
21672543043000, 359.70633, -157.734, -18.000813
21672548051000, 359.71118, -157.73569, -18.000868
21672553055000, 359.71893, -157.73323, -18.003862
21672558059000, 359.7267, -157.73813, -18.003864
21672563044000, 359.72983, -157.73979, -18.009508
21672568077000, 359.7359, -157.74051, -18.010138
21672573214000, 359.74396, -157.74234, -18.016241
21672578016000, 359.74612, -157.74588, -18.022541
21672583051000, 359.75153, -157.73956, -18.03337
21672588043000, 359.75424, -157.73853, -18.04225
21672593002000, 359.7599, -157.73955, -18.053131
21672598058000, 359.76746, -157.73978, -18.064209
21672603015000, 359.77686, -157.7385, -18.082033
21672608011000, 359.7886, -157.74174, -18.09637
21672613033000, 359.79422, -157.73967, -18.115982
21672618038000, 359.8061, -157.7417, -18.131435
21672622986000, 359.81354, -157.74792, -18.143488
21672628097000, 359.82468, -157.7503, -18.155695
21672633082000, 359.83435, -157.75786, -18.165878
21672638119000, 359.8429, -157.7629, -18.175097
21672643047000, 359.84805, -157.7644, -18.186365
21672648037000, 359.85178, -157.76938, -18.195593
21672652960000, 359.85498, -157.77188, -18.200193
21672657948000, 359.85602, -157.7731, -18.202877
21672664461000, 359.85596, -157.77292, -18.204983
21672667989000, 359.85834, -157.77309, -18.207314
21672677956000, 359.85785, -157.77205, -18.210154
21672682966000, 359.8574, -157.7688, -18.208403
21672687961000, 359.86462, -157.76872, -18.20411
21672692945000, 359.87347, -157.76175, -18.200912
21672698033000, 359.87686, -157.75937, -18.197998
21672702992000, 359.88208, -157.7542, -18.193966
21672708039000, 359.88455, -157.75153, -18.193508
21672712974000, 359.88922, -157.74463, -18.193487
21672718100000, 359.89435, -157.74022, -18.194874
21672723016000, 359.89267, -157.7399, -18.196497
21672728052000, 359.889, -157.73964, -18.197353
21672733744000, 359.88965, -157.74643, -18.198309
21672738046000, 359.889, -157.75526, -18.196411
21672743039000, 359.89175, -157.76457, -18.195776
21672748054000, 359.89618, -157.76823, -18.195005
21672752994000, 359.8911, -157.78687, -18.19829
21672758047000, 359.88962, -157.7962, -18.201408
21672763035000, 359.88547, -157.80869, -18.203335
21672768104000, 359.88162, -157.81773, -18.20722
21672773201000, 359.88116, -157.8318, -18.209406
21672778038000, 359.88, -157.84235, -18.207918
21672783158000, 359.87695, -157.85156, -18.21122
21672788053000, 359.87476, -157.86594, -18.2109
21672793019000, 359.87427, -157.87228, -18.212362
21672798059000, 359.86914, -157.88611, -18.21499
21672803311000, 359.86926, -157.89522, -18.214708
21672808052000, 359.86835, -157.90862, -18.219183
21672813029000, 359.8676, -157.92642, -18.223684
21672818088000, 359.86752, -157.93683, -18.223866
21672823090000, 359.8631, -157.95088, -18.222202
21672828048000, 359.86197, -157.97214, -18.223007
21672833044000, 359.86087, -157.98534, -18.224226
21672838051000, 359.8595, -158.00182, -18.221556
21672843051000, 359.85577, -158.01993, -18.221292
21672848031000, 359.85287, -158.03445, -18.220522
21672853056000, 359.85083, -158.04999, -18.217676
21672858047000, 359.83264, -158.06589, -18.221457
21672864667000, 359.82065, -158.0805, -18.223572
21672873120000, 359.80136, -158.09718, -18.222002
21672878049000, 359.7888, -158.10623, -18.223167
21672883038000, 359.7773, -158.12611, -18.216864
21672888002000, 359.76987, -158.13895, -18.214485
21672893039000, 359.75897, -158.1595, -18.209911
21672897996000, 359.7534, -158.17026, -18.207699
21672903120000, 359.74124, -158.18987, -18.201397
21672907944000, 359.73187, -158.19466, -18.19962
21672913063000, 359.72186, -158.20183, -18.200943
21672918068000, 359.7099, -158.21057, -18.195255
21672923172000, 359.6981, -158.21542, -18.19186
21672927963000, 359.6873, -158.22298, -18.189026
21672933039000, 359.67474, -158.23106, -18.185278
21672937982000, 359.65747, -158.2349, -18.18573
21672943054000, 359.63733, -158.23956, -18.188938
21672948028000, 359.6194, -158.24559, -18.193907
21672953069000, 359.60165, -158.25067, -18.193794
21672958062000, 359.5841, -158.26297, -18.202728
21672963030000, 359.56763, -158.27567, -18.204988
21672968025000, 359.55182, -158.284, -18.216002
21672973101000, 359.53833, -158.29321, -18.220642
21672978026000, 359.51764, -158.31154, -18.23362
21672983023000, 359.5, -158.32817, -18.243544
21672988824000, 359.48312, -158.34363, -18.258892
21672993054000, 359.46817, -158.35934, -18.272062
21672997970000, 359.45367, -158.37491, -18.290396
21673007947000, 359.4413, -158.39014, -18.300547
21673013055000, 359.4306, -158.40205, -18.317835
21673018043000, 359.4183, -158.41533, -18.320368
21673023142000, 359.41577, -158.42447, -18.320038
21673028039000, 359.40732, -158.43553, -18.320572
21673033007000, 359.40823, -158.44127, -18.318342
21673038344000, 359.403, -158.44882, -18.32092
21673043021000, 359.4005, -158.44472, -18.31332
21673048033000, 359.39838, -158.44333, -18.307465
21673053367000, 359.39584, -158.44608, -18.301432
21673058818000, 359.3918, -158.45084, -18.292774
21673064755000, 359.39175, -158.45105, -18.288347
21673068066000, 359.38834, -158.45908, -18.283401
21673073392000, 359.38812, -158.46225, -18.280807
21673077985000, 359.3764, -158.47455, -18.28168
21673083053000, 359.36783, -158.48613, -18.284763
21673088019000, 359.35806, -158.4931, -18.287651
21673093009000, 359.34708, -158.50792, -18.29281
21673097974000, 359.34146, -158.51393, -18.290571
21673102940000, 359.33026, -158.51833, -18.289663
21673107909000, 359.32254, -158.52844, -18.291561
21673112914000, 359.3159, -158.53185, -18.288887
21673117934000, 359.3051, -158.53595, -18.284973
21673122939000, 359.30124, -158.53871, -18.279083
21673127914000, 359.29633, -158.53902, -18.26858
21673132946000, 359.29495, -158.53683, -18.262869
21673137933000, 359.29303, -158.53844, -18.251095
21673147921000, 359.28836, -158.5364, -18.243961
21673152990000, 359.29813, -158.52954, -18.24025
21673157985000, 359.3027, -158.53067, -18.241098
21673162979000, 359.3085, -158.53299, -18.245968
21673167988000, 359.31284, -158.52704, -18.251627
21673172999000, 359.3172, -158.52322, -18.260843
21673177990000, 359.32288, -158.513, -18.263716
21673183041000, 359.32587, -158.50629, -18.26902
21673187994000, 359.33313, -158.4978, -18.275185
21673192988000, 359.33896, -158.48972, -18.279974
21673197962000, 359.34454, -158.49275, -18.280912
21673203025000, 359.3496, -158.49362, -18.281475
21673208005000, 359.35654, -158.49345, -18.284422
21673212994000, 359.361, -158.49799, -18.280815
21673218034000, 359.36624, -158.49533, -18.283508
21673223031000, 359.3699, -158.4998, -18.284025
21673227978000, 359.37354, -158.5025, -18.276854
21673233029000, 359.3729, -158.50485, -18.275501
21673237955000, 359.3731, -158.51015, -18.266287
21673243013000, 359.3733, -158.5122, -18.258888
21673248196000, 359.3728, -158.51744, -18.250164
21673253024000, 359.37335, -158.51996, -18.241426
21673258279000, 359.3781, -158.5244, -18.229668
21673264607000, 359.38495, -158.53076, -18.220768
21673267998000, 359.3903, -158.53415, -18.211195
21673273013000, 359.39636, -158.5383, -18.20325
21673278006000, 359.40472, -158.54474, -18.196135
21673283010000, 359.40933, -158.54471, -18.189901
21673287996000, 359.41656, -158.54597, -18.183332
21673293017000, 359.42786, -158.54572, -18.178635
21673298019000, 359.43607, -158.54613, -18.176294
21673303028000, 359.44415, -158.54375, -18.172289
21673307984000, 359.44855, -158.54623, -18.17031
21673313653000, 359.45163, -158.5424, -18.169233
21673318025000, 359.4545, -158.53586, -18.166153
21673322992000, 359.455, -158.54065, -18.167377
21673328024000, 359.4617, -158.52905, -18.164776
21673333016000, 359.4629, -158.53047, -18.16569
21673338023000, 359.46432, -158.5297, -18.16164
21673343014000, 359.46408, -158.52055, -18.159975
21673348118000, 359.46106, -158.51714, -18.15854
21673353025000, 359.45544, -158.5124, -18.156971
21673358037000, 359.4495, -158.50844, -18.15785
21673363015000, 359.44006, -158.50125, -18.15979
21673368165000, 359.43277, -158.49152, -18.165827
21673373032000, 359.4214, -158.48871, -18.167423
21673378009000, 359.4125, -158.48387, -18.175043
21673383630000, 359.40298, -158.47948, -18.176937
21673388032000, 359.3924, -158.47946, -18.180529
21673393012000, 359.3777, -158.47852, -18.189056
21673398003000, 359.36444, -158.47649, -18.197435
21673403023000, 359.3535, -158.47751, -18.205765
21673408021000, 359.34085, -158.4756, -18.215723
21673413002000, 359.32874, -158.47342, -18.222635
21673418139000, 359.31802, -158.47295, -18.231598
21673423043000, 359.30017, -158.47345, -18.245392
21673428012000, 359.28052, -158.47702, -18.255785
21673432986000, 359.26413, -158.47826, -18.269735
21673438017000, 359.2456, -158.48091, -18.280409
21673443014000, 359.22827, -158.48257, -18.289364
21673448000000, 359.21082, -158.48495, -18.298267
21673453421000, 359.18588, -158.4968, -18.308598
21673458052000, 359.15643, -158.51338, -18.315296
21673463841000, 359.1317, -158.52348, -18.326674
21673468096000, 359.104, -158.54196, -18.331493
21673473047000, 359.08652, -158.54431, -18.333866
21673478027000, 359.0705, -158.55064, -18.33194
21673482996000, 359.05185, -158.5577, -18.336502
21673488029000, 359.03555, -158.56409, -18.33831
21673492976000, 359.0188, -158.57112, -18.338331
21673498002000, 359.00244, -158.57806, -18.341558
21673502952000, 358.98538, -158.59558, -18.34086
21673508051000, 358.97446, -158.607, -18.338058
21673512970000, 358.96066, -158.6195, -18.340656
21673518128000, 358.94824, -158.63434, -18.340597
21673522964000, 358.94067, -158.64694, -18.338575
21673528048000, 358.93478, -158.66513, -18.337187
21673533003000, 358.93063, -158.67807, -18.337875
21673538058000, 358.92633, -158.69394, -18.337969
21673543009000, 358.92703, -158.70955, -18.339008
21673548052000, 358.92288, -158.72249, -18.340084
21673553006000, 358.92007, -158.73982, -18.339865
21673558050000, 358.92017, -158.75339, -18.341452
21673563026000, 358.91052, -158.75987, -18.351452
21673568099000, 358.90387, -158.76476, -18.358099
21673573151000, 358.89856, -158.76965, -18.366287
21673578056000, 358.89487, -158.7731, -18.372929
21673583012000, 358.8911, -158.77162, -18.377298
21673588030000, 358.88403, -158.77428, -18.383785
21673593001000, 358.89063, -158.7668, -18.387236
21673598045000, 358.89255, -158.75513, -18.39307
21673603006000, 358.89932, -158.74472, -18.387547
21673608032000, 358.90662, -158.73206, -18.387232
21673613031000, 358.9141, -158.72055, -18.385212
21673618044000, 358.92462, -158.70749, -18.383835
21673622982000, 358.9319, -158.69522, -18.387085
21673628043000, 358.94138, -158.68604, -18.389126
21673638030000, 358.94095, -158.67665, -18.39454
21673643180000, 358.94156, -158.67082, -18.399536
21673648039000, 358.9408, -158.66591, -18.406322
21673653011000, 358.9396, -158.66689, -18.414486
21673658052000, 358.93796, -158.6647, -18.420303
21673664641000, 358.93628, -158.66628, -18.42887
21673668089000, 358.93845, -158.66281, -18.43295
21673673129000, 358.9383, -158.65633, -18.435455
21673678042000, 358.93976, -158.6501, -18.442135
21673683048000, 358.93573, -158.64328, -18.448158
21673688051000, 358.93713, -158.63678, -18.45185
21673693052000, 358.936, -158.63208, -18.45797
21673698046000, 358.93454, -158.62737, -18.463554
21673703054000, 358.93716, -158.62234, -18.462946
21673708048000, 358.92902, -158.6154, -18.47364
21673713050000, 358.92624, -158.6028, -18.476408
21673718112000, 358.92148, -158.59694, -18.480562
21673723097000, 358.91498, -158.59172, -18.477592
21673728041000, 358.9167, -158.5837, -18.478588
21673733049000, 358.9129, -158.57344, -18.47451
21673738045000, 358.91403, -158.56711, -18.47407
21673743052000, 358.91293, -158.55714, -18.470848
21673748044000, 358.9079, -158.55273, -18.469963
21673753055000, 358.91064, -158.54536, -18.465883
21673758050000, 358.90768, -158.54129, -18.466415
21673763043000, 358.9081, -158.53882, -18.4669
21673768108000, 358.9034, -158.53575, -18.467342
21673773104000, 358.90237, -158.53204, -18.464817
21673778035000, 358.89667, -158.53123, -18.464283
21673783049000, 358.8949, -158.52783, -18.464722
21673788007000, 358.89307, -158.52306, -18.46393
21673793050000, 358.89346, -158.52034, -18.466383
21673798007000, 358.89178, -158.51836, -18.465542
21673803056000, 358.8916, -158.51344, -18.467243
21673807945000, 358.89224, -158.50879, -18.465752
21673813048000, 358.89008, -158.50453, -18.464336
21673818051000, 358.88727, -158.5045, -18.462254
21673823081000, 358.885, -158.50015, -18.46204
21673827944000, 358.88177, -158.49962, -18.46154
21673833052000, 358.8766, -158.49986, -18.461874
21673837978000, 358.87766, -158.49768, -18.461422
21673843052000, 358.87546, -158.49335, -18.458862
21673848014000, 358.87686, -158.4933, -18.453669
21673853014000, 358.8727, -158.4913, -18.451221
21673857988000, 358.8846, -158.48824, -18.43443
21673864608000, 358.89563, -158.48767, -18.42071
21673868034000, 358.9053, -158.48521, -18.408527
21673873062000, 358.91364, -158.48521, -18.393015
21673878413000, 358.92462, -158.48262, -18.38084
21673883047000, 358.93216, -158.48131, -18.366663
21673887954000, 358.93335, -158.48239, -18.35476
21673893047000, 358.9406, -158.48346, -18.342264
21673897979000, 358.941, -158.48318, -18.331451
21673903054000, 358.94717, -158.48541, -18.31739
21673907951000, 358.95065, -158.48557, -18.306873
21673913043000, 358.95453, -158.4881, -18.293564
21673918054000, 358.96, -158.48962, -18.283566
21673923067000, 358.96317, -158.49149, -18.273869
21673928044000, 358.96667, -158.49696, -18.265888
21673933056000, 358.96857, -158.4993, -18.25667
21673938055000, 358.97382, -158.50282, -18.249441
21673943045000, 358.97607, -158.50536, -18.242357
21673948052000, 358.9792, -158.50764, -18.235943
21673953053000, 358.97314, -158.51736, -18.241554
21673958051000, 358.9664, -158.52626, -18.248102
21673963045000, 358.9623, -158.53574, -18.249456
21673968110000, 358.96036, -158.5396, -18.256983
21673973114000, 358.96237, -158.54128, -18.255636
21673978053000, 358.96536, -158.54123, -18.263536
21673983044000, 358.9681, -158.54167, -18.26993
21673988052000, 358.97433, -158.54333, -18.276491
21673993049000, 358.97543, -158.54182, -18.291063
21673998006000, 358.97626, -158.53935, -18.302225
21674003053000, 358.98294, -158.5369, -18.316319
21674008050000, 358.9832, -158.53464, -18.33037
21674013035000, 358.98846, -158.52962, -18.338158
21674018105000, 358.98978, -158.52673, -18.34742
21674023084000, 358.98083, -158.51675, -18.358162
21674028046000, 358.9737, -158.50792, -18.371761
21674033044000, 358.96484, -158.4997, -18.37511
21674038050000, 358.95752, -158.48672, -18.384665
21674043046000, 358.9506, -158.48668, -18.378328
21674048055000, 358.9462, -158.47835, -18.366247
21674053053000, 358.93283, -158.47641, -18.353485
21674058056000, 358.92395, -158.46964, -18.334417
21674064635000, 358.9153, -158.46385, -18.319233
21674068148000, 358.9028, -158.45898, -18.295094
21674073081000, 358.8954, -158.44922, -18.278877
21674078051000, 358.88565, -158.43842, -18.259285
21674083001000, 358.8739, -158.43645, -18.240969
21674088051000, 358.86435, -158.43256, -18.222258
21674092945000, 358.86032, -158.43234, -18.201685
21674098055000, 358.85617, -158.43803, -18.18299
21674102959000, 358.85217, -158.43436, -18.165369
21674108050000, 358.85303, -158.44159, -18.148977
21674113004000, 358.8472, -158.44487, -18.143084
21674118162000, 358.84683, -158.448, -18.13423
21674123070000, 358.84393, -158.45477, -18.134338
21674128041000, 358.83893, -158.45682, -18.134642
21674133035000, 358.8343, -158.46992, -18.142954
21674138052000, 358.82648, -158.4786, -18.151646
21674143001000, 358.82254, -158.48828, -18.168465
21674148056000, 358.82504, -158.49911, -18.186798
21674153274000, 358.81772, -158.50633, -18.20488
21674158049000, 358.8148, -158.5154, -18.221983
21674163414000, 358.8127, -158.52216, -18.242138
21674168133000, 358.80823, -158.53203, -18.260569
21674173535000, 358.80835, -158.53377, -18.276297
21674178049000, 358.808, -158.5389, -18.291252
21674183005000, 358.80823, -158.5471, -18.307442
21674188050000, 358.81, -158.55365, -18.320448
21674193028000, 358.81073, -158.56044, -18.335482
21674198048000, 358.81262, -158.56053, -18.351084
21674203028000, 358.8162, -158.56226, -18.367607
21674208048000, 358.81583, -158.56436, -18.384933
21674213051000, 358.8203, -158.56577, -18.397873
21674218146000, 358.82748, -158.5618, -18.423962
21674223102000, 358.83713, -158.56407, -18.446411
21674228063000, 358.84488, -158.55963, -18.465425
21674233059000, 358.85803, -158.5563, -18.486105
21674237993000, 358.86795, -158.55368, -18.498257
21674242995000, 358.8739, -158.54385, -18.513802
21674248006000, 358.88123, -158.54979, -18.52318
21674252962000, 358.88492, -158.54808, -18.529411
21674257908000, 358.88834, -158.54735, -18.539242
21674264306000, 358.89157, -158.54547, -18.546797
21674267981000, 358.89804, -158.5415, -18.545427
21674272957000, 358.9021, -158.53731, -18.543734
21674277954000, 358.9088, -158.53955, -18.539526
21674282968000, 358.9121, -158.54205, -18.53481
21674287957000, 358.92346, -158.54733, -18.527998
21674292956000, 358.9321, -158.5513, -18.519922
21674297952000, 358.94498, -158.55539, -18.506863
21674302959000, 358.95465, -158.5585, -18.492725
21674307955000, 358.97104, -158.56198, -18.478153
21674312944000, 358.987, -158.56291, -18.46203
21674317981000, 359.00256, -158.56412, -18.450085
21674322937000, 359.02, -158.5679, -18.44037
21674328015000, 359.03644, -158.5676, -18.434855
21674333031000, 359.0536, -158.5721, -18.426947
21674338018000, 359.06348, -158.58057, -18.42747
21674343018000, 359.07498, -158.59187, -18.427736
21674348010000, 359.0841, -158.60173, -18.42653
21674353016000, 359.0929, -158.61172, -18.42458
21674358018000, 359.10248, -158.62027, -18.419693
21674363043000, 359.1112, -158.62524, -18.416246
21674368039000, 359.11652, -158.64012, -18.40506
21674373023000, 359.12305, -158.64372, -18.39413
21674378056000, 359.13025, -158.65616, -18.376709
21674383052000, 359.13742, -158.66681, -18.35707
21674388051000, 359.14017, -158.68217, -18.33615
21674393051000, 359.1424, -158.69525, -18.318956
21674398029000, 359.14453, -158.7051, -18.29457
21674403062000, 359.14566, -158.71696, -18.272131
21674408009000, 359.1457, -158.72618, -18.249115
21674413105000, 359.148, -158.73717, -18.2251
21674418045000, 359.13596, -158.75429, -18.206726
21674423111000, 359.12796, -158.77074, -18.19483
21674427943000, 359.118, -158.78918, -18.177418
21674433057000, 359.10873, -158.80402, -18.165367
21674437943000, 359.09363, -158.81464, -18.160946
21674443051000, 359.0778, -158.82076, -18.152819
21674447977000, 359.0636, -158.83165, -18.147192
21674453069000, 359.04718, -158.83928, -18.14315
21674457970000, 359.03207, -158.8438, -18.13596
21674464641000, 359.01828, -158.84982, -18.130745
21674468130000, 358.9955, -158.85725, -18.131433
21674473038000, 358.9723, -158.86473, -18.130644
21674477973000, 358.94943, -158.8707, -18.131647
21674483055000, 358.92435, -158.88118, -18.128555
21674487951000, 358.90155, -158.88763, -18.13106
21674493045000, 358.8841, -158.89272, -18.12795
21674497966000, 358.86652, -158.89996, -18.129215
21674503064000, 358.84695, -158.90904, -18.126411
21674507950000, 358.8261, -158.92258, -18.125542
21674513112000, 358.80576, -158.93219, -18.124075
21674518072000, 358.78787, -158.94154, -18.123158
21674523086000, 358.76877, -158.95016, -18.121637
21674528049000, 358.75027, -158.95993, -18.121092
21674533001000, 358.7327, -158.96329, -18.120584
21674538027000, 358.713, -158.96896, -18.11856
21674543019000, 358.6968, -158.97334, -18.118618
21674547996000, 358.67813, -158.97916, -18.119009
21674552984000, 358.66357, -158.98486, -18.123396
21674558019000, 358.64798, -158.9913, -18.125376
21674563019000, 358.64316, -158.9926, -18.12305
21674568104000, 358.6376, -158.99158, -18.122953
21674573113000, 358.6395, -158.99574, -18.117813
21674578066000, 358.6398, -159.00134, -18.111622
21674583040000, 358.64, -159.00536, -18.110065
21674588028000, 358.6419, -159.008, -18.100266
21674593017000, 358.64282, -159.01216, -18.100952
21674598046000, 358.64532, -159.01634, -18.096876
21674603029000, 358.65152, -159.00786, -18.094364
21674608028000, 358.65887, -159.00012, -18.087132
21674613028000, 358.66623, -158.99588, -18.090334
21674618038000, 358.67178, -158.99019, -18.089617
21674622987000, 358.68973, -158.98624, -18.085245
21674628051000, 358.70117, -158.97876, -18.08456
21674633032000, 358.71707, -158.96925, -18.082026
21674637985000, 358.7271, -158.9587, -18.081535
21674643036000, 358.74146, -158.9496, -18.080513
21674648042000, 358.75427, -158.93288, -18.076595
21674652950000, 358.76483, -158.91513, -18.074768
21674657938000, 358.77524, -158.90034, -18.073057
21674662921000, 358.7868, -158.87875, -18.069967
21674667981000, 358.7962, -158.86015, -18.06612
21674672914000, 358.81055, -158.84042, -18.05841
21674677935000, 358.82385, -158.8256, -18.050442
21674682917000, 358.84097, -158.80609, -18.03976
21674687932000, 358.85382, -158.79074, -18.028809
21674692878000, 358.87228, -158.77452, -18.022001
21674697924000, 358.8862, -158.7627, -18.01257
21674702946000, 358.90216, -158.74823, -18.005592
21674707986000, 358.9161, -158.73602, -17.997385
21674715380000, 358.92618, -158.72499, -17.992947
21674717951000, 358.93298, -158.7147, -17.987688
21674722930000, 358.9441, -158.70276, -17.98125
21674727990000, 358.9526, -158.69316, -17.979956
21674734008000, 358.96225, -158.68388, -17.972832
21674738019000, 358.97067, -158.67027, -17.96662
21674742994000, 358.97934, -158.66132, -17.960909
21674748007000, 358.99112, -158.65218, -17.95594
21674753100000, 359.00476, -158.64236, -17.952478
21674758136000, 359.01544, -158.63362, -17.95071
21674763008000, 359.02933, -158.62022, -17.943193
21674767998000, 359.04202, -158.61644, -17.944729
21674772998000, 359.05624, -158.61407, -17.940628
21674777987000, 359.0684, -158.60353, -17.936602
21674782970000, 359.08246, -158.6034, -17.934412
21674787989000, 359.09082, -158.59421, -17.928246
21674792985000, 359.1006, -158.58965, -17.923256
21674797982000, 359.10953, -158.58253, -17.916199
21674803025000, 359.11874, -158.57648, -17.910631
21674808012000, 359.1282, -158.56842, -17.90795
21674812996000, 359.13977, -158.55858, -17.903471
21674818086000, 359.14526, -158.55319, -17.904684
21674823090000, 359.1558, -158.54755, -17.903376
21674827975000, 359.16367, -158.53548, -17.90592
21674833003000, 359.17847, -158.52159, -17.902388
21674837958000, 359.1841, -158.51097, -17.898214
21674843011000, 359.1924, -158.49821, -17.89315
21674848009000, 359.1961, -158.48418, -17.890581
21674853043000, 359.19934, -158.47305, -17.88894
21674857943000, 359.2011, -158.45775, -17.886011
21674863029000, 359.20218, -158.44835, -17.881922
21674867998000, 359.20258, -158.43927, -17.878006
21674873021000, 359.2039, -158.43364, -17.877003
21674877981000, 359.20236, -158.4234, -17.870815
21674883022000, 359.201, -158.41434, -17.866259
21674887998000, 359.2082, -158.40895, -17.86679
21674893015000, 359.21634, -158.40141, -17.868637
21674897990000, 359.22034, -158.3962, -17.86729
21674903039000, 359.22635, -158.39145, -17.868895
21674908013000, 359.231, -158.38983, -17.872025
21674913011000, 359.22964, -158.39058, -17.874989
21674918075000, 359.23114, -158.3913, -17.873018
21674923071000, 359.23248, -158.38745, -17.875002
21674928134000, 359.22568, -158.38878, -17.87018
21674933001000, 359.22314, -158.3842, -17.866669
21674938247000, 359.22107, -158.37688, -17.867468
21674943016000, 359.21964, -158.37436, -17.866583
21674948347000, 359.2125, -158.37688, -17.866095
21674952993000, 359.20645, -158.37949, -17.863186
21674957951000, 359.2013, -158.38382, -17.865608
21674963018000, 359.19604, -158.38795, -17.860353
21674968079000, 359.19, -158.38997, -17.860077
21674973051000, 359.18378, -158.39998, -17.856802
21674977952000, 359.18112, -158.40579, -17.854694
21674983022000, 359.17703, -158.41887, -17.850277
21674987955000, 359.1751, -158.4343, -17.842827
21674993049000, 359.17252, -158.44516, -17.841326
21674997971000, 359.17227, -158.462, -17.83236
21675003051000, 359.16855, -158.48189, -17.83631
21675008010000, 359.1671, -158.50604, -17.835108
21675013069000, 359.16513, -158.52487, -17.835459
21675018128000, 359.16412, -158.54646, -17.83732
21675023026000, 359.16376, -158.56313, -17.83706
21675028048000, 359.16196, -158.57828, -17.838963
21675033053000, 359.15857, -158.59648, -17.842
21675038083000, 359.15283, -158.61089, -17.846256
21675043047000, 359.14886, -158.62578, -17.851109
21675048041000, 359.1443, -158.63765, -17.852743
21675053102000, 359.1366, -158.64948, -17.85523
21675058054000, 359.13193, -158.6567, -17.855816
21675064626000, 359.1229, -158.66743, -17.85636
21675068174000, 359.11905, -158.67247, -17.858866
21675073069000, 359.11157, -158.6801, -17.860514
21675078042000, 359.1066, -158.6843, -17.862013
21675083059000, 359.1003, -158.68481, -17.861828
21675088055000, 359.09378, -158.6844, -17.861702
21675093043000, 359.08533, -158.68338, -17.858511
21675103099000, 359.08032, -158.68404, -17.860397
21675108055000, 359.07248, -158.69003, -17.858627
21675113034000, 359.0738, -158.6877, -17.847158
21675118159000, 359.07465, -158.68764, -17.840834
21675123040000, 359.07172, -158.68683, -17.836613
21675128051000, 359.07608, -158.68947, -17.830574
21675133049000, 359.07294, -158.68973, -17.82777
21675138057000, 359.0734, -158.69153, -17.825897
21675143043000, 359.0788, -158.6829, -17.827488
21675148018000, 359.0784, -158.67801, -17.833242
21675153038000, 359.08276, -158.66725, -17.83988
21675158056000, 359.08557, -158.66414, -17.840544
21675162994000, 359.08975, -158.66399, -17.849688
21675168139000, 359.08862, -158.66696, -17.857164
21675172996000, 359.09906, -158.66006, -17.858686
21675178054000, 359.0999, -158.66455, -17.86686
21675182972000, 359.10526, -158.66353, -17.872849
21675188060000, 359.1093, -158.66127, -17.877977
21675192945000, 359.1188, -158.66147, -17.885626
21675198043000, 359.12485, -158.66354, -17.888382
21675203028000, 359.13498, -158.66109, -17.892899
21675208050000, 359.13977, -158.663, -17.89679
21675213009000, 359.1482, -158.66489, -17.896767
21675218186000, 359.14944, -158.66841, -17.896534
21675223090000, 359.16162, -158.66277, -17.893738
21675228047000, 359.168, -158.66466, -17.887337
21675233020000, 359.17712, -158.66234, -17.88652
21675238057000, 359.18372, -158.65962, -17.884909
21675243018000, 359.19415, -158.65878, -17.883205
21675248042000, 359.2002, -158.65576, -17.884413
21675253150000, 359.21384, -158.65509, -17.890326
21675258052000, 359.2209, -158.65483, -17.892536
21675264642000, 359.2346, -158.65671, -17.898926
21675268078000, 359.24725, -158.65892, -17.899841
21675272960000, 359.25674, -158.66516, -17.90681
21675278045000, 359.27246, -158.66728, -17.911064
21675283016000, 359.28192, -158.67542, -17.919218
21675288056000, 359.2871, -158.68701, -17.931505
21675293039000, 359.29037, -158.70335, -17.943682
21675298039000, 359.29715, -158.71536, -17.956696
21675303107000, 359.30084, -158.72403, -17.968622
21675308053000, 359.29553, -158.7391, -17.984444
21675313083000, 359.28983, -158.75458, -18.000685
21675318115000, 359.29172, -158.75812, -18.013016
21675323124000, 359.29367, -158.75864, -18.023338
21675328044000, 359.29282, -158.75806, -18.036472
21675333049000, 359.2932, -158.75694, -18.045773
21675338055000, 359.28836, -158.76004, -18.052338
21675343053000, 359.28568, -158.75845, -18.060684
21675348033000, 359.28088, -158.76295, -18.06386
21675353054000, 359.2752, -158.7657, -18.067947
21675358050000, 359.26498, -158.76718, -18.077291
21675363066000, 359.2568, -158.76935, -18.085085
21675368098000, 359.24277, -158.77429, -18.092897
21675373057000, 359.2296, -158.77977, -18.097498
21675378045000, 359.2144, -158.78958, -18.1039
21675383063000, 359.20175, -158.79532, -18.105118
21675388049000, 359.18964, -158.80191, -18.112385
21675393056000, 359.17255, -158.80817, -18.116817
21675398035000, 359.16675, -158.80267, -18.120655
21675403065000, 359.16223, -158.79475, -18.126196
21675408050000, 359.15594, -158.78583, -18.123932
21675413076000, 359.15012, -158.77951, -18.128366
21675418142000, 359.1531, -158.7703, -18.123198
21675423126000, 359.15613, -158.76117, -18.122639
21675428048000, 359.16092, -158.75316, -18.116495
21675433053000, 359.16296, -158.745, -18.113125
21675438054000, 359.1655, -158.7326, -18.105433
21675443051000, 359.1695, -158.72136, -18.09426
21675448044000, 359.17322, -158.71179, -18.085297
21675453067000, 359.17578, -158.69806, -18.075033
21675457985000, 359.17957, -158.68588, -18.060955
21675464637000, 359.18417, -158.66771, -18.0459
21675467985000, 359.18872, -158.65326, -18.029837
21675473066000, 359.19598, -158.64157, -18.013546
21675477945000, 359.2019, -158.62549, -17.990625
21675483064000, 359.2073, -158.60785, -17.974684
21675487952000, 359.2122, -158.59184, -17.950478
21675493053000, 359.22, -158.57199, -17.928898
21675497960000, 359.22128, -158.5572, -17.905556
21675503113000, 359.22552, -158.53964, -17.884218
21675508002000, 359.22635, -158.52979, -17.862
21675513081000, 359.23724, -158.51797, -17.844803
21675518058000, 359.23712, -158.51071, -17.822065
21675523038000, 359.24365, -158.5056, -17.799335
21675528045000, 359.24545, -158.49905, -17.783958
21675533058000, 359.24866, -158.49857, -17.7656
21675538028000, 359.25064, -158.49841, -17.747597
21675543052000, 359.2535, -158.50351, -17.73047
21675548017000, 359.25583, -158.50977, -17.71187
21675553021000, 359.2599, -158.51952, -17.690561
21675558140000, 359.25674, -158.53464, -17.673424
21675563091000, 359.2557, -158.55273, -17.653978
21675568165000, 359.24493, -158.5705, -17.628069
21675573057000, 359.23694, -158.5867, -17.603443
21675578034000, 359.22043, -158.60092, -17.573935
21675583059000, 359.20596, -158.61111, -17.54721
21675588005000, 359.19092, -158.62112, -17.514624
21675593027000, 359.1705, -158.63464, -17.48652
21675597970000, 359.15112, -158.64745, -17.457901
21675603023000, 359.13177, -158.6564, -17.432686
21675607963000, 359.11264, -158.66824, -17.410543
21675613096000, 359.09244, -158.68062, -17.38887
21675617968000, 359.06848, -158.69627, -17.369898
21675622993000, 359.04947, -158.71199, -17.36217
21675627973000, 359.0306, -158.72806, -17.354095
21675633054000, 359.01895, -158.7403, -17.350294
21675637964000, 359.0052, -158.7525, -17.344543
21675643039000, 358.99753, -158.7605, -17.351477
21675648009000, 358.98633, -158.77316, -17.35471
21675653111000, 358.9767, -158.7895, -17.36436
21675658028000, 358.96817, -158.8017, -17.378683
21675664636000, 358.9629, -158.82056, -17.384418
21675668044000, 358.95767, -158.83557, -17.39684
21675673046000, 358.95697, -158.85945, -17.413948
21675678014000, 358.95276, -158.8816, -17.430994
21675683053000, 358.95526, -158.89954, -17.455385
21675688050000, 358.95505, -158.91675, -17.485216
21675693043000, 358.96185, -158.9263, -17.513165
21675698043000, 358.96875, -158.9365, -17.54649
21675703129000, 358.9764, -158.95064, -17.573792
21675708055000, 358.98178, -158.9639, -17.604706
21675713122000, 358.99295, -158.97629, -17.632479
21675718130000, 359.0009, -158.99196, -17.667866
21675723053000, 359.0124, -159.00037, -17.68871
21675728047000, 359.02838, -159.01157, -17.716387
21675733050000, 359.04474, -159.01839, -17.742506
21675738058000, 359.06088, -159.02866, -17.771162
21675743047000, 359.08194, -159.0297, -17.792923
21675748031000, 359.10388, -159.03372, -17.813498
21675753095000, 359.1219, -159.0329, -17.831694
21675758049000, 359.1451, -159.03569, -17.847569
21675763065000, 359.1698, -159.02777, -17.859777
21675768132000, 359.19815, -159.02345, -17.872263
21675773096000, 359.22397, -159.0216, -17.881792
21675778055000, 359.25052, -159.01515, -17.89382
21675783038000, 359.2783, -159.01749, -17.909456
21675788060000, 359.3063, -159.01599, -17.925594
21675793045000, 359.32663, -159.01773, -17.949194
21675798042000, 359.34814, -159.02066, -17.97495
21675803089000, 359.3705, -159.02061, -18.003496
21675808050000, 359.3912, -159.02556, -18.036633
21675813059000, 359.40442, -159.03333, -18.072323
21675818171000, 359.4164, -159.03725, -18.1052
21675823048000, 359.42725, -159.04718, -18.144367
21675828047000, 359.43903, -159.05412, -18.181692
21675833033000, 359.44925, -159.06488, -18.23398
21675838046000, 359.45834, -159.07225, -18.283758
21675843029000, 359.47128, -159.08275, -18.341047
21675848041000, 359.48367, -159.08911, -18.394745
21675852996000, 359.49335, -159.10529, -18.449837
21675858053000, 359.5036, -159.11925, -18.498531
21675864596000, 359.52057, -159.13069, -18.556068
21675868072000, 359.53122, -159.14453, -18.60699
21675872948000, 359.5492, -159.14836, -18.657248
21675878052000, 359.56564, -159.15369, -18.704517
21675882965000, 359.5815, -159.15778, -18.756762
21675888056000, 359.59448, -159.16064, -18.803408
21675892950000, 359.61255, -159.16116, -18.845963
21675898038000, 359.62827, -159.16081, -18.884441
21675903045000, 359.6452, -159.16588, -18.923702
21675908048000, 359.6637, -159.16873, -18.958897
21675913015000, 359.68216, -159.18083, -18.994831
21675918065000, 359.69418, -159.19202, -19.028624
21675923003000, 359.71613, -159.20584, -19.063663
21675928046000, 359.73706, -159.21956, -19.0915
21675933037000, 359.7522, -159.23817, -19.12004
21675938054000, 359.77698, -159.25449, -19.1468
21675943006000, 359.7988, -159.27693, -19.17346
21675948038000, 359.8202, -159.29642, -19.196493
21675953271000, 359.85245, -159.31126, -19.224241
21675958036000, 359.87854, -159.32898, -19.25014
21675963189000, 359.91376, -159.34312, -19.279097
21675968064000, 359.94983, -159.35243, -19.303133
21675973277000, 359.98538, -159.36464, -19.332588
21675978049000, 0.019422688, -159.37361, -19.364576
21675983365000, 0.05437897, -159.37833, -19.399843
21675987990000, 0.09026792, -159.38248, -19.437328
21675993015000, 0.129383, -159.37962, -19.47636
21675998008000, 0.16427565, -159.37238, -19.515888
21676002966000, 0.19428986, -159.36713, -19.552725
21676007936000, 0.22880624, -159.35439, -19.589401
21676012940000, 0.2533917, -159.34084, -19.624054
21676017959000, 0.27668402, -159.32758, -19.653627
21676022937000, 0.29699463, -159.30835, -19.68741
21676027932000, 0.31949615, -159.29396, -19.71348
21676032946000, 0.33815855, -159.27197, -19.735994
21676037951000, 0.35086513, -159.25688, -19.747686
21676042958000, 0.35780144, -159.24026, -19.757341
21676047942000, 0.3637691, -159.22536, -19.76696
21676052961000, 0.36574286, -159.2157, -19.770338
21676058046000, 0.35913843, -159.20944, -19.775185
21676064360000, 0.3540532, -159.20659, -19.775448
21676068072000, 0.34095505, -159.2105, -19.769112
21676073066000, 0.32983413, -159.2159, -19.761013
21676078066000, 0.31686044, -159.2229, -19.749533
21676083057000, 0.30528378, -159.23364, -19.738926
21676088046000, 0.29151985, -159.25049, -19.731932
21676093039000, 0.28128427, -159.26797, -19.723528
21676098027000, 0.26836208, -159.27942, -19.717049
21676103111000, 0.2589527, -159.2984, -19.714989
21676108033000, 0.24997115, -159.3136, -19.712482
21676113046000, 0.24099806, -159.32988, -19.71389
21676118002000, 0.2343604, -159.34743, -19.715574
21676123020000, 0.23096661, -159.36171, -19.717012
21676127989000, 0.22683808, -159.37561, -19.71551
21676137977000, 0.22473328, -159.39098, -19.716316
21676143045000, 0.2248681, -159.40108, -19.716898
21676147972000, 0.22267956, -159.41255, -19.715061
21676153030000, 0.22322586, -159.42094, -19.714645
21676157953000, 0.22022657, -159.43436, -19.711323
21676163058000, 0.21900705, -159.43677, -19.713028
21676168035000, 0.21617301, -159.45023, -19.712103
21676173144000, 0.21174847, -159.45566, -19.713572
21676178000000, 0.21094581, -159.46223, -19.720257
21676183065000, 0.20968704, -159.46817, -19.724493
21676188010000, 0.201519, -159.46573, -19.730537
21676193048000, 0.20079978, -159.4603, -19.740145
21676198043000, 0.19339843, -159.45209, -19.744072
21676203115000, 0.18812753, -159.44331, -19.747791
21676208139000, 0.18198724, -159.43108, -19.746033
21676213061000, 0.17526491, -159.41846, -19.745281
21676218145000, 0.16521463, -159.40652, -19.740753
21676223094000, 0.15602069, -159.39438, -19.73849
21676227953000, 0.14730817, -159.3791, -19.726358
21676233056000, 0.1343328, -159.36102, -19.710165
21676237959000, 0.1239123, -159.34407, -19.699194
21676243049000, 0.106280364, -159.32983, -19.679274
21676247974000, 0.091245644, -159.31316, -19.663485
21676253066000, 0.07589637, -159.30252, -19.638575
21676257955000, 0.058966886, -159.2898, -19.616192
21676264630000, 0.04410179, -159.27933, -19.592043
21676267998000, 0.027162092, -159.2686, -19.567848
21676273127000, 0.010617225, -159.25911, -19.539358
21676277994000, 359.99084, -159.24727, -19.50898
21676283054000, 359.97272, -159.23566, -19.482317
21676288002000, 359.95566, -159.22192, -19.454428
21676293048000, 359.93524, -159.20963, -19.429703
21676298040000, 359.92218, -159.19762, -19.40482
21676303087000, 359.90338, -159.19113, -19.385069
21676308071000, 359.8922, -159.18025, -19.363825
21676313052000, 359.8782, -159.19514, -19.345589
21676318103000, 359.86786, -159.20755, -19.324736
21676323029000, 359.85895, -159.21814, -19.311407
21676328052000, 359.84552, -159.23347, -19.294144
21676333020000, 359.842, -159.24881, -19.285933
21676338018000, 359.83206, -159.26744, -19.278048
21676343000000, 359.82578, -159.27809, -19.269402
21676348046000, 359.8207, -159.29457, -19.260258
21676352986000, 359.8159, -159.30872, -19.252228
21676358018000, 359.8062, -159.33405, -19.2341
21676362987000, 359.7977, -159.3581, -19.214981
21676368103000, 359.79083, -159.38203, -19.198734
21676373041000, 359.78128, -159.40591, -19.176613
21676378047000, 359.7756, -159.42848, -19.158869
21676383045000, 359.76608, -159.45026, -19.134817
21676388062000, 359.7675, -159.47092, -19.108425
21676393050000, 359.7629, -159.48839, -19.082308
21676398021000, 359.76355, -159.50415, -19.056993
21676403020000, 359.75967, -159.5253, -19.031212
21676408054000, 359.7582, -159.54305, -19.011322
21676413080000, 359.75177, -159.56064, -18.98963
21676418058000, 359.7467, -159.57889, -18.975096
21676423042000, 359.7354, -159.59483, -18.956175
21676428047000, 359.7339, -159.61095, -18.939476
21676433040000, 359.72784, -159.62526, -18.923933
21676438052000, 359.72583, -159.6403, -18.907526
21676443050000, 359.7292, -159.6541, -18.892874
21676448019000, 359.7301, -159.66681, -18.87892
21676453100000, 359.73032, -159.6785, -18.868092
21676458050000, 359.72937, -159.68983, -18.856897
21676464386000, 359.72763, -159.69484, -18.84649
21676468086000, 359.72592, -159.70293, -18.834467
21676473129000, 359.72302, -159.70921, -18.824577
21676478048000, 359.72412, -159.71428, -18.817854
21676483048000, 359.725, -159.71928, -18.812849
21676488051000, 359.7125, -159.72879, -18.802643
21676493049000, 359.69662, -159.7407, -18.797997
21676498032000, 359.6854, -159.75113, -18.790611
21676503078000, 359.67117, -159.76418, -18.781485
21676508049000, 359.66403, -159.76509, -18.779144
21676513059000, 359.65622, -159.7713, -18.777409
21676518038000, 359.6482, -159.7734, -18.77711
21676523032000, 359.63928, -159.77835, -18.781351
21676528008000, 359.63168, -159.7793, -18.7859
21676533048000, 359.62265, -159.78616, -18.7871
21676537990000, 359.61096, -159.7851, -18.795826
21676543054000, 359.6004, -159.79025, -18.801895
21676553095000, 359.58716, -159.78587, -18.812166
21676557945000, 359.57416, -159.78346, -18.82171
21676563065000, 359.5701, -159.78201, -18.830688
21676568061000, 359.56555, -159.78348, -18.834969
21676573068000, 359.5606, -159.7849, -18.84129
21676578006000, 359.56204, -159.78462, -18.85048
21676583065000, 359.56256, -159.78435, -18.857718
21676588018000, 359.5657, -159.77882, -18.863247
21676593038000, 359.56622, -159.78166, -18.871222
21676598025000, 359.57568, -159.77393, -18.877338
21676603113000, 359.57675, -159.7661, -18.884369
21676608048000, 359.58496, -159.76328, -18.887962
21676613048000, 359.5857, -159.75552, -18.894722
21676618151000, 359.59378, -159.75034, -18.899996
21676623117000, 359.60138, -159.73888, -18.909927
21676628301000, 359.61014, -159.72716, -18.912476
21676633060000, 359.62064, -159.7154, -18.918678
21676638368000, 359.62997, -159.69922, -18.924562
21676643044000, 359.64218, -159.68427, -18.935041
21676648014000, 359.65057, -159.67116, -18.94258
21676653048000, 359.66055, -159.65814, -18.949041
21676657981000, 359.66736, -159.64624, -18.956059
21676664625000, 359.6755, -159.63522, -18.96312
21676668009000, 359.6789, -159.62312, -18.963654
21676673040000, 359.69037, -159.61281, -18.97287
21676678010000, 359.69724, -159.60466, -18.977835
21676683049000, 359.70892, -159.59293, -18.980555
21676688041000, 359.71384, -159.58572, -18.98926
21676698037000, 359.72504, -159.57776, -18.994171
21676703114000, 359.7322, -159.57202, -19.00382
21676708049000, 359.74048, -159.56398, -19.010967
21676713062000, 359.74615, -159.55945, -19.01911
21676718156000, 359.75052, -159.55556, -19.022537
21676723038000, 359.7447, -159.54715, -19.032763
21676728047000, 359.74014, -159.53975, -19.040884
21676733047000, 359.7344, -159.53, -19.04816
21676738045000, 359.72653, -159.52159, -19.053406
21676743043000, 359.72147, -159.51398, -19.063843
21676748066000, 359.71298, -159.50671, -19.07436
21676753107000, 359.70477, -159.49811, -19.082224
21676758051000, 359.6978, -159.49004, -19.091064
21676763044000, 359.68524, -159.49055, -19.095936
21676768080000, 359.67117, -159.49055, -19.102703
21676773051000, 359.65198, -159.4934, -19.110416
21676778051000, 359.63394, -159.49316, -19.120247
21676783052000, 359.62115, -159.49098, -19.131565
21676788052000, 359.60602, -159.48329, -19.139893
21676793048000, 359.5971, -159.47609, -19.147202
21676798049000, 359.58954, -159.46642, -19.157017
21676803076000, 359.58118, -159.46603, -19.167622
21676808054000, 359.57266, -159.46208, -19.179296
21676813060000, 359.5636, -159.46165, -19.185322
21676818047000, 359.55334, -159.4582, -19.194286
21676823015000, 359.54428, -159.46109, -19.19996
21676828047000, 359.53427, -159.46144, -19.206018
21676833034000, 359.52866, -159.46011, -19.20803
21676838056000, 359.5238, -159.45726, -19.208788
21676843015000, 359.51822, -159.45297, -19.21103
21676848041000, 359.51373, -159.44687, -19.207941
21676852999000, 359.50555, -159.44493, -19.208828
21676858057000, 359.49487, -159.44252, -19.208706
21676864621000, 359.48523, -159.4385, -19.203579
21676868130000, 359.4746, -159.43666, -19.202522
21676872950000, 359.46738, -159.43211, -19.194464
21676878052000, 359.46, -159.42743, -19.190212
21676882963000, 359.45694, -159.42378, -19.182907
21676888055000, 359.45184, -159.41689, -19.176304
21676892967000, 359.44666, -159.41428, -19.169224
21676898034000, 359.44324, -159.40578, -19.162062
21676903057000, 359.4466, -159.39569, -19.148396
21676908053000, 359.44968, -159.387, -19.136484
21676913032000, 359.45053, -159.37616, -19.12109
21676918057000, 359.4518, -159.36552, -19.10781
21676923022000, 359.45288, -159.35568, -19.092777
21676928047000, 359.45654, -159.3367, -19.07942
21676933020000, 359.45804, -159.32283, -19.065704
21676938053000, 359.4599, -159.30908, -19.054224
21676943033000, 359.45853, -159.30177, -19.043333
21676948032000, 359.45526, -159.29407, -19.031351
21676953100000, 359.4523, -159.28943, -19.02115
21676958053000, 359.44955, -159.28812, -19.010908
21676963041000, 359.44156, -159.28723, -18.997341
21676968140000, 359.4351, -159.286, -18.987566
21676978054000, 359.43005, -159.28496, -18.969582
21676983025000, 359.4219, -159.28336, -18.959036
21676988056000, 359.41278, -159.28734, -18.943708
21676993201000, 359.4016, -159.29161, -18.931847
21676997986000, 359.38852, -159.29713, -18.920034
21677003379000, 359.37878, -159.30515, -18.910418
21677008051000, 359.36752, -159.31148, -18.90203
21677013406000, 359.36032, -159.31662, -18.89675
21677018131000, 359.35135, -159.32329, -18.889452
21677023083000, 359.34497, -159.32715, -18.882612
21677028048000, 359.33774, -159.33174, -18.882635
21677032999000, 359.33063, -159.33997, -18.873272
21677038052000, 359.31952, -159.3448, -18.872269
21677042949000, 359.30487, -159.357, -18.867743
21677048042000, 359.29593, -159.36055, -18.866493
21677053008000, 359.28912, -159.3664, -18.866228
21677058049000, 359.27463, -159.37396, -18.869387
21677062996000, 359.25797, -159.38629, -18.874249
21677068066000, 359.24234, -159.39427, -18.875479
21677073001000, 359.2282, -159.40431, -18.88113
21677078047000, 359.21887, -159.40648, -18.882097
21677083006000, 359.20947, -159.4102, -18.88898
21677088054000, 359.20288, -159.41936, -18.886278
21677093004000, 359.20065, -159.42787, -18.890125
21677098049000, 359.19543, -159.43098, -18.887918
21677103143000, 359.19443, -159.43431, -18.889
21677108017000, 359.18805, -159.44572, -18.884314
21677112997000, 359.19034, -159.44624, -18.88355
21677118020000, 359.18686, -159.45726, -18.881958
21677123052000, 359.1877, -159.46283, -18.882273
21677128012000, 359.18948, -159.46175, -18.88025
21677133009000, 359.1907, -159.46652, -18.880537
21677138028000, 359.19434, -159.46666, -18.881588
21677143016000, 359.19434, -159.47163, -18.881746
21677147987000, 359.20123, -159.47385, -18.879961
21677153056000, 359.2062, -159.4762, -18.879091
21677158009000, 359.21445, -159.48283, -18.880896
21677163071000, 359.22202, -159.48677, -18.885914
21677168071000, 359.2476, -159.48541, -18.882204
21677173133000, 359.26956, -159.48563, -18.880384
21677178046000, 359.2956, -159.48492, -18.876436
21677183043000, 359.31445, -159.48279, -18.874895
21677188054000, 359.34216, -159.48474, -18.87722
21677193049000, 359.36496, -159.48364, -18.87935
21677198028000, 359.38892, -159.48836, -18.876476
21677203093000, 359.41547, -159.48724, -18.877153
21677208049000, 359.43774, -159.49068, -18.873104
21677213071000, 359.46213, -159.4916, -18.871283
21677218014000, 359.49203, -159.48724, -18.870022
21677223029000, 359.51935, -159.48228, -18.868364
21677228049000, 359.54886, -159.4766, -18.865314
21677233031000, 359.5732, -159.47495, -18.86364
21677238030000, 359.60175, -159.46693, -18.857693
21677243022000, 359.62347, -159.46335, -18.849901
21677247989000, 359.63278, -159.46365, -18.85363
21677253062000, 359.63788, -159.46217, -18.85552
21677257998000, 359.64838, -159.4626, -18.859797
21677264157000, 359.6564, -159.46078, -18.864647
21677268049000, 359.66727, -159.46213, -18.872467
21677273093000, 359.6781, -159.46313, -18.880228
21677278008000, 359.68326, -159.45828, -18.888624
21677283017000, 359.6946, -159.45238, -18.89526
21677288000000, 359.69565, -159.44759, -18.899563
21677293010000, 359.69836, -159.44713, -18.902992
21677298006000, 359.69833, -159.44293, -18.906862
21677303047000, 359.69992, -159.43916, -18.905226
21677307980000, 359.69696, -159.43419, -18.907045
21677313085000, 359.69482, -159.42616, -18.906599
21677318344000, 359.68842, -159.42297, -18.9082
21677323038000, 359.68097, -159.42207, -18.909203
21677328331000, 359.67145, -159.42027, -18.914251
21677333058000, 359.66388, -159.42006, -18.914978
21677338026000, 359.65317, -159.416, -18.913116
21677343051000, 359.64178, -159.41815, -18.914316
21677348016000, 359.63058, -159.41719, -18.91188
21677353074000, 359.62543, -159.41547, -18.913933
21677357951000, 359.61884, -159.41454, -18.922598
21677363099000, 359.61655, -159.40779, -18.914454
21677368007000, 359.61795, -159.39755, -18.91385
21677373055000, 359.61014, -159.40076, -18.91191
21677377995000, 359.60623, -159.39986, -18.911179
21677383049000, 359.59634, -159.40077, -18.905441
21677388016000, 359.58945, -159.40121, -18.899452
21677393049000, 359.58377, -159.3977, -18.897364
21677398001000, 359.57413, -159.3968, -18.886448
21677403076000, 359.57516, -159.3946, -18.881842
21677408021000, 359.57095, -159.39442, -18.876534
21677413094000, 359.5737, -159.39133, -18.869772
21677418113000, 359.57224, -159.38571, -18.870687
21677423018000, 359.57535, -159.3872, -18.860262
21677428051000, 359.57712, -159.37877, -18.858213
21677433004000, 359.58224, -159.37758, -18.852121
21677438030000, 359.582, -159.37935, -18.845976
21677443015000, 359.58426, -159.37404, -18.84463
21677447998000, 359.5883, -159.37512, -18.840246
21677453015000, 359.58853, -159.36583, -18.8268
21677458027000, 359.5928, -159.35655, -18.821594
21677464639000, 359.5953, -159.3483, -18.815054
21677468027000, 359.59683, -159.33981, -18.80764
21677473017000, 359.6021, -159.33566, -18.799143
21677478047000, 359.604, -159.33101, -18.7955
21677482990000, 359.61218, -159.3331, -18.790012
21677488001000, 359.62015, -159.33191, -18.782713
21677492998000, 359.6196, -159.33414, -18.77584
21677498007000, 359.6239, -159.33076, -18.771246
21677503060000, 359.62643, -159.33038, -18.7621
21677508022000, 359.62634, -159.32779, -18.757301
21677512996000, 359.62103, -159.32788, -18.75538
21677518088000, 359.6106, -159.3254, -18.755278
21677523014000, 359.60657, -159.32309, -18.752005
21677528047000, 359.5969, -159.32094, -18.750515
21677533051000, 359.58716, -159.32117, -18.745796
21677538056000, 359.578, -159.32245, -18.744392
21677543025000, 359.56946, -159.32497, -18.739353
21677548040000, 359.5595, -159.32751, -18.739574
21677553284000, 359.54926, -159.32962, -18.735437
