#Rate of rotation around the x y z axes (Angular velocity).
#timestamp(ns),x,y,z(rad/s)
#Datetime: 16/12/2015 13:15:26
##########################################
#Activity: 14 - CHU - Chair up - 6s
#Subject ID: 61
#First Name: sub61
#Last Name: sub61
#Age: 24
#Height(cm): 170
#Weight(kg): 70
#Gender: Male
##########################################

@DATA
5492604799000, -0.023518313, 0.013133603, 0.017715093
5492610141000, -0.037873644, 0.013133603, 0.01160644
5492614780000, -0.027794369, 0.010079277, 0.00580322
5492619798000, -0.035124753, 0.008857546, 0.0125227375
5492624782000, -0.033292156, 0.007941248, 0.013744468
5492629773000, -0.034208454, 0.002443461, 0.004886922
5492634804000, -0.03359759, 0.003970624, 0.005497787
5492639788000, -0.03359759, 0.01160644, 0.013439035
5492644769000, -0.028099801, 0.004276057, 0.016798794
5492649820000, -0.027488936, 0.0012217305, 0.00580322
5492654805000, -0.03145956, 0.005497787, 0.0070249503
5492659794000, -0.023823744, 0.010079277, 0.004276057
5492664805000, -0.02321288, 0.009773844, 0.0027488936
5492669823000, -0.03481932, 0.00580322, 0.011911872
5492674786000, -0.033292156, 0.014049901, 0.008552114
5492679878000, -0.030543262, 0.01038471, 0.01282817
5492684799000, -0.026572637, 0.002443461, 0.0070249503
5492689789000, -0.027488936, 0.013439035, 0.00580322
5492694764000, -0.028099801, 0.006414085, 0.007941248
5492699825000, -0.029626964, 0.004276057, 0.0061086523
5492704847000, -0.025045475, 0.0106901415, 0.008857546
5492709791000, -0.03634648, 0.0018325958, 0.0067195175
5492714804000, -0.029626964, 0.005497787, 0.011301007
5492719792000, -0.0290161, 0.006414085, 0.008246681
5492724788000, -0.035430185, 0.0061086523, 0.008857546
5492729779000, -0.02687807, 0.0076358155, 0.004581489
5492734795000, -0.02687807, 0.013439035, 0.0143553335
5492739792000, -0.03145956, 0.013439035, 0.016798794
5492744765000, -0.028710667, 0.011301007, 0.010995574
5492749900000, -0.032986723, 0.007941248, 0.011911872
5492754852000, -0.026572637, 0.009162978, 0.014966198
5492759788000, -0.03726278, 0.008552114, 0.010995574
5492764776000, -0.024129177, 0.012217305, 0.016798794
5492769794000, -0.028710667, 0.013439035, 0.013439035
5492774792000, -0.025961773, 0.0125227375, 0.008552114
5492779783000, -0.025045475, 0.0106901415, 0.005497787
5492784793000, -0.025350908, 0.01160644, 0.007330383
5492789787000, -0.023823744, 0.0070249503, 0.008857546
5492794755000, -0.028099801, 0.0036651916, 0.0070249503
5492799768000, -0.029932396, 0.004276057, 0.008552114
5492804798000, -0.022907447, 0.0125227375, 0.015577064
5492809787000, -0.026572637, 0.008857546, 0.008246681
5492814800000, -0.028099801, 0.008857546, 0.0070249503
5492819837000, -0.02321288, 0.009773844, 0.00580322
5492824820000, -0.03145956, 0.0021380284, 0.004886922
5492829762000, -0.02321288, 0.013744468, 0.004581489
5492834774000, -0.023518313, 0.008246681, 0.003970624
5492839788000, -0.026572637, 0.007330383, 0.0061086523
5492844786000, -0.029321533, 0.011911872, 0.004886922
5492849864000, -0.022602014, 0.004276057, 0.009162978
5492854794000, -0.02565634, 0.0012217305, 0.0036651916
5492859828000, -0.02565634, 0.008246681, 0.0143553335
5492865486000, -0.039095376, 0.008857546, 0.009468411
5492869791000, -0.035430185, 0.008246681, 0.01160644
5492874784000, -0.03359759, 0.01282817, 0.0106901415
5492879761000, -0.038789943, 0.011301007, 0.011911872
5492884763000, -0.032986723, 0.020463986, 0.01038471
5492889799000, -0.025961773, 0.011911872, 0.013133603
5492894767000, -0.019547688, 0.018325957, 0.013744468
5492899846000, -0.024740042, 0.02107485, 0.011911872
5492904869000, -0.02687807, 0.01282817, 0.015577064
5492909817000, -0.03176499, 0.003970624, 0.019242255
5492914835000, -0.027183503, 0.016798794, 0.018936822
5492919824000, -0.03604105, 0.008857546, 0.014660766
5492924822000, -0.025350908, 0.010995574, 0.01160644
5492929824000, -0.025350908, 0.01038471, 0.011911872
5492934806000, -0.025961773, 0.0067195175, 0.015577064
5492939821000, -0.036957346, 0.010079277, 0.019242255
5492944802000, -0.032070424, 0.01038471, 0.010995574
5492949915000, -0.025350908, 0.017715093, 0.01038471
5492954930000, -0.029321533, 0.013439035, 0.0143553335
5492959826000, -0.031154128, 0.004581489, 0.020158553
5492964838000, -0.035124753, 0.0125227375, 0.013439035
5492969830000, -0.039095376, 0.013439035, 0.009162978
5492974828000, -0.03481932, 0.009773844, 0.013133603
5492979827000, -0.035124753, 0.0021380284, 0.013439035
5492984798000, -0.03145956, 0.009468411, 0.016493361
5492989759000, -0.035124753, 0.0125227375, 0.013133603
5492994795000, -0.02107485, 0.004581489, 0.0018325958
5492999804000, -0.03268129, 0.0027488936, 0.00580322
5493004849000, -0.032070424, 6.1086525E-4, 0.009468411
5493009795000, -0.028099801, 0.0061086523, 0.007330383
5493014788000, -0.03268129, 0.008246681, 9.162979E-4
5493019796000, -0.032375857, 0.00580322, 0.004276057
5493024787000, -0.03756821, 0.006414085, 0.0036651916
5493029775000, -0.04153884, -0.002443461, 0.0067195175
5493034874000, -0.03481932, -0.002443461, 0.002443461
5493039784000, -0.028710667, -0.002443461, 0.0067195175
5493044747000, -0.03176499, -0.003970624, 0.0070249503
5493049859000, -0.03359759, -0.0033597588, 0.004276057
5493054867000, -0.027183503, -0.0015271631, 0.004581489
5493059779000, -0.035430185, 0.007330383, 0.005497787
5493064788000, -0.03940081, 0.0070249503, 0.0012217305
5493069797000, -0.040317107, 0.0061086523, -6.1086525E-4
5493074785000, -0.028405234, 0.010079277, 0.0076358155
5493079773000, -0.02687807, 0.009468411, 0.00580322
5493084790000, -0.034208454, 0.007330383, 0.005497787
5493089786000, -0.027488936, -9.162979E-4, 0.007330383
5493094772000, -0.036651913, 0.002443461, 0.005192355
5493099803000, -0.035430185, 0.008552114, 0.009162978
5493104796000, -0.038179077, 0.013744468, 0.0143553335
5493109786000, -0.035430185, 0.004886922, 0.0125227375
5493114784000, -0.03756821, 0.002443461, 0.010995574
5493119801000, -0.03145956, 0.009468411, 0.007941248
5493124795000, -0.03481932, 0.005497787, 0.008552114
5493129766000, -0.023518313, 0.013133603, 0.0030543262
5493134797000, -0.03176499, 0.0061086523, 0.008246681
5493139792000, -0.03390302, 0.0033597588, 0.018020526
5493144798000, -0.03756821, 0.002443461, 0.0143553335
5493149811000, -0.0290161, 0.009773844, 0.015271631
5493154796000, -0.03390302, 0.0061086523, 0.013744468
5493159787000, -0.023518313, 0.0106901415, 0.013744468
5493164778000, -0.03176499, 0.011301007, 0.008246681
5493169794000, -0.029321533, 0.010995574, 0.0067195175
5493174788000, -0.02321288, 0.007330383, 0.0125227375
5493179785000, -0.03604105, 0.009162978, 0.013439035
5493184782000, -0.038789943, 0.0076358155, 0.014660766
5493190103000, -0.035124753, 0.007330383, 0.014049901
5493194820000, -0.03176499, 0.010079277, 0.008552114
5493199779000, -0.03848451, 0.00580322, 0.0106901415
5493204799000, -0.03756821, 0.0143553335, 0.010995574
5493209785000, -0.027794369, 0.009162978, 0.008857546
5493214794000, -0.03359759, 0.0036651916, 0.01282817
5493219802000, -0.030848695, 0.01282817, 0.010995574
5493224786000, -0.025045475, 0.015882496, 0.014049901
5493229772000, -0.032375857, 0.008246681, 0.006414085
5493234799000, -0.030543262, 0.009162978, 0.0125227375
5493239793000, -0.0290161, 0.0143553335, 0.018325957
5493244797000, -0.035430185, 0.013439035, 0.009162978
5493249902000, -0.03390302, 3.0543262E-4, 0.005192355
5493254799000, -0.03359759, 0.011301007, 0.010995574
5493260192000, -0.029932396, 0.0076358155, 0.009468411
5493264796000, -0.03359759, 0.008552114, 0.01038471
5493269794000, -0.039095376, 0.004276057, 0.010079277
5493274786000, -0.03726278, 0.0067195175, 0.009773844
5493279765000, -0.026267206, 0.0106901415, 0.01160644
5493284772000, -0.027488936, 0.00580322, 0.008857546
5493289788000, -0.03145956, 0.005497787, 0.01038471
5493294792000, -0.034208454, 0.0021380284, 0.0125227375
5493299862000, -0.029626964, 0.0061086523, 0.014660766
5493304824000, -0.03359759, 0.0143553335, 0.010079277
5493309794000, -0.025350908, 0.007941248, 0.013744468
5493314777000, -0.03573562, 0.0070249503, 0.0106901415
5493319797000, -0.03481932, 0.0067195175, 0.008857546
5493324797000, -0.038789943, -3.0543262E-4, 0.008857546
5493329880000, -0.040011674, 0.010995574, 0.013439035
5493334756000, -0.03359759, 0.007941248, 0.010995574
5493339748000, -0.04428773, 0.013439035, 0.006414085
5493344821000, -0.03390302, 0.0061086523, 0.007941248
5493349795000, -0.044593163, 0.0076358155, 0.012217305
5493354762000, -0.043066, 0.010079277, 0.0125227375
5493359746000, -0.035124753, 0.0012217305, 0.0076358155
5493364766000, -0.038789943, 0.007330383, 0.01038471
5493369759000, -0.03145956, 0.007330383, 0.010079277
5493374800000, -0.036651913, 0.01160644, 0.0125227375
5493379810000, -0.038789943, 0.0106901415, 0.005497787
5493384805000, -0.032986723, -0.0030543262, 0.004886922
5493389714000, -0.029321533, -0.0030543262, 0.008246681
5493394810000, -0.028405234, 0.006414085, 0.006414085
5493399923000, -0.03756821, 0.008246681, 0.010079277
5493404712000, -0.034208454, 0.0012217305, 0.007941248
5493409722000, -0.03176499, 0.0018325958, 0.0070249503
5493414765000, -0.033292156, -0.0015271631, 0.008246681
5493419719000, -0.03176499, 9.162979E-4, 0.0067195175
5493424710000, -0.029932396, 0.007941248, 0.005497787
5493429702000, -0.03604105, 0.0036651916, 0.011911872
5493434709000, -0.04153884, 0.008552114, 0.016187929
5493439705000, -0.040927973, 0.013439035, 0.014660766
5493444718000, -0.025350908, 0.0106901415, 0.015271631
5493449740000, -0.034513887, 0.01038471, 0.010995574
5493454786000, -0.034208454, 0.007941248, 0.016493361
5493459787000, -0.038789943, 0.01740966, 0.010079277
5493464777000, -0.030848695, -9.162979E-4, 0.006414085
5493469796000, -0.02321288, -3.0543262E-4, 0.009773844
5493474790000, -0.029626964, 0.007330383, 0.009468411
5493479776000, -0.04153884, 0.008552114, 0.014660766
5493484820000, -0.035430185, 0.0076358155, 0.013439035
5493489787000, -0.032986723, 0.0015271631, 0.017104227
5493494813000, -0.034208454, -0.0061086523, 0.01282817
5493499844000, -0.03176499, 0.0036651916, 0.015577064
5493504788000, -0.040317107, -0.0067195175, 0.020158553
5493509777000, -0.019242255, 0.0027488936, 0.02107485
5493515243000, -0.027183503, 0.0076358155, 0.018325957
5493519795000, -0.0290161, 0.01282817, 0.020463986
5493524787000, -0.031154128, 0.014049901, 0.019242255
5493529767000, -0.03634648, 0.01282817, 0.018936822
5493534831000, -0.03940081, 0.01740966, 0.009468411
5493539800000, -0.033292156, 0.02321288, 0.014660766
5493544878000, -0.03756821, 0.01863139, 0.0106901415
5493549888000, -0.045814894, 0.017104227, 0.009773844
5493554865000, -0.04520403, 0.009468411, 0.011911872
5493559783000, -0.050396383, 0.0143553335, 0.010995574
5493564782000, -0.052839845, 0.014660766, 0.014966198
5493569790000, -0.04886922, 0.010995574, 0.019242255
5493574785000, -0.05009095, 0.014049901, 0.018936822
5493579820000, -0.03634648, 0.024129177, 0.012217305
5493585596000, -0.040011674, 0.021380283, 0.018936822
5493589722000, -0.0421497, 0.01863139, 0.020463986
5493594852000, -0.041233405, 0.019547688, 0.021685716
5493599893000, -0.03604105, 0.009773844, 0.019547688
5493604841000, -0.029321533, 0.013439035, 0.017715093
5493609832000, -0.028710667, 0.0143553335, 0.022296581
5493614825000, -0.033292156, 0.009162978, 0.02321288
5493619831000, -0.03390302, 0.018936822, 0.02321288
5493624820000, -0.0421497, 0.02687807, 0.022296581
5493629806000, -0.03940081, 0.020463986, 0.022296581
5493634832000, -0.042760566, 0.027183503, 0.02076942
5493639817000, -0.04550946, 0.021380283, 0.018020526
5493644857000, -0.054367006, 0.016187929, 0.022907447
5493649954000, -0.043066, 0.014966198, 0.028099801
5493654944000, -0.042455133, 0.015577064, 0.0290161
5493659832000, -0.044898596, 0.010079277, 0.026267206
5493664824000, -0.04062254, 0.014966198, 0.031154128
5493669820000, -0.0421497, 0.016187929, 0.032375857
5493674819000, -0.040317107, 0.017104227, 0.040011674
5493679825000, -0.03634648, 0.013439035, 0.040927973
5493684921000, -0.03604105, -0.004886922, 0.043676864
5493689785000, -0.028099801, -3.0543262E-4, 0.0421497
5493694853000, -0.027183503, -0.003970624, 0.03940081
5493699891000, -0.028710667, -0.023823744, 0.042760566
5493704916000, -0.026267206, -0.028099801, 0.044898596
5493709814000, -0.030848695, -0.03145956, 0.037873644
5493714816000, -0.029932396, -0.021380283, 0.03940081
5493719819000, -0.017104227, -0.023823744, 0.035124753
5493724988000, -0.018936822, -0.0125227375, 0.03176499
5493729798000, -0.013744468, -0.007330383, 0.031154128
5493734880000, -0.016798794, -0.015271631, 0.03848451
5493739823000, -0.0070249503, -6.1086525E-4, 0.03390302
5493744827000, -0.009773844, 0.004581489, 0.024740042
5493749834000, -0.018325957, 0.0012217305, 0.027183503
5493754841000, -0.023823744, 6.1086525E-4, 0.024129177
5493759821000, -0.020463986, 6.1086525E-4, 0.018020526
5493764821000, -0.017715093, 0.017104227, 0.019547688
5493769827000, -0.030543262, 0.01740966, 0.009773844
5493774821000, -0.03940081, 0.019242255, 0.0061086523
5493779807000, -0.028710667, 0.02443461, 0.009468411
5493784841000, -0.025045475, 0.02107485, 0.011301007
5493789720000, -0.03145956, 0.028099801, 0.0143553335
5493794841000, -0.03756821, 0.016187929, 0.021380283
5493799837000, -0.035430185, 0.011301007, 0.018936822
5493804824000, -0.034513887, 0.015882496, 0.021685716
5493809821000, -0.03573562, 0.014049901, 0.01985312
5493814828000, -0.03573562, 0.007941248, 0.023823744
5493819835000, -0.046120327, 0.0067195175, 0.033292156
5493824819000, -0.034513887, 0.014966198, 0.032986723
5493829767000, -0.036651913, 0.01160644, 0.030543262
5493834758000, -0.030848695, 0.01985312, 0.035124753
5493840096000, -0.041233405, 0.021380283, 0.03573562
5493844806000, -0.041233405, 0.025045475, 0.03940081
5493849792000, -0.03756821, 0.018325957, 0.044593163
5493854828000, -0.040011674, 0.023518313, 0.04184427
5493859819000, -0.04337143, 0.015577064, 0.04642576
5493864814000, -0.048563786, 0.01038471, 0.052534413
5493869823000, -0.052534413, 0.0061086523, 0.05100725
5493874816000, -0.045814894, -0.004581489, 0.057726767
5493879794000, -0.048563786, 0.007941248, 0.05589417
5493884804000, -0.059864793, 0.018325957, 0.050396383
5493889791000, -0.07544186, 0.01160644, 0.06414085
5493894805000, -0.09590584, 0.02443461, 0.071776666
5493899849000, -0.102319926, 0.040927973, 0.07269296
5493904828000, -0.09865474, 0.06536258, 0.07880162
5493910680000, -0.116980694, 0.070249505, 0.09743301
5493914782000, -0.101098195, 0.08155051, 0.1020145
5493919795000, -0.11026118, 0.074830994, 0.10751228
5493924785000, -0.100792766, 0.0729984, 0.1151481
5493929768000, -0.105068825, 0.06994407, 0.11453723
5493934817000, -0.122478485, 0.052839845, 0.115453534
5493939792000, -0.118202426, 0.03604105, 0.118202426
5493944796000, -0.12370021, 0.024129177, 0.116980694
5493949804000, -0.116675265, 0.02565634, 0.11453723
5493954798000, -0.12705997, 0.01740966, 0.11728613
5493959792000, -0.1133155, 0.0125227375, 0.108123146
5493964787000, -0.09773844, 0.011301007, 0.11209377
5493969797000, -0.09132435, 0.0030543262, 0.1133155
5493974777000, -0.09865474, -0.021685716, 0.11911872
5493980448000, -0.07819075, -0.009468411, 0.10781772
5493984827000, -0.06994407, 0.01038471, 0.10048734
5493989739000, -0.06536258, 0.022296581, 0.090713486
5493994789000, -0.06658431, 0.023518313, 0.08277224
5493999821000, -0.05467244, 0.02107485, 0.0693332
5494004855000, -0.055588737, 0.02565634, 0.06352998
5494009766000, -0.051618114, 0.008857546, 0.06169739
5494014776000, -0.045814894, -0.0061086523, 0.0693332
5494019777000, -0.03634648, -0.0076358155, 0.053145275
5494024786000, -0.02076942, -0.0076358155, 0.055283304
5494029913000, 0.0067195175, 0.016798794, 0.04886922
5494034815000, 0.014966198, 0.03145956, 0.032375857
5494039760000, 0.036651913, 0.06627888, 0.016798794
5494044793000, 0.03848451, 0.10048734, 0.005497787
5494050357000, 0.05222898, 0.11728613, -0.008246681
5494054785000, 0.05100725, 0.12583824, -0.015882496
5494059720000, 0.05100725, 0.1572978, -0.016493361
5494064835000, 0.03023783, 0.16982053, -0.020158553
5494069729000, 0.017715093, 0.16584991, -0.02687807
5494074820000, -0.0012217305, 0.14935656, -0.03604105
5494079779000, 0.0012217305, 0.13561209, -0.025961773
5494084876000, 0.01985312, 0.13561209, -0.03481932
5494089784000, 0.035430185, 0.11789699, -0.032070424
5494094938000, 0.029626964, 0.101098195, -0.034208454
5494099911000, 0.021991149, 0.07574729, -0.029321533
5494104819000, 0.032070424, 0.08032878, -0.026267206
5494109815000, 0.01282817, 0.064751714, -0.017715093
5494114849000, 0.034208454, 0.06811147, -0.0027488936
5494119815000, 0.028099801, 0.06994407, 0.0030543262
5494124789000, 0.021380283, 0.08979719, -0.0012217305
5494129973000, 0.0106901415, 0.118202426, 0.006414085
5494134826000, 0.01038471, 0.12644911, 0.025045475
5494139777000, 0.004276057, 0.12858713, 0.029321533
5494144866000, 0.01160644, 0.12797627, 0.040927973
5494149859000, 0.018020526, 0.1282817, 0.04734206
5494154719000, 0.018325957, 0.093767814, 0.06719518
5494159753000, 0.04917465, 0.08368854, 0.0729984
5494164708000, 0.03970624, 0.076052725, 0.07544186
5494169715000, 0.025350908, 0.092240654, 0.07238753
5494174725000, 0.017715093, 0.089186326, 0.07086037
5494179706000, 0.016187929, 0.09896017, 0.07269296
5494184874000, 0.018325957, 0.101098195, 0.07086037
5494189708000, 0.02443461, 0.09010262, 0.083383106
5494195041000, 0.036651913, 0.03359759, 0.100792766
5494199759000, 0.059253927, 0.04734206, 0.09101892
5494205042000, 0.047036625, 0.0720821, 0.083383106
5494209740000, 0.03481932, 0.10476339, 0.079107046
5494215120000, 0.04550946, 0.12461651, 0.06994407
5494219749000, 0.04337143, 0.13316862, 0.058948494
5494224694000, 0.047647487, 0.129198, 0.06658431
5494229728000, 0.06383542, 0.11911872, 0.067500606
5494235040000, 0.073303826, 0.09896017, 0.06780604
5494239742000, 0.08460484, 0.07422013, 0.06688975
5494244687000, 0.086437434, 0.057726767, 0.069027774
5494249764000, 0.09468412, 0.03848451, 0.06780604
5494254718000, 0.11636983, 0.028405234, 0.06169739
5494259819000, 0.14049901, 0.0015271631, 0.06963864
5494264738000, 0.17623462, -0.013439035, 0.070554934
5494269826000, 0.2003638, -0.022602014, 0.0729984
5494274761000, 0.22082779, 0.01863139, 0.076052725
5494279764000, 0.26267207, 0.05955936, 0.079107046
5494284785000, 0.30757064, 0.12370021, 0.0711658
5494289785000, 0.3491095, 0.19639318, 0.062002823
5494294847000, 0.38881573, 0.27030787, 0.05009095
5494299799000, 0.4098906, 0.32070425, 0.036957346
5494305002000, 0.44868052, 0.41630468, 0.040317107
5494309785000, 0.46639562, 0.5546656, 0.04734206
5494314814000, 0.48563787, 0.70280045, 0.06963864
5494319827000, 0.49846604, 0.82741696, 0.09590584
5494324833000, 0.5109888, 0.9379836, 0.1328632
5494329818000, 0.50793445, 1.0528263, 0.16126843
5494334835000, 0.5018258, 1.1511755, 0.226631
5494339791000, 0.49235737, 1.1765264, 0.27947086
5494344883000, 0.44623706, 1.1569787, 0.3268129
5494349809000, 0.42210788, 1.0268645, 0.3436117
5494354825000, 0.408058, 0.7861836, 0.36926803
5494359756000, 0.38973203, 0.5342017, 0.37843102
5494364792000, 0.43951756, 0.31581733, 0.3640757
5494369768000, 0.53786683, 0.19425514, 0.3417791
5494375149000, 0.6536258, 0.14019357, 0.3182608
5494379726000, 0.7370089, 0.18081611, 0.28619036
5494394861000, 0.94042706, 0.59437186, 0.11484267
5494399757000, 0.977079, 0.7110472, 0.032375857
5494404784000, 1.0143417, 0.7910705, -0.025350908
5494409737000, 1.0363328, 0.8237518, -0.07574729
5494414789000, 1.061073, 0.8222246, -0.09896017
5494419750000, 1.0677924, 0.75594574, -0.089186326
5494424789000, 1.069625, 0.6261369, -0.058643065
5494429770000, 1.0922271, 0.43127087, -0.014660766
5494434806000, 1.1246029, 0.24098633, 0.033292156
5494439809000, 1.1661417, 0.1572978, 0.086437434
5494444851000, 1.2345587, 0.0290161, 0.12583824
5494449888000, 1.2660183, -0.06811147, 0.13530666
5494454807000, 1.3295482, -0.10476339, 0.14935656
5494459747000, 1.3710871, -0.095294975, 0.13958271
5494464791000, 1.4178182, -0.09590584, 0.12186762
5494469810000, 1.457219, -0.0852157, 0.105374254
5494474788000, 1.518611, -0.10170906, 0.084910266
5494479750000, 1.5827519, -0.15699236, 0.07360926
5494484833000, 1.6520851, -0.19730948, 0.07880162
5494489745000, 1.7195857, -0.22388211, 0.087659165
5494494809000, 1.7589865, -0.2666427, 0.09162979
5494499922000, 1.7644843, -0.26389378, 0.10751228
5494504822000, 1.790446, -0.2565634, 0.1337795
5494509780000, 1.8219056, -0.2510656, 0.14966199
5494514778000, 1.8506162, -0.2648101, 0.18295415
5494519798000, 1.8628336, -0.2883284, 0.21319197
5494525549000, 1.8723019, -0.32406402, 0.24923302
5494529766000, 1.8958203, -0.3820962, 0.29779682
5494534816000, 1.8909334, -0.44165558, 0.32498032
5494539792000, 1.890628, -0.45875978, 0.34483343
5494544767000, 1.8912388, -0.48655418, 0.35308012
5494549864000, 1.890628, -0.5036584, 0.36774087
5494554817000, 1.9019289, -0.5109888, 0.35888332
5494559801000, 1.9233092, -0.52106804, 0.3555236
5494564769000, 1.9394971, -0.53786683, 0.3475823
5494569791000, 1.9734001, -0.5525276, 0.33353242
5494574784000, 1.9874501, -0.5326745, 0.31031954
5494579766000, 1.9859229, -0.4877759, 0.27977628
5494584772000, 1.9578232, -0.4269948, 0.25809056
5494589789000, 1.930945, -0.38453966, 0.24312437
5494595597000, 1.920255, -0.35185838, 0.2415972
5494599803000, 1.91323, -0.31612277, 0.26206118
5494604786000, 1.9104811, -0.2855795, 0.28710666
5494609788000, 1.8955148, -0.25228736, 0.31337386
5494614761000, 1.8875736, -0.23671028, 0.34697145
5494619796000, 1.8924606, -0.2284636, 0.36682457
5494624775000, 1.9049833, -0.22052236, 0.37415496
5494629850000, 1.92392, -0.21288654, 0.37598756
5494634770000, 1.9269744, -0.22021692, 0.37507126
5494639790000, 1.9480493, -0.23182335, 0.3753767
5494644748000, 1.9614882, -0.24129178, 0.3830125
5494649875000, 1.9847012, -0.24037547, 0.38148534
5494654780000, 1.9908098, -0.24495697, 0.36896262
5494659783000, 1.9953914, -0.24740042, 0.35185838
5494665296000, 2.006387, -0.24770586, 0.34574974
5494669798000, 2.0234911, -0.24190263, 0.3399465
5494674760000, 2.0525072, -0.25442538, 0.33658674
5494679772000, 2.0552561, -0.2724459, 0.33292156
5494684798000, 2.0723603, -0.27458394, 0.321926
5494689787000, 2.081218, -0.2666427, 0.31123585
5494694767000, 2.1071796, -0.25503623, 0.2950479
5494699787000, 2.1355848, -0.24648413, 0.2843578
5494704882000, 2.1493294, -0.25137106, 0.2779437
5494709785000, 2.1517727, -0.25900686, 0.2687807
5494714997000, 2.1471913, -0.26206118, 0.26053402
5494719795000, 2.1508565, -0.27488935, 0.2443461
5494725135000, 2.1658227, -0.35246924, 0.23518312
5494729769000, 2.1621575, -0.4352415, 0.21991149
5494734842000, 2.1630738, -0.4596761, 0.21533
5494739790000, 2.1514673, -0.47769663, 0.2144137
5494744751000, 2.1413882, -0.44257188, 0.21044308
5494749868000, 2.1591032, -0.43249258, 0.20677789
5494754813000, 2.1621575, -0.4166101, 0.19486602
5494759787000, 2.1719313, -0.39950588, 0.1881465
5494764794000, 2.1746802, -0.39614612, 0.19242255
5494769787000, 2.1810944, -0.4071417, 0.1740966
5494774766000, 2.1923954, -0.39675698, 0.18234327
5494779826000, 2.2110267, -0.38728857, 0.20066923
5494784923000, 2.228742, -0.3726278, 0.20341812
5494789774000, 2.2504275, -0.3472769, 0.1966986
5494794846000, 2.2773056, -0.31306845, 0.19181168
5494799885000, 2.2898283, -0.27122417, 0.17959438
5494804777000, 2.2834144, -0.2507602, 0.17440203
5494809786000, 2.2904391, -0.22510384, 0.14721853
5494814837000, 2.2751677, -0.19272798, 0.12583824
5494819778000, 2.254398, -0.14477506, 0.10293079
5494824812000, 2.232407, -0.10170906, 0.07391469
5494829753000, 2.2073615, -0.047036625, 0.060170226
5494834874000, 2.201253, -0.008552114, 0.04184427
5494839726000, 2.1951442, 0.008246681, 0.040317107
5494844838000, 2.196366, 0.003970624, 0.043676864
5494849805000, 2.1817052, 0.005497787, 0.05497787
5494854840000, 2.1655173, -0.0125227375, 0.058337633
5494860155000, 2.1481075, -0.040011674, 0.06566802
5494864816000, 2.1471913, -0.092240654, 0.058643065
5494870164000, 2.1471913, -0.12858713, 0.055283304
5494874832000, 2.1664336, -0.172264, 0.06047566
5494879793000, 2.1856759, -0.20891592, 0.058337633
5494884838000, 2.1862867, -0.25717425, 0.07422013
5494889725000, 2.1927009, -0.310625, 0.0888809
5494894814000, 2.1713204, -0.35155296, 0.112704635
5494899783000, 2.1774292, -0.38240165, 0.13988814
5494904822000, 2.1725423, -0.39920044, 0.16462818
5494909824000, 2.1630738, -0.40042216, 0.1863139
5494914824000, 2.1707096, -0.37873647, 0.18478674
5494920337000, 2.1676552, -0.34330627, 0.18478674
5494924813000, 2.1361957, -0.31642818, 0.13836098
5494929809000, 2.1025982, -0.34788775, 0.057421334
5494934802000, 2.0625865, -0.3659083, 0.025045475
5494939834000, 2.046704, -0.4083634, -0.027794369
5494944817000, 2.007914, -0.40744713, -0.040317107
5494949870000, 1.9740111, -0.40561453, -0.005497787
5494954849000, 1.933083, -0.3979787, 0.042455133
5494959826000, 1.8671097, -0.3744604, 0.08032878
5494964827000, 1.824349, -0.32742378, 0.10354166
5494969833000, 1.7776178, -0.2657264, 0.09590584
5494974824000, 1.7308867, -0.24281894, 0.09162979
5494979802000, 1.677436, -0.22449298, 0.083383106
5494984892000, 1.6303993, -0.23090707, 0.06780604
5494990459000, 1.5824465, -0.22174409, 0.07819075
5494994842000, 1.5677856, -0.20891592, 0.06414085
5494999898000, 1.5268577, -0.17562376, 0.048563786
5495004859000, 1.5128077, -0.13041973, 0.03604105
5495009819000, 1.5054774, -0.09437868, 0.02076942
5495014774000, 1.4999796, -0.06291912, 0.018936822
5495019839000, 1.4975362, -0.063224554, 0.015577064
5495024716000, 1.520749, -0.09315695, 0.022602014
5495029806000, 1.5430456, -0.11728613, 0.0421497
5495034796000, 1.5839735, -0.17440203, 0.049480084
5495039823000, 1.5839735, -0.27305678, 0.06841691
5495044753000, 1.5989398, -0.35827246, 0.074830994
5495049963000, 1.6059648, -0.42821655, 0.08368854
5495054788000, 1.6148223, -0.43676865, 0.07360926
5495060084000, 1.5891659, -0.4202753, 0.048258353
5495064772000, 1.5522085, -0.34574974, 0.02107485
5495069827000, 1.5155567, -0.26053402, -0.0012217305
5495074771000, 1.4785993, -0.19242255, -0.022296581
5495079806000, 1.4584408, -0.113926366, -0.035430185
5495084830000, 1.4300356, -0.06383542, -0.020463986
5495089785000, 1.4217888, -0.03604105, -0.0027488936
5495094838000, 1.382999, -0.060170226, 0.0033597588
5495099893000, 1.3267993, -0.122783914, 0.002443461
5495104807000, 1.2757921, -0.19028452, -0.0076358155
5495109825000, 1.212873, -0.2489276, -0.035430185
5495114821000, 1.1398746, -0.30543262, -0.048563786
5495119821000, 1.0558805, -0.35308012, -0.044898596
5495124822000, 0.96791595, -0.37812558, -0.050701816
5495129819000, 0.89644474, -0.3817908, -0.04153884
5495135175000, 0.8567385, -0.3231477, -0.02107485
5495139824000, 0.7687739, -0.28680122, -0.0070249503
5495145092000, 0.7443393, -0.20922135, 0.029321533
5495149844000, 0.72265357, -0.1872302, 0.042455133
5495154801000, 0.6817256, -0.19242255, 0.038179077
5495159830000, 0.6533204, -0.23365596, 0.03726278
5495164789000, 0.6374379, -0.2929099, 0.032070424
5495169829000, 0.62125, -0.35613444, 0.027488936
5495174719000, 0.63071835, -0.42577308, 0.026267206
5495179809000, 0.6563747, -0.4783075, 0.03268129
5495184804000, 0.68661255, -0.50854534, 0.022907447
5495189786000, 0.7275405, -0.51159966, 0.016493361
5495194814000, 0.745561, -0.50915617, 0.008552114
5495199856000, 0.7516697, -0.49846604, 0.0012217305
5495204797000, 0.7443393, -0.4877759, 0.007330383
5495209865000, 0.7360926, -0.5015204, 0.028710667
5495214840000, 0.7079928, -0.53023106, 0.06383542
5495219825000, 0.68569624, -0.5861252, 0.094989546
5495224845000, 0.63132924, -0.6123924, 0.07941248
5495229803000, 0.5900958, -0.6078109, 0.062308256
5495234891000, 0.57360244, -0.56382865, 0.044898596
5495239818000, 0.5271767, -0.49205196, 0.0067195175
5495245548000, 0.5030475, -0.43188173, -0.020158553
5495249856000, 0.4896085, -0.37048978, -0.030543262
5495254822000, 0.4783075, -0.33078352, -0.042455133
5495259818000, 0.4868596, -0.28344148, -0.03726278
5495264823000, 0.49968776, -0.25289822, -0.032375857
5495269831000, 0.52473325, -0.22388211, -0.02076942
5495274821000, 0.54641896, -0.19028452, -0.005192355
5495279871000, 0.56505036, -0.15760323, -0.008246681
5495284871000, 0.5717699, -0.15149458, -0.01740966
5495289783000, 0.57543504, -0.1563815, -0.02321288
5495294830000, 0.57787853, -0.17867808, -0.025961773
5495299962000, 0.55771995, -0.20250183, -0.020158553
5495304826000, 0.54244834, -0.20525073, -0.016187929
5495309816000, 0.50976706, -0.19425514, -0.0030543262
5495314787000, 0.4700608, -0.14721853, 0.016493361
5495319821000, 0.441961, -0.08093964, 0.01863139
5495324831000, 0.4196644, -0.051923547, 0.020463986
5495329819000, 0.4007276, -0.010995574, 0.021380283
5495334929000, 0.39095375, 0.01985312, 0.015271631
5495339988000, 0.36651915, 0.024129177, 0.0143553335
5495344846000, 0.3481932, 0.014049901, 0.013744468
5495349784000, 0.3399465, 0.00580322, 0.0070249503
5495354795000, 0.32986724, -0.015271631, 6.1086525E-4
5495359808000, 0.30848694, -0.03268129, -0.0067195175
5495364819000, 0.31795537, -0.032070424, -0.015882496
5495369740000, 0.30390546, -0.022296581, -0.005497787
5495374820000, 0.28924468, -0.01038471, 0.014660766
5495379747000, 0.27488935, -0.006414085, 0.03268129
5495385216000, 0.24831672, -0.010079277, 0.03848451
5495389752000, 0.22357668, -0.012217305, 0.036957346
5495394822000, 0.21410827, 0.005497787, 0.036651913
5495399776000, 0.20647246, 0.019242255, 0.015882496
5495404728000, 0.19639318, 0.034208454, 0.01863139
5495409728000, 0.16676621, 0.022296581, 0.013439035
5495414729000, 0.1518, 0.004276057, 0.013439035
5495419716000, 0.1459968, 0.0030543262, 0.013439035
5495424725000, 0.13683382, -0.00580322, 0.018325957
5495429721000, 0.13133603, -0.01985312, 0.015271631
5495434725000, 0.12644911, -0.022602014, 0.016187929
5495439728000, 0.12095132, -0.019242255, 0.021991149
5495444717000, 0.10598512, -0.0125227375, 0.02107485
5495449759000, 0.09621128, -0.016798794, 0.02443461
5495454726000, 0.08582657, 0.009162978, 0.018325957
5495459720000, 0.0870483, 0.020463986, 0.02107485
5495464753000, 0.07513642, 0.013439035, -3.0543262E-4
5495469730000, 0.06811147, 0.004886922, -0.018020526
5495474722000, 0.061391957, 0.020158553, -0.026267206
5495479721000, 0.07880162, 0.03390302, -0.002443461
5495484723000, 0.08735373, 0.051618114, 0.009468411
5495489703000, 0.080634214, 0.03940081, 0.004581489
5495494816000, 0.08032878, 0.028405234, 0.013439035
5495500977000, 0.084910266, 0.010995574, 0.014660766
5495504816000, 0.1020145, -0.0290161, 0.02076942
5495509818000, 0.10445796, -0.0421497, 0.01282817
5495514802000, 0.090713486, -0.011301007, 0.021380283
5495519824000, 0.089186326, -0.007941248, 0.032375857
5495524743000, 0.09437868, 0.025350908, 0.030543262
5495529806000, 0.08674286, 0.044898596, 0.020158553
5495534898000, 0.09193522, 0.08155051, 0.010079277
5495539830000, 0.093462385, 0.111177474, 0.003970624
5495544773000, 0.09132435, 0.14019357, -0.004886922
5495549891000, 0.10720685, 0.14660765, -0.014660766
5495554724000, 0.10873401, 0.15271631, -0.0143553335
5495559826000, 0.098043874, 0.13744467, -0.0143553335
5495564779000, 0.09407325, 0.115453534, -0.008552114
5495570450000, 0.0729984, 0.1020145, -0.005192355
5495574759000, 0.056505036, 0.082161374, 0.005497787
5495579806000, 0.062002823, 0.06383542, -0.011301007
5495584847000, 0.05131268, 0.04153884, -0.008857546
5495589785000, 0.05955936, 0.034513887, -0.018020526
5495594914000, 0.08582657, 0.06841691, -0.014660766
5495599849000, 0.10903945, 0.034513887, -0.005192355
5495604923000, 0.09590584, -0.004276057, -0.005192355
5495609817000, 0.06566802, 0.0070249503, -0.022296581
5495614816000, 0.04795292, 0.037873644, -0.028710667
5495619827000, 0.061086524, 0.05589417, -0.014966198
5495624817000, 0.069027774, 0.093462385, -0.01160644
5495629800000, 0.06994407, 0.10323623, -0.02076942
5495635122000, 0.07452556, 0.09896017, -0.029626964
5495640514000, 0.058948494, 0.064751714, -0.01985312
5495644880000, 0.06047566, 0.04886922, -0.014049901
5495649907000, 0.058337633, 0.013744468, -0.003970624
5495655160000, 0.056505036, -0.007330383, -0.0015271631
5495659820000, 0.06780604, -0.02076942, 0.0070249503
5495665170000, 0.050701816, -0.020158553, 6.1086525E-4
5495669830000, 0.05375614, -0.014966198, 0.0076358155
5495674736000, 0.051923547, -0.005192355, 0.0027488936
5495679825000, 0.029626964, 0.02321288, 0.0015271631
5495684797000, 0.03390302, 0.048258353, -0.014049901
5495689786000, 0.05467244, 0.06414085, -0.026572637
5495694789000, 0.06261369, 0.05681047, -0.026572637
5495699852000, 0.049480084, 0.03176499, -0.02687807
5495704725000, 0.030543262, 0.010995574, -0.038179077
5495710227000, 0.017715093, -0.0018325958, -0.020463986
5495714800000, 0.02107485, 0.0106901415, -0.0070249503
5495719819000, 0.01863139, 0.009162978, -0.0030543262
5495724805000, 0.0106901415, 0.009773844, 9.162979E-4
5495729810000, 0.024129177, 0.016493361, -0.007941248
5495734878000, 0.015271631, 0.025350908, -0.004581489
5495739820000, 0.009773844, 0.014660766, -0.0106901415
5495744827000, 0.005497787, 0.0067195175, -0.016493361
5495749803000, 0.008552114, 0.0030543262, -0.01160644
5495754803000, 0.015882496, 0.0030543262, -0.006414085
5495759784000, 0.029321533, 0.003970624, -0.0067195175
5495764772000, 0.03726278, -0.00580322, -0.0076358155
5495769786000, 0.06383542, -0.016187929, -0.007941248
5495774785000, 0.06872234, -0.0143553335, -0.009162978
5495779855000, 0.07819075, -0.01740966, -0.01282817
5495784815000, 0.09040806, -0.01160644, -0.023518313
5495789751000, 0.07971791, -0.010079277, -0.040011674
5495794821000, 0.062002823, 0.005192355, -0.03970624
5495799777000, 0.046731193, 0.036651913, -0.035124753
5495804795000, 0.047647487, 0.06780604, -0.017104227
5495809787000, 0.046731193, 0.0729984, -0.016493361
5495814768000, 0.051618114, 0.06566802, -0.012217305
5495819808000, 0.049480084, 0.064751714, -0.008246681
5495824786000, 0.06078109, 0.056199603, -0.01740966
5495830134000, 0.058948494, 0.03634648, -0.0012217305
5495834809000, 0.05681047, 0.018325957, 0.002443461
5495839792000, 0.054061573, -0.015882496, 0.004886922
5495844825000, 0.052839845, -0.027794369, 0.004886922
5495849802000, 0.03940081, -0.029932396, 0.002443461
5495854816000, 0.02565634, -0.034208454, 0.006414085
5495859766000, 0.023823744, -0.022602014, -0.004276057
5495864770000, 0.013439035, -0.014966198, -0.008857546
5495869835000, 0.0061086523, -6.1086525E-4, -0.023518313
5495874822000, 0.005497787, 0.02076942, -0.017104227
5495879917000, 0.008246681, 0.016493361, -0.010079277
5495884842000, 0.008552114, -0.0012217305, -0.0036651916
5495890172000, 0.0070249503, -0.010995574, -0.0036651916
5495895566000, 0.010995574, -0.021685716, 0.0027488936
5495900248000, 0.01038471, -0.01985312, 0.007330383
5495904822000, 0.00580322, -0.014049901, 0.0027488936
5495909721000, 0.013133603, -0.0067195175, -0.0076358155
5495914822000, -9.162979E-4, -9.162979E-4, -0.010995574
5495919726000, -9.162979E-4, -0.0067195175, -0.009162978
5495924810000, 0.0027488936, -0.01160644, -0.0143553335
5495929783000, 0.002443461, -0.021380283, -0.016798794
5495934871000, -0.004276057, -0.04428773, -0.012217305
5495939740000, -0.008857546, -0.055588737, -0.007941248
5495944836000, -0.015577064, -0.05955936, -0.004886922
5495949889000, -0.009162978, -0.07971791, -0.008552114
5495954827000, -0.021380283, -0.081855945, -6.1086525E-4
5495959830000, -0.018936822, -0.09285152, -0.003970624
5495965481000, -0.012217305, -0.08460484, -0.006414085
5495969771000, -0.008246681, -0.07422013, -0.011911872
5495974785000, -0.01038471, -0.071776666, -0.0012217305
5495979775000, 0.0067195175, -0.0711658, -0.0061086523
5495984782000, 0.0036651916, -0.055588737, -0.00580322
5495989798000, 0.006414085, -0.03940081, -0.018020526
5495994822000, 0.0027488936, -0.027488936, -0.029321533
5495999910000, -0.0070249503, -0.021991149, -0.020463986
5496004777000, -0.009162978, -0.022907447, -0.0143553335
5496009789000, -0.01160644, -0.027794369, -0.011301007
5496014760000, -0.01160644, -0.03390302, -0.014660766
5496019827000, -0.008552114, -0.044593163, -0.014966198
5496024819000, -0.01038471, -0.046120327, -0.007330383
5496029787000, -0.011911872, -0.039095376, -0.011911872
5496035381000, -0.007330383, -0.036651913, -0.008552114
5496039774000, -0.016187929, -0.033292156, -0.009773844
5496044790000, -0.010079277, -0.019242255, -0.009468411
5496049824000, -0.015271631, -0.017104227, 6.1086525E-4
5496054742000, -0.020158553, -0.020158553, -0.0033597588
5496059760000, -0.023823744, -0.025350908, -0.007941248
5496064751000, -0.0106901415, -0.03023783, -0.0106901415
5496069781000, -0.013744468, -0.024129177, -0.008857546
5496074757000, -0.008857546, -0.0290161, -0.0143553335
5496079778000, -0.0106901415, -0.021380283, -9.162979E-4
5496084851000, -0.013744468, -0.01863139, -0.0018325958
5496089770000, -0.022907447, -0.014049901, -0.0125227375
5496094794000, -0.009773844, -0.01038471, -0.009773844
5496099813000, -0.009773844, -0.0021380284, -0.012217305
5496104713000, -0.022907447, 0.005192355, -0.013439035
5496109702000, -0.021991149, 0.005192355, -0.01038471
5496114662000, -0.02076942, 0.005497787, -0.006414085
5496119708000, -0.013439035, 0.002443461, -6.1086525E-4
5496124679000, -0.0125227375, -9.162979E-4, -0.0018325958
5496129693000, -0.009773844, -0.0070249503, 3.0543262E-4
5496134759000, -3.0543262E-4, -0.0106901415, -0.0021380284
5496139705000, -0.0018325958, -0.008246681, 0.0015271631
5496144778000, -0.008552114, -0.0033597588, -0.01038471
5496149735000, -0.008857546, -0.0061086523, -0.004276057
5496155031000, -0.01863139, -0.005192355, 0.002443461
5496159742000, -0.01160644, 0.008552114, 0.013439035
5496164729000, -0.016493361, 0.01282817, -0.002443461
5496169745000, -0.011911872, 0.01740966, -0.0012217305
5496174683000, -0.023518313, 0.01282817, -3.0543262E-4
5496179760000, -0.025045475, 0.004886922, 0.0015271631
5496184741000, -0.02076942, -3.0543262E-4, 6.1086525E-4
5496189744000, -0.02443461, -0.0067195175, 0.006414085
5496194680000, -0.01985312, -0.0070249503, 0.007941248
5496199813000, -0.024129177, -0.011911872, 0.013439035
5496204791000, -0.03359759, -0.022296581, 0.0061086523
5496209822000, -0.03176499, -0.013439035, -0.0015271631
5496214732000, -0.034513887, -0.01038471, 0.004276057
5496220581000, -0.023518313, 0.004886922, 0.011911872
5496224723000, -0.035124753, 0.015271631, 0.0018325958
5496229804000, -0.0290161, 0.03176499, 0.004581489
5496234844000, -0.03604105, 0.04795292, 0.008246681
5496239821000, -0.032375857, 0.05589417, 0.007941248
5496244816000, -0.034513887, 0.04734206, 0.008857546
5496249958000, -0.033292156, 0.026267206, 0.013133603
5496254835000, -0.027183503, 0.01038471, 0.01282817
5496259819000, -0.01985312, -0.014660766, 0.018325957
5496264842000, -0.020158553, -0.029932396, 0.018020526
5496269827000, -0.019242255, -0.024740042, 0.016798794
5496274821000, -0.021685716, -0.009468411, 0.010995574
5496279810000, -0.014660766, 0.0061086523, 0.01282817
5496284861000, -0.015271631, 0.018325957, 0.01038471
5496290601000, -0.022907447, 0.03176499, 0.0033597588
5496294864000, -0.03390302, 0.045814894, 0.007941248
5496299847000, -0.026267206, 0.038179077, -9.162979E-4
5496304825000, -0.023823744, 0.043066, -0.0030543262
5496309815000, -0.027794369, 0.040927973, 0.0027488936
5496314822000, -0.024129177, 0.02687807, 0.0033597588
5496319823000, -0.025961773, 0.018936822, 0.003970624
5496324955000, -0.02565634, 0.015882496, 0.0061086523
5496329813000, -0.025350908, 0.007941248, 0.005192355
5496334920000, -0.021380283, 0.0030543262, 0.003970624
5496339936000, -0.019547688, 0.0018325958, 0.01038471
5496344844000, -0.015577064, 0.015882496, 0.008552114
5496349863000, -0.013744468, 0.021685716, 0.008246681
5496354794000, -0.02443461, 0.032375857, 0.014660766
5496360559000, -0.028405234, 0.019547688, 0.0036651916
5496364836000, -0.024129177, 0.020158553, 0.007941248
5496369735000, -0.022602014, 0.028710667, 0.01160644
5496374824000, -0.03726278, 0.021991149, 0.013744468
5496379743000, -0.03359759, 0.014049901, 0.015271631
5496384803000, -0.034208454, 0.003970624, 0.015271631
5496389723000, -0.036957346, -0.0106901415, 0.01160644
5496394832000, -0.03176499, -0.0106901415, 0.007941248
5496399751000, -0.041233405, 0.0070249503, 0.02107485
5496404791000, -0.046731193, 0.007941248, 0.0070249503
5496409750000, -0.03970624, -0.0018325958, 0.0067195175
5496414763000, -0.02443461, 0.016798794, 0.007330383
5496419795000, -0.035124753, 0.013133603, 0.0061086523
5496424784000, -0.04337143, 0.013439035, 0.008857546
5496430138000, -0.047647487, 0.011911872, 0.005192355
5496434846000, -0.050701816, 0.011911872, 0.007941248
5496439812000, -0.043676864, 0.01160644, 0.015882496
5496444843000, -0.038789943, -3.0543262E-4, 0.01740966
5496449859000, -0.04428773, -0.01282817, 0.015577064
5496454824000, -0.051923547, -0.028099801, 0.02076942
5496459826000, -0.044898596, -0.02107485, 0.014049901
5496464812000, -0.04795292, -0.018325957, 0.009773844
5496469832000, -0.048258353, -0.01740966, 0.014966198
5496474819000, -0.04428773, -0.013744468, 0.013744468
5496479809000, -0.047647487, -0.004581489, 0.013133603
5496484896000, -0.040317107, 0.0030543262, 0.015882496
5496489790000, -0.040011674, 0.015577064, 0.015882496
5496494813000, -0.038789943, 0.013439035, 0.012217305
5496499856000, -0.036957346, 0.009468411, 0.0143553335
5496504816000, -0.038789943, 0.013744468, 0.015577064
5496509825000, -0.042760566, 0.015271631, 0.016798794
5496514813000, -0.040317107, 0.012217305, 0.018936822
5496519827000, -0.046120327, 0.005497787, 0.020158553
5496524819000, -0.043676864, 0.0015271631, 0.02076942
5496529810000, -0.056505036, -0.018020526, 0.017715093
5496534832000, -0.046731193, -0.008857546, 0.018020526
5496539832000, -0.04734206, -0.014966198, 0.016187929
5496544785000, -0.052534413, -0.0106901415, 0.017715093
5496549869000, -0.04886922, -0.005497787, 0.01863139
5496554748000, -0.04153884, 0.011301007, 0.017104227
5496559786000, -0.042455133, 0.018020526, 0.02321288
5496564740000, -0.04520403, 0.023518313, 0.017715093
5496569794000, -0.04520403, 0.034513887, 0.0143553335
5496574716000, -0.045814894, 0.032986723, 0.013744468
5496579860000, -0.059864793, 0.022296581, 0.015271631
5496584864000, -0.03756821, 0.019242255, 0.016187929
5496589818000, -0.04550946, 0.00580322, 0.022907447
5496594758000, -0.04184427, -0.0067195175, 0.022907447
5496599849000, -0.038179077, -0.0106901415, 0.025045475
5496605065000, -0.026572637, 0.0033597588, 0.027488936
5496609785000, -0.040011674, -0.002443461, 0.03145956
5496615667000, -0.042760566, 0.011301007, 0.015271631
5496619796000, -0.034208454, 0.022602014, 0.015882496
5496624752000, -0.037873644, 0.018936822, 0.02565634
5496629767000, -0.042455133, 0.011911872, 0.020158553
5496634822000, -0.03756821, 0.013133603, 0.0143553335
5496639789000, -0.049785517, 6.1086525E-4, 0.025961773
5496644796000, -0.05100725, 0.008246681, 0.02076942
5496649880000, -0.04917465, -0.005497787, 0.02321288
5496654795000, -0.056505036, -0.01740966, 0.02107485
5496659782000, -0.05497787, -0.034513887, 0.019242255
5496664774000, -0.059864793, -0.0421497, 0.027794369
5496669793000, -0.06383542, -0.05222898, 0.025045475
5496674786000, -0.063224554, -0.055283304, 0.024740042
5496679774000, -0.0720821, -0.06536258, 0.029321533
5496685422000, -0.06963864, -0.06688975, 0.021685716
5496689787000, -0.06566802, -0.06841691, 0.022296581
5496694787000, -0.06627888, -0.070554934, 0.021380283
5496699797000, -0.06627888, -0.065973446, 0.018020526
5496704802000, -0.058643065, -0.06688975, 0.018020526
5496709783000, -0.06658431, -0.047036625, 0.018325957
5496714770000, -0.07238753, -0.04337143, 0.009468411
5496719792000, -0.07269296, -0.05009095, 0.01038471
5496724789000, -0.070249505, -0.05009095, 0.018936822
5496729761000, -0.062308256, -0.030848695, 0.021685716
5496734881000, -0.05497787, -0.024740042, 0.023823744
5496739770000, -0.043066, -0.048258353, 0.02565634
5496744787000, -0.04795292, -0.03756821, 0.018936822
5496749790000, -0.029321533, -0.009162978, 0.025350908
5496755233000, -0.0290161, -0.009162978, 0.017715093
5496759740000, -0.035124753, 0.020463986, 0.016493361
5496764782000, -0.03390302, 0.035430185, 0.010995574
5496769752000, -0.03390302, 0.03359759, 0.0143553335
5496774786000, -0.039095376, 0.028405234, 0.016187929
5496779743000, -0.03145956, 0.02687807, 0.015271631
5496784810000, -0.031154128, 0.018020526, 0.025045475
5496789933000, -0.016798794, 0.009162978, 0.027183503
5496794782000, -0.018936822, 0.0076358155, 0.023518313
5496800242000, -0.02107485, 3.0543262E-4, 0.022907447
5496804796000, -0.0106901415, 0.005192355, 0.022602014
5496809741000, -0.01863139, 0.013133603, 0.021991149
5496814782000, -0.023823744, 0.022296581, 0.015577064
5496819730000, -0.017715093, 0.028405234, 0.013439035
5496824792000, -0.021685716, 0.04886922, 0.011301007
5496829743000, -0.0143553335, 0.05100725, 0.007330383
5496834807000, -0.01740966, 0.037873644, 0.009773844
5496839721000, -0.024740042, 0.032070424, 0.013133603
5496844781000, -0.024129177, 0.0290161, 0.015882496
5496849783000, -0.02565634, 0.020158553, 0.020158553
5496854789000, -0.036651913, 0.0030543262, 0.008552114
5496859731000, -0.030848695, -0.026267206, 9.162979E-4
5496864774000, -0.047036625, -0.038789943, 0.015577064
5496869798000, -0.044898596, -0.044898596, 0.026267206
5496874803000, -0.05467244, -0.06352998, 0.02443461
5496879773000, -0.05009095, -0.058337633, 0.021380283
5496884794000, -0.061391957, -0.037873644, 0.018936822
5496889769000, -0.043066, -0.013133603, 0.014049901
5496894789000, -0.04062254, -0.0076358155, 0.021380283
5496899836000, -0.048258353, -0.0125227375, 0.029321533
5496904896000, -0.077579886, 0.007330383, 0.03023783
5496909791000, -0.092240654, 0.036957346, 0.016187929
5496914770000, -0.053450707, 0.019547688, 0.014049901
5496919800000, -0.035124753, -0.025350908, 0.016798794
5496924783000, -0.040927973, -0.055588737, 0.019242255
5496929771000, -0.03756821, -0.0711658, 0.028405234
5496934816000, -0.048258353, -0.074830994, 0.040011674
5496940455000, -0.062002823, -0.09621128, 0.032986723
5496944780000, -0.07941248, -0.13469578, 0.027488936
5496949786000, -0.076358154, -0.14477506, 0.022907447
5496954783000, -0.055588737, -0.1133155, 0.019242255
5496959786000, -0.035124753, -0.10995574, 0.023823744
5496964759000, -0.036651913, -0.07391469, 0.028099801
5496969797000, -0.049785517, -0.065973446, 0.01740966
5496974882000, -0.070554934, -0.018020526, 0.015577064
5496979769000, -0.03756821, 0.0018325958, 0.00580322
5496984778000, -0.015577064, 0.029321533, 0.0125227375
5496989789000, -0.004886922, 0.03176499, 0.017715093
5496994730000, -0.0106901415, 0.035430185, 0.01740966
5496999778000, -0.00580322, 0.0290161, 0.007941248
5497004715000, -0.0033597588, 0.036651913, 0.019547688
5497010515000, 0.0033597588, 0.009162978, 0.008857546
5497014749000, 0.012217305, -0.0421497, 0.01160644
5497019810000, 0.0021380284, -0.062308256, 0.02565634
5497029530000, 0.013133603, -0.119729586, 0.02565634
5497030380000, 0.013133603, -0.119729586, 0.02565634
5497034827000, -0.016798794, -0.09743301, 0.03023783
5497040046000, -0.02321288, -0.086437434, 0.03145956
5497044816000, -0.04337143, -0.076052725, 0.027794369
5497049793000, -0.038179077, -0.071776666, 0.02443461
5497054788000, -0.037873644, -0.054061573, 0.02565634
5497059719000, -0.04337143, -0.034208454, 0.02107485
5497064770000, -0.05589417, -0.014966198, 0.0125227375
5497069728000, -0.039095376, -0.017104227, 0.011301007
5497074785000, -0.018936822, -0.035124753, 0.006414085
5497080258000, -0.022296581, -0.05467244, 0.007330383
5497084841000, -0.03023783, -0.073303826, 0.006414085
5497089723000, -0.018936822, -0.08460484, 0.01038471
5497094813000, -0.014660766, -0.09193522, 0.01160644
5497099798000, -0.02107485, -0.09437868, 0.0106901415
5497104825000, -0.03176499, -0.09407325, 0.0033597588
5497109829000, -0.03145956, -0.08307768, 0.013439035
5497114809000, -0.030848695, -0.06872234, 0.01863139
5497119824000, -0.029932396, -0.045814894, 0.012217305
5497124813000, -0.040927973, -0.040317107, 0.0018325958
5497129814000, -0.022907447, -0.035124753, 0.0033597588
5497134889000, -0.018325957, -0.02687807, 0.0061086523
5497139827000, -0.019547688, -0.04184427, 0.005192355
5497144813000, -0.015882496, -0.046731193, 0.01863139
5497149959000, -0.022296581, -0.06872234, 0.02443461
5497154821000, -0.019242255, -0.090713486, 0.01985312
5497159824000, -0.025961773, -0.11026118, 0.022296581
5497164781000, -0.020463986, -0.08979719, 0.01985312
5497169798000, -0.0106901415, -0.07788532, 0.01863139
5497174786000, -0.014966198, -0.064446285, 0.009162978
5497179769000, -0.011911872, -0.050396383, -0.0018325958
5497184802000, -0.015577064, -0.04886922, -0.005497787
5497189791000, -0.020463986, -0.04337143, -0.0030543262
5497194781000, -0.02443461, -0.03573562, -0.0012217305
5497199880000, -0.03726278, -0.04428773, -3.0543262E-4
5497204821000, -0.034208454, -0.048563786, -0.0027488936
5497209822000, -0.03573562, -0.060170226, 0.002443461
5497214799000, -0.043066, -0.06719518, -0.003970624
5497219832000, -0.045814894, -0.079107046, -0.0012217305
5497224812000, -0.047647487, -0.089186326, 0.008857546
5497229954000, -0.0421497, -0.07941248, 0.0018325958
5497234815000, -0.03634648, -0.06780604, 0.0027488936
5497239825000, -0.0290161, -0.06169739, -0.005497787
5497244808000, -0.027488936, -0.049480084, -0.0067195175
5497249936000, -0.041233405, -0.04886922, -0.013744468
5497254772000, -0.032986723, -0.022602014, -0.013439035
5497259823000, -0.045814894, -0.020463986, -0.009773844
5497264774000, -0.042760566, -0.03145956, -0.016187929
5497269826000, -0.051923547, -0.04642576, -0.01863139
5497274712000, -0.04550946, -0.046731193, -0.014660766
5497279815000, -0.043066, -0.055588737, -0.01160644
5497284760000, -0.038179077, -0.06994407, -0.007941248
5497289790000, -0.027183503, -0.07819075, -0.009162978
5497294714000, -0.025350908, -0.056505036, -0.01282817
5497299998000, -0.00580322, -0.056199603, -0.003970624
5497304734000, -0.0021380284, -0.027488936, -0.0106901415
5497309807000, -0.002443461, 0.003970624, -0.0070249503
5497314746000, 0.006414085, -0.0036651916, -0.01038471
5497319878000, -0.0033597588, 0.01282817, -0.011911872
5497324756000, 0.010079277, 0.018020526, 0.003970624
5497329813000, 0.0018325958, -0.01985312, -3.0543262E-4
5497335716000, 0.0070249503, 0.015271631, -0.004581489
5497339762000, 0.010995574, 0.034208454, 0.0027488936
5497344734000, 0.008246681, 0.026267206, 0.007330383
5497349811000, -0.003970624, 0.009162978, 0.0012217305
5497354774000, -0.003970624, 0.016493361, -0.006414085
5497359787000, -0.008552114, 0.026267206, 3.0543262E-4
5497364782000, -0.0076358155, 0.025045475, -0.005497787
5497369806000, -0.015577064, 0.025350908, -0.011911872
5497374822000, -0.011911872, 0.026267206, -0.008552114
5497379762000, -0.00580322, 0.02107485, -0.0027488936
5497384815000, -0.002443461, 0.014049901, -0.008246681
5497389752000, 0.0076358155, 0.027794369, -0.0143553335
5497394787000, 0.012217305, 0.033292156, -0.0125227375
5497399807000, 0.015882496, 0.02687807, -0.021380283
5497405293000, 0.014660766, 0.031154128, -0.014966198
5497409791000, -0.0070249503, 0.05100725, -0.017715093
5497414825000, -0.01038471, 0.06261369, -0.014660766
5497419824000, -0.010079277, 0.041233405, -0.018020526
5497424819000, -0.004581489, 0.030848695, -0.008857546
5497430181000, -0.021991149, 0.026572637, -6.1086525E-4
5497434884000, -0.018325957, 0.01985312, 0.004276057
5497440127000, -0.02076942, 0.019242255, 0.004276057
5497444787000, -0.015271631, 0.022907447, 0.007330383
5497449806000, -0.02687807, 0.004581489, 0.009468411
5497454829000, -0.020158553, -6.1086525E-4, 0.010995574
5497459718000, -0.022602014, 0.004886922, 0.016798794
5497464826000, -0.03359759, 0.016187929, 0.0143553335
5497469730000, -0.031154128, 0.00580322, 0.015882496
5497474820000, -0.038179077, -3.0543262E-4, 0.0125227375
5497479743000, -0.042760566, 0.00580322, 0.014660766
5497484846000, -0.037873644, 0.003970624, 0.010995574
5497489725000, -0.032986723, 0.021991149, 0.006414085
5497494817000, -0.03390302, 0.020463986, 0.0106901415
5497499773000, -0.03481932, 0.018936822, 0.010995574
5497504824000, -0.031154128, 0.052839845, 0.014049901
5497509807000, -0.018020526, 0.018325957, 9.162979E-4
5497514775000, -0.008246681, -0.004886922, 0.009162978
5497519806000, -0.009468411, 0.015882496, 0.0076358155
5497524786000, -0.0070249503, 0.02443461, 0.008552114
5497529776000, -0.022907447, 0.024129177, 0.011911872
5497534892000, -0.03390302, 0.01038471, 0.011301007
5497539821000, -0.028710667, -0.00580322, 0.0125227375
5497544815000, -0.020158553, -0.005192355, 0.012217305
5497549849000, -0.02687807, -0.005192355, 0.0125227375
5497554816000, -0.01985312, 0.027183503, 0.016798794
5497559816000, -0.028405234, 0.038179077, 0.011301007
5497564808000, -0.02687807, 0.04153884, 0.016187929
5497569822000, -0.02565634, 0.041233405, 0.015271631
5497574815000, -0.016798794, 0.047036625, 0.015271631
5497579827000, -0.011911872, 0.042760566, 0.013133603
5497584851000, -0.018325957, 0.04184427, 0.009773844
5497589790000, -0.015577064, 0.03970624, 0.005497787
5497594807000, -0.021991149, 0.026267206, 0.006414085
5497599863000, -0.03145956, 0.03940081, 0.01985312
5497604787000, -0.026267206, 0.03268129, 0.016187929
5497609820000, -0.024129177, 0.038789943, 0.01863139
5497614752000, -0.016493361, 0.053450707, 0.016493361
5497619824000, -0.013744468, 0.070554934, 0.015271631
5497624715000, -0.005192355, 0.07941248, 0.009468411
5497629812000, -0.0015271631, 0.077579886, 0.014660766
5497634772000, 0.0021380284, 0.094989546, 0.01282817
5497639819000, -0.0030543262, 0.08368854, 0.014049901
5497644718000, -0.011301007, 0.087659165, 0.019547688
5497649836000, -0.016187929, 0.0870483, 0.016493361
5497654767000, -0.029321533, 0.079107046, 0.017104227
5497659817000, -0.030543262, 0.07422013, 0.01985312
5497664795000, -0.023823744, 0.0720821, 0.020463986
5497669826000, -0.027488936, 0.059864793, 0.027183503
5497674783000, -0.03359759, 0.05131268, 0.03023783
5497679813000, -0.025350908, 0.042455133, 0.025350908
5497684836000, -0.022907447, 0.038179077, 0.028099801
5497689791000, -0.02321288, 0.056199603, 0.01985312
5497694800000, -0.025045475, 0.05955936, 0.017715093
5497699801000, -0.027488936, 0.062308256, 0.010995574
5497704792000, -0.022907447, 0.076052725, 0.012217305
5497709786000, -0.03634648, 0.06719518, 0.016187929
5497714760000, -0.03604105, 0.07452556, 0.0027488936
5497719832000, -0.03268129, 0.09193522, 0.0021380284
5497724777000, -0.022907447, 0.06352998, 0.018936822
5497729764000, -0.036957346, 0.03359759, 0.016798794
5497734869000, -0.03176499, 0.017104227, 0.024129177
5497739794000, -0.033292156, -0.011301007, 0.021991149
5497745114000, -0.029321533, -0.027183503, 0.023823744
5497749872000, -0.02321288, -0.027488936, 0.025961773
5497755072000, -0.024129177, -0.015577064, 0.025350908
5497759788000, -0.022602014, -0.027794369, 0.020158553
5497764738000, -0.023823744, -0.0061086523, 0.012217305
5497769786000, -0.03023783, 0.005192355, 0.016493361
5497774722000, -0.016187929, 0.01863139, 0.015882496
5497779784000, -0.023518313, 0.016493361, 0.0106901415
5497784780000, -0.0290161, 0.0061086523, 0.01160644
5497789785000, -0.021685716, 0.003970624, 0.015271631
5497794717000, -0.026267206, 0.003970624, 0.014049901
5497799792000, -0.027794369, 9.162979E-4, 0.013439035
5497804735000, -0.02565634, -0.014660766, 0.016187929
5497809771000, -0.024129177, -0.017715093, 0.011301007
5497814754000, -0.03176499, -0.025350908, 0.012217305
5497819790000, -0.020463986, -0.019547688, 0.01160644
5497824769000, -0.01985312, -0.0106901415, 0.013744468
5497829771000, -0.028405234, -0.0125227375, 0.009162978
5497834917000, -0.024740042, -0.008857546, 0.01160644
5497839809000, -0.03268129, -0.008857546, 0.008857546
5497844770000, -0.023823744, -6.1086525E-4, 0.0021380284
5497849809000, -0.02443461, -0.007330383, -0.004886922
5497854827000, -0.0106901415, -0.01740966, 0.004276057
5497859781000, -0.02321288, -0.013744468, 0.004276057
5497864764000, -0.034208454, -0.038789943, 0.01038471
5497869791000, -0.03268129, -0.035124753, -6.1086525E-4
5497874822000, -0.032375857, -0.010079277, -0.0018325958
5497879840000, -0.027183503, -0.011911872, -0.002443461
5497884857000, -0.03573562, -0.0106901415, 0.0036651916
5497889787000, -0.02565634, -0.014049901, 0.0070249503
5497894819000, -0.02321288, -0.016798794, 0.0021380284
5497899831000, -0.02565634, -0.015577064, 0.002443461
5497904801000, -0.022907447, -0.011301007, 0.011911872
5497909784000, -0.026267206, -0.010079277, 0.0030543262
5497914773000, -0.02107485, 0.0012217305, 0.005192355
5497919795000, -0.02321288, 3.0543262E-4, 0.006414085
5497924787000, -0.038179077, -0.0012217305, 0.0067195175
5497929760000, -0.035430185, -0.0143553335, 0.00580322
5497934863000, -0.027183503, -0.011911872, 0.01282817
5497939863000, -0.034208454, -0.02687807, 0.008552114
5497944776000, -0.03604105, -0.030848695, 0.014966198
5497949831000, -0.037873644, -0.034513887, 0.01282817
5497954797000, -0.04917465, -0.023823744, 0.01160644
5497959780000, -0.040927973, -0.014049901, 0.013439035
5497964775000, -0.043066, -0.005192355, 0.010995574
5497969771000, -0.0290161, -0.0018325958, 0.0030543262
5497974783000, -0.023518313, 0.0070249503, -6.1086525E-4
5497979782000, -0.017104227, 0.02107485, -0.0027488936
5497984799000, -0.01985312, 0.024740042, -0.002443461
5497989798000, -0.033292156, 0.024129177, -0.004581489
5497994788000, -0.02107485, 0.017715093, -0.0070249503
5497999774000, -0.018325957, 0.012217305, 6.1086525E-4
5498004795000, -0.006414085, 0.01282817, 0.0027488936
5498009739000, -0.013439035, 0.0027488936, -0.006414085
5498014769000, -0.00580322, -0.0030543262, -0.003970624
5498020138000, -0.0070249503, -0.0030543262, -0.0015271631
5498024786000, -0.0021380284, 0.004276057, -0.0012217305
5498029780000, -0.004886922, 0.005497787, -0.002443461
5498034800000, -0.0106901415, -6.1086525E-4, 0.0033597588
5498039723000, -0.01160644, 0.0076358155, 0.003970624
5498044783000, -0.021991149, -0.0015271631, 0.0015271631
5498049835000, -0.018020526, 0.004886922, 0.004581489
5498054789000, -0.003970624, 6.1086525E-4, 0.0018325958
5498059789000, -0.012217305, 0.005192355, 0.004581489
5498064771000, -0.025045475, 3.0543262E-4, 0.002443461
5498069796000, -0.023518313, 0.002443461, 0.0015271631
5498074783000, -0.015271631, 0.009162978, 0.0018325958
5498079780000, -0.02076942, 0.011301007, 0.00580322
5498084795000, -0.02321288, 0.02107485, 0.00580322
5498089791000, -0.027794369, 0.014966198, 0.004581489
5498094778000, -0.02107485, 0.01740966, 0.0036651916
5498099801000, -0.032375857, 0.011301007, -9.162979E-4
5498104879000, -0.02443461, 0.008246681, -0.0021380284
5498109790000, -0.019242255, 0.003970624, 0.0012217305
5498114793000, -0.01863139, 0.0076358155, -3.0543262E-4
5498119769000, -0.032070424, -0.005192355, 0.0033597588
5498124754000, -0.01740966, -0.0036651916, 0.006414085
5498129820000, -0.01985312, -0.0070249503, 0.0143553335
5498134793000, -0.02443461, -0.015577064, 0.0036651916
5498139754000, -0.022907447, 0.0033597588, 0.0018325958
5498144756000, -0.01160644, 0.0143553335, 0.004276057
5498149824000, -0.016187929, 0.023823744, 0.004276057
5498154709000, -0.016798794, 0.032986723, 0.0033597588
5498159705000, -0.007941248, 0.046120327, -3.0543262E-4
5498164719000, -0.01038471, 0.06047566, -3.0543262E-4
5498169699000, -0.012217305, 0.06078109, -0.0076358155
5498174684000, -0.01740966, 0.05467244, -0.0027488936
5498179688000, -0.009468411, 0.06261369, -0.011911872
5498184682000, -0.003970624, 0.049480084, -0.0033597588
5498189705000, -0.0067195175, 0.05222898, 0.004276057
5498194653000, -0.014049901, 0.035124753, 0.003970624
5498199738000, -0.02321288, 0.017104227, 0.0106901415
5498204715000, -0.013439035, 0.0106901415, 0.005497787
5498209789000, -0.01160644, 0.009162978, 0.0106901415
5498214738000, -0.01863139, 0.008552114, 0.007330383
5498219799000, -0.016798794, 0.004276057, 0.01038471
5498224735000, -0.015577064, 0.014660766, 0.0125227375
5498229788000, -0.01985312, 0.018936822, 0.009162978
5498234775000, -0.01985312, 0.029321533, 0.014049901
5498239791000, -0.018020526, 0.032375857, 0.0030543262
5498244741000, -0.02443461, 0.034208454, 0.006414085
5498249800000, -0.0290161, 0.036957346, 9.162979E-4
5498254766000, -0.01985312, 0.03604105, 0.0021380284
5498259788000, -0.028099801, 0.023518313, 0.0015271631
5498264777000, -0.028405234, 0.002443461, 0.0021380284
5498269797000, -0.027794369, -0.0067195175, 0.004581489
5498274777000, -0.026572637, -0.01160644, 0.003970624
5498279803000, -0.032375857, -0.015271631, 0.004581489
5498285089000, -0.042760566, -0.019547688, -6.1086525E-4
5498289788000, -0.03268129, -0.010079277, -6.1086525E-4
5498294759000, -0.015882496, -0.0018325958, -0.0033597588
5498299803000, -0.0125227375, 0.011911872, 0.0015271631
5498304730000, -0.025961773, 0.018020526, -0.003970624
