#Rate of rotation around the x y z axes (Angular velocity).
#timestamp(ns),x,y,z(rad/s)
#Datetime: 21/12/2015 11:27:46
##########################################
#Activity: 14 - CHU - Chair up - 6s
#Subject ID: 5
#First Name: sub5
#Last Name: sub5
#Age: 36
#Height(cm): 160
#Weight(kg): 50
#Gender: Female
##########################################

@DATA
2183455956000, -0.10323623, 0.07422013, 0.04153884
2183460213000, -0.10995574, 0.08155051, 0.03940081
2183465205000, -0.11575896, 0.09040806, 0.04184427
2183470249000, -0.113926366, 0.09193522, 0.04337143
2183475219000, -0.11942416, 0.090713486, 0.048258353
2183480217000, -0.1255328, 0.093767814, 0.04795292
2183485218000, -0.119729586, 0.09468412, 0.0421497
2183490278000, -0.12644911, 0.09315695, 0.040011674
2183495209000, -0.124311075, 0.0842994, 0.039095376
2183500179000, -0.1142318, 0.071776666, 0.03970624
2183505221000, -0.1133155, 0.0729984, 0.034513887
2183510211000, -0.12003502, 0.070249505, 0.030848695
2183515205000, -0.118507855, 0.080634214, 0.028405234
2183520250000, -0.12034045, 0.06994407, 0.034513887
2183525536000, -0.11728613, 0.076052725, 0.029932396
2183530221000, -0.124311075, 0.067500606, 0.032375857
2183535216000, -0.12064589, 0.070249505, 0.028710667
2183540358000, -0.12003502, 0.06658431, 0.03481932
2183545353000, -0.10903945, 0.071776666, 0.038179077
2183550265000, -0.10476339, 0.065973446, 0.041233405
2183555324000, -0.09865474, 0.059253927, 0.04062254
2183560257000, -0.09162979, 0.056199603, 0.04062254
2183565250000, -0.09437868, 0.061391957, 0.040317107
2183570267000, -0.08735373, 0.06627888, 0.034513887
2183575252000, -0.087659165, 0.05497787, 0.036651913
2183580226000, -0.08155051, 0.058948494, 0.032375857
2183585224000, -0.08155051, 0.04795292, 0.03848451
2183590237000, -0.07971791, 0.049480084, 0.038789943
2183595244000, -0.08246681, 0.052839845, 0.029626964
2183600262000, -0.07147124, 0.05375614, 0.032375857
2183605254000, -0.08307768, 0.04184427, 0.032375857
2183610270000, -0.08460484, 0.0421497, 0.03848451
2183615214000, -0.07880162, 0.04520403, 0.03268129
2183620270000, -0.07849618, 0.03848451, 0.03390302
2183625218000, -0.089186326, 0.03634648, 0.035430185
2183630218000, -0.09315695, 0.042455133, 0.033292156
2183635216000, -0.09132435, 0.044593163, 0.03726278
2183640896000, -0.093767814, 0.048258353, 0.03848451
2183645215000, -0.09590584, 0.04550946, 0.029321533
2183650181000, -0.09743301, 0.05100725, 0.03359759
2183655273000, -0.093767814, 0.060170226, 0.035430185
2183660232000, -0.09773844, 0.05100725, 0.03573562
2183665224000, -0.09896017, 0.06383542, 0.03359759
2183670261000, -0.09193522, 0.0693332, 0.031154128
2183675243000, -0.10567969, 0.061086524, 0.033292156
2183680221000, -0.09682214, 0.06627888, 0.03481932
2183685235000, -0.0983493, 0.067500606, 0.03726278
2183690258000, -0.10567969, 0.06994407, 0.028099801
2183695212000, -0.09896017, 0.06047566, 0.03848451
2183700206000, -0.09773844, 0.059864793, 0.038179077
2183705245000, -0.103847094, 0.06536258, 0.032986723
2183710803000, -0.099265605, 0.0580322, 0.03145956
2183715212000, -0.10415252, 0.060170226, 0.03176499
2183720246000, -0.096516706, 0.06627888, 0.029932396
2183725223000, -0.09437868, 0.054367006, 0.027183503
2183730203000, -0.09315695, 0.053145275, 0.027183503
2183735246000, -0.09743301, 0.061086524, 0.026267206
2183740263000, -0.10476339, 0.053450707, 0.029321533
2183745205000, -0.10598512, 0.051618114, 0.030848695
2183750207000, -0.109650314, 0.055588737, 0.03176499
2183755258000, -0.10751228, 0.06566802, 0.03176499
2183760208000, -0.11911872, 0.0580322, 0.036651913
2183765200000, -0.10934488, 0.058337633, 0.03390302
2183770243000, -0.11728613, 0.06994407, 0.031154128
2183775219000, -0.122783914, 0.07452556, 0.033292156
2183780661000, -0.1151481, 0.071776666, 0.03390302
2183785246000, -0.10781772, 0.070249505, 0.035430185
2183790312000, -0.11148291, 0.07788532, 0.034208454
2183795255000, -0.10476339, 0.070554934, 0.03604105
2183800213000, -0.09468412, 0.057421334, 0.04153884
2183805256000, -0.09162979, 0.06627888, 0.030848695
2183810214000, -0.09560041, 0.06536258, 0.032375857
2183815215000, -0.09193522, 0.06169739, 0.040011674
2183820269000, -0.09621128, 0.059864793, 0.03268129
2183825243000, -0.09560041, 0.06261369, 0.03573562
2183830219000, -0.0983493, 0.06047566, 0.039095376
2183835226000, -0.09712757, 0.06047566, 0.036957346
2183840329000, -0.09773844, 0.06780604, 0.0421497
2183845236000, -0.09254608, 0.059864793, 0.04153884
2183850237000, -0.09010262, 0.040927973, 0.03573562
2183855260000, -0.08460484, 0.03268129, 0.03359759
2183860205000, -0.073303826, 0.025350908, 0.037873644
2183865204000, -0.06627888, 0.032986723, 0.028405234
2183870247000, -0.06414085, 0.008552114, 0.034208454
2183875217000, -0.051618114, 3.0543262E-4, 0.028710667
2183880207000, -0.04886922, -0.011301007, 0.03176499
2183885223000, -0.05131268, -0.014049901, 0.030543262
2183890384000, -0.056199603, -0.02687807, 0.03726278
2183895325000, -0.061391957, -0.03634648, 0.030543262
2183900227000, -0.06841691, -0.026572637, 0.024129177
2183905260000, -0.0693332, -0.017104227, 0.026572637
2183910205000, -0.073303826, -0.0018325958, 0.021380283
2183915190000, -0.079107046, 0.01740966, 0.025045475
2183920231000, -0.08674286, 0.03940081, 0.029626964
2183925224000, -0.090713486, 0.050396383, 0.03145956
2183930202000, -0.10842858, 0.05467244, 0.032070424
2183935215000, -0.10903945, 0.059253927, 0.03970624
2183940292000, -0.111177474, 0.064751714, 0.05100725
2183945279000, -0.12492194, 0.07238753, 0.04917465
2183950214000, -0.129198, 0.07849618, 0.042455133
2183955266000, -0.12461651, 0.08002335, 0.048258353
2183960206000, -0.12797627, 0.09101892, 0.049480084
2183965200000, -0.122783914, 0.081855945, 0.05222898
2183970240000, -0.129198, 0.07574729, 0.041233405
2183975227000, -0.12858713, 0.07269296, 0.04062254
2183980224000, -0.11453723, 0.070554934, 0.03756821
2183985231000, -0.11881329, 0.06536258, 0.03359759
2183990292000, -0.12095132, 0.046731193, 0.03390302
2183995213000, -0.10995574, 0.030848695, 0.03176499
2184000206000, -0.11484267, 0.03940081, 0.03176499
2184005260000, -0.09590584, 0.03970624, 0.02107485
2184010210000, -0.10140363, 0.022907447, 0.023518313
2184015213000, -0.1020145, 0.025961773, 0.028099801
2184020271000, -0.100792766, 0.017104227, 0.027488936
2184025213000, -0.08827003, 0.018020526, 0.028710667
2184030208000, -0.077579886, 0.02443461, 0.028099801
2184035274000, -0.081855945, 0.025045475, 0.026572637
2184040258000, -0.083383106, 0.017715093, 0.03145956
2184045214000, -0.0711658, 0.02076942, 0.031154128
2184050204000, -0.07086037, 0.02565634, 0.035124753
2184055268000, -0.07849618, 0.023823744, 0.03023783
2184060243000, -0.07452556, 0.030543262, 0.03268129
2184065227000, -0.062308256, 0.034513887, 0.03176499
2184070266000, -0.0720821, 0.0421497, 0.023823744
2184075245000, -0.06658431, 0.03940081, 0.03145956
2184080230000, -0.06627888, 0.046731193, 0.027183503
2184085244000, -0.062308256, 0.050396383, 0.027183503
2184090373000, -0.06352998, 0.040927973, 0.026572637
2184095239000, -0.058643065, 0.03268129, 0.019547688
2184100218000, -0.06536258, 0.020463986, 0.019242255
2184106116000, -0.060170226, 0.0106901415, 0.02076942
2184110237000, -0.057726767, 0.0106901415, 0.024740042
2184115214000, -0.048563786, 0.011911872, 0.019242255
2184120242000, -0.053145275, 0.002443461, 0.020158553
2184125245000, -0.06169739, -0.0070249503, 0.022907447
2184130217000, -0.056505036, 0.0012217305, 0.025961773
2184135246000, -0.059864793, 0.0067195175, 0.028405234
2184140304000, -0.059253927, 0.0106901415, 0.03268129
2184145238000, -0.07269296, 0.013439035, 0.03573562
2184150226000, -0.07696902, 0.02076942, 0.03756821
2184155259000, -0.07666359, 0.028099801, 0.04184427
2184160209000, -0.06841691, 0.039095376, 0.03940081
2184165205000, -0.07574729, 0.03970624, 0.042455133
2184170246000, -0.077579886, 0.04062254, 0.042760566
2184175309000, -0.07819075, 0.049480084, 0.03481932
2184180205000, -0.08155051, 0.046120327, 0.034513887
2184185248000, -0.08582657, 0.05009095, 0.029932396
2184190255000, -0.07544186, 0.04520403, 0.030543262
2184195249000, -0.09468412, 0.042455133, 0.026267206
2184200220000, -0.09101892, 0.04184427, 0.025961773
2184205248000, -0.086132, 0.046120327, 0.03268129
2184210243000, -0.079107046, 0.035124753, 0.03023783
2184215244000, -0.08460484, 0.030848695, 0.029932396
2184220214000, -0.08552113, 0.025961773, 0.033292156
2184225247000, -0.09040806, 0.030543262, 0.025350908
2184230247000, -0.0870483, 0.024740042, 0.027488936
2184235220000, -0.08460484, 0.025045475, 0.024740042
2184240243000, -0.09315695, 0.015882496, 0.026572637
2184245315000, -0.0888809, 0.02107485, 0.027488936
2184250256000, -0.08460484, 0.021380283, 0.02107485
2184255148000, -0.08155051, 0.020463986, 0.018936822
2184260124000, -0.082161374, 0.029932396, 0.02443461
2184265121000, -0.08857546, 0.023518313, 0.019547688
2184270156000, -0.07880162, 0.027488936, 0.023518313
2184275122000, -0.07696902, 0.028099801, 0.021991149
2184280116000, -0.076358154, 0.03573562, 0.027488936
2184285130000, -0.074830994, 0.034208454, 0.027183503
2184290151000, -0.08124508, 0.035430185, 0.025350908
2184295116000, -0.07941248, 0.034208454, 0.018325957
2184300192000, -0.06872234, 0.042760566, 0.021380283
2184305246000, -0.069027774, 0.047647487, 0.018020526
2184310236000, -0.067500606, 0.048258353, 0.016798794
2184315212000, -0.064446285, 0.051923547, 0.02107485
2184320242000, -0.06566802, 0.051618114, 0.015271631
2184325209000, -0.047647487, 0.03145956, 0.008246681
2184330203000, -0.03145956, 0.03390302, 0.01038471
2184335214000, -0.022296581, 0.027488936, 0.010995574
2184340262000, -0.01985312, 0.023823744, 0.004886922
2184345208000, -0.009468411, 0.014966198, 0.013133603
2184350208000, -0.011911872, 0.014966198, 0.013133603
2184355251000, -0.014966198, 0.019242255, 0.023823744
2184360889000, -0.041233405, 0.021685716, 0.02321288
2184365206000, -0.05589417, 0.01740966, 0.02076942
2184370253000, -0.0842994, 0.034208454, 0.029626964
2184375212000, -0.12492194, 0.028099801, 0.028405234
2184380201000, -0.16157386, 0.02687807, 0.02687807
2184385256000, -0.19456059, 0.036651913, 0.022907447
2184390266000, -0.21838433, 0.040011674, 0.02687807
2184395305000, -0.24953845, 0.036957346, 0.017104227
2184400214000, -0.28802297, 0.01740966, 0.015577064
2184405253000, -0.31642818, 0.016187929, 0.017104227
2184410210000, -0.3222314, -0.003970624, 0.013133603
2184415199000, -0.32589662, -0.004581489, 0.009773844
2184420240000, -0.33078352, -0.0125227375, 0.004276057
2184425208000, -0.34025195, -0.0030543262, -3.0543262E-4
2184430797000, -0.31490102, 0.017715093, 0.01038471
2184435244000, -0.28863382, 0.04184427, 0.013439035
2184440260000, -0.27214047, 0.05375614, 0.028710667
2184445205000, -0.2406809, 0.053145275, 0.03756821
2184450213000, -0.2171626, 0.042760566, 0.048258353
2184455275000, -0.1863139, 0.043982297, 0.047647487
2184460223000, -0.15393804, 0.05589417, 0.056505036
2184465224000, -0.13469578, 0.048258353, 0.060170226
2184470252000, -0.12308934, 0.04642576, 0.06994407
2184475210000, -0.10720685, 0.046731193, 0.074830994
2184480205000, -0.102319926, 0.04184427, 0.06811147
2184485243000, -0.092240654, 0.038179077, 0.06841691
2184490286000, -0.08674286, 0.03848451, 0.059253927
2184495205000, -0.06841691, 0.049785517, 0.06047566
2184500275000, -0.059253927, 0.058643065, 0.06383542
2184505276000, -0.04642576, 0.06169739, 0.06627888
2184510212000, -0.037873644, 0.052839845, 0.06383542
2184515219000, -0.04337143, 0.06383542, 0.06291912
2184520243000, -0.036651913, 0.06719518, 0.06505715
2184525224000, -0.043066, 0.058643065, 0.062002823
2184530211000, -0.028099801, 0.05131268, 0.055283304
2184535221000, -0.028405234, 0.040011674, 0.057421334
2184540351000, -0.022602014, 0.04520403, 0.04795292
2184545258000, -0.004886922, 0.027183503, 0.036651913
2184550218000, 0.018020526, 0.009162978, 0.027794369
2184555244000, 0.044898596, -3.0543262E-4, 0.016187929
2184560213000, 0.07422013, -0.032986723, -0.0036651916
2184565217000, 0.122783914, -0.0711658, -0.022907447
2184570475000, 0.16493362, -0.09560041, -0.04062254
2184575258000, 0.21471913, -0.111177474, -0.06658431
2184580206000, 0.25503623, -0.14752395, -0.09040806
2184585222000, 0.28313604, -0.1704314, -0.10995574
2184590357000, 0.32742378, -0.18875736, -0.13469578
2184595246000, 0.36285394, -0.20830505, -0.14966199
2184600218000, 0.38240165, -0.22602014, -0.17959438
2184605264000, 0.38423425, -0.22540927, -0.19303341
2184610215000, 0.38881573, -0.21899518, -0.20219639
2184615207000, 0.38362336, -0.21594086, -0.22113322
2184620247000, 0.3640757, -0.20433442, -0.2312125
2184625215000, 0.33322698, -0.19853121, -0.23273966
2184630208000, 0.3051272, -0.19181168, -0.23243423
2184635498000, 0.2919936, -0.1777618, -0.22724187
2184640382000, 0.26816985, -0.16737708, -0.22418754
2184645215000, 0.26939157, -0.15271631, -0.22388211
2184650215000, 0.26328292, -0.14294247, -0.22388211
2184655268000, 0.2770274, -0.129198, -0.22540927
2184660212000, 0.29077184, -0.124005646, -0.21502456
2184665209000, 0.30207285, -0.13164146, -0.21777347
2184670353000, 0.32650748, -0.129198, -0.23671028
2184675218000, 0.3390302, -0.124005646, -0.25625798
2184680210000, 0.3707952, -0.12675454, -0.26083946
2184686069000, 0.39645153, -0.13683382, -0.2706133
2184690271000, 0.4016439, -0.14630222, -0.28313604
2184695254000, 0.40591997, -0.16249016, -0.28221974
2184700298000, 0.42088616, -0.15821409, -0.29749137
2184705256000, 0.41263947, -0.14782938, -0.29810223
2184710272000, 0.41263947, -0.15332718, -0.3051272
2184715255000, 0.41508293, -0.16249016, -0.32620203
2184720319000, 0.4251622, -0.16249016, -0.34147367
2184725280000, 0.441961, -0.15851954, -0.36346483
2184730401000, 0.47952923, -0.15149458, -0.38056904
2184735251000, 0.516792, -0.13744467, -0.39645153
2184740742000, 0.54458636, -0.13072516, -0.40744713
2184745246000, 0.5830709, -0.11759156, -0.41447207
2184750182000, 0.6123924, -0.12186762, -0.41996986
2184755854000, 0.6469063, -0.13164146, -0.4260785
2184760219000, 0.66553766, -0.15118915, -0.4361578
2184765214000, 0.6979135, -0.17592919, -0.4465425
2184770217000, 0.7113526, -0.19242255, -0.44990227
2184775216000, 0.72143185, -0.20647246, -0.4605924
2184780180000, 0.732122, -0.22204952, -0.4654793
2184785223000, 0.7180721, -0.24037547, -0.4792238
2184790359000, 0.73639804, -0.25809056, -0.48991394
2184795274000, 0.7333437, -0.24953845, -0.4978552
2184800208000, 0.7351763, -0.24587326, -0.5128214
2184805245000, 0.745561, -0.24556783, -0.5149594
2184810216000, 0.75136423, -0.23793201, -0.5213735
2184815206000, 0.75411314, -0.20647246, -0.5320636
2184820245000, 0.77121735, -0.19272798, -0.5494733
2184825903000, 0.7892379, -0.172264, -0.5626069
2184830205000, 0.8011498, -0.17134771, -0.56688297
2184835245000, 0.81489426, -0.17073683, -0.5714644
2184840376000, 0.8167268, -0.17592919, -0.5867361
2184845250000, 0.8347474, -0.16340645, -0.6026186
2184850215000, 0.84757555, -0.16279559, -0.6081163
2184855251000, 0.84757555, -0.17348573, -0.6264423
2184860213000, 0.88086766, -0.16920967, -0.63346726
2184865196000, 0.8906415, -0.17012598, -0.6444628
2184870247000, 0.904386, -0.16554448, -0.6478226
2184875215000, 0.9098838, -0.1704314, -0.655153
2184880209000, 0.9456194, -0.15760323, -0.6533204
2184885232000, 0.9728029, -0.15760323, -0.6569856
2184890430000, 1.0103711, -0.13958271, -0.6630942
2184895302000, 1.026559, -0.12797627, -0.6588182
2184900215000, 1.0662653, -0.1282817, -0.66767573
2184905611000, 1.1047498, -0.11453723, -0.6646214
2184910222000, 1.14018, -0.115453534, -0.67073005
2184915181000, 1.1646146, -0.119729586, -0.6881397
2184920222000, 1.1960741, -0.12156218, -0.6954701
2184925220000, 1.2431108, -0.13744467, -0.7107417
2184930216000, 1.287093, -0.13469578, -0.7254025
2184935220000, 1.325883, -0.14569137, -0.75441855
2184940257000, 1.3713925, -0.1704314, -0.77640975
2184945215000, 1.4056009, -0.17684549, -0.80573124
2184950180000, 1.4535538, -0.204029, -0.82986045
2184955326000, 1.5033394, -0.21166481, -0.8573494
2184960210000, 1.5360206, -0.22143865, -0.88178396
2184965209000, 1.5738943, -0.22968534, -0.89766645
2184970223000, 1.6081028, -0.23487769, -0.9282097
2184975224000, 1.6438384, -0.24556783, -0.9370673
2184980205000, 1.6685784, -0.2565634, -0.9596693
2184985230000, 1.6969837, -0.24953845, -0.9789116
2184990232000, 1.7256943, -0.25045475, -0.99082345
2184995218000, 1.7470746, -0.23854288, -1.0088439
2185001226000, 1.7712038, -0.22876903, -1.0216721
2185005253000, 1.8011361, -0.22907446, -1.0299188
2185010183000, 1.820073, -0.2098322, -1.0543534
2185015209000, 1.8506162, -0.19914207, -1.0687088
2185020266000, 1.8817704, -0.19608775, -1.1038336
2185025216000, 1.9025398, -0.20677789, -1.1328496
2185030262000, 1.9300288, -0.21105394, -1.1661417
2185035252000, 1.9822577, -0.2049453, -1.1982121
2185040287000, 2.0179935, -0.19242255, -1.2238685
2185045251000, 2.0412061, -0.1740966, -1.2547172
2185050176000, 2.0616703, -0.16493362, -1.2748758
2185055307000, 2.0900755, -0.1572978, -1.3041973
2185060240000, 2.0925188, -0.16279559, -1.3286319
2185065220000, 2.103209, -0.172264, -1.3399329
2185070247000, 2.1120665, -0.17959438, -1.3542882
2185075214000, 2.1068742, -0.19058995, -1.3564262
2185081086000, 2.1090124, -0.20677789, -1.3643675
2185085219000, 2.1212296, -0.22113322, -1.3674219
2185090261000, 2.13925, -0.2180789, -1.3753631
2185095224000, 2.159714, -0.23457226, -1.3799446
2185100358000, 2.1975877, -0.24556783, -1.3921618
2185105231000, 2.2244658, -0.24373524, -1.3991868
2185110299000, 2.24157, -0.24984388, -1.4138476
2185115243000, 2.2644775, -0.26389378, -1.4162911
2185120260000, 2.2907448, -0.26939157, -1.4364496
2185125250000, 2.3280075, -0.28160888, -1.4343116
2185130218000, 2.3628268, -0.30207285, -1.4352279
2185135260000, 2.39337, -0.32803464, -1.4404203
2185140287000, 2.440712, -0.36682457, -1.4590516
2185145254000, 2.490803, -0.3933972, -1.475545
2185150438000, 2.5372288, -0.42821655, -1.4883732
2185155190000, 2.5934284, -0.4642576, -1.5036448
2185160133000, 2.6511552, -0.4868596, -1.5314392
2185165160000, 2.6920831, -0.50885075, -1.5500705
2185170133000, 2.7085764, -0.52534413, -1.5763378
2185175123000, 2.7207937, -0.552833, -1.5741998
2185180101000, 2.713769, -0.57971114, -1.5546521
2185185144000, 2.6942213, -0.6026186, -1.5293012
2185190164000, 2.6676486, -0.6093381, -1.5091426
2185195135000, 2.6151142, -0.6203337, -1.4923438
2185200179000, 2.5793786, -0.61819565, -1.4908166
2185205177000, 2.5592198, -0.6236934, -1.4669929
2185210166000, 2.5289822, -0.623388, -1.4337007
2185215169000, 2.490803, -0.6102544, -1.4147639
2185220337000, 2.477364, -0.58062744, -1.3857478
2185225169000, 2.40742, -0.55924714, -1.3674219
2185230134000, 2.3429737, -0.54458636, -1.3170254
2185235167000, 2.2495112, -0.52931476, -1.2770138
2185240242000, 2.1456642, -0.48808134, -1.219287
2185245202000, 2.031127, -0.44837508, -1.1554517
2185250147000, 1.9172006, -0.408058, -1.0732902
2185255245000, 1.8090774, -0.3662137, -0.9954049
2185260240000, 1.7229455, -0.33841935, -0.9285152
2185265180000, 1.6316211, -0.3155119, -0.8668178
2185270243000, 1.5598444, -0.2938262, -0.82772243
2185275214000, 1.498147, -0.28985557, -0.7987063
2185280184000, 1.4724907, -0.2779437, -0.7910705
2185285221000, 1.4327844, -0.2666427, -0.7901542
2185290324000, 1.3982705, -0.25870144, -0.7901542
2185295180000, 1.3686435, -0.25686884, -0.7965683
2185300175000, 1.3414601, -0.25595254, -0.7834347
2185305215000, 1.3106114, -0.22937989, -0.78038037
2185310210000, 1.2443326, -0.20738874, -0.75716746
2185315184000, 1.169807, -0.18661933, -0.74281216
2185320216000, 1.0757337, -0.15668693, -0.71685034
2185325244000, 0.9789116, -0.13439035, -0.68416905
2185330181000, 0.8970556, -0.1020145, -0.65118235
2185335220000, 0.8219192, -0.07452556, -0.605062
2185340255000, 0.75441855, -0.03940081, -0.5626069
2185345215000, 0.6936375, -0.016187929, -0.5128214
2185350212000, 0.6426302, -0.0030543262, -0.45998153
2185355269000, 0.5876524, 0.006414085, -0.419359
2185360209000, 0.5332854, 0.029321533, -0.37568212
2185365180000, 0.47128254, 0.05497787, -0.33444872
2185370955000, 0.410196, 0.06505715, -0.30848694
2185375219000, 0.35338554, 0.07849618, -0.27122417
2185380186000, 0.29993483, 0.087964594, -0.24037547
2185385231000, 0.24923302, 0.095294975, -0.21471913
2185390290000, 0.20005837, 0.11209377, -0.2012801
2185395223000, 0.17348573, 0.11911872, -0.17806722
2185400219000, 0.14172074, 0.12003502, -0.16432275
2185405389000, 0.12186762, 0.129198, -0.15302174
2185410229000, 0.10140363, 0.13591751, -0.14569137
2185415170000, 0.073303826, 0.14202617, -0.13133603
2185420238000, 0.032375857, 0.15332718, -0.12797627
2185425179000, -0.013133603, 0.16401732, -0.11575896
2185430211000, -0.06841691, 0.1826487, -0.10170906
2185435174000, -0.109650314, 0.19364429, -0.08399397
2185441192000, -0.16310102, 0.20708331, -0.06841691
2185445171000, -0.23640485, 0.22052236, -0.045814894
2185450218000, -0.28191432, 0.2406809, -0.018936822
2185455282000, -0.33383787, 0.25900686, 0.01282817
2185460224000, -0.38973203, 0.26939157, 0.049480084
2185465204000, -0.42943826, 0.28313604, 0.087964594
2185470240000, -0.47128254, 0.2941316, 0.12339478
2185475341000, -0.5006041, 0.30573806, 0.15699236
2185480229000, -0.5342017, 0.32162055, 0.17348573
2185485224000, -0.55680364, 0.3268129, 0.20891592
2185490355000, -0.59803706, 0.3313944, 0.2302962
2185495283000, -0.63255095, 0.33475417, 0.24923302
2185500223000, -0.6588182, 0.3390302, 0.28130344
2185505298000, -0.6771441, 0.3390302, 0.2874121
2185510769000, -0.698219, 0.3381139, 0.30726522
2185515390000, -0.7684685, 0.33505958, 0.31123585
2185520241000, -0.7788532, 0.36010507, 0.3203988
2185525209000, -0.8213083, 0.36254853, 0.32986724
2185530213000, -0.86132, 0.35827246, 0.34147367
2185535247000, -0.8940013, 0.35796702, 0.35094208
2185540310000, -0.9398162, 0.3567453, 0.36102137
2185545179000, -0.9779953, 0.3390302, 0.37934732
2185550218000, -1.0134255, 0.3463606, 0.40194935
2185555221000, -1.0668762, 0.34116822, 0.4083634
2185560207000, -1.1178834, 0.34391713, 0.43799037
2185565177000, -1.1606439, 0.3491095, 0.46914452
2185570240000, -1.1933253, 0.35094208, 0.4813618
2185575177000, -1.2437216, 0.36682457, 0.50854534
2185580364000, -1.289842, 0.3753767, 0.52503866
2185585249000, -1.3249667, 0.3830125, 0.53969944
2185590252000, -1.3377949, 0.39920044, 0.54825157
2185595203000, -1.3548992, 0.4196644, 0.55955255
2185600212000, -1.3842206, 0.42149702, 0.56596667
2185605253000, -1.4004086, 0.4361578, 0.56505036
2185610208000, -1.4065173, 0.45478916, 0.56382865
2185615186000, -1.4117095, 0.47525316, 0.5549711
2185620238000, -1.409877, 0.49113566, 0.56077427
2185625209000, -1.4089607, 0.48197266, 0.56169057
2185630200000, -1.4049901, 0.47128254, 0.56107974
2185635215000, -1.3994923, 0.45142943, 0.56779927
2185640251000, -1.385137, 0.44043383, 0.56107974
2185645203000, -1.3765849, 0.42424592, 0.5656612
2185650202000, -1.3579534, 0.40744713, 0.56382865
2185655271000, -1.359786, 0.3930918, 0.55863625
2185660264000, -1.3570372, 0.36377025, 0.5522222
2185665210000, -1.3585643, 0.35033122, 0.5580254
2185670247000, -1.3683381, 0.33108896, 0.5687156
2185675245000, -1.3735305, 0.30115658, 0.5705481
2185680208000, -1.3811663, 0.29443705, 0.573297
2185685258000, -1.3787229, 0.30390546, 0.57604593
2185690264000, -1.3857478, 0.2959642, 0.57451874
2185695241000, -1.3723087, 0.28863382, 0.5714644
2185700217000, -1.38025, 0.28405234, 0.57696223
2185705161000, -1.3805555, 0.28802297, 0.5699373
2185710120000, -1.382999, 0.28985557, 0.5739079
2185715116000, -1.393689, 0.30726522, 0.5696318
2185720126000, -1.3875804, 0.32834008, 0.57726765
2185725118000, -1.3750577, 0.34513888, 0.58184916
2185730161000, -1.3643675, 0.36254853, 0.58276546
2185735157000, -1.353372, 0.36163223, 0.5830709
2185740134000, -1.3353515, 0.36285394, 0.57971114
2185745114000, -1.3252722, 0.376293, 0.5580254
2185750188000, -1.2819008, 0.3921755, 0.5296202
2185755328000, -1.2455542, 0.4007276, 0.49357912
2185760172000, -1.217149, 0.4111123, 0.4541783
2185765759000, -1.1838568, 0.41233405, 0.41630468
2185770210000, -1.138042, 0.41538838, 0.3811799
2185775247000, -1.1145236, 0.41416663, 0.35033122
2185780199000, -1.0870347, 0.4092797, 0.32589662
2185785214000, -1.074512, 0.38820487, 0.3100141
2185790352000, -1.0558805, 0.37323865, 0.29901853
2185795207000, -1.0451905, 0.36743546, 0.29779682
2185800223000, -1.0396926, 0.35277468, 0.2932153
2185805221000, -1.0317514, 0.3286455, 0.28893927
2185810219000, -1.0250319, 0.31429017, 0.28802297
2185815190000, -0.9935723, 0.3118467, 0.269697
2185820231000, -0.9819659, 0.301462, 0.27275133
2185825216000, -0.96791595, 0.2941316, 0.28344148
2185830202000, -0.94714653, 0.28038713, 0.28069258
2185835890000, -0.93645644, 0.26725355, 0.28924468
2185840284000, -0.91599244, 0.27763826, 0.2855795
2185845208000, -0.8918633, 0.30940324, 0.2938262
2185850210000, -0.9071349, 0.31306845, 0.3136793
2185855321000, -0.92179567, 0.30879238, 0.3203988
2185860207000, -0.9221011, 0.29871312, 0.33200526
2185865200000, -0.9230174, 0.28160888, 0.33933565
2185870212000, -0.9049969, 0.2687807, 0.35155296
2185875643000, -0.8717047, 0.25381452, 0.3640757
2185880201000, -0.83291477, 0.24251351, 0.36102137
2185885218000, -0.7974846, 0.24373524, 0.3717115
2185890253000, -0.7635816, 0.24404067, 0.35063666
2185895207000, -0.72356987, 0.23701571, 0.33322698
2185900178000, -0.7153232, 0.2406809, 0.3222314
2185905651000, -0.70280045, 0.24495697, 0.28771752
2185910208000, -0.66981375, 0.24556783, 0.27488935
2185915209000, -0.6618725, 0.24740042, 0.2593123
2185920219000, -0.6536258, 0.23151793, 0.24098633
2185925251000, -0.6203337, 0.22479841, 0.23518312
2185930187000, -0.6010914, 0.21166481, 0.21930063
2185935254000, -0.56505036, 0.18325958, 0.2003638
2185940279000, -0.5390886, 0.17806722, 0.18478674
2185945294000, -0.51923543, 0.1563815, 0.15882497
2185950203000, -0.4877759, 0.14813483, 0.1423316
2185955334000, -0.46975538, 0.12950343, 0.13225232
2185960553000, -0.462425, 0.121256754, 0.121256754
2185965219000, -0.45234573, 0.098043874, 0.10751228
2185970605000, -0.44715336, 0.098043874, 0.110872045
2185975242000, -0.44776422, 0.079107046, 0.111177474
2185980192000, -0.44043383, 0.08124508, 0.09896017
2185985256000, -0.43890667, 0.08246681, 0.099571034
2185990305000, -0.4447099, 0.06811147, 0.09896017
2185995314000, -0.4352415, 0.06566802, 0.09590584
2186000179000, -0.43554693, 0.07086037, 0.09254608
2186005261000, -0.43676865, 0.06658431, 0.103847094
2186010206000, -0.43890667, 0.053145275, 0.096516706
2186015195000, -0.42210788, 0.04886922, 0.09621128
2186020239000, -0.42119157, 0.054061573, 0.09162979
2186025222000, -0.41050145, 0.053145275, 0.093767814
2186030202000, -0.40744713, 0.047036625, 0.08735373
2186035232000, -0.40958515, 0.052534413, 0.087964594
2186040351000, -0.4025602, 0.043982297, 0.08124508
2186045310000, -0.39187005, 0.035430185, 0.0720821
2186050208000, -0.38698313, 0.02443461, 0.076358154
2186055348000, -0.38056904, 3.0543262E-4, 0.0693332
2186060232000, -0.36102137, -0.016798794, 0.07238753
2186065217000, -0.35308012, -0.022602014, 0.07819075
2186070252000, -0.34055737, -0.021380283, 0.084910266
2186075239000, -0.3390302, -0.026267206, 0.0852157
2186080229000, -0.33475417, -0.040317107, 0.086437434
2186085241000, -0.35094208, -0.056199603, 0.10048734
2186090919000, -0.3454443, -0.060170226, 0.10476339
2186095317000, -0.33750305, -0.04734206, 0.10751228
2186100232000, -0.35033122, -0.049480084, 0.11178834
2186105299000, -0.34574974, -0.037873644, 0.12522738
2186110250000, -0.33200526, -0.035430185, 0.13469578
2186115210000, -0.34238997, -0.01985312, 0.13347405
2186120247000, -0.37507126, -3.0543262E-4, 0.13500121
2186125393000, -0.39187005, 0.018936822, 0.13408493
2186130216000, -0.41172317, 0.040927973, 0.122783914
2186135222000, -0.44257188, 0.06811147, 0.11575896
2186140374000, -0.464563, 0.08552113, 0.1160644
2186145211000, -0.47891834, 0.09712757, 0.10598512
2186150222000, -0.4831944, 0.093767814, 0.09865474
2186155217000, -0.47891834, 0.10048734, 0.09712757
2186160581000, -0.45998153, 0.10262536, 0.09468412
2186165168000, -0.44990227, 0.10720685, 0.083383106
2186170251000, -0.45051312, 0.105068825, 0.08124508
2186175183000, -0.45051312, 0.100792766, 0.08124508
2186180226000, -0.46028697, 0.1160644, 0.080634214
2186185236000, -0.4596761, 0.11789699, 0.08307768
2186190255000, -0.4569272, 0.12797627, 0.08307768
2186195223000, -0.43554693, 0.1255328, 0.0888809
2186200236000, -0.42271876, 0.12950343, 0.08827003
2186205248000, -0.4083634, 0.13988814, 0.09773844
2186210241000, -0.37140608, 0.13255776, 0.08460484
2186215218000, -0.3304781, 0.13958271, 0.08307768
2186220232000, -0.29749137, 0.13561209, 0.07147124
2186225215000, -0.27214047, 0.13225232, 0.061086524
2186230639000, -0.24648413, 0.12522738, 0.047036625
2186235171000, -0.23182335, 0.112704635, 0.0421497
2186240242000, -0.22602014, 0.10751228, 0.029932396
2186250242000, -0.21502456, 0.092240654, 0.032375857
2186255262000, -0.21044308, 0.07819075, 0.027488936
2186260122000, -0.21013765, 0.07269296, 0.030848695
2186265118000, -0.20280726, 0.07696902, 0.032986723
2186270157000, -0.19364429, 0.07849618, 0.035124753
2186275124000, -0.17715092, 0.10170906, 0.03940081
2186280115000, -0.16310102, 0.10995574, 0.04184427
2186285126000, -0.15454891, 0.12858713, 0.03848451
2186290136000, -0.15027285, 0.15424347, 0.04428773
2186295117000, -0.14660765, 0.16829337, 0.03970624
2186300192000, -0.14752395, 0.19517145, 0.04062254
2186305214000, -0.1563815, 0.20219639, 0.032375857
2186310165000, -0.14935656, 0.22052236, 0.039095376
2186315164000, -0.15699236, 0.23273966, 0.031154128
2186320195000, -0.1600467, 0.24007004, 0.025350908
2186325171000, -0.15210545, 0.24617869, 0.016493361
2186330164000, -0.16584991, 0.24923302, 0.009773844
2186335207000, -0.16920967, 0.2706133, 0.0106901415
2186340246000, -0.17348573, 0.2706133, 0.009162978
2186345164000, -0.1777618, 0.27030787, 0.013133603
2186350170000, -0.17928895, 0.26847526, 0.016187929
2186355212000, -0.18417588, 0.27397305, 0.021991149
2186360205000, -0.18417588, 0.2657264, 0.0290161
2186365178000, -0.19639318, 0.25259277, 0.027794369
2186370233000, -0.2003638, 0.24404067, 0.028099801
2186375249000, -0.19394971, 0.23457226, 0.030543262
2186380328000, -0.19058995, 0.2180789, 0.016798794
2186385214000, -0.19058995, 0.1957823, 0.0125227375
2186390336000, -0.18112154, 0.18784106, 0.01038471
2186395286000, -0.1872302, 0.16707164, -0.0021380284
2186400221000, -0.1695151, 0.15057829, -0.0021380284
2186405218000, -0.16829337, 0.12614368, 0.0012217305
2186410176000, -0.13836098, 0.112399206, 0.002443461
2186415848000, -0.12095132, 0.09865474, 0.008246681
2186420202000, -0.09101892, 0.08093964, 0.0036651916
2186425214000, -0.07269296, 0.07544186, 0.0076358155
2186430173000, -0.05100725, 0.083383106, 0.00580322
2186435236000, -0.046120327, 0.10476339, 0.0070249503
2186440264000, -0.0580322, 0.1328632, 0.02107485
2186445204000, -0.07086037, 0.14110987, 0.013133603
2186450233000, -0.07941248, 0.15057829, 0.014660766
2186455241000, -0.09162979, 0.16982053, 0.01863139
2186460223000, -0.10720685, 0.16432275, 0.021991149
2186465191000, -0.106595986, 0.16768251, 0.032070424
2186470237000, -0.11728613, 0.1600467, 0.029321533
2186475236000, -0.113926366, 0.15393804, 0.032375857
2186480215000, -0.10873401, 0.14446963, 0.028405234
2186485936000, -0.10262536, 0.14080444, 0.03634648
2186490269000, -0.10995574, 0.13072516, 0.033292156
2186495224000, -0.099571034, 0.13164146, 0.034513887
2186500222000, -0.09865474, 0.12583824, 0.032375857
2186505243000, -0.1020145, 0.12186762, 0.03390302
2186510233000, -0.0888809, 0.118202426, 0.033292156
2186515200000, -0.07238753, 0.1255328, 0.03390302
2186520254000, -0.07238753, 0.13439035, 0.026572637
2186525268000, -0.0580322, 0.14966199, 0.032070424
2186530216000, -0.06658431, 0.15607607, 0.025350908
2186535233000, -0.055283304, 0.16707164, 0.022602014
2186540284000, -0.049480084, 0.16279559, 0.01863139
2186545204000, -0.04062254, 0.16768251, 0.009162978
2186550207000, -0.032070424, 0.16493362, 0.007941248
2186555720000, -0.029626964, 0.16707164, 0.015882496
2186560207000, -0.029626964, 0.15607607, 0.008857546
2186565200000, -0.029626964, 0.15851954, 0.009162978
2186570205000, -0.040317107, 0.16187929, 0.010079277
2186575207000, -0.04642576, 0.1695151, 0.015271631
2186580203000, -0.07452556, 0.16493362, 0.02107485
2186585285000, -0.07513642, 0.15607607, 0.019547688
2186590257000, -0.08735373, 0.14996742, 0.02107485
2186595200000, -0.084910266, 0.14355333, 0.021685716
2186600192000, -0.09712757, 0.13041973, 0.018325957
2186605232000, -0.09010262, 0.11453723, 0.020463986
2186610209000, -0.083383106, 0.105068825, 0.022296581
2186615230000, -0.08032878, 0.079107046, 0.02687807
2186620206000, -0.06536258, 0.05222898, 0.02565634
2186625763000, -0.06963864, 0.03359759, 0.035124753
2186630257000, -0.063224554, 0.03634648, 0.03390302
2186635203000, -0.05681047, 0.027183503, 0.04153884
2186640252000, -0.064751714, 0.01985312, 0.034513887
2186645178000, -0.06078109, 0.019242255, 0.032986723
2186650210000, -0.052534413, 0.01985312, 0.03268129
2186655207000, -0.046731193, 0.024740042, 0.037873644
2186660207000, -0.03848451, 0.017715093, 0.027488936
2186665170000, -0.032986723, 0.01038471, 0.028099801
2186670215000, -0.029626964, 0.002443461, 0.023823744
2186675234000, -0.035124753, -0.0036651916, 0.021685716
2186680224000, -0.027794369, -0.017715093, 0.018325957
2186685251000, -0.044898596, -0.03176499, 0.02107485
2186690271000, -0.04184427, -0.062308256, 0.024129177
2186695232000, -0.032070424, -0.077579886, 0.024129177
2186700220000, -0.027488936, -0.09987647, 0.022907447
2186705238000, -0.023823744, -0.12858713, 0.009773844
2186710232000, -0.01740966, -0.15363261, 0.0061086523
2186715200000, -0.009773844, -0.18325958, 0.0012217305
2186720231000, -0.0143553335, -0.19639318, -0.01038471
2186725242000, -0.008857546, -0.2049453, -0.01282817
2186730188000, -0.013744468, -0.21471913, -0.020158553
2186735221000, -0.013744468, -0.21105394, -0.0143553335
2186740231000, -0.023518313, -0.20861048, -0.0143553335
2186745233000, -0.03481932, -0.20555615, -0.010079277
2186750181000, -0.03145956, -0.18448131, -0.010079277
2186755260000, -0.028710667, -0.15057829, -0.004886922
2186760173000, -0.049480084, -0.13255776, -0.010995574
2186765217000, -0.03573562, -0.12217305, -0.014966198
2186770202000, -0.038789943, -0.10842858, -0.015271631
2186775259000, -0.05222898, -0.105068825, -0.013133603
2186780170000, -0.036651913, -0.100792766, -0.013133603
2186785245000, -0.03634648, -0.09468412, -0.008857546
2186790255000, -0.029932396, -0.09285152, -0.01740966
2186795233000, -0.02107485, -0.09010262, -0.008552114
2186800218000, -0.02107485, -0.09193522, -0.012217305
2186805246000, -0.01038471, -0.09254608, -0.022296581
2186810923000, -0.015577064, -0.089186326, -0.019242255
2186815187000, -0.013439035, -0.08307768, -0.027488936
2186820583000, -0.008246681, -0.0842994, -0.02321288
2186825220000, -0.005192355, -0.08552113, -0.01740966
2186830175000, -0.004276057, -0.0711658, -0.016493361
2186835220000, -0.0070249503, -0.07360926, -0.020463986
2186840215000, -0.023518313, -0.06261369, -0.018936822
2186845277000, -0.023823744, -0.06780604, -0.0076358155
2186850175000, -0.028099801, -0.06841691, 9.162979E-4
2186855244000, -0.033292156, -0.06872234, 0.007330383
2186860177000, -0.03176499, -0.06566802, 0.008552114
2186865177000, -0.026267206, -0.06994407, 0.010995574
2186870203000, -0.028405234, -0.061391957, 0.006414085
2186875239000, -0.022602014, -0.056199603, 0.008552114
2186880748000, -0.030848695, -0.056199603, 0.007941248
2186885254000, -0.029932396, -0.044593163, 0.011911872
2186890284000, -0.03481932, -0.025350908, 0.01038471
2186895204000, -0.038179077, -0.027183503, 0.010079277
2186900179000, -0.048563786, -0.009162978, 0.01740966
2186905223000, -0.053145275, 0.0015271631, 0.023518313
2186910233000, -0.04428773, 0.010995574, 0.022602014
2186915190000, -0.038179077, 0.01863139, 0.017715093
2186920235000, -0.03970624, 0.02687807, 0.024740042
2186925245000, -0.049785517, 0.03176499, 0.028710667
2186930214000, -0.04184427, 0.04428773, 0.028099801
2186935219000, -0.034513887, 0.04642576, 0.027183503
2186940259000, -0.037873644, 0.05375614, 0.020158553
2186945204000, -0.030543262, 0.04886922, 0.019242255
2186950424000, -0.021380283, 0.048258353, 0.01740966
2186955207000, -0.029932396, 0.051618114, 0.01740966
2186960207000, -0.03268129, 0.040011674, 0.017715093
2186965174000, -0.028710667, 0.027183503, 0.01985312
2186970205000, -0.027794369, 0.024129177, 0.015882496
2186975215000, -0.01038471, 0.020463986, 0.011911872
2186980201000, -0.011911872, 0.023518313, 0.010995574
2186985194000, -0.004276057, 0.011911872, 0.018325957
2186990256000, 0.0070249503, 0.0067195175, 0.021685716
2186995175000, 0.014049901, 0.010079277, 0.022907447
2187000203000, 0.022907447, 0.020463986, 0.029626964
2187005207000, 0.013439035, 0.023823744, 0.021380283
2187010209000, 0.016187929, 0.04153884, 0.02107485
2187015174000, 0.007330383, 0.053145275, 0.02107485
2187020205000, 0.017715093, 0.061086524, 0.02443461
2187025235000, 0.008857546, 0.06261369, 0.015577064
2187030211000, -0.0033597588, 0.070554934, 0.02443461
2187035231000, -0.0036651916, 0.07147124, 0.01740966
2187040257000, -0.0070249503, 0.074830994, 0.02076942
2187045216000, -0.010995574, 0.08246681, 0.02107485
2187050187000, -0.016493361, 0.08093964, 0.031154128
2187055405000, -0.023518313, 0.07819075, 0.03023783
2187060243000, -0.022296581, 0.06811147, 0.026267206
2187065187000, -0.007941248, 0.07452556, 0.020463986
2187070214000, -0.0061086523, 0.076358154, 0.025961773
2187075212000, -0.007941248, 0.07147124, 0.01740966
2187080180000, -0.0061086523, 0.071776666, 0.01740966
2187085255000, -0.017715093, 0.06811147, 0.018325957
2187090224000, -0.00580322, 0.07360926, 0.016187929
2187095208000, -0.0067195175, 0.07086037, 0.016493361
2187100272000, -0.009773844, 0.06994407, 0.016798794
2187105211000, -0.013133603, 0.08368854, 0.02321288
2187110177000, -0.0030543262, 0.076052725, 0.026267206
2187115207000, -0.010079277, 0.087659165, 0.023823744
2187120177000, -0.011301007, 0.09101892, 0.023823744
2187125245000, -0.009162978, 0.09101892, 0.027794369
2187130202000, -0.016187929, 0.08827003, 0.029626964
2187135747000, -0.0030543262, 0.10781772, 0.026267206
2187140262000, -0.010995574, 0.1001819, 0.03023783
2187145210000, -0.0076358155, 0.087659165, 0.03481932
2187150185000, -0.0076358155, 0.09010262, 0.03756821
2187155213000, 0.008246681, 0.09865474, 0.03726278
2187160448000, 0.00580322, 0.109650314, 0.025350908
2187165180000, -0.005497787, 0.10720685, 0.02687807
2187170398000, -0.0018325958, 0.099571034, 0.027183503
2187175217000, -0.0021380284, 0.105374254, 0.02565634
2187180186000, -0.0033597588, 0.106901415, 0.021991149
2187185284000, 0.004276057, 0.10323623, 0.020463986
2187190218000, -0.0125227375, 0.10354166, 0.03390302
2187195243000, -0.018020526, 0.09621128, 0.030543262
2187200178000, -0.013133603, 0.08246681, 0.029321533
2187205862000, -0.014049901, 0.061391957, 0.034513887
2187210227000, -0.014049901, 0.057421334, 0.03573562
2187215217000, -0.0012217305, 0.041233405, 0.03756821
2187220227000, -3.0543262E-4, 0.032070424, 0.030543262
2187225233000, 0.004886922, 0.033292156, 0.027794369
2187230241000, -0.0036651916, 0.03634648, 0.029932396
2187235234000, 0.0030543262, 0.03481932, 0.030543262
2187240252000, 0.003970624, 0.03359759, 0.025350908
2187245238000, -0.0027488936, 0.03481932, 0.032375857
2187250225000, 0.0033597588, 0.029626964, 0.025045475
2187255241000, -0.0067195175, 0.035124753, 0.024740042
2187260120000, -0.005497787, 0.040011674, 0.029626964
2187265100000, -0.021685716, 0.06536258, 0.034208454
2187270155000, -0.016187929, 0.09773844, 0.029932396
2187275094000, -0.029932396, 0.10995574, 0.031154128
2187280113000, -0.042760566, 0.094989546, 0.028710667
2187285129000, -0.03726278, 0.09010262, 0.03756821
2187290156000, -0.03573562, 0.082161374, 0.036957346
2187295116000, -0.036651913, 0.0729984, 0.03848451
2187300160000, -0.03756821, 0.053450707, 0.03573562
2187305135000, -0.0290161, 0.043066, 0.03268129
2187310136000, -0.014660766, 0.034513887, 0.029626964
2187315123000, -0.0067195175, 0.032986723, 0.036651913
2187320163000, -0.00580322, 0.018325957, 0.027488936
2187325129000, -0.007941248, 0.019242255, 0.033292156
2187330124000, -0.01038471, 0.024740042, 0.030543262
2187335181000, -0.0036651916, 0.03634648, 0.042760566
2187340170000, -0.013133603, 0.04886922, 0.043066
2187345125000, -0.02321288, 0.048258353, 0.027794369
2187350196000, -0.022907447, 0.049785517, 0.035124753
2187355197000, -0.028405234, 0.05681047, 0.035124753
2187360195000, -0.025045475, 0.044593163, 0.03756821
2187365164000, -0.042760566, 0.052839845, 0.035430185
2187370198000, -0.03634648, 0.036957346, 0.03268129
2187375193000, -0.043982297, 0.035124753, 0.032375857
2187380192000, -0.05375614, 0.032070424, 0.032986723
2187385275000, -0.052839845, 0.027488936, 0.034513887
2187390275000, -0.05497787, 0.025350908, 0.029626964
2187395207000, -0.04917465, 0.03481932, 0.03359759
2187400165000, -0.04428773, 0.025350908, 0.031154128
2187405211000, -0.04184427, 0.024129177, 0.029626964
2187410247000, -0.04184427, 0.027488936, 0.03940081
2187415232000, -0.040927973, 0.02107485, 0.03756821
2187420219000, -0.041233405, 0.017104227, 0.038179077
2187425373000, -0.026572637, 0.025350908, 0.034513887
2187430214000, -0.03176499, 0.03145956, 0.0421497
2187435378000, -0.037873644, 0.029321533, 0.04153884
2187440257000, -0.039095376, 0.026267206, 0.038179077
2187445216000, -0.040927973, 0.029932396, 0.036651913
2187450208000, -0.035430185, 0.01863139, 0.03604105
2187455132000, -0.027794369, 0.020463986, 0.04062254
2187460409000, -0.014966198, 0.021685716, 0.028099801
2187465119000, -0.016798794, 0.021380283, 0.019242255
2187470128000, -0.016493361, 0.01863139, 0.027794369
2187475121000, -0.023823744, 0.01282817, 0.028710667
2187480124000, -0.022907447, 0.01038471, 0.02107485
2187485155000, -0.017104227, 0.0143553335, 0.022296581
2187490141000, -0.024740042, 0.005497787, 0.02107485
2187495143000, -0.01985312, 0.010995574, 0.021380283
2187500165000, -0.03145956, 0.008552114, 0.027183503
2187505185000, -0.03023783, -0.0070249503, 0.017715093
2187510150000, -0.027183503, 0.0012217305, 0.02565634
2187515134000, -0.035430185, 0.008857546, 0.022296581
2187520132000, -0.019242255, 0.009468411, 0.029932396
2187525134000, -0.029321533, 0.010079277, 0.025961773
2187530572000, -0.024740042, 0.01863139, 0.021685716
2187535162000, -0.027488936, 0.013744468, 0.028710667
2187540166000, -0.027488936, 0.008857546, 0.03145956
2187545126000, -0.024740042, 0.016187929, 0.029321533
2187550202000, -0.03145956, 0.020463986, 0.029932396
2187555217000, -0.032375857, 0.0106901415, 0.028099801
2187560257000, -0.04062254, 0.007330383, 0.029626964
2187565180000, -0.040011674, 0.009468411, 0.023518313
2187570206000, -0.040011674, 0.002443461, 0.024129177
2187575278000, -0.03604105, 0.01038471, 0.027488936
2187580219000, -0.04337143, -0.00580322, 0.029626964
2187585256000, -0.048258353, -0.006414085, 0.023518313
2187590353000, -0.04642576, 0.0030543262, 0.021991149
2187595235000, -0.0580322, 0.00580322, 0.019242255
2187600559000, -0.052534413, 0.0143553335, 0.02076942
2187605215000, -0.05467244, 0.010995574, 0.021685716
2187610207000, -0.04886922, 0.023518313, 0.018020526
2187615203000, -0.0580322, 0.028099801, 0.017715093
2187620216000, -0.059253927, 0.025961773, 0.015271631
2187625210000, -0.057421334, 0.019242255, 0.0106901415
2187630201000, -0.05222898, 0.027488936, 0.019242255
2187635264000, -0.05467244, 0.030848695, 0.02076942
2187640347000, -0.064446285, 0.03848451, 0.023823744
2187645241000, -0.067500606, 0.03023783, 0.024129177
2187650212000, -0.055588737, 0.015882496, 0.02076942
2187655215000, -0.057726767, 0.028099801, 0.016187929
2187660207000, -0.05955936, 0.01863139, 0.017715093
2187665183000, -0.05009095, 0.021991149, 0.021380283
2187670240000, -0.046731193, 0.01038471, 0.018325957
2187675203000, -0.051618114, 0.013439035, 0.014966198
2187680305000, -0.057421334, 0.0143553335, 0.015882496
2187685386000, -0.06841691, 0.016798794, 0.01863139
2187690350000, -0.064751714, 0.016187929, 0.019242255
2187695251000, -0.073303826, 0.022296581, 0.022907447
2187700227000, -0.084910266, 0.026572637, 0.021380283
2187705215000, -0.07666359, 0.017104227, 0.028099801
2187710218000, -0.076052725, 0.009468411, 0.030543262
2187715223000, -0.06352998, 0.0030543262, 0.03268129
2187720213000, -0.058948494, 0.0033597588, 0.02565634
2187725323000, -0.048258353, 0.0021380284, 0.027488936
2187730205000, -0.05589417, -0.005192355, 0.02107485
2187735243000, -0.05131268, -0.005497787, 0.027488936
2187740264000, -0.06352998, -0.010079277, 0.031154128
2187745598000, -0.061391957, -0.012217305, 0.024740042
2187750302000, -0.059864793, -0.0033597588, 0.019242255
2187755223000, -0.08093964, 0.009162978, 0.018020526
2187760206000, -0.073303826, 0.018936822, 0.019242255
2187765169000, -0.08032878, 0.033292156, 0.024740042
2187770213000, -0.08735373, 0.05009095, 0.026572637
2187775203000, -0.09468412, 0.07391469, 0.016798794
2187780175000, -0.096516706, 0.08582657, 0.018936822
2187785868000, -0.10140363, 0.08032878, 0.01282817
2187790261000, -0.094989546, 0.08368854, 0.01740966
2187795205000, -0.09285152, 0.08002335, 0.013133603
2187800180000, -0.09712757, 0.06291912, 0.01740966
2187805242000, -0.0852157, 0.06414085, 0.021991149
2187810210000, -0.07788532, 0.051618114, 0.022602014
2187815173000, -0.07422013, 0.035430185, 0.01985312
2187820310000, -0.074830994, 0.030543262, 0.022296581
2187825216000, -0.08368854, 0.021685716, 0.019242255
2187830175000, -0.0842994, 0.022602014, 0.020463986
2187835244000, -0.08735373, 0.020158553, 0.02687807
2187840221000, -0.07086037, 0.027794369, 0.029321533
2187845204000, -0.0711658, 0.022907447, 0.025961773
2187850200000, -0.07819075, 0.02687807, 0.018936822
2187855876000, -0.081855945, 0.025961773, 0.025961773
2187860208000, -0.09987647, 0.022602014, 0.018936822
2187865207000, -0.07727446, 0.03848451, 0.022907447
2187870488000, -0.08857546, 0.03573562, 0.019242255
2187875245000, -0.08399397, 0.03848451, 0.018325957
2187880269000, -0.071776666, 0.032986723, 0.013439035
2187885215000, -0.081855945, 0.027794369, 0.021380283
2187890390000, -0.06627888, 0.03390302, 0.021685716
2187895214000, -0.07147124, 0.028099801, 0.021991149
2187900235000, -0.07544186, 0.036957346, 0.02321288
2187905220000, -0.069027774, 0.034208454, 0.019547688
2187910206000, -0.06047566, 0.035430185, 0.025350908
2187915200000, -0.076358154, 0.035430185, 0.029321533
2187920256000, -0.07452556, 0.024740042, 0.030543262
2187925816000, -0.07452556, 0.040011674, 0.02443461
2187930213000, -0.080634214, 0.043676864, 0.025350908
2187936209000, -0.079107046, 0.0421497, 0.027794369
2187940253000, -0.0852157, 0.034208454, 0.031154128
2187945175000, -0.089186326, 0.029932396, 0.03268129
2187950200000, -0.07391469, 0.03145956, 0.028099801
2187955209000, -0.08124508, 0.027183503, 0.032986723
2187960208000, -0.074830994, 0.023823744, 0.030543262
2187965198000, -0.06047566, 0.029932396, 0.031154128
2187970212000, -0.05497787, 0.03390302, 0.032375857
2187975209000, -0.054061573, 0.03023783, 0.027794369
2187980179000, -0.047647487, 0.034208454, 0.032986723
2187985217000, -0.04734206, 0.036957346, 0.029626964
2187990325000, -0.04734206, 0.04550946, 0.03176499
2187995366000, -0.03756821, 0.052839845, 0.03023783
2188000184000, -0.04062254, 0.048258353, 0.03176499
2188005241000, -0.04337143, 0.044898596, 0.03481932
2188010206000, -0.036651913, 0.047036625, 0.032375857
2188015180000, -0.034208454, 0.05497787, 0.030848695
2188020237000, -0.035124753, 0.057726767, 0.028710667
2188025259000, -0.029626964, 0.063224554, 0.027183503
2188030172000, -0.028099801, 0.07360926, 0.029321533
2188035217000, -0.03604105, 0.06719518, 0.029932396
2188040262000, -0.048563786, 0.064751714, 0.029932396
2188045266000, -0.04795292, 0.07544186, 0.022907447
2188050177000, -0.05222898, 0.058948494, 0.02565634
2188055240000, -0.052534413, 0.047647487, 0.024740042
2188060204000, -0.062002823, 0.040317107, 0.021380283
2188065199000, -0.07788532, 0.03268129, 0.022602014
2188070228000, -0.07574729, 0.03573562, 0.021380283
2188075396000, -0.09468412, 0.03604105, 0.022296581
2188080200000, -0.08979719, 0.030543262, 0.023823744
2188085223000, -0.09132435, 0.039095376, 0.02565634
2188090283000, -0.084910266, 0.038789943, 0.028405234
2188095204000, -0.08093964, 0.029626964, 0.022907447
2188100178000, -0.07849618, 0.038179077, 0.01985312
2188105213000, -0.084910266, 0.038179077, 0.027488936
2188110876000, -0.0693332, 0.05222898, 0.03145956
2188115204000, -0.07696902, 0.057421334, 0.027488936
2188120204000, -0.06688975, 0.05681047, 0.021380283
2188125216000, -0.06261369, 0.067500606, 0.02321288
2188130180000, -0.065973446, 0.059253927, 0.028710667
2188135215000, -0.065973446, 0.07574729, 0.024129177
2188140292000, -0.06994407, 0.08124508, 0.028710667
2188145215000, -0.06841691, 0.07696902, 0.035124753
2188150219000, -0.070554934, 0.076358154, 0.029932396
2188155216000, -0.07269296, 0.06811147, 0.02687807
2188160208000, -0.06383542, 0.07727446, 0.033292156
2188165201000, -0.0720821, 0.07880162, 0.021991149
2188170214000, -0.07544186, 0.071776666, 0.028099801
2188175315000, -0.07666359, 0.06169739, 0.029932396
2188180909000, -0.07727446, 0.07544186, 0.025961773
2188185283000, -0.07666359, 0.073303826, 0.021991149
2188190309000, -0.08277224, 0.0729984, 0.022907447
2188195303000, -0.09162979, 0.07941248, 0.027488936
2188200209000, -0.08460484, 0.07452556, 0.027794369
2188205248000, -0.08582657, 0.07147124, 0.02687807
2188210249000, -0.09132435, 0.06047566, 0.028099801
2188215284000, -0.083383106, 0.052839845, 0.027488936
2188220217000, -0.08246681, 0.051618114, 0.025350908
2188225237000, -0.083383106, 0.05222898, 0.0290161
2188230299000, -0.07544186, 0.042760566, 0.01160644
2188235232000, -0.0729984, 0.034208454, 0.023823744
2188240264000, -0.0720821, 0.030848695, 0.025350908
2188245234000, -0.07788532, 0.018325957, 0.014049901
2188250748000, -0.0711658, 0.018936822, 0.022602014
2188255266000, -0.061086524, 0.005497787, 0.02443461
2188260219000, -0.054061573, -0.0021380284, 0.02321288
2188265220000, -0.05589417, -0.0012217305, 0.022907447
2188270240000, -0.061086524, 0.023823744, 0.028405234
2188275244000, -0.076052725, 0.02687807, 0.02687807
2188280178000, -0.08857546, 0.03756821, 0.023518313
2188285278000, -0.103847094, 0.044898596, 0.013133603
2188290258000, -0.09682214, 0.050396383, 0.015577064
2188295207000, -0.093462385, 0.052839845, 0.023823744
2188300207000, -0.1020145, 0.047036625, 0.018325957
2188305237000, -0.09712757, 0.04153884, 0.021380283
2188310206000, -0.09743301, 0.044898596, 0.018936822
2188315216000, -0.0842994, 0.040317107, 0.015882496
2188320231000, -0.08399397, 0.038179077, 0.02443461
2188325253000, -0.07544186, 0.034208454, 0.020158553
2188330226000, -0.07788532, 0.02565634, 0.023518313
2188335278000, -0.069027774, 0.02321288, 0.027183503
2188340280000, -0.049480084, 0.020463986, 0.018936822
2188345229000, -0.04642576, 0.0143553335, 0.02107485
2188350205000, -0.03573562, 0.011911872, 0.0143553335
2188355248000, -0.05009095, 0.0033597588, 0.012217305
2188360233000, -0.04734206, 0.0067195175, 0.014660766
2188365203000, -0.064751714, 0.003970624, 0.014966198
2188370228000, -0.06688975, 0.01038471, 0.013133603
2188375239000, -0.07391469, 0.0030543262, 0.016798794
2188380204000, -0.06352998, 0.002443461, 0.02107485
2188385276000, -0.07452556, 6.1086525E-4, 0.018325957
2188390244000, -0.06994407, -0.0021380284, 0.018020526
2188395231000, -0.06658431, -0.010995574, 0.022296581
2188400225000, -0.067500606, -0.002443461, 0.025045475
2188405268000, -0.064751714, 0.010995574, 0.029932396
2188410221000, -0.07849618, 0.0021380284, 0.027794369
2188415184000, -0.06963864, 3.0543262E-4, 0.028405234
2188420274000, -0.063224554, 0.0033597588, 0.03176499
2188425260000, -0.069027774, 0.006414085, 0.029321533
2188430577000, -0.0720821, 0.004581489, 0.027794369
2188435286000, -0.062002823, 0.019547688, 0.025045475
2188440627000, -0.067500606, 0.013133603, 0.016187929
2188445220000, -0.063224554, 0.008857546, 0.021685716
2188450190000, -0.053450707, 0.006414085, 0.028710667
2188455243000, -0.04642576, -0.0012217305, 0.01985312
2188460207000, -0.03573562, 0.004886922, 0.019242255
2188465174000, -0.034513887, -0.0012217305, 0.018936822
2188470184000, -0.032375857, -0.0021380284, 0.015577064
2188475239000, -0.037873644, -0.0021380284, 0.014966198
2188480222000, -0.032986723, -0.0033597588, 0.014660766
2188485286000, -0.040317107, -6.1086525E-4, 0.015577064
2188490231000, -0.03573562, 0.0027488936, 0.016798794
2188495228000, -0.040011674, 6.1086525E-4, 0.017715093
2188500175000, -0.050396383, 0.011911872, 0.018020526
2188505252000, -0.046731193, 0.009468411, 0.018936822
2188510207000, -0.04795292, 0.01740966, 0.020158553
2188515191000, -0.057726767, 0.022602014, 0.028099801
2188520206000, -0.05222898, 0.03634648, 0.026572637
2188525278000, -0.06963864, 0.044898596, 0.025045475
2188530182000, -0.064751714, 0.033292156, 0.027794369
2188535280000, -0.058337633, 0.03145956, 0.024129177
2188540294000, -0.064751714, 0.04062254, 0.028099801
2188545225000, -0.042455133, 0.03268129, 0.02687807
2188550231000, -0.052534413, 0.037873644, 0.018020526
2188555265000, -0.05955936, 0.03573562, 0.021991149
2188560239000, -0.062308256, 0.024740042, 0.015271631
2188565215000, -0.053145275, 0.019242255, 0.016493361
2188570232000, -0.048563786, 0.017715093, 0.015577064
2188575264000, -0.049785517, 0.0143553335, 0.013439035
2188580230000, -0.048563786, 0.017715093, 0.0125227375
2188585251000, -0.04917465, 0.016187929, 0.012217305
2188590274000, -0.06047566, 0.014660766, 0.009162978
2188595218000, -0.052839845, 0.01740966, 0.017715093
2188600216000, -0.056505036, 0.019547688, 0.015271631
2188605240000, -0.05467244, 0.023518313, 0.016493361
2188610226000, -0.06291912, 0.03145956, 0.02076942
2188615227000, -0.06994407, 0.027488936, 0.020158553
2188620242000, -0.070554934, 0.030848695, 0.01740966
2188625228000, -0.076358154, 0.03176499, 0.025045475
2188630215000, -0.08246681, 0.025045475, 0.025961773
2188635212000, -0.07666359, 0.018325957, 0.027183503
2188640254000, -0.07086037, 0.019547688, 0.024129177
2188645213000, -0.070554934, 0.025045475, 0.029626964
2188650218000, -0.08277224, 0.01160644, 0.025045475
2188655250000, -0.0729984, 0.013439035, 0.023823744
2188660234000, -0.069027774, 0.01740966, 0.023518313
2188665220000, -0.064751714, 0.014966198, 0.032070424
2188670228000, -0.07941248, 0.02076942, 0.024740042
2188675256000, -0.06719518, 0.020463986, 0.026572637
2188680223000, -0.07452556, 0.03726278, 0.023823744
2188685228000, -0.08093964, 0.03634648, 0.026267206
2188690262000, -0.08032878, 0.04184427, 0.025350908
2188695230000, -0.07941248, 0.049785517, 0.022907447
2188700215000, -0.08460484, 0.050396383, 0.024129177
2188705232000, -0.08246681, 0.057726767, 0.018936822
2188710233000, -0.073303826, 0.043066, 0.023823744
2188715220000, -0.07422013, 0.036957346, 0.023823744
2188720232000, -0.0711658, 0.029321533, 0.026267206
2188725409000, -0.06414085, 0.024129177, 0.01740966
2188730210000, -0.05497787, 0.014966198, 0.01740966
2188735268000, -0.057421334, 9.162979E-4, 0.0143553335
2188740257000, -0.054061573, 0.0030543262, 0.0106901415
2188745469000, -0.05009095, 0.004276057, 0.016187929
2188750204000, -0.053145275, 0.009468411, 0.016493361
2188755629000, -0.04917465, 3.0543262E-4, 0.016493361
2188760212000, -0.04917465, -0.0030543262, 0.018325957
2188765519000, -0.05467244, -0.0021380284, 0.022602014
2188770218000, -0.055588737, 0.009162978, 0.02321288
2188775240000, -0.0571159, 0.034208454, 0.021685716
2188780180000, -0.07574729, 0.03604105, 0.016493361
2188785207000, -0.06658431, 0.036651913, 0.015882496
2188790587000, -0.061391957, 0.03848451, 0.016798794
2188795220000, -0.0693332, 0.027794369, 0.016493361
2188800188000, -0.06994407, 0.016798794, 0.022907447
2188805208000, -0.058643065, 0.0067195175, 0.02107485
2188810222000, -0.05589417, 0.0033597588, 0.02321288
2188815183000, -0.051923547, 0.014049901, 0.022296581
2188820214000, -0.043676864, 0.0036651916, 0.02076942
2188825321000, -0.046731193, -0.006414085, 0.023518313
2188830191000, -0.04184427, -0.007941248, 0.023518313
2188835207000, -0.038179077, -0.0061086523, 0.020463986
2188840409000, -0.036957346, -0.0125227375, 0.020463986
2188845268000, -0.03940081, -0.01863139, 0.01863139
2188850464000, -0.03481932, -0.012217305, 0.017715093
2188855542000, -0.05222898, -0.018936822, 0.018020526
2188860756000, -0.047647487, -0.01863139, 0.019547688
2188865258000, -0.04428773, -0.009162978, 0.019547688
2188870249000, -0.04917465, -0.0070249503, 0.01282817
2188875244000, -0.05589417, -0.012217305, 0.021380283
2188880202000, -0.06078109, -0.01038471, 0.027183503
2188885194000, -0.065973446, -0.0143553335, 0.025045475
2188890259000, -0.06505715, -0.009773844, 0.028405234
2188895181000, -0.06658431, -0.012217305, 0.025045475
2188900182000, -0.06627888, -0.011911872, 0.029626964
2188905243000, -0.054367006, -0.0018325958, 0.03176499
2188910206000, -0.060170226, -0.0012217305, 0.028710667
2188915177000, -0.074830994, -0.008552114, 0.03176499
2188920212000, -0.076052725, -0.003970624, 0.025350908
2188925251000, -0.074830994, 0.008552114, 0.02687807
2188930206000, -0.080634214, 0.013439035, 0.028099801
2188935222000, -0.07819075, 0.014660766, 0.032986723
2188940260000, -0.07422013, 0.005192355, 0.03176499
2188945204000, -0.08307768, 0.004581489, 0.021991149
2188950208000, -0.067500606, 0.003970624, 0.021991149
2188955228000, -0.06047566, 0.0076358155, 0.027488936
2188960207000, -0.063224554, 0.01038471, 0.029321533
2188965202000, -0.059253927, 0.0027488936, 0.029932396
2188970225000, -0.056199603, -6.1086525E-4, 0.027183503
2188975240000, -0.05100725, -0.0027488936, 0.032986723
2188980224000, -0.04642576, -0.0033597588, 0.03176499
2188985208000, -0.03604105, -0.0033597588, 0.03023783
2188990263000, -0.03604105, 0.0061086523, 0.028099801
2188995175000, -0.035124753, 0.0036651916, 0.026267206
2189000208000, -0.025045475, -0.0018325958, 0.024740042
2189005208000, -0.027488936, -0.0030543262, 0.01863139
2189010207000, -0.02565634, -0.012217305, 0.02687807
2189015180000, -0.010995574, -0.013439035, 0.018936822
2189020213000, -0.012217305, -0.004276057, 0.023518313
2189025235000, -0.015577064, -0.011301007, 0.01863139
2189030204000, -0.003970624, -0.004276057, 0.015882496
2189035222000, -0.005497787, -0.0070249503, 0.024740042
2189040342000, 0.0015271631, -0.0012217305, 0.017715093
2189045288000, -0.003970624, -0.0012217305, 0.025350908
2189050210000, 0.009468411, -0.010995574, 0.024129177
2189055227000, -0.0018325958, 0.0036651916, 0.019547688
2189060223000, -0.0061086523, -3.0543262E-4, 0.016187929
2189065209000, -0.002443461, -0.0061086523, 0.015577064
2189070249000, -0.0036651916, -0.00580322, 0.014660766
2189075250000, -0.0027488936, -0.016493361, 0.024740042
2189080221000, -0.0061086523, -0.02565634, 0.019547688
2189085249000, -0.01282817, -0.019242255, 0.014660766
2189090286000, -0.011301007, -0.014660766, 0.013439035
2189095221000, -0.018020526, -0.013744468, 0.009468411
2189100220000, -0.016798794, -0.0125227375, 0.014966198
2189105315000, -0.012217305, -0.01160644, 0.019547688
2189110234000, -0.019242255, -0.005192355, 0.029321533
2189115391000, -0.015271631, -0.01282817, 0.026572637
2189120238000, -0.01282817, -0.008246681, 0.019242255
2189125633000, -0.021685716, 0.0012217305, 0.02321288
2189130216000, -0.023823744, -0.003970624, 0.027794369
2189135623000, -0.023518313, -0.0015271631, 0.03145956
2189140312000, -0.025961773, 9.162979E-4, 0.03604105
2189145214000, -0.038179077, 0.005192355, 0.036957346
2189150218000, -0.038179077, 9.162979E-4, 0.033292156
2189155226000, -0.027183503, -0.005192355, 0.040011674
2189160223000, -0.03023783, 0.01282817, 0.042760566
