#Acceleration force along the x y z axes (including gravity).
#timestamp(ns),x,y,z(m/s^2)
#Datetime: 18/05/2015 17:57:03
##########################################
#Activity: 5 - STU - Stairs up - 10s
#Subject ID: 56
#First Name: sub56
#Last Name: sub56
#Age: 29
#Height(cm): 170
#Weight(kg): 75
#Gender: Male
##########################################

@DATA
20408523725000, -0.545878, 9.825804, -0.41180268
20408723574000, -0.63206923, 9.902418, -0.45010993
20408923646000, -0.46926352, 9.921572, -0.6799533
20409124099000, -0.545878, 9.586384, -0.4309563
20409134170000, -0.51714754, 9.624691, -0.46926352
20409144509000, -0.46926352, 9.758766, -0.49799395
20409156093000, -0.5267244, 9.739613, -0.48841715
20409165440000, -0.61291564, 9.873688, -0.50757074
20409175635000, -0.7757214, 9.730036, -0.5267244
20409185612000, -0.82360536, 9.873688, -0.5650316
20409195995000, -0.89064306, 10.007763, -0.61291564
20409206732000, -0.9959879, 10.055647, -0.62249243
20409216023000, -1.0534488, 10.065224, -0.59376204
20409226502000, -1.13964, 9.988609, -0.545878
20409236231000, -1.1300632, 10.055647, -0.5554548
20409246613000, -1.1587936, 10.084377, -0.51714754
20409266731000, -1.0342951, 10.103531, -0.41180268
20409277032000, -0.94810385, 10.1226845, -0.33518824
20409297018000, -0.7469909, 10.103531, -0.095768064
20409307247000, -0.59376204, 10.1226845, -0.02873042
20409317868000, -0.5363012, 10.141838, 0.0
20409327428000, -0.51714754, 10.208876, 0.038307227
20409337332000, -0.47884035, 10.266336, 0.06703765
20409348211000, -0.49799395, 10.333375, 0.16280572
20409368210000, -0.47884035, 10.323798, 0.20111294
20409378486000, -0.4309563, 10.362105, 0.16280572
20409388031000, -0.33518824, 10.323798, 0.19153613
20409398604000, -0.22026655, 10.333375, 0.25857377
20409408896000, -0.05746084, 10.381259, 0.2873042
20409419188000, 0.08619126, 10.43872, 0.38307226
20409429720000, 0.29688102, 10.534488, 0.4309563
20409440769000, 0.47884035, 10.783484, 0.51714754
20409450186000, 0.62249243, 11.099519, 0.6512229
20409462391000, 0.7661445, 11.511322, 0.92895025
20409471512000, 0.93852705, 11.932701, 1.3503298
20409482548000, 1.1109096, 12.363658, 1.8866309
20409492355000, 1.3024458, 12.804191, 2.5570073
20409503362000, 1.3790601, 13.072341, 3.3135753
20409513004000, 1.1683705, 13.254301, 4.1371803
20409523679000, 0.34476504, 12.909535, 4.8458643
20409543263000, -0.22984336, 12.258312, 4.357447
20409554040000, -0.641646, 11.779472, 4.3287168
20409563254000, -1.3790601, 10.812215, 4.0797195
20409573939000, -1.733402, 10.716447, 4.146757
20409583404000, -1.8770541, 10.448297, 4.0797195
20409625303000, -1.1204864, 9.595961, 4.146757
20409635738000, -0.48841715, 9.232041, 4.0222588
20409645540000, 0.22984336, 8.772355, 3.41892
20409654970000, 1.1204864, 8.121132, 2.4516625
20409666195000, 1.8100165, 7.5944076, 1.9440918
20409675488000, 2.0973208, 7.374141, 2.2888567
20409685424000, 2.135628, 7.4986396, 2.9879637
20409695963000, 1.9632454, 7.7667904, 3.6391866
20409706263000, 1.8579005, 7.8625584, 4.2425256
20409715646000, 2.135628, 7.441179, 4.510676
20409725687000, 2.4229321, 6.5984197, 4.55856
20409736891000, 2.7389667, 6.3206925, 4.4819455
20409746261000, 3.217807, 5.861006, 4.3766007
20409756074000, 3.4380736, 5.4300494, 4.2521024
20409766132000, 3.323152, 5.104438, 4.4340615
20409776281000, 3.4572272, 5.142745, 4.213795
20409796384000, 3.0933087, 5.4683566, 3.9552212
20409806531000, 2.9400797, 5.21936, 3.9839516
20409816611000, 2.6719291, 4.912902, 4.213795
20409826835000, 2.72939, 4.6830587, 4.357447
20409838291000, 2.6719291, 4.280833, 4.7979803
20409848582000, 2.882619, 3.9552212, 4.960786
20409861316000, 2.9783869, 3.9264908, 5.1810527
20409870503000, 3.1124623, 3.916914, 5.391742
20409880656000, 3.2848446, 3.8977604, 5.6215854
20409891083000, 3.265691, 4.0892963, 5.650316
20409900862000, 3.371036, 4.175488, 5.7748146
20409911409000, 3.2273839, 4.098873, 5.9663506
20409922865000, 2.7868507, 4.1276035, 6.1866174
20409931976000, 2.6431987, 4.0318356, 6.579266
20409942070000, 2.7581203, 4.1946416, 7.2592196
20409953265000, 2.9113493, 4.213795, 7.6231384
20409963886000, 3.371036, 4.4436383, 8.255207
20409973973000, 3.7541082, 4.8267107, 9.002198
20409984172000, 3.8881836, 5.4683566, 10.419566
20409994212000, 3.7541082, 6.244078, 11.779472
20410004246000, 3.7732618, 7.28795, 10.764331
20410015237000, 3.9839516, 7.8912888, 8.111555
20410024752000, 4.367024, 8.485051, 7.517793
20410034937000, 4.8937483, 9.730036, 8.532935
20410044930000, 5.209783, 11.013328, 9.902418
20410055461000, 3.821146, 10.869676, 8.724471
20410065468000, 3.2752678, 8.418014, 4.261679
20410075520000, 3.3327289, 7.7093296, 4.1180267
20410085596000, 3.4093432, 7.5944076, 3.7445314
20410096542000, 3.2752678, 7.728483, 3.2944214
20410107166000, 3.0071173, 7.967903, 3.0071173
20410116337000, 2.8060043, 8.331821, 3.0933087
20410126476000, 2.336741, 8.724471, 3.3518825
20410136652000, 1.6376339, 9.097966, 3.2561142
20410146779000, 0.8810662, 9.471462, 3.2465374
20410156850000, 0.4213795, 9.768343, 3.4093432
20410167061000, 0.18195933, 10.0269165, 3.7732618
20410177848000, -0.17238252, 10.113108, 4.2904096
20410187193000, -0.59376204, 9.988609, 4.3766007
20410197539000, -0.90021986, 9.883265, 4.2999864
20410208426000, -0.7182605, 9.624691, 4.0701427
20410217893000, -0.35434186, 9.452309, 3.9264908
20410228139000, 0.038307227, 9.059659, 3.9360676
20410238037000, 0.15322891, 8.6574335, 3.8786068
20410248785000, -0.1340753, 8.226477, 3.8498764
20410258996000, -0.5554548, 8.015787, 3.7062242
20410270351000, -1.0151415, 8.034941, 3.5913026
20410279671000, -1.541866, 8.130709, 3.4955344
20410290125000, -2.2505496, 8.1402855, 3.2848446
20410300519000, -3.064578, 8.283937, 2.9783869
20410311777000, -3.5913026, 8.418014, 2.7485435
20410321329000, -3.4763808, 8.810662, 2.8538885
20410331451000, -3.016694, 9.165004, 2.834735
20410341706000, -2.4995465, 9.433155, 2.7485435
20410351659000, -1.7812861, 9.423578, 2.6048915
20410362769000, -1.1683705, 9.308656, 2.327164
20410372035000, -1.1013328, 9.174581, 1.9728222
20410382164000, -1.3503298, 8.954314, 1.7812861
20410392560000, -1.3215994, 8.916007, 1.8866309
20410402364000, -1.3982137, 9.021352, 2.1547816
20410412943000, -1.6950948, 8.791509, 2.528277
20410422772000, -2.1452048, 8.7053175, 2.633622
20410433125000, -2.6240451, 8.37013, 2.72939
20410443214000, -2.9400797, 8.178593, 2.5570073
20410453081000, -3.1124623, 8.1402855, 2.834735
20410463457000, -3.169923, 8.350976, 3.1124623
20410474109000, -2.873042, 8.63828, 3.2752678
20410483983000, -2.6527755, 9.232041, 3.4572272
20410494672000, -2.7485435, 10.113108, 3.1794999
20410506118000, -2.9400797, 11.166556, 2.7006595
20410516322000, -2.7102363, 11.999739, 2.2697031
20410526370000, -1.934515, 12.612655, 2.3558946
20410536264000, -1.541866, 13.426683, 2.7006595
20410546563000, -1.4652514, 14.326903, 2.7581203
20410556965000, -1.3982137, 15.064317, 2.7389667
20410566212000, -1.5227122, 15.734694, 2.5091233
20410576023000, -1.6472107, 16.002844, 2.2984335
20410586100000, -1.7621324, 16.060305, 2.528277
20410596314000, -1.541866, 15.71554, 2.6144683
20410606847000, -0.5650316, 14.777013, 3.3997664
20410626821000, 0.0, 14.135366, 4.711789
20410636695000, 0.02873042, 14.058752, 4.5681367
20410646715000, -0.05746084, 13.972561, 3.9073372
20410656786000, -0.18195933, 13.733141, 3.3135753
20410666869000, -0.47884035, 13.426683, 2.8634653
20410676995000, -0.50757074, 13.484144, 2.3175871
20410687130000, -0.047884032, 13.752295, 1.8483237
20410697224000, 0.62249243, 13.618219, 1.5227122
20410707236000, 0.8810662, 13.024457, 1.0821792
20410717399000, 0.81402856, 12.373235, 0.22984336
20410727442000, 0.4213795, 11.616667, -1.4077905
20410737455000, 0.2777274, 11.520899, -1.8004397
20410747534000, -0.06703765, 11.473015, -0.5746084
20410757612000, -1.3120226, 11.664551, 1.4748282
20410767950000, -2.336741, 12.143391, 3.4572272
20410777838000, -2.2888567, 12.401965, 3.572149
20410787905000, -0.7278373, 11.903971, 3.3806129
20410798003000, 0.6991069, 10.840945, 3.2848446
20410808093000, 0.9768343, 9.653421, 3.064578
20410818235000, 0.6895301, 8.418014, 2.585738
20410828337000, 0.59376204, 7.029376, 1.8866309
20410838702000, 0.8714894, 5.142745, 1.6089035
20410848619000, 1.3120226, 3.715801, 1.1779473
20410859058000, 1.8291701, 2.2888567, 0.79487497
20410869145000, 2.2888567, 1.340753, 0.47884035
20410879747000, 2.4229321, 0.90979666, 0.2873042
20410890158000, 2.4995465, 0.6799533, 0.31603462
20410899845000, 2.4708161, 0.7661445, 0.6607997
20410910270000, 2.4037786, 0.79487497, 0.93852705
20410920111000, 2.3463178, 1.0534488, 1.0342951
20410930158000, 1.982399, 1.3024458, 1.1779473
20410940248000, 1.4173675, 1.3120226, 1.5705963
20410951027000, 1.2258313, 1.043872, 2.0111294
20410961070000, 1.1779473, 0.82360536, 2.767697
20410971057000, 2.566584, 0.6512229, 4.6160207
20410981044000, 3.0933087, 1.2066777, 6.8186865
20410991092000, 3.4955344, 2.3942018, 9.5385
20411000883000, 2.5761611, 4.0414124, 11.18571
20411010895000, 1.685518, 5.401319, 11.894394
20411020909000, 0.20111294, 5.544971, 10.783484
20411031177000, -0.641646, 5.0661306, 8.791509
20411041307000, 0.095768064, 4.7884035, 7.929596
20411051253000, 1.3694834, 5.5737014, 6.885724
20411061987000, 2.767697, 7.2783732, 2.3558946
20411071358000, 4.8458643, 9.586384, 0.11492168
20411082082000, 8.446744, 12.679692, 5.2289367
20411092013000, 8.504205, 15.811308, 8.341399
20411103079000, 5.851429, 17.123331, 6.7324953
20411113116000, 2.8538885, 15.8304615, 3.9743748
20411123922000, 0.6799533, 13.474567, 0.81402856
20411133235000, 0.37349546, 11.18571, 0.4405331
20411143101000, 0.9576807, 9.088389, 1.6567876
20411153327000, 1.388637, 7.920019, 2.6240451
20411164203000, 1.4077905, 7.6135616, 2.5474305
20411174301000, 1.2641385, 7.9966335, 2.3463178
20411183784000, 1.043872, 8.619126, 2.3558946
20411194393000, 0.80445176, 9.3661175, 2.6431987
20411203980000, 0.2777274, 10.208876, 3.2848446
20411214010000, -0.4309563, 10.936713, 3.466804
20411225003000, -1.2258313, 11.405977, 3.4284968
20411235145000, -1.9153614, 11.559206, 3.371036
20411244922000, -2.2122424, 11.252748, 3.2752678
20411254816000, -2.1164744, 10.7356, 3.122039
20411265127000, -2.087744, 10.103531, 3.217807
20411275253000, -1.9919758, 9.471462, 3.323152
20411285336000, -1.6950948, 9.050082, 3.0071173
20411295823000, -1.5993267, 8.561666, 2.5953147
20411305549000, -1.5801731, 8.331821, 2.5091233
20411316068000, -1.6089035, 7.7093296, 2.27928
20411326862000, -1.7238252, 7.5465236, 1.8866309
20411336321000, -1.9440918, 7.6614456, 1.6567876
20411346525000, -2.2601264, 7.872135, 1.6089035
20411356594000, -2.384625, 7.9008656, 1.7142484
20411366857000, -2.336741, 8.159439, 1.8195933
20411376890000, -2.183512, 8.408437, 1.9249382
20411386864000, -1.7908629, 8.944737, 1.9728222
20411397178000, -1.3503298, 8.810662, 2.4995465
20411407187000, -0.8714894, 8.743625, 2.6623523
20411419222000, -0.7278373, 8.532935, 2.6910827
20411431274000, -0.8619126, 8.322245, 2.7868507
20411442173000, -1.3215994, 8.283937, 2.767697
20411452064000, -2.078167, 8.465898, 2.930503
20411462817000, -2.72939, 8.992621, 3.4476504
20411472249000, -2.9496565, 9.548077, 3.5529952
20411492753000, -2.9017725, 9.758766, 3.016694
20411502624000, -2.777274, 9.844957, 1.4173675
20411512952000, -2.327164, 11.070788, 1.3694834
20411523047000, -2.1164744, 12.334928, 1.4652514
20411533695000, -1.8387469, 13.503298, 1.5705963
20411545410000, -1.5897499, 14.537593, 1.6089035
20411555294000, -1.3311762, 15.495274, 1.7238252
20411565535000, -1.1300632, 16.232687, 1.8195933
20411575574000, -0.8810662, 17.00841, 1.7812861
20411585737000, -0.641646, 17.583017, 2.0111294
20411595793000, -0.25857377, 17.640478, 2.4995465
20411606230000, 0.25857377, 17.017986, 3.2561142
20411616134000, 0.61291564, 16.19438, 4.10845
20411626068000, 0.7182605, 15.658079, 4.8458643
20411636323000, 0.4405331, 15.140931, 4.9224787
20411646717000, -0.12449849, 14.78659, 4.309563
20411656783000, -0.7278373, 14.518439, 3.8881836
20411668719000, -1.3790601, 14.15452, 3.016694
20411678757000, -2.0015526, 13.8480625, 2.1260512
20411688678000, -2.135628, 13.512875, 1.3215994
20411698718000, -1.6472107, 13.196839, 0.6799533
20411709118000, -0.6512229, 12.804191, 0.12449849
20411719171000, -0.40222588, 11.951855, -0.36391866
20411730284000, -0.06703765, 9.969456, -1.1779473
20411740191000, 0.40222588, 9.768343, -1.1013328
20411750213000, 0.641646, 9.844957, -0.2777274
20411760668000, 0.47884035, 9.9790325, 1.0630256
20411770506000, -0.1436521, 10.553641, 2.7485435
20411780743000, 0.009576807, 11.291056, 3.0550013
20411791136000, 0.9672575, 11.549629, 2.7964275
20411800295000, 1.532289, 10.764331, 2.681506
20411810653000, 1.1109096, 9.509769, 2.8634653
20411820681000, 0.46926352, 8.283937, 2.825158
20411830554000, 0.019153614, 7.0006456, 2.5474305
20411841198000, 0.16280572, 5.765238, 2.087744
20411852072000, 0.45010993, 4.501099, 1.8579005
20411862846000, 0.90021986, 3.2944214, 1.532289
20411872129000, 1.2545617, 2.3750482, 1.2354081
20411882938000, 1.4269443, 1.8387469, 0.7374141
20411892592000, 1.436521, 1.4939818, 0.40222588
20411902886000, 1.2066777, 1.1109096, 0.23942018
20411912821000, 1.5035586, 1.2258313, -0.1340753
20411923528000, 1.5610195, 1.3024458, -0.095768064
20411932891000, 1.7908629, 1.4748282, 0.05746084
20411943274000, 1.8674773, 1.4652514, 0.35434186
20411953773000, 2.087744, 1.2737153, 0.7278373
20411963360000, 2.5187001, 1.0151415, 1.5897499
20411973895000, 3.2273839, 0.92895025, 2.4708161
20411985188000, 4.156334, 0.93852705, 4.367024
20412005092000, 5.1140146, 2.4995465, 5.410896
20412015297000, 4.711789, 3.2752678, 5.6215854
20412025479000, 4.3957543, 3.964798, 6.1100025
20412035496000, 4.10845, 4.510676, 7.2113357
20412046353000, 3.9360676, 5.1906295, 9.605537
20412055525000, 4.012682, 6.4164605, 12.5743475
20412065610000, 4.2425256, 8.504205, 13.43626
20412075626000, 4.5777135, 10.67814, 11.750742
20412085710000, 5.66947, 12.287044, 10.419566
20412095936000, 6.253655, 13.67568, 10.649409
20412106630000, 4.261679, 14.748282, 10.697293
20412116143000, 1.3982137, 13.8480625, 8.1402855
20412126172000, 0.4213795, 11.271901, 4.9320555
20412136485000, 0.9768343, 9.174581, 2.6144683
20412146778000, 2.384625, 7.5082164, 1.6663644
20412157318000, 3.5625722, 6.339846, 1.8195933
20412166642000, 3.8977604, 5.6120086, 2.0590134
20412176730000, 3.620033, 5.5737014, 1.7525556
20412186660000, 3.0454245, 6.3111157, 1.6184803
20412197212000, 2.4229321, 7.6614456, 1.7238252
20412208400000, 1.5993267, 9.14585, 1.8674773
20412217704000, 0.46926352, 10.840945, 2.087744
20412228560000, -0.58418524, 12.727576, 2.432509
20412238616000, -1.7621324, 14.259866, 3.5913026
20412250251000, -3.2465374, 14.882358, 4.711789
20412260959000, -4.060566, 14.60463, 5.0182467
20412270679000, -3.9360676, 13.445837, 4.3766007
20412280812000, -2.2888567, 10.103531, 3.9935284
20412291304000, -1.4460979, 8.628703, 3.466804
20412301904000, -0.7374141, 7.441179, 3.0071173
20412311249000, -0.17238252, 6.7324953, 2.825158
20412331402000, 0.11492168, 6.1195793, 2.767697
20412341459000, -0.17238252, 6.445191, 2.432509
20412351665000, -0.842759, 6.9048777, 2.0111294
20412361748000, -1.6280571, 7.5944076, 1.982399
20412371763000, -2.3654714, 8.523358, 2.030283
20412382300000, -2.920926, 9.002198, 2.0015526
20412392220000, -3.2944214, 9.212888, 2.2122424
20412403140000, -3.2848446, 8.935161, 2.2984335
20412413327000, -2.834735, 8.647857, 2.231396
20412424186000, -1.8770541, 8.1881695, 2.2026656
20412433575000, -1.1109096, 7.795521, 2.2697031
20412443637000, -0.4309563, 7.642292, 2.1164744
20412454150000, -0.10534488, 7.565677, 2.2409728
20412464916000, -0.24899697, 7.9008656, 2.4516625
20412474522000, -0.81402856, 8.283937, 2.480393
20412484795000, -1.5131354, 8.552089, 2.231396
20412494809000, -2.2122424, 8.599973, 2.1068976
20412505360000, -2.777274, 9.107543, 1.9249382
20412515053000, -2.9879637, 9.548077, 1.541866
20412525123000, -2.8538885, 9.595961, 1.4556746
20412535681000, -2.4133554, 9.662998, 1.484405
20412546185000, -1.9249382, 10.103531, 1.8674773
20412556858000, -1.5227122, 11.865664, 2.4516625
20412576130000, -0.7661445, 13.637373, 2.1164744
20412586240000, -0.7086837, 15.08347, 1.4652514
20412596299000, -0.8714894, 16.385916, 1.0630256
20412606744000, -0.9672575, 17.324444, 1.0055647
20412616290000, -0.94810385, 17.927782, 1.6472107
20412626559000, -0.90021986, 18.377892, 2.7485435
20412636450000, -0.39264908, 18.521544, 3.2465374
20412646533000, 0.34476504, 17.803284, 3.4572272
20412657746000, 0.7374141, 16.883911, 3.5338416
20412667087000, 0.6512229, 16.050728, 3.3039982
20412677453000, 0.4213795, 15.47612, 2.930503
20412687225000, 0.15322891, 15.150508, 2.6910827
20412697598000, -0.22026655, 14.930242, 2.3558946
20412708055000, -0.9576807, 14.719552, 2.2984335
20412717670000, -1.5131354, 14.681245, 1.7525556
20412727923000, -1.5035586, 14.614207, 0.81402856
20412738730000, -0.82360536, 14.4130945, -0.17238252
20412749133000, 0.05746084, 13.982138, -0.8714894
20412760404000, 0.20111294, 12.976573, -1.9536686
20412770552000, 0.16280572, 11.33894, -2.930503
20412780969000, -0.20111294, 10.007763, -2.5761611
20412791758000, -0.90979666, 9.3182335, -1.733402
20412812495000, -1.8483237, 9.739613, 1.1875241
20412821615000, -2.1452048, 10.563218, 3.1890767
20412831718000, -1.8674773, 11.089942, 3.8786068
20412842083000, 0.61291564, 9.816227, 1.8674773
20412852067000, 0.62249243, 8.264784, 1.6759412
20412863051000, -0.11492168, 6.9623384, 1.9057846
20412872244000, -0.641646, 6.167464, 1.6280571
20412882586000, -0.4405331, 5.3821654, 1.2258313
20412892498000, 0.019153614, 4.1946416, 0.89064306
20412902772000, 0.46926352, 2.8060043, 0.4405331
20412914121000, 1.0342951, 1.7238252, -0.06703765
20412923971000, 1.5227122, 0.91937345, -0.37349546
20412934242000, 1.7525556, 0.4405331, -0.2777274
20412944311000, 2.087744, 0.15322891, -0.1340753
20412955372000, 2.3750482, 0.08619126, 0.12449849
20412965605000, 2.5378537, 0.7565677, 0.2681506
20412976300000, 3.1603463, 1.2066777, 0.7086837
20412985891000, 3.2369606, 1.5801731, 1.484405
20412996222000, 3.2848446, 1.9632454, 2.777274
20413007279000, 2.8443117, 2.1452048, 4.003105
20413016360000, 3.083732, 2.4420857, 5.889736
20413026320000, 3.466804, 2.3750482, 7.4507556
20413036454000, 3.8786068, 2.4612393, 9.260772
20413046930000, 4.1276035, 3.1794999, 11.329363
20413057015000, 3.6774938, 4.0892963, 11.358093
20413067411000, 2.72939, 4.510676, 8.647857
20413076969000, 2.7964275, 4.146757, 5.8801594
20413087368000, 2.4899697, 4.7884035, 1.4652514
20413097619000, 4.2904096, 5.9759274, -0.047884032
20413107395000, 7.441179, 8.896853, 8.341399
20413117396000, 6.7324953, 13.043611, 10.764331
20413127705000, 2.5474305, 15.179238, 4.3766007
20413138044000, 1.7046716, 14.489709, 3.1986535
20413148368000, 1.7238252, 12.928689, 4.0797195
20413157990000, 1.388637, 10.6398325, 3.5817258
20413169000000, 1.0534488, 8.973468, 2.920926
20413178176000, 0.6799533, 8.073248, 2.8538885
20413188250000, 0.39264908, 7.9583263, 3.016694
20413198523000, 0.16280572, 8.360553, 3.1890767
20413208542000, -0.16280572, 8.916007, 3.2752678
20413219045000, -0.6607997, 9.691729, 3.4093432
20413230140000, -1.2354081, 10.630256, 3.6774938
20413240730000, -1.7812861, 11.473015, 3.7732618
20413250876000, -2.1643584, 12.018892, 3.8019924
20413261261000, -2.2026656, 12.143391, 3.3614593
20413271347000, -1.8962077, 11.769896, 3.0454245
20413281675000, -1.2449849, 11.204864, 2.72939
20413291737000, -0.5650316, 10.381259, 2.4229321
20413301771000, 0.038307227, 9.442732, 2.327164
20413311904000, 0.7086837, 8.686164, 2.2505496
20413321726000, 1.388637, 8.130709, 2.2984335
20413331921000, 1.9440918, 7.7093296, 2.2697031
20413342115000, 2.183512, 7.335834, 2.1452048
20413352123000, 1.9249382, 7.153875, 1.7908629
20413362519000, 1.2545617, 7.201759, 1.3790601
20413372303000, 0.25857377, 7.469909, 1.5993267
20413382430000, -0.6799533, 7.4603324, 2.0111294
20413393361000, -1.4652514, 7.73806, 2.2505496
20413413044000, -2.5474305, 8.207323, 2.4516625
20413423317000, -2.3942018, 8.963891, 2.6144683
20413433208000, -2.2218192, 9.203311, 2.815581
20413443143000, -2.1452048, 9.433155, 2.873042
20413453484000, -2.1930888, 9.385271, 2.767697
20413463706000, -2.3175871, 9.299079, 2.777274
20413473999000, -2.384625, 9.433155, 2.8538885
20413483550000, -2.8538885, 9.80665, 2.920926
20413494355000, -3.7253778, 10.477027, 2.7964275
20413504231000, -4.280833, 11.003751, 2.5570073
20413514499000, -4.0701427, 11.252748, 2.4229321
20413534688000, -3.3997664, 11.616667, 2.3558946
20413545680000, -2.8443117, 11.894394, 2.1739352
20413555804000, -1.8866309, 12.229582, 2.0590134
20413565328000, -0.6703765, 12.411542, 2.2409728
20413575497000, 0.63206923, 12.5743475, 2.5570073
20413585566000, 1.685518, 13.321339, 2.777274
20413595739000, 2.135628, 14.4130945, 3.217807
20413606225000, 2.1930888, 15.485697, 3.41892
20413615453000, 1.4652514, 16.634912, 3.2273839
20413625657000, 0.2873042, 17.72667, 3.265691
20413635857000, -0.24899697, 18.02355, 3.6870706
20413645739000, -0.15322891, 17.324444, 4.5202527
20413656290000, -0.038307227, 16.395493, 5.2002063
20413666264000, -0.095768064, 15.811308, 5.2289367
20413676265000, -0.16280572, 15.160085, 4.261679
20413686440000, -0.5267244, 14.5088625, 3.016694
20413696558000, -0.90979666, 14.393941, 1.6759412
20413706742000, -1.3311762, 14.058752, -0.20111294
20413716883000, -1.5035586, 13.819332, -1.6663644
20413726914000, -0.7661445, 13.560759, -3.074155
20413737010000, 0.038307227, 12.832921, -4.548983
20413747287000, 0.4213795, 11.453861, -4.7979803
20413758184000, 0.7565677, 10.352529, -0.9864111
20413777912000, -0.8619126, 10.97502, 4.999093
20413787994000, -1.1587936, 12.143391, 5.48751
20413797863000, 0.11492168, 12.497733, 2.9879637
20413808370000, 1.1875241, 11.473015, 1.4652514
20413818066000, 1.4269443, 10.093954, 1.3599066
20413828663000, 0.6607997, 8.935161, 1.9057846
20413838628000, 0.10534488, 7.9104424, 2.4995465
20413848517000, 0.11492168, 6.7324953, 2.3942018
20413858999000, 0.48841715, 5.48751, 1.8291701
20413869253000, 0.7182605, 4.462792, 1.2545617
20413880402000, 0.9672575, 3.6296098, 0.81402856
20413890762000, 1.2258313, 2.9496565, 0.51714754
20413900925000, 1.5610195, 2.3080103, 0.2681506
20413911515000, 1.8770541, 2.3175871, 0.4309563
20413921616000, 2.2984335, 1.9536686, 0.5267244
20413931740000, 2.6527755, 1.8579005, 0.49799395
20413941527000, 2.777274, 1.6950948, 0.6512229
20413951675000, 3.2944214, 1.8195933, 0.6607997
20413962047000, 3.2752678, 1.8387469, 1.0726024
20413971931000, 3.0454245, 2.0685902, 1.4269443
20413982054000, 3.3039982, 1.436521, 2.0494366
20413995381000, 3.667917, 1.0534488, 2.96881
20414005207000, 3.8786068, 1.1204864, 4.9895163
20414014683000, 4.003105, 1.7717092, 7.97748
20414024827000, 4.357447, 2.96881, 10.783484
20414035107000, 4.1659107, 3.964798, 12.028469
20414045443000, 2.834735, 4.414908, 8.6574335
20414055096000, 1.0055647, 3.5338416, 5.046977
20414065759000, 0.7278373, 3.5434184, 3.7062242
20414075877000, 1.7621324, 4.4723687, 0.8331822
20414085838000, 3.3039982, 6.196194, 2.2601264
20414096262000, 5.841852, 10.46745, 10.668563
20414106198000, 5.2480903, 15.006856, 12.976573
20414116162000, 2.9113493, 17.27656, 7.785944
20414126139000, 1.8004397, 18.301277, 4.367024
20414136102000, 1.3503298, 15.811308, 3.4093432
20414146580000, 1.2545617, 12.4785795, 3.5625722
20414156401000, 1.13964, 9.356541, 3.265691
20414166188000, 1.0247183, 7.469909, 2.7964275
20414176233000, 1.2354081, 6.655881, 2.4229321
20414186404000, 1.4652514, 6.703765, 2.183512
20414196527000, 1.4939818, 7.0102224, 2.4420857
20414206722000, 1.5035586, 7.7093296, 2.384625
20414216698000, 1.3215994, 8.858546, 2.4899697
20414226734000, 0.82360536, 10.160992, 2.9783869
20414237254000, 0.15322891, 11.176133, 3.2369606
20414247081000, -0.59376204, 11.530476, 3.074155
20414257401000, -0.94810385, 11.36767, 2.6719291
20414267328000, -0.91937345, 10.927136, 2.5091233
20414277313000, -0.7565677, 10.25676, 2.566584
20414287538000, -0.6607997, 9.701305, 2.5761611
20414297586000, -0.31603462, 9.203311, 2.432509
20414307846000, 0.009576807, 8.647857, 2.4420857
20414317884000, 0.11492168, 8.197746, 2.585738
20414328736000, -0.20111294, 7.929596, 2.5474305
20414338310000, -0.6991069, 7.479486, 2.4037786
20414349464000, -2.2218192, 6.8665705, 1.1683705
20414359259000, -3.016694, 7.038953, 0.6607997
20414369489000, -3.5242648, 7.4124484, 0.7565677
20414379707000, -3.5051112, 7.785944, 1.1204864
20414390484000, -3.083732, 8.465898, 1.484405
20414400488000, -2.6144683, 8.954314, 1.6472107
20414410382000, -2.2218192, 9.184157, 2.0015526
20414420383000, -1.7142484, 9.394848, 2.3654714
20414430826000, -1.2545617, 9.356541, 2.585738
20414441093000, -0.80445176, 9.203311, 2.633622
20414450978000, -0.39264908, 8.954314, 2.7102363
20414461458000, -0.35434186, 8.896853, 2.6527755
20414471580000, -0.50757074, 8.916007, 2.7006595
20414481728000, -0.9576807, 9.251195, 2.4995465
20414491639000, -1.8004397, 9.385271, 2.384625
20414501729000, -2.7389667, 9.701305, 2.2409728
20414511940000, -3.4093432, 10.218452, 2.2601264
20414521919000, -3.763685, 10.745177, 2.2505496
20414532869000, -4.0318356, 11.099519, 2.1547816
20414553037000, -3.6870706, 11.281479, 1.9249382
20414563497000, -3.122039, 11.645397, 1.8100165
20414574002000, -2.3942018, 12.066776, 1.6089035
20414583781000, -1.4173675, 12.919112, 1.340753
20414593906000, -0.6895301, 14.173674, 1.3982137
20414603700000, -0.12449849, 15.696386, 1.1109096
20414613726000, 0.2681506, 17.219099, 0.90979666
20414624643000, 0.35434186, 18.626888, 1.0247183
20414644294000, 0.81402856, 17.257406, 2.3654714
20414654663000, 1.3694834, 16.290148, 2.9879637
20414664933000, 1.5514427, 15.600618, 3.6966474
20414675280000, 1.2737153, 15.20797, 4.213795
20414684819000, 0.6799533, 15.073894, 4.4436383
20414695308000, -0.19153613, 14.958972, 4.2042184
20414705098000, -1.1779473, 14.5567465, 3.7828386
20414715975000, -2.2122424, 14.317327, 2.8634653
20414726148000, -2.4516625, 13.9917145, 1.3694834
20414735278000, -1.7046716, 13.761871, -0.30645782
20414745405000, -0.21068975, 14.049175, -1.5131354
20414755465000, 0.5554548, 13.148955, -3.1411927
20414766134000, 0.095768064, 11.15698, -3.9360676
20414776272000, -0.36391866, 10.113108, -3.5338416
20414786458000, -0.24899697, 10.208876, -1.8962077
20414796841000, -0.30645782, 10.649409, 0.94810385
20414807747000, -1.0247183, 11.377247, 2.8921957
20414817065000, -1.3503298, 11.731588, 4.1659107
20414827184000, -1.4173675, 11.87524, 3.8115692
20414837304000, 0.24899697, 12.11466, 2.3942018
20414847411000, 1.2066777, 11.425131, 2.7485435
20414857822000, 0.59376204, 10.524911, 3.1411927
20414867828000, -0.2873042, 9.787497, 2.9975405
20414877967000, -0.51714754, 8.7053175, 2.2505496
20414888290000, -0.2681506, 7.067683, 1.9919758
20414898081000, 0.22026655, 5.9280434, 1.0821792
20414908219000, 0.62249243, 4.5777135, 0.33518824
20414918438000, 1.1587936, 3.0933087, -0.095768064
20414928376000, 1.5801731, 1.8579005, -0.12449849
20414938441000, 1.7525556, 1.0821792, -0.17238252
20414950889000, 2.5187001, 1.1300632, -0.5267244
20414960682000, 2.7868507, 1.0342951, -0.47884035
20414970683000, 2.4995465, 1.2066777, -0.25857377
20414980882000, 3.1028855, 0.90021986, -0.12449849
20414990905000, 2.920926, 0.8523358, 0.22026655
20415001054000, 2.7868507, 1.0055647, 0.51714754
20415011204000, 2.2697031, 1.3982137, 1.3503298
20415021448000, 2.834735, 1.3215994, 2.528277
20415031238000, 3.064578, 1.2354081, 3.074155
20415041349000, 3.2465374, 1.1971009, 3.763685
20415051631000, 3.7732618, 1.3024458, 5.267244
20415063086000, 3.6391866, 1.8291701, 6.157887
20415072052000, 3.4284968, 2.767697, 7.07726
20415082171000, 3.0933087, 3.7924154, 7.776367
20415092244000, 2.5953147, 4.453215, 8.437167
20415102856000, 2.2888567, 4.903325, 9.385271
20415113010000, 2.3750482, 6.1004257, 11.281479
20415122696000, 3.715801, 8.121132, 15.131354
20415132815000, 5.2768207, 10.936713, 17.33402
20415143417000, 5.8801594, 13.053187, 17.678785
20415154161000, 5.707777, 12.248735, 14.911088
20415164169000, 4.309563, 7.728483, 9.576807
20415175117000, 4.10845, 4.1371803, 1.7525556
20415184771000, 5.3342814, 2.8634653, 0.9768343
20415195204000, 7.441179, 4.759673, 5.7269306
20415205158000, 6.3685765, 6.588843, 8.015787
20415215563000, 1.0342951, 6.6271505, 2.5953147
20415226011000, 1.7717092, 6.3302693, 2.078167
20415236215000, 3.514688, 6.8186865, 3.371036
20415246807000, 4.4819455, 7.469909, 4.1659107
20415256038000, 4.6160207, 8.073248, 4.261679
20415266859000, 4.3287168, 8.379706, 4.405331
20415276914000, 3.7924154, 8.485051, 4.4340615
20415287269000, 3.217807, 8.599973, 4.3478703
20415297438000, 2.7868507, 8.686164, 4.0797195
20415307922000, 2.566584, 8.810662, 3.8977604
20415317525000, 2.3080103, 8.762778, 3.9935284
20415327802000, 2.030283, 8.6574335, 3.8594532
20415338282000, 1.6759412, 8.331821, 3.5529952
20415347786000, 1.1300632, 8.24563, 3.3997664
20415359263000, 0.7565677, 8.389283, 3.3806129
20415368337000, 0.35434186, 8.523358, 3.4955344
20415378590000, -0.10534488, 8.580819, 3.572149
20415388684000, -0.48841715, 8.561666, 3.5625722
20415399006000, -0.7565677, 8.571242, 3.6487634
20415409161000, -0.91937345, 8.561666, 3.6583402
20415419681000, -1.0821792, 8.599973, 3.6487634
20415439788000, -1.3982137, 8.695741, 3.3518825
20415449898000, -1.4460979, 8.791509, 3.217807
20415460576000, -1.484405, 8.90643, 3.0071173
20415470177000, -1.4460979, 8.992621, 2.72939
20415480544000, -1.3790601, 9.165004, 2.585738
20415490579000, -1.1875241, 9.241618, 2.5953147
20415500523000, -0.93852705, 9.193734, 2.6527755
20415510618000, -0.6991069, 8.992621, 2.633622
20415520843000, -0.45010993, 8.561666, 2.3558946
20415530867000, -0.36391866, 8.513782, 2.2218192
20415540936000, -0.29688102, 8.724471, 2.1643584
20415550884000, -0.22026655, 9.021352, 2.2122424
20415560971000, -0.34476504, 9.270349, 2.135628
20415571031000, -0.4405331, 9.490616, 1.9536686
20415581145000, -0.5363012, 9.634268, 1.6376339
20415591261000, -0.51714754, 9.653421, 1.5227122
20415611506000, -0.4213795, 9.672575, 1.6950948
20415621666000, -0.22984336, 9.691729, 1.7429788
20415631800000, -0.1340753, 9.528923, 1.7046716
20415641680000, -0.009576807, 9.442732, 1.4460979
20415651929000, 0.019153614, 9.3182335, 1.2354081
20415662657000, -0.047884032, 9.232041, 1.1587936
20415672019000, -0.15322891, 9.299079, 1.2258313
20415682154000, -0.34476504, 9.471462, 1.2737153
20415692387000, -0.50757074, 9.720459, 1.3790601
20415702699000, -0.6991069, 9.950302, 1.541866
20415713059000, -0.9768343, 10.065224, 1.6567876
20415722854000, -1.2354081, 10.170568, 1.6759412
20415733045000, -1.5801731, 10.208876, 1.7238252
20415743468000, -1.9153614, 10.247183, 1.4556746
20415754009000, -2.135628, 10.43872, 0.7661445
20415764157000, -2.1930888, 10.409989, 0.1340753
20415774479000, -2.0590134, 10.065224, -0.19153613
20415785149000, -1.3982137, 9.662998, -0.4405331
20415795581000, -0.51714754, 9.414001, -0.45968673
20415805835000, 0.33518824, 9.069236, -0.41180268
20415816000000, 1.0630256, 8.992621, -0.40222588
20415826075000, 1.4556746, 9.710882, -0.6703765
20415835951000, 1.1587936, 9.902418, -0.641646
20415846777000, 0.59376204, 9.77792, -0.45968673
20415856138000, -0.1340753, 9.528923, -0.2681506
20415866327000, -0.8810662, 9.414001, -0.21068975
20415876387000, -1.4652514, 9.5385, -0.15322891
20415886518000, -1.8291701, 9.969456, 0.08619126
20415896897000, -1.8387469, 10.496181, 0.37349546
20415906723000, -1.6567876, 10.936713, 0.5554548
20415916809000, -1.1875241, 11.051635, 0.45010993
20415926888000, -0.545878, 10.821792, 0.009576807
20415937001000, 0.18195933, 10.524911, -0.15322891
20415947308000, 0.82360536, 10.208876, -0.12449849
20415957410000, 1.3120226, 10.055647, 0.08619126
20415967333000, 1.8195933, 9.950302, -0.16280572
20415977447000, 1.9919758, 9.768343, -0.59376204
20415987729000, 1.8483237, 9.414001, -1.0821792
20415997901000, 1.292869, 9.097966, -1.2737153
20416008311000, 0.58418524, 8.992621, -1.4269443
20416018182000, -0.15322891, 9.14585, -1.4652514
20416028105000, -0.7086837, 9.548077, -1.340753
20416038164000, -0.9768343, 9.950302, -1.1109096
20416048344000, -0.8619126, 10.25676, -1.1013328
20416058237000, -0.58418524, 10.218452, -0.9576807
20416068557000, -0.30645782, 10.093954, -0.79487497
20416078898000, 0.038307227, 9.9790325, -0.90021986
20416089035000, 0.34476504, 9.864111, -1.1109096
20416099312000, 0.60333884, 9.959879, -1.1492168
20416109406000, 0.78529817, 10.093954, -0.92895025
20416120147000, 0.93852705, 10.151415, -0.59376204
20416140867000, 0.8331822, 10.084377, -0.2873042
20416150992000, 0.41180268, 9.844957, -0.6991069
20416160885000, 0.10534488, 9.710882, -0.90979666
20416171016000, -0.009576807, 9.643845, -1.1204864
20416181141000, 0.047884032, 9.768343, -1.1587936
20416191175000, 0.17238252, 9.892841, -1.1683705
20416201356000, 0.2873042, 9.902418, -1.0534488
20416211280000, 0.35434186, 9.892841, -0.9959879
20416221185000, 0.39264908, 9.873688, -1.0055647
20416231296000, 0.31603462, 9.844957, -1.0342951
20416241326000, 0.20111294, 9.835381, -1.043872
20416251545000, 0.22026655, 9.892841, -0.90021986
20416262215000, 0.32561144, 9.921572, -0.7757214
20416271956000, 0.4213795, 10.055647, -0.6512229
20416282874000, 0.4405331, 10.1226845, -0.62249243
20416293066000, 0.37349546, 10.036493, -0.6991069
20416303193000, 0.24899697, 9.911995, -0.6895301
20416313746000, 0.1436521, 9.768343, -0.6799533
20416323469000, 0.047884032, 9.720459, -0.6991069
20416343492000, 0.019153614, 9.739613, -0.7086837
20416354059000, -0.009576807, 9.758766, -0.6607997
20416364071000, -0.02873042, 9.854534, -0.62249243
20416374922000, -0.10534488, 9.921572, -0.7182605
20416385149000, -0.20111294, 9.902418, -0.59376204
20416395678000, -0.2873042, 9.873688, -0.61291564
20416405475000, -0.35434186, 9.825804, -0.60333884
20416415643000, -0.34476504, 9.816227, -0.59376204
20416425577000, -0.33518824, 9.835381, -0.60333884
20416435724000, -0.32561144, 9.80665, -0.63206923
20416446241000, -0.2681506, 9.825804, -0.5746084
20416456018000, -0.24899697, 9.864111, -0.5554548
20416476048000, -0.2681506, 9.787497, -0.51714754
20416486209000, -0.25857377, 9.816227, -0.545878
20416496463000, -0.23942018, 9.825804, -0.60333884
20416516404000, -0.20111294, 9.825804, -0.6799533
20416536789000, -0.19153613, 9.835381, -0.7374141
20416557152000, -0.095768064, 9.825804, -0.81402856
20416567098000, -0.009576807, 9.854534, -0.82360536
20416577234000, 0.047884032, 9.883265, -0.80445176
20416587435000, 0.1340753, 9.892841, -0.7469909
20416597555000, 0.24899697, 9.940725, -0.79487497
20416627576000, 0.33518824, 9.931149, -0.80445176
20416637567000, 0.34476504, 9.902418, -0.81402856
20416657895000, 0.45010993, 9.892841, -0.80445176
20416668234000, 0.46926352, 9.931149, -0.81402856
20416678300000, 0.50757074, 9.959879, -0.80445176
20416688582000, 0.45968673, 10.007763, -0.8331822
20416708988000, 0.41180268, 10.01734, -0.90979666
20416719044000, 0.31603462, 9.950302, -0.8523358
20416729367000, 0.21068975, 9.835381, -0.7757214
20416739445000, 0.1340753, 9.768343, -0.6799533
20416749992000, 0.08619126, 9.730036, -0.50757074
20416760135000, 0.076614454, 9.758766, -0.47884035
20416770184000, -0.009576807, 9.825804, -0.4309563
20416780427000, 0.02873042, 9.883265, -0.45010993
20416790504000, 0.076614454, 9.950302, -0.5746084
20416801126000, 0.15322891, 9.940725, -0.8619126
20416811084000, 0.22026655, 9.902418, -0.9768343
20416831062000, 0.4309563, 9.883265, -1.1492168
20416841278000, 0.5267244, 9.854534, -1.1300632
20416862237000, 0.6703765, 9.864111, -0.9864111
20416871290000, 0.7374141, 9.825804, -0.9959879
20416881407000, 0.7661445, 9.835381, -0.9864111
20416901616000, 0.7086837, 9.816227, -1.1109096
20416912047000, 0.6512229, 9.77792, -1.1300632
20416921969000, 0.59376204, 9.80665, -1.13964
20416932229000, 0.5746084, 9.816227, -1.043872
20416942065000, 0.5363012, 9.873688, -0.9864111
20416952137000, 0.46926352, 9.921572, -0.89064306
20416962516000, 0.40222588, 9.950302, -0.8714894
20416972330000, 0.25857377, 9.9790325, -0.8810662
20416982717000, 0.19153613, 9.921572, -0.90979666
20416992714000, 0.15322891, 9.892841, -0.8523358
20417013576000, 0.19153613, 9.844957, -0.81402856
20417023645000, 0.22984336, 9.873688, -0.7374141
20417034165000, 0.25857377, 9.911995, -0.6799533
20417044283000, 0.2777274, 9.931149, -0.61291564
20417055122000, 0.29688102, 9.921572, -0.641646
20417064747000, 0.22984336, 9.864111, -0.62249243
20417074761000, 0.1436521, 9.844957, -0.63206923
20417095151000, 0.019153614, 9.883265, -0.61291564
20417105350000, -0.038307227, 9.902418, -0.62249243
20417125376000, -0.009576807, 10.04607, -0.78529817
20417135488000, -0.08619126, 10.0269165, -0.60333884
20417146010000, -0.095768064, 9.787497, -0.59376204
20417155749000, 0.02873042, 9.80665, -0.39264908
20417166400000, 0.08619126, 9.854534, -0.35434186
20417175969000, 0.076614454, 9.959879, -0.34476504
20417187300000, 0.019153614, 9.911995, -0.39264908
20417197446000, 0.0, 9.825804, -0.47884035
20417208208000, -0.08619126, 9.749189, -0.45010993
20417217729000, -0.06703765, 9.720459, -0.5650316
20417228006000, 0.0, 9.835381, -0.60333884
20417248102000, 0.038307227, 9.902418, -0.5746084
20417268140000, 0.08619126, 9.825804, -0.51714754
20417278727000, 0.095768064, 9.77792, -0.46926352
20417288259000, 0.11492168, 9.787497, -0.4213795
20417308420000, 0.12449849, 9.864111, -0.50757074
20417329081000, 0.10534488, 9.902418, -0.47884035
20417338919000, 0.05746084, 9.873688, -0.49799395
20417349077000, -0.009576807, 9.835381, -0.47884035
20417359171000, -0.047884032, 9.768343, -0.45010993
20417369247000, -0.06703765, 9.749189, -0.40222588
20417389732000, -0.047884032, 9.883265, -0.5554548
20417409881000, 0.076614454, 10.007763, -0.4405331
20417419991000, 0.12449849, 9.998186, -0.38307226
20417430564000, 0.06703765, 9.902418, -0.30645782
20417440358000, -0.076614454, 9.825804, -0.29688102
20417451154000, -0.17238252, 9.80665, -0.36391866
20417461597000, -0.11492168, 9.864111, -0.35434186
20417470616000, -0.05746084, 9.902418, -0.33518824
20417491145000, 0.0, 9.911995, -0.35434186
20417511129000, -0.009576807, 9.835381, -0.38307226
20417531331000, -0.02873042, 9.844957, -0.39264908
20417541383000, -0.019153614, 9.902418, -0.40222588
20417561746000, 0.019153614, 9.902418, -0.41180268
20417571879000, 0.02873042, 9.921572, -0.45010993
20417581851000, 0.019153614, 9.883265, -0.4405331
20417591930000, 0.02873042, 9.835381, -0.45010993
20417602031000, 0.019153614, 9.844957, -0.5267244
20417612417000, 0.047884032, 9.864111, -0.545878
20417622251000, 0.08619126, 9.883265, -0.59376204
20417642432000, 0.12449849, 9.864111, -0.58418524
20417663769000, 0.10534488, 9.825804, -0.5363012
20417683754000, 0.038307227, 9.835381, -0.49799395
20417714514000, 0.0, 9.864111, -0.35434186
20417725818000, -0.06703765, 9.854534, -0.38307226
20417736205000, -0.1436521, 9.835381, -0.39264908
20417747523000, -0.1340753, 9.873688, -0.34476504
20417756433000, -0.11492168, 9.883265, -0.33518824
20417766681000, -0.08619126, 9.873688, -0.32561144
20417797887000, -0.076614454, 9.892841, -0.33518824
20417808226000, -0.08619126, 9.864111, -0.2777274
20417828302000, -0.047884032, 9.854534, -0.29688102
20417838275000, 0.0, 9.864111, -0.32561144
20417848482000, 0.019153614, 9.892841, -0.31603462
20417871149000, 0.08619126, 9.892841, -0.32561144
20417881079000, 0.11492168, 9.902418, -0.33518824
20417891123000, 0.10534488, 9.873688, -0.34476504
20417901153000, 0.1340753, 9.864111, -0.37349546
20417931313000, 0.11492168, 9.892841, -0.40222588
20417943140000, 0.10534488, 9.911995, -0.4309563
20417962763000, 0.12449849, 9.864111, -0.45010993
20417983451000, 0.08619126, 9.854534, -0.59376204
20417993728000, 0.12449849, 9.835381, -0.60333884
20418004509000, 0.16280572, 9.854534, -0.58418524
20418014420000, 0.19153613, 9.921572, -0.5554548
20418026087000, 0.22984336, 9.911995, -0.5267244
20418035659000, 0.2873042, 9.902418, -0.545878
20418055847000, 0.2777274, 9.892841, -0.62249243
20418085813000, 0.22984336, 9.864111, -0.545878
20418106039000, 0.16280572, 9.844957, -0.48841715
20418116620000, 0.12449849, 9.835381, -0.47884035
20418136880000, 0.02873042, 9.864111, -0.45010993
20418167175000, 0.038307227, 9.921572, -0.48841715
20418177271000, 0.08619126, 9.902418, -0.4405331
20418187665000, 0.095768064, 9.892841, -0.4309563
20418197779000, 0.06703765, 9.873688, -0.4213795
20418208536000, 0.10534488, 9.883265, -0.38307226
20418228140000, 0.095768064, 9.892841, -0.40222588
20418238150000, 0.08619126, 9.873688, -0.45968673
20418258354000, 0.02873042, 9.864111, -0.47884035
20418268374000, 0.038307227, 9.883265, -0.45010993
20418288883000, 0.038307227, 9.864111, -0.47884035
20418299463000, 0.06703765, 9.873688, -0.4405331
20418319149000, 0.08619126, 9.883265, -0.45010993
20418329990000, 0.10534488, 9.902418, -0.39264908
20418350304000, 0.019153614, 9.911995, -0.37349546
20418360377000, -0.009576807, 9.902418, -0.36391866
20418370445000, -0.02873042, 9.864111, -0.33518824
20418380829000, -0.019153614, 9.835381, -0.35434186
20418390869000, -0.038307227, 9.883265, -0.34476504
20418410746000, -0.038307227, 9.902418, -0.41180268
20418420865000, -0.009576807, 9.911995, -0.34476504
20418431224000, 0.0, 9.921572, -0.38307226
20418441464000, 0.05746084, 9.950302, -0.37349546
20418451260000, 0.047884032, 9.854534, -0.34476504
20418461454000, 0.0, 9.825804, -0.36391866
20418481436000, 0.019153614, 9.892841, -0.40222588
20418501812000, 0.047884032, 9.921572, -0.4213795
20418511857000, 0.038307227, 9.911995, -0.38307226
