#Acceleration force along the x y z axes (including gravity).
#timestamp(ns),x,y,z(m/s^2)
#Datetime: 15/05/2015 17:54:27
##########################################
#Activity: 5 - STU - Stairs up - 10s
#Subject ID: 53
#First Name: sub53
#Last Name: sub53
#Age: 27
#Height(cm): 186
#Weight(kg): 120
#Gender: Male
##########################################

@DATA
1997674081000, -0.25857377, 9.892841, -1.3790601
1997875057000, -0.5363012, 9.835381, -1.3599066
1998075824000, -0.4213795, 10.1226845, -0.81402856
1998275164000, 0.02873042, 10.151415, 0.79487497
1998286340000, -0.4309563, 10.04607, 0.2873042
1998305617000, -0.45968673, 9.653421, -0.22026655
1998315706000, -0.51714754, 9.519346, -0.21068975
1998325937000, -0.641646, 9.270349, -0.06703765
1998336054000, -0.6895301, 9.011775, 0.16280572
1998346057000, -0.81402856, 8.695741, 0.36391866
1998366070000, -0.90021986, 8.561666, 0.5554548
1998376912000, -0.92895025, 8.599973, 0.81402856
1998387597000, -1.0247183, 8.6574335, 1.1300632
1998396602000, -1.1300632, 8.686164, 1.4652514
1998407484000, -1.1779473, 8.695741, 1.7908629
1998418961000, -1.1587936, 8.619126, 1.934515
1998428133000, -1.1683705, 8.494628, 2.0015526
1998438046000, -1.2449849, 8.475474, 2.0398598
1998448175000, -1.3599066, 8.446744, 2.087744
1998458272000, -1.436521, 8.485051, 2.2122424
1998468389000, -1.532289, 8.571242, 2.5091233
1998478497000, -1.6567876, 8.599973, 2.7485435
1998488949000, -1.8100165, 8.63828, 2.9975405
1998498916000, -1.8387469, 8.628703, 3.1794999
1998509084000, -1.6472107, 8.695741, 3.3518825
1998518927000, -1.4748282, 8.63828, 3.41892
1998529052000, -1.292869, 8.580819, 3.3806129
1998540175000, -1.5131354, 8.42759, 3.466804
1998549432000, -1.7908629, 8.418014, 3.5434184
1998559400000, -2.0590134, 8.389283, 3.6008794
1998569491000, -2.1643584, 8.42759, 3.6583402
1998579620000, -2.231396, 8.437167, 3.7828386
1998589784000, -2.1547816, 8.465898, 3.9935284
1998599965000, -2.1068976, 8.494628, 3.964798
1998620187000, -2.2984335, 8.513782, 4.10845
1998632492000, -2.5091233, 9.375694, 4.098873
1998641539000, -2.6910827, 10.189722, 3.6870706
1998652004000, -2.719813, 10.812215, 3.2082303
1998661979000, -2.4995465, 11.281479, 3.083732
1998672190000, -2.0685902, 11.664551, 2.8921957
1998682334000, -1.8291701, 11.942278, 3.122039
1998692290000, -1.484405, 11.9135475, 3.217807
1998702719000, -0.8619126, 11.377247, 3.2369606
1998713162000, -0.17238252, 10.649409, 3.016694
1998723699000, 0.7182605, 9.854534, 2.1739352
1998733899000, 1.5131354, 9.174581, 0.79487497
1998743395000, 1.8770541, 8.523358, -0.17238252
1998753401000, 2.0398598, 8.111555, -1.2449849
1998763461000, 1.9440918, 8.130709, -1.6184803
1998773953000, 1.4556746, 8.418014, -1.5610195
1998783887000, 0.22984336, 8.935161, -1.3599066
1998794521000, -1.1492168, 9.356541, -1.9632454
1998804048000, -2.336741, 9.911995, -2.3080103
1998814214000, -3.1890767, 10.457873, -2.0590134
1998824422000, -3.217807, 10.955867, -1.541866
1998834537000, -2.9592333, 11.032481, -0.60333884
1998844696000, -2.4708161, 10.821792, 0.095768064
1998854663000, -1.9153614, 10.620679, 0.1436521
1998865716000, -1.6089035, 10.180145, -0.038307227
1998874994000, -1.5035586, 9.80665, -0.29688102
1998885525000, -1.6184803, 9.385271, -0.7469909
1998895294000, -1.8291701, 9.232041, -1.2258313
1998906563000, -2.6431987, 9.337387, -1.9632454
1998916300000, -3.064578, 9.710882, -1.7238252
1998927644000, -3.41892, 10.04607, -1.5227122
1998937729000, -3.8019924, 10.228029, -1.1875241
1998947742000, -4.012682, 10.218452, -1.091756
1998958314000, -3.8977604, 10.180145, -1.13964
1998968003000, -3.4955344, 9.595961, -0.80445176
1998978108000, -3.1986535, 9.624691, -0.40222588
1998988380000, -2.8538885, 9.701305, -0.6895301
1998998277000, -2.5474305, 9.069236, -0.8810662
1999008000000, -2.1930888, 9.021352, -0.6607997
1999018176000, -1.7908629, 9.097966, -0.79487497
1999028210000, -1.4652514, 9.308656, -0.92895025
1999038426000, -1.4748282, 9.222465, -0.842759
1999048445000, -1.6663644, 9.701305, -1.043872
1999059008000, -2.1260512, 9.232041, -0.9672575
1999069068000, -2.4995465, 9.251195, -1.2066777
1999079382000, -2.4229321, 9.739613, -1.2641385
1999089337000, -2.4612393, 10.371682, -0.9864111
1999099468000, -2.4037786, 10.275913, -0.6799533
1999109515000, -2.2601264, 10.199299, -0.21068975
1999120589000, -2.2026656, 10.04607, -0.1436521
1999130126000, -2.2218192, 9.950302, -0.22026655
1999140409000, -2.2409728, 9.931149, -0.22984336
1999150187000, -2.183512, 9.959879, -0.545878
1999160938000, -2.2122424, 9.873688, -0.58418524
1999172785000, -2.2409728, 9.797073, -0.60333884
1999182891000, -2.6144683, 9.624691, -0.34476504
1999193938000, -2.7964275, 9.634268, -0.31603462
1999204631000, -2.9879637, 9.691729, -0.51714754
1999214024000, -3.074155, 9.720459, -0.49799395
1999234256000, -2.566584, 9.653421, -0.5554548
1999245252000, -2.0207062, 9.615114, -0.34476504
1999255236000, -1.7142484, 9.672575, -0.18195933
1999265123000, -1.5514427, 9.701305, -0.32561144
1999275831000, -1.6376339, 9.749189, -0.39264908
1999285905000, -1.7717092, 9.825804, -0.5267244
1999296032000, -1.9057846, 9.950302, -0.7086837
1999316509000, -1.8962077, 10.132261, -0.90021986
1999326766000, -1.6950948, 10.170568, -1.043872
1999338056000, -1.5610195, 10.25676, -1.1875241
1999347991000, -1.5705963, 10.199299, -1.1971009
1999358357000, -1.7429788, 10.381259, -1.2258313
1999368185000, -2.4420857, 10.716447, -1.1013328
1999377991000, -3.3997664, 10.936713, -1.436521
1999388306000, -4.060566, 10.754754, -1.685518
1999397990000, -4.1371803, 10.726024, -1.5801731
1999407836000, -3.8307228, 11.18571, -1.2066777
1999417860000, -3.2082303, 12.133814, -0.79487497
1999428347000, -2.2409728, 14.566323, -0.019153614
1999441309000, -1.9153614, 15.20797, 0.31603462
1999451498000, -1.8291701, 15.47612, 0.5267244
1999461527000, -1.934515, 15.44739, 0.7278373
1999472680000, -2.0494366, 15.093047, 0.9959879
1999482941000, -2.0398598, 14.585477, 1.3024458
1999492420000, -2.0207062, 13.982138, 1.5610195
1999503271000, -2.087744, 13.263878, 1.8100165
1999512727000, -2.2409728, 12.813767, 1.9919758
1999522905000, -2.528277, 12.708423, 2.2601264
1999532965000, -2.825158, 12.842498, 2.633622
1999543078000, -3.016694, 13.034034, 2.9113493
1999553186000, -2.9975405, 13.369223, 3.3135753
1999563434000, -2.5761611, 13.742718, 3.6487634
1999573469000, -1.7908629, 13.905523, 3.4955344
1999583490000, -1.1683705, 13.713987, 2.681506
1999593613000, -0.8810662, 13.321339, 1.2066777
1999604498000, -0.61291564, 12.785037, -0.17238252
1999614050000, 0.08619126, 12.095507, -1.5227122
1999624455000, 0.78529817, 11.425131, -2.432509
1999634387000, 1.283292, 11.061212, -2.566584
1999654917000, 1.7429788, 11.147403, -1.0630256
1999665138000, 0.38307226, 10.793061, 0.4309563
1999675259000, -0.8523358, 10.457873, 0.89064306
1999689451000, -2.1739352, 10.218452, 0.7565677
1999698447000, -3.5434184, 9.969456, 0.59376204
1999708893000, -4.8267107, 9.595961, 0.5650316
1999719364000, -5.544971, 9.414001, 0.89064306
1999728787000, -5.2289367, 9.375694, 1.2354081
1999739111000, -4.1371803, 9.289502, 1.6184803
1999749303000, -2.6910827, 8.676587, 1.6376339
1999759415000, -1.7621324, 7.9583263, 1.6567876
1999769257000, -1.1779473, 7.3645644, 1.4173675
1999779271000, -0.94810385, 6.8186865, 1.0151415
1999790523000, -0.7374141, 6.3685765, 0.80445176
1999799479000, -0.6703765, 5.9567738, 0.91937345
1999810626000, -0.32561144, 5.6790466, 0.7661445
1999820762000, 0.038307227, 5.4779334, 0.6703765
1999832610000, 0.4213795, 4.8841715, 0.5267244
1999842012000, 0.48841715, 4.510676, 0.39264908
1999852622000, 0.59376204, 4.10845, 0.25857377
1999862221000, 0.7278373, 3.5434184, 0.02873042
1999872493000, 1.1204864, 2.9592333, 0.08619126
1999882171000, 1.388637, 2.327164, 0.41180268
1999892293000, 1.2354081, 1.9440918, 0.9576807
1999902943000, 0.90979666, 2.0015526, 1.532289
1999912472000, 0.60333884, 2.135628, 2.0685902
1999923050000, 0.61291564, 2.4708161, 2.27928
1999932911000, 1.1300632, 2.9017725, 2.815581
1999944294000, 2.1547816, 3.9360676, 4.271256
1999953451000, 1.2354081, 5.6790466, 6.1100025
1999963363000, -3.7924154, 7.680599, 6.1195793
1999973733000, -5.803545, 11.722012, 4.2042184
1999983597000, -6.0621185, 12.794614, 0.15322891
1999993762000, -6.6654577, 14.058752, 2.5474305
2000003836000, -5.8801594, 16.79772, 6.38773
2000014838000, -1.6089035, 16.874334, 6.8569937
2000024683000, -0.22026655, 12.756307, 2.7102363
2000035246000, 0.31603462, 8.418014, -0.076614454
2000044534000, 0.5267244, 6.540959, 0.7182605
2000054516000, 0.93852705, 7.326257, 2.0973208
2000065165000, 1.0726024, 8.6095495, 2.6910827
2000075142000, 0.5363012, 9.787497, 2.0207062
2000085902000, 0.17238252, 10.850522, 1.8291701
2000095532000, -0.019153614, 11.9135475, 2.0207062
2000105597000, -0.40222588, 12.612655, 2.1547816
2000115212000, -0.9672575, 12.832921, 1.982399
2000125473000, -1.541866, 12.440272, 1.484405
2000136075000, -1.8579005, 11.702858, 0.81402856
2000145738000, -1.9536686, 10.927136, 0.37349546
2000156470000, -2.1452048, 10.362105, 0.30645782
2000165828000, -2.3750482, 10.228029, 0.2681506
2000177070000, -3.265691, 10.888829, 0.5363012
2000196299000, -4.050989, 11.291056, 0.6895301
2000207085000, -5.535394, 10.6877165, 0.94810385
2000216732000, -6.0238113, 9.864111, 0.81402856
2000227179000, -6.081272, 9.174581, 0.16280572
2000237326000, -5.90889, 8.7532015, -0.41180268
2000249133000, -5.401319, 8.590396, -0.79487497
2000259496000, -4.644751, 8.6095495, -1.1013328
2000270126000, -3.6774938, 8.619126, -1.1109096
2000279147000, -2.777274, 8.42759, -0.89064306
2000289536000, -2.0015526, 8.130709, -0.4213795
2000299413000, -1.3120226, 8.063671, -0.12449849
2000319841000, -1.1492168, 8.111555, -0.019153614
2000329986000, -1.3215994, 8.255207, 0.038307227
2000340141000, -1.541866, 8.37013, 0.29688102
2000350792000, -1.7812861, 8.350976, 0.63206923
2000360226000, -1.8579005, 8.283937, 0.90979666
2000370438000, -1.6663644, 8.437167, 0.90021986
2000380250000, -1.4173675, 8.724471, 0.9959879
2000390506000, -1.2354081, 9.040505, 0.78529817
2000401212000, -1.3503298, 9.251195, 0.6607997
2000410868000, -1.541866, 9.442732, 0.46926352
2000422297000, -1.7812861, 9.509769, 0.4309563
2000434899000, -2.183512, 9.557653, 0.10534488
2000444586000, -2.1930888, 9.701305, -0.15322891
2000455295000, -2.231396, 9.950302, -0.02873042
2000468310000, -2.3080103, 10.1226845, -0.35434186
2000479033000, -2.4708161, 10.342952, -0.40222588
2000488652000, -2.4899697, 10.362105, -0.6895301
2000498426000, -2.5570073, 10.505757, -0.4405331
2000508908000, -2.777274, 11.003751, -0.05746084
2000518678000, -3.667917, 11.63582, -0.21068975
2000528807000, -5.1810527, 11.473015, -1.043872
2000539215000, -5.659893, 10.582372, -2.3558946
2000549246000, -4.2521024, 10.898406, -1.8387469
2000559537000, -2.2697031, 12.018892, -0.24899697
2000569414000, -1.2258313, 13.215993, 1.3694834
2000581005000, -1.3024458, 14.355634, 2.1068976
2000591469000, -1.7046716, 14.537593, 2.2026656
2000612440000, -2.327164, 14.33648, 2.1739352
2000622331000, -2.2122424, 13.953407, 1.8962077
2000632960000, -2.0207062, 13.541605, 1.7429788
2000642267000, -1.8004397, 13.196839, 1.6184803
2000653216000, -1.6280571, 13.072341, 1.8770541
2000662732000, -1.5993267, 13.110648, 2.384625
2000673046000, -1.7621324, 13.120225, 2.9400797
2000682997000, -2.183512, 13.043611, 3.2369606
2000693850000, -2.7868507, 12.794614, 3.0358477
2000704092000, -3.122039, 12.392388, 2.4516625
2000714208000, -2.9879637, 12.0571995, 1.8770541
2000724581000, -2.7389667, 12.076353, 2.1643584
2000735729000, -2.1643584, 12.698846, 2.3654714
2000745568000, -1.4460979, 13.024457, 1.7142484
2000754863000, -0.8523358, 12.804191, 0.6895301
2000766453000, -0.38307226, 12.373235, -0.4213795
2000777349000, 0.9864111, 10.764331, -1.934515
2000796524000, 1.6376339, 9.959879, -1.9919758
2000807250000, 1.7812861, 9.442732, -0.9864111
2000816992000, 0.7182605, 9.576807, -0.33518824
2000827715000, -0.81402856, 9.586384, 0.48841715
2000837498000, -2.0111294, 9.720459, 1.3120226
2000847573000, -2.566584, 9.414001, 1.8387469
2000857941000, -2.4612393, 9.040505, 2.3558946
2000868321000, -2.135628, 8.772355, 2.4612393
2000877727000, -1.934515, 8.504205, 2.1260512
2000887806000, -1.8962077, 8.303091, 1.8674773
2000897870000, -1.8387469, 8.00621, 1.6376339
2000908604000, -1.6280571, 7.73806, 1.6089035
2000919652000, -1.2737153, 7.441179, 1.5610195
2000928817000, -1.0247183, 7.019799, 1.5801731
2000939372000, -0.7182605, 6.6750345, 1.7046716
2000948904000, -0.40222588, 6.4739213, 1.934515
2000958988000, -0.009576807, 6.5218053, 2.0685902
2000969498000, 0.2873042, 6.1100025, 2.0590134
2000979300000, 0.5746084, 6.081272, 1.9057846
2000990708000, 0.842759, 6.1100025, 1.8004397
2000999665000, 1.043872, 6.129156, 1.5610195
2001010851000, 1.0534488, 5.9567738, 1.4173675
2001031359000, 0.6703765, 5.497087, 1.8866309
2001041495000, 0.641646, 5.305551, 2.0111294
2001052056000, 0.51714754, 5.133168, 2.2888567
2001062077000, 0.2873042, 4.8362875, 2.4037786
2001072038000, -0.10534488, 4.606444, 2.6719291
2001082604000, -0.8619126, 4.10845, 2.873042
2001102930000, -1.4939818, 3.9360676, 3.2273839
2001112241000, -1.5801731, 4.003105, 3.7253778
2001122376000, -0.8331822, 4.309563, 5.142745
2001132503000, -0.49799395, 5.2289367, 7.6614456
2001142582000, -1.4748282, 7.3166804, 10.70687
2001152868000, -3.4476504, 9.509769, 11.118672
2001163067000, -2.0111294, 11.645397, 10.208876
2001173123000, -1.9728222, 10.91756, 5.793968
2001183395000, -1.8674773, 9.078813, 3.169923
2001193535000, -3.620033, 8.331821, 3.217807
2001206044000, -4.0701427, 9.595961, 5.6886234
2001215100000, -1.2641385, 10.266336, 7.4028716
2001225776000, 0.5746084, 9.251195, 5.497087
2001235880000, 0.31603462, 8.24563, 3.0262709
2001246274000, -0.545878, 8.0924015, 1.1875241
2001257703000, -1.4173675, 8.264784, 1.8579005
2001267737000, -1.7717092, 8.839393, 2.7006595
2001277566000, -2.030283, 9.251195, 2.96881
2001287812000, -2.2218192, 9.969456, 3.0550013
2001297850000, -2.087744, 10.94629, 3.2465374
2001308174000, -1.982399, 11.779472, 2.873042
2001318082000, -1.8770541, 12.210428, 2.4420857
2001328125000, -1.685518, 12.152967, 2.3175871
2001338870000, -0.89064306, 11.042058, 1.541866
2001358544000, -0.12449849, 10.132261, 0.61291564
2001369331000, 0.08619126, 10.113108, 0.45968673
2001388987000, -0.23942018, 10.668563, 0.45010993
2001399018000, -0.842759, 10.955867, 0.5554548
2001411010000, -1.6184803, 11.137826, 0.5363012
2001420161000, -2.5091233, 11.061212, 0.4309563
2001434228000, -3.3901896, 10.783484, 0.4213795
2001443653000, -4.0892963, 10.400413, 0.5267244
2001454135000, -4.721366, 9.787497, 0.8331822
2001464237000, -5.161899, 9.337387, 0.8523358
2001474046000, -5.391742, 9.021352, 0.5650316
2001484000000, -5.2002063, 8.791509, 0.10534488
2001494108000, -4.8841715, 8.561666, -0.22984336
2001504321000, -4.3766007, 8.350976, -0.34476504
2001514271000, -3.7924154, 8.169016, -0.22026655
2001524456000, -3.3423057, 7.9104424, -0.18195933
2001534531000, -2.719813, 7.7093296, -0.46926352
2001545102000, -2.1643584, 7.536947, -0.62249243
2001556018000, -1.5993267, 7.747637, 0.08619126
2001567754000, -1.6759412, 8.0924015, 0.5554548
2001578279000, -1.8962077, 8.513782, 0.8331822
2001588426000, -2.2601264, 8.820239, 1.0726024
2001598461000, -2.767697, 8.944737, 1.2545617
2001608557000, -3.0933087, 9.078813, 1.4460979
2001619442000, -3.122039, 9.3182335, 1.541866
2001628916000, -2.9113493, 9.509769, 1.340753
2001639766000, -2.528277, 9.490616, 0.91937345
2001649510000, -2.1547816, 9.423578, 0.90021986
2001659333000, -1.7812861, 9.461885, 1.1109096
2001669401000, -1.5610195, 9.77792, 1.1300632
2001679644000, -1.6089035, 10.170568, 1.541866
2001689801000, -1.8483237, 10.333375, 1.4269443
2001699910000, -2.183512, 10.103531, 1.3215994
2001710081000, -2.432509, 9.595961, 1.2737153
2001720879000, -2.3942018, 9.059659, 1.1492168
2001730245000, -2.2122424, 8.839393, 1.1587936
2001742507000, -1.9057846, 9.097966, 0.9768343
2001752541000, -1.6089035, 9.835381, 0.5554548
2001762611000, -1.733402, 10.113108, 0.19153613
2001772855000, -2.030283, 10.160992, -0.38307226
2001782965000, -2.135628, 10.093954, -0.9864111
2001793081000, -2.1068976, 10.0748005, -1.3694834
2001803526000, -2.1164744, 10.01734, -1.6280571
2001813546000, -2.3080103, 10.534488, -1.4556746
2001823689000, -3.1507695, 11.693281, -1.4077905
2001833614000, -4.7309427, 12.11466, -1.8387469
2001843398000, -5.6982, 11.683704, -1.7046716
2001853373000, -4.596867, 11.769896, -1.1971009
2001863417000, -2.5953147, 12.287044, -0.33518824
2001873647000, -1.2354081, 12.392388, -0.21068975
2001883804000, -0.7182605, 12.53604, -0.038307227
2001894535000, -0.9672575, 12.842498, 0.15322891
2001904053000, -1.4460979, 13.005303, 0.6895301
2001914329000, -1.7812861, 13.627796, 1.1204864
2001925189000, -2.0494366, 14.700398, 1.5514427
2001934601000, -2.231396, 15.322891, 2.1164744
2001944870000, -2.384625, 15.255854, 2.7485435
2001954813000, -2.6431987, 14.719552, 3.0358477
2001965305000, -2.825158, 13.9917145, 2.9592333
2001976045000, -2.930503, 13.302185, 2.72939
2001985155000, -3.083732, 12.670115, 2.4037786
2001996803000, -3.217807, 12.277467, 2.0590134
2002007770000, -3.1890767, 12.095507, 1.6567876
2002017508000, -2.9113493, 12.162544, 1.3599066
2002027692000, -2.4229321, 12.392388, 1.1587936
2002037850000, -1.0247183, 12.449849, 1.3120226
2002047979000, -0.038307227, 12.469003, 1.2545617
2002059208000, 0.8619126, 12.564771, 0.80445176
2002068685000, 1.283292, 12.880805, 0.4213795
2002078503000, 1.3120226, 12.813767, 0.16280572
2002088606000, 1.091756, 12.229582, -0.076614454
2002098755000, 0.60333884, 11.520899, -0.4213795
2002108881000, 0.35434186, 10.91756, -0.81402856
2002119239000, 0.24899697, 10.228029, -0.89064306
2002129353000, 0.38307226, 9.739613, -1.3120226
2002139633000, 0.40222588, 9.528923, -1.1013328
2002149953000, 0.4309563, 9.490616, -0.2681506
2002159457000, 0.11492168, 9.404425, 0.4213795
2002169680000, -0.7182605, 9.375694, 1.3215994
2002179872000, -1.7142484, 9.461885, 1.7046716
2002190105000, -2.6719291, 9.136273, 1.7429788
2002200199000, -3.3806129, 8.647857, 1.8100165
2002210794000, -3.466804, 8.42759, 2.0015526
2002220904000, -3.3901896, 7.9104424, 1.685518
2002231278000, -2.8921957, 8.034941, 1.1300632
2002241075000, -2.1739352, 7.7189064, 0.8714894
2002250741000, -1.4460979, 7.07726, 1.0342951
2002261175000, -1.0342951, 6.196194, 0.90021986
2002271290000, -0.60333884, 5.717354, 0.7086837
2002281424000, -0.25857377, 5.439626, 0.6895301
2002291635000, -0.02873042, 5.2289367, 1.1109096
2002303074000, 0.17238252, 5.4300494, 1.5227122
2002313073000, 0.45010993, 5.4683566, 1.8483237
2002323146000, 0.641646, 5.5162406, 2.27928
2002333044000, 0.6799533, 5.3821654, 2.231396
2002343092000, 0.6607997, 5.1523223, 1.934515
2002363298000, 0.22026655, 4.721366, 1.283292
2002373606000, -0.17238252, 4.5298295, 1.340753
2002383253000, -0.59376204, 4.510676, 1.5897499
2002393052000, -1.043872, 4.4436383, 1.7717092
2002403007000, -1.3790601, 4.4340615, 2.2026656
2002413551000, -1.8195933, 4.4244847, 2.825158
2002423809000, -1.982399, 4.501099, 3.3614593
2002433871000, -1.8674773, 4.4915223, 3.8402996
2002444039000, -0.8331822, 4.8841715, 5.267244
2002455257000, -0.15322891, 6.129156, 8.0924015
2002465530000, -2.0685902, 8.101978, 10.218452
2002476287000, -3.4763808, 10.812215, 9.730036
2002486051000, -3.4380736, 12.871228, 7.4603324
2002496444000, -3.1794999, 11.779472, 4.0318356
2002507582000, -3.9264908, 11.176133, 2.825158
2002517755000, -4.0892963, 12.325351, 4.1946416
2002527608000, -1.1779473, 13.005303, 6.3111157
2002537394000, 0.79487497, 11.568783, 3.7828386
2002561836000, 0.48841715, 7.747637, 0.82360536
2002574845000, 0.4213795, 8.1881695, 0.94810385
2002585490000, 0.60333884, 8.6095495, 1.1587936
2002594713000, 0.94810385, 9.289502, 1.2354081
2002606348000, 0.80445176, 10.70687, 1.3215994
2002615711000, 0.22026655, 12.08593, 1.4652514
2002625781000, -0.35434186, 13.283031, 1.6663644
2002635821000, -0.8619126, 13.962984, 2.078167
2002645952000, -1.2449849, 13.8480625, 1.9153614
2002656240000, -1.436521, 13.005303, 1.3982137
2002666353000, -1.5993267, 11.836933, 1.0151415
2002677002000, -1.6280571, 10.879252, 0.8619126
2002687000000, -1.6663644, 10.295067, 0.60333884
2002697514000, -1.8866309, 9.940725, 0.30645782
2002708105000, -3.0358477, 9.835381, -0.1436521
2002718247000, -3.8498764, 9.892841, -0.15322891
2002738402000, -5.5258174, 9.452309, -0.30645782
2002748723000, -5.755661, 8.973468, -0.7757214
2002759139000, -5.439626, 8.446744, -0.5554548
2002769660000, -4.7022123, 8.303091, -0.7757214
2002778935000, -3.9552212, 8.159439, -0.29688102
2002789331000, -3.2465374, 8.015787, -0.076614454
2002799194000, -2.4037786, 7.9104424, -0.05746084
2002809236000, -1.8387469, 7.728483, 0.095768064
2002820995000, -1.3120226, 7.785944, 0.45010993
2002831285000, -1.0247183, 8.082825, 0.8714894
2002841995000, -0.91937345, 8.513782, 1.13964
2002852751000, -1.043872, 8.810662, 1.484405
2002874590000, -1.9153614, 8.619126, 1.436521
2002884356000, -2.336741, 8.341399, 1.4939818
2002894475000, -2.4516625, 8.159439, 1.2258313
2002904563000, -1.6567876, 8.858546, 0.6512229
2002914678000, -1.1204864, 9.241618, 0.5267244
2002925183000, -0.82360536, 9.461885, 0.17238252
2002945350000, -1.1300632, 9.77792, -0.05746084
2002955565000, -1.532289, 9.873688, -0.06703765
2002965268000, -1.7429788, 10.007763, -0.33518824
2002975597000, -1.733402, 10.170568, -0.60333884
2002986533000, -1.5705963, 10.448297, -0.6607997
2002996390000, -1.2737153, 11.013328, -0.4213795
2003006858000, -1.3311762, 11.559206, -0.24899697
2003016820000, -2.0111294, 11.712435, -0.19153613
2003037036000, -3.3518825, 11.769896, -0.37349546
2003057530000, -3.8977604, 12.488156, -0.48841715
2003069512000, -4.4340615, 12.344504, -1.0630256
2003081599000, -4.8362875, 11.271901, -1.3024458
2003091835000, -3.9456444, 10.658986, -1.1875241
2003102038000, -1.7429788, 11.453861, 0.06703765
2003112172000, -1.0247183, 12.220005, 0.5554548
2003122132000, -0.47884035, 13.359646, 1.1300632
2003132653000, -0.06703765, 14.891934, 1.6950948
2003142506000, -0.2777274, 15.68681, 2.1068976
2003152863000, -0.6799533, 15.600618, 2.336741
2003162859000, -1.0726024, 14.939818, 2.3558946
2003173043000, -1.3599066, 14.221559, 2.4037786
2003183458000, -1.6663644, 13.589489, 2.5091233
2003193917000, -2.0111294, 12.957419, 2.633622
2003203906000, -2.2697031, 12.449849, 2.7868507
2003224167000, -2.7006595, 12.488156, 2.633622
2003234180000, -2.7389667, 13.273455, 2.384625
2003244373000, -2.384625, 13.924677, 1.9728222
2003254470000, -1.685518, 13.666103, 1.4269443
2003264553000, -0.7374141, 12.928689, 1.1013328
2003275149000, 0.21068975, 12.50731, 0.6607997
2003285301000, 0.6895301, 12.363658, 0.18195933
2003296011000, 0.6512229, 12.220005, -0.21068975
2003305953000, 0.63206923, 11.999739, -0.7565677
2003316002000, 0.7374141, 11.530476, -1.0534488
2003325958000, 0.9864111, 10.94629, -1.1013328
2003336236000, 1.1204864, 10.582372, -1.0630256
2003346363000, 1.0726024, 10.409989, -0.78529817
2003356313000, 0.8523358, 10.323798, -0.1340753
2003366302000, 0.16280572, 10.113108, 0.6703765
2003377051000, -0.9768343, 9.730036, -0.92895025
2003387395000, -2.9879637, 9.394848, -1.3599066
2003397264000, -2.9975405, 9.097966, 1.4269443
2003408656000, -2.7006595, 8.676587, 1.3503298
2003418741000, -2.2409728, 8.054094, 1.0247183
2003428466000, -1.5993267, 7.8625584, 1.4460979
2003439026000, -1.0534488, 7.728483, 1.1013328
2003449077000, -0.81402856, 7.2304893, 0.8619126
2003459196000, -0.8714894, 6.7229185, 0.7469909
2003469291000, -0.8523358, 6.3302693, 0.7182605
2003479576000, -0.79487497, 6.090849, 0.81402856
2003489630000, -0.7565677, 5.889736, 1.1013328
2003499693000, -0.5554548, 5.554548, 1.2737153
2003509729000, -0.5650316, 5.2480903, 1.7238252
2003519900000, -0.23942018, 5.133168, 1.3503298
2003529984000, -0.019153614, 4.9799395, 0.9768343
2003540336000, 0.15322891, 4.8267107, 0.81402856
2003550167000, 0.24899697, 4.5872903, 0.6799533
2003561134000, 0.2681506, 4.367024, 0.7182605
2003570782000, 0.41180268, 4.31914, 0.7469909
2003580729000, 0.46926352, 4.175488, 0.9576807
2003591230000, 0.2681506, 3.8881836, 1.3503298
2003600871000, 0.19153613, 3.8402996, 1.5705963
2003611243000, -0.12449849, 3.8498764, 2.030283
2003621338000, -0.41180268, 3.9743748, 2.336741
2003632466000, -0.2681506, 4.0892963, 2.7389667
2003642532000, 0.61291564, 4.4723687, 4.501099
2003652813000, 1.2449849, 5.9567738, 8.2169
2003662881000, -0.90021986, 11.587936, 8.418014
2003672916000, -3.3518825, 12.98615, 3.0454245
2003683203000, -4.9320555, 12.172121, 0.076614454
2003693346000, -7.192182, 12.5264635, 1.7621324
2003702993000, -5.6886234, 15.02601, 5.353435
2003713136000, -2.1260512, 15.05474, 5.851429
2003723470000, -0.8619126, 12.363658, 2.4133554
2003733246000, -0.22984336, 9.672575, 0.5267244
2003743668000, 0.2873042, 8.504205, 1.340753
2003753761000, 0.5554548, 8.494628, 1.5610195
2003763606000, 0.842759, 8.686164, 1.6663644
2003774109000, 0.92895025, 9.260772, 1.2162545
2003783831000, 0.842759, 10.065224, 1.2641385
2003793922000, 0.7374141, 11.061212, 1.3215994
2003804047000, 0.63206923, 12.018892, 1.2449849
2003814186000, 0.41180268, 12.679692, 1.091756
2003824571000, 0.009576807, 12.852075, 0.8810662
2003834339000, -0.49799395, 12.354081, 0.45968673
2003844509000, -1.0247183, 11.540052, 0.076614454
2003854590000, -1.4939818, 10.802638, -0.02873042
2003864697000, -2.0111294, 10.534488, 0.02873042
2003875168000, -2.4995465, 10.668563, -0.02873042
2003885949000, -3.083732, 10.898406, -0.076614454
2003895239000, -3.667917, 10.97502, 0.12449849
2003905276000, -4.2904096, 10.697293, 0.38307226
2003915688000, -4.960786, 10.1226845, 0.5650316
2003925881000, -5.3821654, 9.375694, 0.49799395
2003936008000, -5.2289367, 8.762778, 0.24899697
2003946261000, -4.5777135, 8.274361, -0.31603462
2003956407000, -3.821146, 8.00621, -0.60333884
2003966296000, -3.2465374, 7.920019, -0.90021986
2003976336000, -2.8538885, 7.9104424, -1.5227122
2003986517000, -2.6240451, 7.632715, -1.6472107
2003996547000, -2.327164, 7.5082164, -1.0821792
2004007225000, -2.0494366, 7.4986396, -0.30645782
2004017212000, -2.087744, 7.747637, 0.2681506
2004027350000, -2.2505496, 8.054094, 0.51714754
2004037458000, -2.681506, 8.580819, 0.8523358
2004047528000, -2.9400797, 8.571242, 1.043872
2004058511000, -3.0071173, 8.542512, 1.1300632
2004078353000, -2.4133554, 8.724471, 0.82360536
2004088358000, -1.8866309, 9.078813, 0.90979666
2004098321000, -1.3311762, 9.528923, 0.60333884
2004108573000, -1.0342951, 9.720459, 0.545878
2004118343000, -1.0534488, 9.653421, 0.47884035
2004128378000, -1.13964, 9.720459, 0.2777274
2004138398000, -1.340753, 9.911995, -0.009576807
2004148524000, -1.6376339, 10.103531, -0.19153613
2004168949000, -2.6719291, 10.515334, -0.17238252
2004178925000, -3.122039, 10.850522, -0.047884032
2004189025000, -3.371036, 11.473015, -0.02873042
2004199217000, -3.5529952, 11.990162, 0.06703765
2004209436000, -3.715801, 12.172121, 0.29688102
2004219382000, -3.9264908, 12.421119, 0.5746084
2004231562000, -4.309563, 12.641385, 0.46926352
2004241419000, -4.8458643, 12.229582, -0.019153614
2004251938000, -4.3287168, 11.118672, -0.7374141
2004261736000, -2.6240451, 11.022904, -0.5267244
2004272615000, -1.2737153, 12.641385, 0.61291564
2004282366000, -0.94810385, 13.982138, 1.5897499
2004292943000, -1.0247183, 15.255854, 2.030283
2004302960000, -0.90021986, 15.8783455, 2.0973208
2004312853000, -0.7661445, 15.466543, 1.9153614
2004322930000, -0.8523358, 13.761871, 1.532289
2004332929000, -0.9576807, 12.909535, 1.4460979
2004343022000, -1.1587936, 12.181698, 1.340753
2004363237000, -1.7525556, 11.789049, 1.1683705
2004372987000, -2.030283, 12.038046, 1.2737153
2004382792000, -2.087744, 12.29662, 1.4939818
2004393187000, -1.982399, 12.421119, 1.5610195
2004402862000, -1.3215994, 11.444284, 1.3120226
2004413047000, -1.3120226, 11.645397, 0.6895301
2004423158000, -1.5610195, 12.29662, 0.15322891
2004433332000, -1.5705963, 12.631808, -0.1340753
2004443719000, -1.091756, 12.354081, -0.41180268
2004453615000, -0.40222588, 11.9614315, -0.34476504
2004464111000, 0.25857377, 11.520899, -0.11492168
2004474007000, 0.47884035, 11.003751, -0.46926352
2004484413000, 0.7565677, 10.630256, -1.2162545
2004494613000, 1.043872, 10.429143, -1.388637
2004504679000, 0.89064306, 10.218452, -0.842759
2004514905000, 0.45010993, 10.065224, -0.2681506
2004525240000, -0.35434186, 9.950302, 0.30645782
2004545315000, -1.7429788, 9.892841, 1.4269443
2004555495000, -1.8004397, 9.739613, 1.982399
2004566362000, -1.7717092, 9.624691, 2.2409728
2004576162000, -2.4516625, 7.97748, 2.4995465
2004586311000, -1.1683705, 8.714894, 4.462792
2004596517000, -1.5131354, 7.9008656, 2.2888567
2004606575000, -1.5227122, 6.799533, 0.59376204
2004617706000, -1.0821792, 7.0485296, 2.1930888
2004627895000, -1.2162545, 7.0964136, 3.016694
2004638195000, -1.7717092, 7.07726, 2.3080103
2004648200000, -1.6759412, 7.2113357, 2.681506
2004658095000, -1.541866, 7.0006456, 2.9975405
2004667875000, -1.0726024, 6.885724, 2.633622
2004677907000, -0.60333884, 7.019799, 2.1547816
2004688148000, -0.25857377, 6.8186865, 1.7429788
2004698270000, 0.25857377, 6.4643445, 1.3503298
2004708561000, 0.7086837, 6.042965, 0.9672575
2004718678000, 1.091756, 5.5162406, 1.1204864
2004728805000, 1.3311762, 5.142745, 1.484405
2004738770000, 1.2737153, 4.912902, 1.7238252
2004749147000, 1.0151415, 4.903325, 1.9536686
2004759124000, 0.40222588, 5.142745, 2.4420857
2004769242000, -0.20111294, 5.5162406, 2.6623523
2004779365000, -0.7565677, 5.6407394, 2.777274
2004789234000, -1.1779473, 5.8322754, 2.9017725
2004799357000, -1.8387469, 5.717354, 3.4476504
2004809444000, -2.3175871, 5.5641246, 3.8881836
2004819672000, -2.719813, 5.2289367, 4.4436383
2004829844000, -2.9592333, 4.855441, 4.7979803
2004850242000, -2.767697, 4.10845, 4.817134
2004860603000, -2.4708161, 3.821146, 4.7309427
2004870185000, -2.0685902, 3.7445314, 4.462792
2004880600000, -1.3215994, 3.763685, 4.357447
2004890755000, -0.12449849, 3.916914, 4.8745947
2004901078000, 1.2449849, 4.6830587, 7.1826053
2004911184000, 0.29688102, 6.9240313, 9.77792
2004921283000, -1.541866, 10.371682, 10.70687
2004931328000, -2.6527755, 12.928689, 9.682152
2004942574000, -3.9839516, 13.196839, 6.205771
2004952119000, -5.631162, 12.966996, 4.414908
2004962253000, -6.7708025, 12.689269, 5.104438
2004972169000, -4.2999864, 11.559206, 5.9663506
2004982630000, -1.5801731, 9.299079, 4.807557
2004992850000, -0.095768064, 6.244078, 1.7429788
2005002716000, 0.17238252, 6.6271505, 2.0398598
2005022234000, -0.7086837, 8.6095495, 2.6910827
2005032249000, -1.3982137, 9.662998, 2.3750482
2005042346000, -1.9919758, 10.907983, 2.078167
2005052570000, -2.2505496, 12.334928, 2.432509
2005062473000, -2.183512, 13.350069, 2.6240451
2005072767000, -2.078167, 13.43626, 2.4899697
2005082982000, -2.0015526, 12.670115, 1.8100165
2005093100000, -1.8387469, 11.482592, 1.292869
2005103150000, -1.4556746, 10.429143, 0.8714894
2005113280000, -0.9768343, 9.749189, 0.58418524
2005123388000, -0.641646, 9.548077, 0.095768064
2005133544000, -0.6512229, 9.969456, -0.1340753
2005144000000, -1.0534488, 10.726024, -0.11492168
2005153877000, -1.8195933, 11.492168, -0.10534488
2005164099000, -3.1028855, 11.990162, 0.009576807
2005173955000, -4.462792, 12.229582, 0.25857377
2005184020000, -5.650316, 11.990162, 0.8714894
2005194764000, -6.483498, 11.099519, 1.5993267
2005204984000, -6.751649, 9.950302, 1.8770541
2005215186000, -6.215348, 9.040505, 1.5035586
2005225723000, -5.104438, 8.42759, 0.5267244
2005235553000, -3.8307228, 8.0445175, -0.2681506
2005246046000, -3.0454245, 7.881712, -0.50757074
2005256420000, -2.432509, 7.9583263, -1.3982137
2005267413000, -1.7525556, 7.843405, -1.8674773
2005277436000, -1.2258313, 7.6614456, -1.1300632
2005297514000, -1.6184803, 7.441179, 0.6895301
2005307931000, -2.4420857, 7.517793, 0.9959879
2005317953000, -2.4899697, 7.632715, 0.61291564
2005328028000, -2.1068976, 7.872135, 0.6799533
2005338135000, -1.3120226, 7.97748, 0.7374141
2005348197000, -0.48841715, 8.082825, 1.2641385
2005357801000, 0.095768064, 8.389283, 1.8962077
2005367725000, 0.12449849, 8.801085, 1.8100165
2005377775000, -0.2777274, 9.078813, 1.5131354
2005388607000, -0.81402856, 9.251195, 1.2354081
2005397797000, -1.13964, 9.442732, 1.0247183
2005408163000, -1.292869, 9.720459, 0.81402856
2005418440000, -1.4077905, 10.0269165, 0.45968673
2005428422000, -1.3599066, 10.218452, 0.05746084
2005439146000, -1.1587936, 10.295067, -0.31603462
2005449217000, -0.90979666, 10.371682, -0.1436521
2005459484000, -0.6895301, 10.649409, -0.21068975
2005469563000, -0.7374141, 10.907983, -0.41180268
2005479683000, -1.2066777, 11.281479, -0.4213795
2005489720000, -2.030283, 11.884817, -0.5650316
2005499715000, -3.074155, 12.430696, -0.9959879
2005509825000, -4.2904096, 12.421119, -0.8331822
2005520457000, -4.7979803, 12.258312, -0.9959879
2005530091000, -4.156334, 12.564771, -1.0247183
2005540862000, -2.7868507, 13.005303, -0.7661445
2005550860000, -0.9959879, 13.627796, -0.81402856
2005561289000, 0.047884032, 14.528016, -0.51714754
2005571344000, 0.19153613, 15.246277, -0.16280572
2005581490000, -0.047884032, 15.428236, 0.47884035
2005592226000, -0.47884035, 15.093047, 1.4652514
2005602863000, -1.0151415, 14.614207, 2.336741
2005612328000, -1.6089035, 14.144943, 2.8443117
2005622180000, -1.9728222, 13.790602, 3.2273839
2005632962000, -2.2026656, 13.589489, 3.3039982
2005642686000, -2.3175871, 13.187263, 2.8634653
2005653548000, -2.4229321, 12.4785795, 2.432509
2005662826000, -2.384625, 11.779472, 1.9057846
2005673008000, -2.327164, 11.243171, 1.4077905
2005683001000, -2.1068976, 10.764331, 0.94810385
2005693024000, -1.9057846, 10.429143, 0.62249243
2005703314000, -1.8483237, 10.208876, 0.32561144
2005713421000, -1.7238252, 10.170568, 0.29688102
2005723641000, -1.3790601, 10.036493, 0.019153614
2005733429000, -0.63206923, 10.007763, -0.16280572
2005743531000, -0.1340753, 9.921572, -0.009576807
2005753961000, 0.08619126, 9.749189, 0.019153614
2005763769000, 0.11492168, 9.414001, -0.15322891
2005774082000, 0.019153614, 9.011775, -0.45968673
2005783984000, 0.047884032, 8.590396, -0.9959879
2005795168000, 0.21068975, 8.465898, -0.9864111
2005805171000, 0.2681506, 8.341399, -0.9672575
2005815310000, 0.4405331, 8.169016, -0.8714894
2005825661000, 0.5267244, 7.747637, -0.6703765
2005836754000, 0.5746084, 7.28795, -0.7757214
2005856405000, 0.30645782, 6.943185, -0.90979666
2005866322000, -0.22984336, 6.9048777, -0.9768343
2005876371000, -0.9672575, 6.8569937, -0.641646
2005887524000, -1.541866, 6.847417, -0.17238252
2005896975000, -2.2888567, 6.6654577, 0.35434186
2005907433000, -2.7964275, 6.646304, 0.6991069
2005927015000, -2.6240451, 6.799533, 0.39264908
2005937524000, -2.087744, 7.0485296, 0.21068975
2005947193000, -1.4460979, 7.3645644, 0.076614454
2005957810000, -0.842759, 8.063671, -0.076614454
2005978281000, -0.94810385, 8.130709, -0.11492168
2005988346000, -0.80445176, 8.169016, -0.19153613
2005998472000, -0.60333884, 8.226477, -0.15322891
2006009134000, -0.39264908, 8.264784, -0.11492168
2006019784000, -0.24899697, 8.322245, -0.08619126
2006028977000, -0.12449849, 8.293514, -0.1436521
2006040962000, -0.047884032, 8.24563, -0.12449849
2006050758000, 0.038307227, 8.111555, -0.047884032
2006061859000, 0.076614454, 7.967903, -0.16280572
2006070948000, 0.06703765, 7.785944, -0.17238252
2006081392000, 0.0, 7.5848308, -0.22984336
2006091981000, -0.019153614, 7.441179, -0.1340753
2006101316000, 0.019153614, 7.3645644, -0.095768064
2006111772000, 0.10534488, 7.4028716, -0.047884032
2006122031000, 0.32561144, 7.4986396, 0.1436521
2006131973000, 0.6512229, 7.690176, 0.62249243
2006142323000, 0.8331822, 7.728483, 1.0247183
2006152925000, 0.545878, 7.8146744, 1.5514427
2006162209000, -0.11492168, 8.255207, 1.9057846
2006172311000, -0.89064306, 9.299079, 2.0685902
2006182382000, -2.1068976, 10.381259, 2.882619
2006192822000, -4.644751, 10.67814, 5.133168
2006203474000, -7.0006456, 11.712435, 9.519346
2006212787000, -8.475474, 13.062764, 9.509769
2006222791000, -8.896853, 13.292608, 5.6886234
2006232763000, -9.174581, 13.034034, 2.930503
2006243098000, -7.747637, 12.947843, 1.1779473
2006253799000, -0.35434186, 13.196839, -0.22026655
2006273151000, 5.6407394, 11.233594, -3.1028855
2006283186000, 7.153875, 10.170568, -3.3423057
2006293301000, 6.799533, 9.232041, -0.80445176
2006304112000, 5.267244, 9.509769, 1.2737153
2006313724000, 2.4995465, 10.409989, 0.91937345
2006323652000, -0.6895301, 10.754754, -0.58418524
2006333764000, -3.4572272, 10.25676, -1.13964
2006344143000, -5.1523223, 9.078813, -0.9576807
2006354040000, -5.1810527, 8.42759, -1.7142484
2006364065000, -4.0797195, 8.542512, -2.4229321
2006374489000, -2.72939, 8.791509, -2.3080103
2006384259000, -1.2162545, 9.030929, -1.9728222
2006394400000, 0.38307226, 9.203311, -1.5131354
2006404463000, 1.7621324, 9.471462, -1.3120226
2006414683000, 2.528277, 9.691729, -1.1109096
2006425153000, 2.7006595, 9.940725, -1.1204864
2006434886000, 2.4229321, 9.902418, -1.5035586
2006445103000, 1.9632454, 9.624691, -1.9536686
2006455156000, 1.2258313, 9.375694, -2.1452048
2006465355000, 0.40222588, 9.337387, -2.1260512
2006475645000, -0.46926352, 9.404425, -2.0111294
2006495814000, -1.7621324, 9.337387, -2.087744
2006506232000, -1.9536686, 9.193734, -2.2697031
2006517457000, -1.8866309, 9.002198, -2.432509
2006527623000, -1.6472107, 8.801085, -2.5761611
2006537774000, -1.5227122, 8.619126, -2.7102363
2006547793000, -1.3215994, 8.561666, -2.9017725
2006568064000, -1.1779473, 8.791509, -2.8921957
2006578184000, -1.13964, 9.021352, -2.4612393
2006588290000, -0.7374141, 9.9790325, -2.27928
2006598327000, -0.4309563, 10.5919485, -1.9057846
2006608826000, -0.019153614, 10.879252, -1.5035586
2006618335000, 0.39264908, 11.061212, -1.3694834
2006628370000, 0.24899697, 11.36767, -1.3215994
2006640789000, -0.17238252, 11.415554, -1.5610195
2006650875000, -0.60333884, 11.21444, -1.7621324
2006660947000, -0.8619126, 10.869676, -1.982399
2006672074000, -1.091756, 10.505757, -2.183512
2006681475000, -1.292869, 10.180145, -2.2888567
2006692121000, -1.3694834, 9.854534, -2.2601264
2006701857000, -1.4748282, 9.80665, -2.327164
2006713001000, -1.6472107, 9.749189, -2.5570073
2006722232000, -1.7429788, 9.643845, -2.882619
2006732345000, -1.8100165, 9.595961, -3.1028855
2006742798000, -1.7429788, 9.605537, -3.2082303
2006753603000, -1.5131354, 9.624691, -3.2369606
2006762743000, -1.2449849, 9.682152, -3.1794999
2006773050000, -1.0247183, 9.739613, -3.0454245
2006783074000, -0.8714894, 9.720459, -2.9017725
2006793183000, -0.7278373, 9.662998, -2.7485435
2006803302000, -0.61291564, 9.624691, -2.5953147
2006813395000, -0.4309563, 9.586384, -2.585738
2006823683000, -0.19153613, 9.595961, -2.5091233
2006833951000, 0.17238252, 9.691729, -2.5570073
2006844229000, 0.90979666, 9.749189, -2.3558946
2006863737000, 0.90021986, 9.662998, -2.0494366
2006873866000, 0.24899697, 9.270349, -2.1643584
2006883875000, 0.0, 9.136273, -2.3654714
2006893974000, -0.16280572, 9.050082, -2.5570073
2006904444000, -0.30645782, 9.165004, -2.5953147
2006914328000, -0.47884035, 9.289502, -2.6240451
2006924570000, -0.60333884, 9.299079, -2.6527755
2006934452000, -0.7182605, 9.337387, -2.7581203
2006956382000, -0.81402856, 9.270349, -2.9400797
2006965382000, -0.8331822, 9.3661175, -2.8538885
2006976177000, -0.90021986, 9.557653, -2.767697
2006986065000, -0.92895025, 9.77792, -2.72939
2006996183000, -0.9864111, 9.873688, -2.7581203
2007016513000, -1.0247183, 9.931149, -2.633622
2007027189000, -1.1300632, 9.959879, -2.432509
2007037576000, -1.2449849, 9.921572, -2.27928
2007047611000, -1.4173675, 9.864111, -2.3080103
2007057253000, -1.5897499, 9.844957, -2.4516625
2007067854000, -1.6759412, 9.902418, -2.528277
2007078029000, -1.7142484, 9.940725, -2.6048915
2007088011000, -1.6376339, 9.9790325, -2.566584
2007098096000, -1.5227122, 9.931149, -2.4037786
2007108938000, -1.3790601, 9.902418, -2.336741
2007118260000, -1.2545617, 9.864111, -2.3942018
2007128294000, -1.1587936, 9.768343, -2.4037786
2007138257000, -1.043872, 9.682152, -2.4995465
2007148437000, -1.0342951, 9.595961, -2.6527755
2007159214000, -1.043872, 9.490616, -2.7581203
2007168728000, -1.0151415, 9.433155, -2.815581
2007179152000, -0.9768343, 9.346964, -2.8538885
2007189408000, -0.91937345, 9.3661175, -2.777274
2007209419000, -0.7757214, 9.423578, -2.7964275
2007219390000, -0.6895301, 9.471462, -2.719813
2007230152000, -0.61291564, 9.528923, -2.6719291
2007239645000, -0.545878, 9.576807, -2.6048915
2007249776000, -0.50757074, 9.653421, -2.4612393
2007259905000, -0.49799395, 9.643845, -2.3175871
2007280350000, -0.545878, 9.672575, -2.4133554
2007290717000, -0.58418524, 9.624691, -2.4037786
