#Acceleration force along the x y z axes (including gravity).
#timestamp(ns),x,y,z(m/s^2)
#Datetime: 22/12/2015 09:52:19
##########################################
#Activity: 5 - STU - Stairs up - 10s
#Subject ID: 1
#First Name: sub1
#Last Name: sub1
#Age: 32
#Height(cm): 180
#Weight(kg): 85
#Gender: Male
##########################################

@DATA
1739044000000, -1.1779473, 9.816227, -0.60333884
1739245526000, -1.2545617, 9.768343, -0.6607997
1739454797000, -1.292869, 9.720459, -0.22026655
1739464752000, -1.3311762, 9.739613, -0.24899697
1739475121000, -1.3024458, 9.77792, -0.31603462
1739485931000, -1.3120226, 9.797073, -0.4309563
1739496168000, -1.2737153, 9.80665, -0.47884035
1739505679000, -1.3120226, 9.787497, -0.59376204
1739515893000, -1.3024458, 9.768343, -0.7374141
1739526201000, -1.292869, 9.77792, -0.8810662
1739536115000, -1.3024458, 9.816227, -1.043872
1739547252000, -1.3311762, 9.80665, -1.2162545
1739556616000, -1.3120226, 9.768343, -1.2641385
1739566503000, -1.2737153, 9.739613, -1.3311762
1739576777000, -1.2449849, 9.749189, -1.283292
1739586779000, -1.2737153, 9.758766, -1.2545617
1739606969000, -1.2641385, 9.787497, -1.0630256
1739618138000, -1.2737153, 9.77792, -0.90021986
1739627211000, -1.2641385, 9.787497, -0.7086837
1739637224000, -1.2545617, 9.758766, -0.51714754
1739647337000, -1.3120226, 9.77792, -0.37349546
1739657597000, -1.3215994, 9.768343, -0.2873042
1739667764000, -1.3311762, 9.80665, -0.23942018
1739677721000, -1.3120226, 9.768343, -0.19153613
1739687850000, -1.3024458, 9.816227, -0.18195933
1739697889000, -1.3982137, 9.864111, -0.21068975
1739708063000, -1.4269443, 9.825804, -0.46926352
1739718157000, -1.4460979, 9.797073, -0.60333884
1739728567000, -1.484405, 9.80665, -0.7278373
1739738389000, -1.5131354, 9.797073, -0.93852705
1739748517000, -1.541866, 9.80665, -1.1683705
1739768836000, -1.436521, 9.797073, -1.532289
1739779992000, -1.4173675, 9.787497, -1.6089035
1739789083000, -1.4460979, 9.768343, -1.7046716
1739799468000, -1.4556746, 9.758766, -1.6950948
1739821542000, -1.484405, 9.720459, -1.484405
1739831883000, -1.5035586, 9.739613, -1.3694834
1739841860000, -1.484405, 9.710882, -1.283292
1739851935000, -1.4460979, 9.672575, -1.1779473
1739873190000, -1.3982137, 9.653421, -0.8331822
1739882543000, -1.4173675, 9.672575, -0.7086837
1739892615000, -1.4077905, 9.701305, -0.59376204
1739904022000, -1.4173675, 9.691729, -0.5554548
1739913572000, -1.4269443, 9.672575, -0.60333884
1739933577000, -1.4460979, 9.739613, -0.7278373
1739943943000, -1.4748282, 9.758766, -0.7565677
1739964746000, -1.4173675, 9.749189, -0.9672575
1739974987000, -1.484405, 9.730036, -1.0342951
1739984614000, -1.5131354, 9.710882, -1.0726024
1739994721000, -1.5610195, 9.730036, -1.0342951
1740004806000, -1.6376339, 9.701305, -1.0247183
1740014933000, -1.6567876, 9.643845, -0.9864111
1740035210000, -1.6759412, 9.730036, -0.94810385
1740055400000, -1.5993267, 9.653421, -0.63206923
1740065679000, -1.5514427, 9.691729, -0.5363012
1740075904000, -1.4939818, 9.682152, -0.2873042
1740085854000, -1.436521, 9.768343, -0.16280572
1740096456000, -1.4077905, 9.911995, 0.0
1740107114000, -1.4173675, 10.007763, 0.25857377
1740116687000, -1.3790601, 10.160992, 0.40222588
1740127490000, -1.3694834, 10.46745, 0.37349546
1740137036000, -1.340753, 10.649409, 0.6703765
1740157698000, -1.2737153, 11.109096, 1.541866
1740167149000, -1.13964, 11.176133, 2.078167
1740176997000, -0.8331822, 11.204864, 2.5953147
1740187123000, -0.39264908, 11.329363, 2.873042
1740197620000, 0.37349546, 11.654974, 3.371036
1740207445000, 1.0726024, 11.923124, 4.3478703
1740217438000, 2.1739352, 12.172121, 3.1890767
1740227815000, 3.1794999, 12.392388, 3.3423057
1740237869000, 3.715801, 12.26789, 3.8019924
1740248664000, 4.3382936, 12.449849, 2.2601264
1740257835000, 4.0797195, 12.191275, 1.6759412
1740268132000, 3.1507695, 11.712435, 1.6663644
1740279111000, 1.2449849, 11.492168, 1.3215994
1740298308000, 0.641646, 11.836933, 1.2354081
1740308365000, -0.08619126, 11.942278, 1.2449849
1740318589000, -0.842759, 10.812215, 1.7046716
1740328921000, -0.94810385, 10.055647, 2.0398598
1740338792000, -0.7374141, 9.548077, 2.480393
1740349024000, -0.21068975, 9.461885, 2.920926
1740359968000, 0.45010993, 9.375694, 3.0454245
1740370591000, 1.0630256, 9.193734, 2.9783869
1740380342000, 1.3503298, 9.14585, 2.8538885
1740390135000, 1.4556746, 9.097966, 2.7485435
1740400652000, 1.340753, 8.829816, 3.1794999
1740410578000, 1.1971009, 8.676587, 3.86903
1740420645000, 0.90021986, 8.513782, 4.3957543
1740432231000, 0.51714754, 8.015787, 4.606444
1740441500000, 0.15322891, 7.4507556, 4.548983
1740452336000, -0.009576807, 6.885724, 4.405331
1740461961000, 0.15322891, 6.6079965, 4.31914
1740471688000, 0.49799395, 6.445191, 4.4915223
1740481778000, 1.436521, 6.799533, 4.510676
1740501991000, 1.3120226, 7.144298, 4.7884035
1740522993000, 1.0821792, 6.933608, 4.721366
1740532171000, 0.9768343, 6.6846113, 4.644751
1740542251000, 0.9576807, 6.3302693, 4.6255975
1740552379000, 1.0342951, 6.2632318, 4.76925
1740562778000, 1.1492168, 6.339846, 4.759673
1740572621000, 1.3120226, 6.540959, 4.903325
1740582704000, 1.3024458, 6.5505357, 4.9224787
1740593412000, 1.2449849, 6.5218053, 5.046977
1740602933000, 1.1875241, 6.5122285, 5.209783
1740613239000, 1.1013328, 6.4643445, 5.315128
1740623396000, 1.1683705, 6.6750345, 5.4683566
1740633611000, 1.3215994, 6.751649, 5.7843914
1740643489000, 1.4077905, 6.5696893, 5.841852
1740653577000, 1.4269443, 6.4260373, 5.9759274
1740663834000, 1.484405, 6.2823853, 5.93762
1740673958000, 1.4652514, 5.9663506, 5.9280434
1740694577000, 1.3599066, 5.439626, 5.8801594
1740704561000, 1.2066777, 5.3247046, 5.9567738
1740714513000, 1.2449849, 5.3725886, 6.0716953
1740724522000, 1.2066777, 5.5737014, 6.1004257
1740734635000, 1.2162545, 5.9759274, 6.244078
1740744777000, 1.4269443, 6.3206925, 6.5122285
1740754913000, 1.5897499, 6.646304, 6.9144545
1740764943000, 1.8483237, 7.0006456, 7.1826053
1740775410000, 2.0494366, 7.1251445, 7.4124484
1740796959000, 2.0685902, 5.851429, 7.153875
1740806832000, 1.5514427, 5.2385135, 6.6367273
1740817043000, 1.0055647, 4.8745947, 6.1866174
1740827069000, 0.63206923, 4.759673, 5.813122
1740848236000, 0.4405331, 5.6790466, 6.081272
1740857531000, 0.7757214, 6.483498, 6.751649
1740867659000, 1.4652514, 7.5561004, 7.747637
1740877696000, 2.4229321, 8.848969, 8.935161
1740887811000, 3.4476504, 10.093954, 10.247183
1740897916000, 4.060566, 10.649409, 10.6877165
1740907935000, 3.7062242, 10.409989, 10.189722
1740918442000, 2.384625, 9.490616, 7.9487495
1740928302000, 0.7565677, 7.929596, 5.3342814
1740938256000, -0.4309563, 7.2304893, 5.9759274
1740948403000, -0.58418524, 7.297527, 7.144298
1740958576000, -0.35434186, 8.676587, 8.973468
1740968966000, -0.21068975, 9.308656, 8.073248
1740979015000, -0.41180268, 9.576807, 7.086837
1740988978000, -0.6512229, 10.429143, 7.1251445
1740999159000, -0.35434186, 11.530476, 7.393295
1741010109000, -0.17238252, 11.9135475, 6.9240313
1741019857000, -0.25857377, 11.741165, 5.985504
1741029988000, -0.48841715, 11.271901, 5.1906295
1741039647000, -0.641646, 10.793061, 4.807557
1741049811000, -0.6703765, 10.5440645, 4.3478703
1741070433000, -0.7182605, 9.768343, 3.2082303
1741080631000, -0.7086837, 9.394848, 2.6719291
1741091605000, -0.61291564, 9.184157, 2.327164
1741101879000, -0.6991069, 8.935161, 1.9440918
1741112543000, -0.5363012, 8.887277, 1.6663644
1741122189000, -0.30645782, 8.916007, 1.436521
1741132330000, 0.047884032, 9.059659, 1.0534488
1741142459000, 0.30645782, 9.069236, 0.79487497
1741152449000, 0.6991069, 9.050082, 0.51714754
1741172640000, 1.4939818, 9.059659, 0.05746084
1741182499000, 1.733402, 9.040505, 0.33518824
1741192642000, 2.0111294, 9.011775, 0.38307226
1741202771000, 2.1643584, 8.772355, 0.2873042
1741213110000, 2.2409728, 8.590396, 0.11492168
1741224229000, 2.4516625, 8.686164, -0.21068975
1741233402000, 2.2601264, 8.465898, -0.019153614
1741243297000, 2.0973208, 8.303091, 0.20111294
1741254292000, 1.5514427, 8.015787, 0.60333884
1741273681000, 1.1204864, 7.575254, 0.2681506
1741284040000, 0.89064306, 7.489063, 0.076614454
1741294105000, 0.8331822, 7.4603324, -0.20111294
1741304132000, 0.842759, 7.4986396, -0.5650316
1741314219000, 1.0534488, 7.9487495, -0.60333884
1741324289000, 1.6184803, 8.916007, -0.5554548
1741334581000, 1.9632454, 10.113108, 0.2681506
1741344773000, 2.2409728, 10.7356, 0.93852705
1741355110000, 2.4037786, 11.042058, 1.4652514
1741365215000, 2.1643584, 11.003751, 1.2545617
1741375484000, 0.90021986, 10.524911, 0.8331822
1741386014000, -0.62249243, 9.758766, 0.5746084
1741396358000, -1.541866, 9.251195, 0.47884035
1741406851000, -1.7429788, 9.193734, 0.40222588
1741417050000, -1.4173675, 9.289502, 0.49799395
1741426283000, -1.091756, 9.452309, 0.7757214
1741436371000, -0.47884035, 9.816227, 0.6607997
1741446652000, -0.19153613, 9.864111, 0.34476504
1741456614000, 0.0, 9.682152, 0.19153613
1741466637000, 0.08619126, 9.653421, 0.15322891
1741476734000, -0.10534488, 9.662998, -0.06703765
1741487091000, -0.21068975, 9.481039, -0.49799395
1741497240000, -0.31603462, 9.452309, -0.7086837
1741507103000, -0.19153613, 9.548077, -0.6991069
1741516693000, -0.1340753, 9.643845, -0.37349546
1741526974000, -0.18195933, 9.672575, -0.076614454
1741536973000, -0.22984336, 9.682152, -0.02873042
1741546932000, -0.05746084, 9.691729, -0.22026655
1741557495000, 0.076614454, 9.548077, -0.15322891
1741567632000, 0.29688102, 9.289502, 0.19153613
1741578574000, 0.5746084, 9.021352, 0.5554548
1741587884000, 0.78529817, 8.90643, 0.7182605
1741597700000, 0.91937345, 8.935161, 0.7086837
1741608023000, 1.0055647, 9.165004, 0.5554548
1741617903000, 1.043872, 9.500193, 0.36391866
1741628245000, 0.9959879, 9.864111, -0.038307227
1741638106000, 0.6512229, 10.879252, -0.4213795
1741648917000, 0.4309563, 11.568783, -0.7469909
1741658470000, 0.18195933, 12.401965, -1.0247183
1741668406000, -0.06703765, 12.928689, -1.043872
1741678771000, 0.11492168, 13.589489, -1.3311762
1741688585000, 0.23942018, 13.752295, -1.6663644
1741698785000, 0.41180268, 14.346057, -2.2697031
1741709000000, 0.33518824, 15.179238, -2.4995465
1741718971000, -0.02873042, 16.060305, -2.4612393
1741729623000, -0.46926352, 16.730682, -2.2505496
1741739339000, -0.9768343, 16.414646, -1.4748282
1741749339000, -1.3694834, 15.629349, -0.4309563
1741759935000, -1.5514427, 14.901511, 0.46926352
1741770394000, -1.7429788, 14.422671, 1.0247183
1741780317000, -1.9536686, 13.694834, 1.1683705
1741790222000, -1.9153614, 12.966996, 0.9576807
1741800748000, -1.8483237, 12.248735, 0.7182605
1741812196000, -1.5897499, 11.808203, 0.35434186
1741832565000, -1.436521, 11.587936, 0.5746084
1741842645000, -1.3599066, 11.731588, 1.043872
1741852767000, -1.1875241, 11.836933, 1.5705963
1741863261000, -0.9768343, 11.501745, 2.135628
1741872931000, -0.79487497, 11.33894, 3.0933087
1741883207000, -0.7565677, 11.310209, 4.060566
1741893144000, -0.7278373, 11.597513, 5.209783
1741904063000, -0.6703765, 12.172121, 5.21936
1741923493000, -0.89064306, 11.18571, -1.5035586
1741933778000, -1.6950948, 9.969456, -3.9743748
1741944498000, -1.9536686, 9.050082, -4.510676
1741953897000, -2.72939, 8.264784, -4.4723687
1741964078000, -2.6048915, 7.632715, -3.9839516
1741974497000, -1.9632454, 7.153875, -3.4572272
1741994784000, -0.05746084, 7.249643, -0.2681506
1742005878000, 0.7374141, 7.3549876, 0.7278373
1742015584000, 1.4077905, 7.4986396, 0.9672575
1742025872000, 1.5897499, 7.642292, 0.9768343
1742036545000, 1.6280571, 7.632715, 0.8331822
1742046866000, 1.4077905, 7.5082164, 0.7565677
1742056813000, 1.0534488, 7.1826053, 1.2066777
1742067602000, 0.6512229, 6.933608, 1.3599066
1742077504000, 0.48841715, 7.0006456, 1.3694834
1742087262000, 0.45968673, 7.1826053, 1.091756
1742097591000, 0.4213795, 7.374141, 1.1683705
1742107350000, 0.41180268, 7.335834, 1.3120226
1742117276000, 0.4213795, 6.991069, 1.8004397
1742127255000, 0.48841715, 6.5122285, 2.2026656
1742137337000, 0.59376204, 5.841852, 2.6048915
1742147586000, 0.90021986, 5.707777, 3.3806129
1742158973000, 0.40222588, 5.2768207, 4.012682
1742167986000, 0.6799533, 5.813122, 4.3478703
1742178296000, 0.79487497, 6.301539, 4.817134
1742198570000, 0.9672575, 6.588843, 5.6982
1742208769000, 1.0055647, 6.579266, 6.090849
1742218944000, 0.89064306, 6.244078, 6.167464
1742230305000, 0.60333884, 6.081272, 6.033388
1742239630000, 0.61291564, 5.861006, 5.8801594
1742249473000, 0.7086837, 5.4683566, 5.583278
1742262012000, 0.7661445, 5.2002063, 5.391742
1742272129000, 0.92895025, 4.951209, 5.3342814
1742282253000, 1.0342951, 4.5777135, 5.48751
1742292408000, 1.1779473, 4.2425256, 5.7843914
1742302343000, 1.3215994, 3.9264908, 5.947197
1742312872000, 1.4556746, 3.620033, 5.995081
1742323015000, 1.6759412, 3.5051112, 5.947197
1742332545000, 1.9153614, 3.5817258, 6.0142345
1742342419000, 2.2409728, 3.7253778, 6.301539
1742352413000, 2.930503, 4.1180267, 7.1155677
1742362617000, 4.309563, 5.0374002, 8.39886
1742372628000, 6.244078, 6.6846113, 9.77792
1742382732000, 8.00621, 9.107543, 11.769896
1742393249000, 7.0964136, 12.392388, 12.727576
1742403206000, 3.074155, 13.40753, 8.015787
1742413429000, 1.7621324, 12.670115, 6.1866174
1742424836000, -1.5610195, 10.879252, 6.943185
1742434281000, -4.2904096, 10.218452, 8.389283
1742444539000, -2.3463178, 10.448297, 10.783484
1742454630000, -0.6512229, 10.28549, 9.222465
1742464617000, -0.095768064, 9.375694, 5.0374002
1742474633000, -1.1204864, 8.647857, 4.2425256
1742485435000, -1.3215994, 9.950302, 4.7405195
1742495424000, -0.6991069, 10.716447, 3.964798
1742505372000, -0.2777274, 11.195287, 3.3135753
1742516452000, 0.009576807, 11.520899, 2.8921957
1742525638000, 0.22026655, 11.57836, 2.566584
1742536176000, 0.47884035, 11.444284, 2.0207062
1742546391000, 0.60333884, 11.204864, 1.5897499
1742566229000, 0.5650316, 10.601525, 0.12449849
1742577013000, 0.6991069, 10.151415, -0.8331822
1742586406000, 0.9768343, 9.80665, -1.4269443
1742596695000, 1.3982137, 9.605537, -1.7429788
1742606756000, 1.6472107, 9.212888, -1.8387469
1742616623000, 1.8195933, 8.714894, -1.6759412
1742626723000, 2.0207062, 8.303091, -1.7238252
1742636786000, 2.183512, 7.843405, -1.8483237
1742647585000, 2.1643584, 7.335834, -1.0151415
1742657056000, 2.030283, 7.029376, -0.31603462
1742666985000, 1.7908629, 6.7803793, -0.25857377
1742677025000, 1.5897499, 6.579266, -0.61291564
1742687341000, 1.1204864, 6.397307, -0.59376204
1742697382000, 0.7374141, 6.2345014, -0.58418524
1742717679000, 0.7086837, 6.5122285, -0.7278373
1742727795000, 0.81402856, 6.7324953, -0.25857377
1742737604000, 1.0726024, 7.422025, -0.90021986
1742748551000, 1.6376339, 8.513782, -0.60333884
1742759021000, 2.3463178, 9.921572, -0.06703765
1742769155000, 2.8443117, 11.061212, 0.62249243
1742789178000, 2.135628, 10.94629, 1.0055647
1742799319000, 0.8331822, 10.429143, 1.3694834
1742810760000, -0.6703765, 9.768343, 1.5897499
1742819790000, -0.6895301, 9.710882, 1.5801731
1742829926000, -0.48841715, 9.624691, 1.733402
1742840155000, -0.15322891, 9.758766, 1.6089035
1742850441000, 0.20111294, 9.931149, 1.3982137
1742860383000, 0.38307226, 10.0269165, 1.2162545
1742871522000, 0.5363012, 10.055647, 1.0726024
1742881582000, 0.5746084, 10.103531, 0.89064306
1742891265000, 0.62249243, 10.247183, 0.6703765
1742901085000, 0.63206923, 10.371682, 0.16280572
1742913002000, 0.5363012, 10.247183, -0.4405331
1742922402000, 0.4405331, 9.921572, -0.89064306
1742932478000, 0.2873042, 9.452309, -1.1492168
1742942555000, 0.30645782, 9.050082, -0.91937345
1742952849000, 0.32561144, 8.7532015, -0.545878
1742963045000, 0.2873042, 8.437167, -0.25857377
1742973773000, 0.31603462, 8.418014, -0.1436521
1742983285000, 0.35434186, 8.532935, -0.22026655
1742993230000, 0.36391866, 8.6574335, -0.2777274
1743003688000, 0.4405331, 8.810662, -0.21068975
1743016318000, 0.59376204, 9.069236, -0.06703765
1743025337000, 0.6895301, 9.433155, 0.06703765
1743035469000, 0.842759, 9.940725, 0.076614454
1743047023000, 0.5363012, 11.21444, 0.24899697
1743057728000, 0.2777274, 12.401965, 0.29688102
1743067552000, 0.45968673, 13.771448, -0.095768064
1743077846000, 0.8619126, 14.911088, -0.90979666
1743087867000, 0.7565677, 15.294161, -1.4269443
1743097456000, 0.62249243, 15.820885, -1.9057846
1743107723000, 0.047884032, 16.567875, -2.3654714
1743117806000, -0.6703765, 17.650055, -2.681506
1743128022000, -1.5514427, 17.985243, -2.5474305
1743137824000, -2.3463178, 16.998833, -2.078167
1743148186000, -2.6527755, 15.859192, -1.388637
1743159000000, -2.6431987, 15.016433, -0.6991069
1743168137000, -2.3750482, 14.422671, -0.06703765
1743178523000, -2.0590134, 13.627796, 0.5363012
1743188332000, -1.6759412, 12.919112, 1.0055647
1743198461000, -1.283292, 12.469003, 1.1683705
1743208549000, -0.9576807, 12.440272, 0.9768343
1743218762000, -0.6703765, 12.785037, 0.9864111
1743229151000, -0.45010993, 13.196839, 1.5035586
1743239267000, -0.17238252, 13.378799, 2.327164
1743249251000, -0.009576807, 13.330915, 3.4284968
1743259351000, 0.05746084, 13.321339, 4.6351743
1743270340000, -0.019153614, 13.311762, 5.9567738
1743280275000, -0.095768064, 13.273455, 7.067683
1743290334000, -0.22026655, 12.871228, 6.6271505
1743300337000, -0.9959879, 11.300632, 2.9496565
1743312124000, -0.48841715, 10.582372, -6.9527617
1743332010000, -0.94810385, 8.207323, -7.0485296
1743342077000, -0.9768343, 7.4603324, -5.6982
1743352408000, -1.0151415, 7.1251445, -5.00867
1743362310000, -0.7757214, 6.6175733, -3.1507695
1743372463000, -0.33518824, 6.0525417, -1.9153614
1743382534000, 0.48841715, 6.042965, -1.2354081
1743392503000, 1.388637, 6.445191, -0.2873042
1743402783000, 1.8291701, 6.579266, 0.641646
1743413857000, 1.7717092, 6.2728086, 1.484405
1743425207000, 1.5514427, 5.755661, 2.135628
1743436059000, 1.2066777, 5.5258174, 2.528277
1743447064000, 0.89064306, 5.592855, 2.4612393
1743457077000, 0.6512229, 6.0046577, 1.7238252
1743466827000, 0.21068975, 5.985504, 0.82360536
1743477173000, 0.047884032, 6.14831, 0.8331822
1743487117000, 0.29688102, 6.646304, 1.3215994
1743497567000, 0.59376204, 6.8569937, 1.9919758
1743507736000, 0.79487497, 7.0485296, 2.7006595
1743517499000, 0.7757214, 6.9048777, 3.4955344
1743527475000, 0.4213795, 6.8091097, 3.9839516
1743537183000, 0.36391866, 6.655881, 4.4819455
1743547535000, 0.32561144, 6.2249246, 4.6255975
1743567719000, 0.2681506, 5.267244, 4.4723687
1743577671000, 0.15322891, 4.6926355, 4.2904096
1743587677000, -0.076614454, 3.8019924, 4.414908
1743597785000, -0.038307227, 3.9264908, 4.5872903
1743607963000, -0.08619126, 4.10845, 4.9320555
1743617985000, -0.11492168, 4.261679, 5.2385135
1743628102000, 0.038307227, 4.4244847, 5.497087
1743638691000, 0.34476504, 4.501099, 5.6120086
1743648487000, 0.9768343, 4.663905, 6.0046577
1743658574000, 2.2505496, 5.171476, 7.489063
1743669198000, 4.012682, 6.0525417, 8.63828
1743678908000, 5.315128, 7.0485296, 9.337387
1743688930000, 4.8841715, 7.9391727, 9.653421
1743699001000, 3.6966474, 10.0269165, 9.3182335
1743709216000, 2.7485435, 13.273455, 11.3964
1743719954000, 3.1986535, 15.389929, 11.166556
1743729944000, 3.0933087, 14.144943, 8.255207
1743739993000, 0.8810662, 10.141838, 5.2480903
1743749822000, -2.1930888, 7.747637, 4.8362875
1743759702000, -2.7581203, 7.4603324, 6.2728086
1743770183000, -1.283292, 7.967903, 7.374141
1743780432000, 0.12449849, 8.686164, 6.196194
1743790578000, 0.1340753, 8.66701, 4.4340615
1743800633000, -0.5650316, 8.973468, 3.8594532
1743810826000, -0.8331822, 9.739613, 4.280833
1743821109000, -0.33518824, 10.821792, 4.4340615
1743832561000, -0.019153614, 11.271901, 3.8115692
1743841817000, 0.23942018, 11.358093, 3.3135753
1743851759000, 0.37349546, 11.061212, 3.2369606
1743862127000, 0.58418524, 10.783484, 3.0071173
1743872213000, 0.7661445, 10.572795, 2.8060043
1743882535000, 0.7565677, 10.266336, 2.4420857
1743892335000, 0.7469909, 9.931149, 1.9153614
1743902254000, 0.81402856, 9.701305, 1.1971009
1743912722000, 1.043872, 9.509769, 0.02873042
1743922434000, 1.1971009, 9.500193, -0.29688102
1743932940000, 1.3120226, 9.758766, -0.94810385
1743943252000, 1.3024458, 9.5385, -0.641646
1743953230000, 1.4077905, 9.260772, -0.24899697
1743963545000, 1.6376339, 8.743625, -0.545878
1743973856000, 1.7717092, 8.264784, -1.0151415
1743983593000, 1.8195933, 7.833828, -1.3120226
1743994594000, 1.7621324, 7.5944076, -1.6663644
1744004261000, 1.5993267, 7.3549876, -1.5993267
1744014188000, 1.3599066, 7.192182, -0.7374141
1744024877000, 1.1779473, 7.0006456, -0.63206923
1744034887000, 0.9864111, 6.703765, -0.78529817
1744045169000, 0.9959879, 6.5696893, -1.0534488
1744054837000, 0.9672575, 6.7229185, -0.7374141
1744066931000, 1.1204864, 6.991069, -0.59376204
1744076759000, 1.4556746, 7.326257, -0.7469909
1744086794000, 1.6950948, 7.9870567, -0.39264908
1744097375000, 2.087744, 8.561666, -0.59376204
1744107412000, 2.2888567, 9.299079, -1.1779473
1744117362000, 1.7142484, 9.662998, -0.81402856
1744127284000, 0.8619126, 9.528923, -0.35434186
1744137381000, -0.37349546, 9.423578, 0.19153613
1744147562000, -1.4077905, 9.653421, 0.46926352
1744157390000, -1.7812861, 10.084377, 0.82360536
1744167352000, -1.3790601, 10.362105, 1.4939818
1744177295000, -0.6991069, 10.486604, 2.2218192
1744187515000, 0.10534488, 10.716447, 2.4995465
1744197573000, 0.5267244, 10.783484, 2.3654714
1744208234000, 0.50757074, 10.773908, 1.9536686
1744217917000, 0.2873042, 10.630256, 0.39264908
1744227889000, 0.23942018, 10.5440645, -0.4405331
1744238047000, 0.20111294, 10.323798, -1.0342951
1744248137000, 0.22984336, 10.132261, -1.6280571
1744258466000, 0.20111294, 9.864111, -2.0494366
1744268325000, 0.12449849, 9.433155, -1.9632454
1744278675000, 0.038307227, 8.954314, -1.8291701
1744288534000, -0.076614454, 8.829816, -1.5897499
1744299611000, -0.047884032, 8.935161, -1.4556746
1744309252000, -0.076614454, 8.992621, -1.2449849
1744319586000, -0.19153613, 9.174581, -0.78529817
1744329742000, -0.29688102, 9.471462, -0.4309563
1744339424000, -0.32561144, 9.730036, -0.2777274
1744349641000, -0.22984336, 9.911995, -0.29688102
1744359940000, -0.1340753, 10.0748005, -0.39264908
1744369812000, -0.11492168, 10.323798, -0.34476504
1744380424000, -0.038307227, 10.850522, -0.33518824
1744390116000, 0.1340753, 11.492168, -0.6607997
1744400223000, 0.22026655, 12.143391, -0.7086837
1744410323000, 0.20111294, 13.2351465, -0.9576807
1744420416000, 0.545878, 15.05474, -1.6663644
1744430924000, 0.34476504, 16.338032, -2.078167
1744441200000, -0.34476504, 16.874334, -2.5091233
1744451322000, -1.1875241, 17.30529, -2.9783869
1744471135000, -2.7868507, 16.778566, -2.336741
1744481275000, -2.9496565, 15.98369, -0.90021986
1744491393000, -2.6431987, 15.121778, 0.5267244
1744501642000, -2.2026656, 14.384364, 1.2737153
1744511634000, -1.8483237, 13.541605, 1.3694834
1744521598000, -1.5993267, 12.641385, 1.1204864
1744531699000, -1.3120226, 12.277467, 0.60333884
1744541769000, -1.091756, 12.143391, 0.4309563
1744551937000, -0.9576807, 12.229582, 0.4405331
1744562079000, -0.8810662, 12.344504, 0.93852705
1744572439000, -0.545878, 11.971008, 2.5953147
1744592144000, -0.25857377, 12.066776, 5.2289367
1744602449000, -0.12449849, 12.344504, 6.5601125
1744612847000, 0.4213795, 12.670115, 7.374141
1744624484000, 0.63206923, 12.53604, 5.899313
1744633419000, -0.05746084, 11.568783, 1.6089035
1744643533000, -1.3024458, 10.170568, -3.3901896
1744653688000, -1.934515, 9.576807, -6.129156
1744663938000, -2.3750482, 8.762778, -6.540959
1744674155000, -2.6431987, 8.0924015, -5.535394
1744684213000, -2.6144683, 7.5561004, -4.462792
1744694170000, -2.135628, 7.1826053, -3.7062242
1744704557000, -1.4173675, 6.991069, -2.7581203
1744714561000, -0.5746084, 7.1059904, -1.7621324
1744724696000, 0.23942018, 6.933608, -0.94810385
1744734851000, 1.1204864, 6.8665705, -0.2681506
1744744958000, 1.6472107, 6.742072, 0.6799533
1744754885000, 1.7908629, 6.3206925, 1.4460979
1744764981000, 1.5227122, 5.803545, 2.1164744
1744775139000, 1.3024458, 5.5258174, 1.9153614
1744785183000, 0.91937345, 5.602432, 1.8483237
1744795659000, 0.5554548, 6.2823853, 2.0590134
1744805916000, -0.076614454, 5.602432, 0.39264908
1744815719000, -0.038307227, 5.8226986, 0.6799533
1744826148000, 0.22984336, 6.0142345, 0.62249243
1744836139000, 0.45010993, 5.8801594, 1.1971009
1744846586000, 0.45968673, 5.4300494, 1.9249382
1744856245000, 0.4309563, 5.21936, 3.0262709
1744866390000, 0.22984336, 5.4204726, 4.4915223
1744876481000, 0.35434186, 5.535394, 6.1387334
1744886481000, 0.62249243, 5.9759274, 7.575254
1744897622000, 0.32561144, 6.7133417, 8.283937
1744907302000, 0.17238252, 6.1866174, 7.7093296
1744917510000, 0.047884032, 5.6120086, 6.8761473
1744927510000, -0.009576807, 5.085284, 6.196194
1744937457000, 0.02873042, 4.510676, 5.755661
1744947699000, 0.2873042, 4.0797195, 5.583278
1744957536000, 0.78529817, 3.8498764, 5.544971
1744967589000, 1.3311762, 3.916914, 5.5641246
1744977514000, 1.7429788, 4.0892963, 5.497087
1744987634000, 2.1068976, 4.185065, 5.391742
1744997730000, 2.5187001, 4.098873, 5.3342814
1745007835000, 2.8443117, 3.9935284, 5.6215854
1745017912000, 3.1986535, 4.0318356, 6.291962
1745048261000, 6.033388, 5.9184666, 9.270349
1745058136000, 5.7269306, 6.7133417, 8.599973
1745068354000, 3.620033, 8.676587, 8.686164
1745078292000, 1.3694834, 13.196839, 11.990162
1745088317000, 0.59376204, 16.366762, 11.501745
1745098604000, 1.8674773, 14.978126, 10.5919485
1745109056000, 0.545878, 10.888829, 7.575254
1745119050000, -1.9632454, 8.0924015, 6.1387334
1745129422000, -2.2697031, 7.2209125, 7.1730285
1745139233000, -1.0630256, 7.479486, 7.52737
1745150124000, 0.1436521, 8.082825, 5.592855
1745160123000, 0.038307227, 8.293514, 3.7541082
1745170219000, -0.22984336, 8.724471, 3.0550013
1745180687000, -0.05746084, 9.672575, 3.2848446
1745191621000, 0.58418524, 11.118672, 2.815581
1745201222000, 0.8810662, 12.641385, 2.1452048
1745211294000, 0.79487497, 13.206416, 1.8004397
1745221264000, 0.60333884, 12.813767, 1.8100165
1745232593000, 0.59376204, 11.597513, 1.4748282
1745242656000, 0.6703765, 10.984597, 0.9672575
1745253132000, 0.842759, 10.486604, 0.4309563
1745263325000, 0.9864111, 10.065224, -0.047884032
1745272953000, 1.2641385, 9.854534, -0.61291564
1745283071000, 1.3311762, 9.404425, -0.7182605
1745313637000, 1.388637, 7.690176, -0.9864111
1745324168000, 1.4173675, 7.4124484, -1.541866
1745333760000, 1.4460979, 7.335834, -2.0590134
1745343701000, 1.4556746, 7.345411, -2.480393
1745354256000, 1.2545617, 7.201759, -2.3654714
1745364251000, 1.283292, 7.28795, -1.9632454
1745374884000, 1.2162545, 7.2783732, -1.4939818
1745384429000, 1.2545617, 7.153875, -0.80445176
1745396898000, 1.2641385, 7.1730285, -0.6895301
1745406127000, 1.3024458, 7.1251445, -1.1779473
1745416510000, 1.2545617, 6.943185, -0.32561144
1745427791000, 1.484405, 7.144298, -0.06703765
1745438965000, 2.183512, 8.485051, 0.545878
1745450117000, 2.2122424, 9.088389, 0.6895301
1745460191000, 2.0207062, 9.720459, 1.0247183
1745470219000, 1.2449849, 9.969456, 1.2641385
1745480670000, 0.5267244, 10.007763, 1.283292
1745491610000, 0.02873042, 10.1226845, 1.541866
1745501139000, -0.02873042, 10.141838, 1.7908629
1745511331000, 0.19153613, 10.362105, 2.0494366
1745521168000, 0.37349546, 10.304645, 2.183512
1745531120000, 0.62249243, 10.333375, 2.0494366
1745542119000, 0.92895025, 10.429143, 1.9440918
1745551680000, 1.1109096, 10.582372, 1.8387469
1745562188000, 1.1683705, 10.773908, 1.6567876
1745571558000, 1.1875241, 10.898406, 1.1492168
1745581658000, 1.2162545, 10.860099, 0.5363012
1745592373000, 1.3503298, 10.697293, 0.019153614
1745601735000, 1.4939818, 10.333375, -0.50757074
1745612137000, 1.541866, 9.787497, -0.8810662
1745623536000, 1.4556746, 9.251195, -1.1204864
1745632480000, 1.2545617, 8.848969, -1.1492168
1745642553000, 0.9768343, 8.619126, -1.1971009
1745652671000, 0.5650316, 8.628703, -1.13964
1745663061000, 0.17238252, 8.781932, -1.0534488
1745672846000, -0.19153613, 8.772355, -0.7182605
1745683054000, -0.2873042, 8.90643, -0.46926352
1745703372000, -0.17238252, 9.56723, 0.20111294
1745713983000, 0.0, 10.007763, 0.46926352
1745724270000, 0.16280572, 10.496181, 0.61291564
1745733807000, 0.22026655, 11.070788, 0.6703765
1745743813000, 0.31603462, 11.750742, 0.61291564
1745754099000, 1.3599066, 13.771448, 0.48841715
1745764538000, 2.3558946, 13.9917145, 0.10534488
1745775118000, 2.5378537, 13.637373, 0.31603462
1745784638000, 2.8634653, 14.863204, -0.33518824
1745794611000, 2.6527755, 16.500837, -1.1779473
1745804831000, 1.7046716, 17.592594, -1.6376339
1745814646000, 0.4309563, 17.7554, -1.8866309
1745824852000, -0.94810385, 16.529568, -1.484405
1745835097000, -1.8674773, 15.160085, -0.50757074
1745845345000, -2.2697031, 14.250289, 0.81402856
1745855292000, -2.2409728, 13.570335, 1.7621324
1745865183000, -1.9919758, 12.976573, 2.1260512
1745875726000, -1.8387469, 12.4785795, 2.1547816
1745885901000, -1.6950948, 12.287044, 2.183512
1745896388000, -1.4556746, 12.421119, 2.2888567
1745908358000, -1.1587936, 12.765883, 2.480393
1745918020000, -0.7565677, 13.120225, 2.681506
1745927521000, -0.46926352, 13.215993, 3.0262709
1745938088000, -0.39264908, 13.01488, 3.6296098
1745947754000, -0.33518824, 12.765883, 4.213795
1745957554000, -0.545878, 12.5264635, 4.606444
1745967548000, -1.0055647, 12.124237, 4.405331
1745977681000, -1.2162545, 11.492168, 2.5378537
1745987726000, -1.4173675, 10.812215, -0.7565677
1745997784000, -0.8714894, 10.611102, -3.083732
1746008085000, -0.7278373, 9.576807, -4.606444
1746018130000, -1.2737153, 8.619126, -5.0182467
1746028270000, -1.091756, 8.6574335, -4.7405195
1746038314000, -0.58418524, 8.255207, -4.185065
1746048356000, -0.23942018, 7.469909, -2.528277
1746058926000, 0.22026655, 6.847417, -0.61291564
1746069003000, 0.80445176, 6.742072, -0.58418524
1746081484000, 0.545878, 6.588843, -0.5363012
1746091680000, 0.1340753, 6.1387334, -0.6607997
1746101487000, -0.076614454, 5.6886234, -0.5650316
1746111270000, -0.038307227, 5.391742, -0.32561144
1746121316000, 0.20111294, 5.535394, 0.81402856
1746131540000, 0.50757074, 6.1195793, 1.532289
1746142189000, 0.62249243, 6.4260373, 1.3215994
1746151651000, 0.90021986, 6.8282633, 1.484405
1746161905000, 1.091756, 7.019799, 1.5131354
1746171696000, 1.2449849, 7.1730285, 1.8387469
1746182175000, 0.6512229, 5.90889, 2.0973208
1746192431000, 1.6376339, 6.7708025, 3.5051112
1746201885000, 2.087744, 7.1059904, 4.1371803
1746212290000, 2.0494366, 7.201759, 4.2425256
1746224397000, 1.7525556, 6.9240313, 4.3766007
1746233349000, 0.9672575, 6.339846, 4.7979803
1746243442000, 0.1436521, 5.391742, 4.8458643
1746254285000, -0.38307226, 5.0182467, 5.2385135
1746264244000, -0.8331822, 4.903325, 5.6120086
1746275062000, -1.0055647, 4.9224787, 5.803545
1746285158000, -0.90021986, 5.133168, 5.9759274
1746295517000, -0.6895301, 5.2863975, 6.0525417
1746305120000, -0.36391866, 5.4683566, 5.9663506
1746315227000, -0.10534488, 5.267244, 5.3438582
1746325887000, 0.16280572, 4.951209, 5.0661306
1746335500000, 0.4213795, 4.6351743, 4.865018
1746346366000, 0.89064306, 4.309563, 4.807557
1746356085000, 1.4939818, 4.10845, 5.0278234
1746366732000, 2.0398598, 4.0701427, 5.4779334
1746376252000, 2.8634653, 4.271256, 6.5984197
1746386580000, 4.0318356, 4.999093, 7.73806
1746396641000, 5.1906295, 6.1195793, 8.590396
1746406455000, 6.4164605, 8.408437, 9.892841
1746416722000, 6.0716953, 11.980585, 12.737153
1746426785000, 3.5338416, 15.763424, 9.126697
1746436846000, 2.7006595, 15.964537, 5.305551
1746447127000, 0.047884032, 11.712435, 5.401319
1746457009000, -3.6391866, 8.63828, 6.799533
1746467073000, -3.6870706, 8.350976, 8.963891
1746477214000, -1.8579005, 8.561666, 9.864111
1746487261000, -0.34476504, 9.232041, 7.1634517
1746497545000, -0.5746084, 8.896853, 4.232949
1746507655000, -1.1875241, 9.14585, 3.3423057
1746517750000, -0.92895025, 10.5440645, 3.9743748
1746527722000, -0.05746084, 12.11466, 4.012682
1746537828000, 0.62249243, 12.98615, 3.5434184
1746548017000, 0.81402856, 12.603078, 3.1028855
1746558081000, 0.8331822, 11.9135475, 3.217807
1746568303000, 0.9576807, 11.15698, 3.169923
1746578309000, 1.2066777, 10.524911, 2.882619
1746588324000, 1.3694834, 9.950302, 2.5761611
1746598424000, 1.4269443, 9.414001, 2.2218192
1746608522000, 1.733402, 9.222465, 1.2545617
1746618717000, 2.183512, 9.279925, 0.36391866
1746629132000, 2.4995465, 9.394848, -0.2873042
1746639261000, 2.6240451, 9.337387, -0.61291564
1746649224000, 2.8060043, 9.011775, -1.0630256
1746659457000, 2.7964275, 8.437167, -1.3215994
1746669297000, 2.681506, 7.833828, -1.1683705
1746679780000, 2.528277, 6.847417, -1.340753
1746689483000, 2.2409728, 6.540959, -1.5993267
1746699625000, 1.8387469, 6.397307, -1.2641385
1746709696000, 1.3215994, 6.2345014, -1.292869
1746719879000, 1.0726024, 6.291962, -1.091756
1746730466000, 0.8523358, 6.2823853, -0.5746084
1746740375000, 0.641646, 6.349423, -0.36391866
1746750189000, 0.7469909, 6.5601125, -0.076614454
1746761410000, 0.641646, 6.6846113, 0.45010993
1746771649000, 0.9576807, 6.981492, 0.23942018
1746782015000, 1.4269443, 7.8529816, 0.22026655
1746791983000, 2.0973208, 9.14585, -0.47884035
1746802131000, 2.5570073, 10.247183, -0.51714754
1746812238000, 2.5378537, 10.821792, 0.05746084
1746823839000, 2.0111294, 11.032481, 1.0726024
1746832914000, 1.13964, 10.840945, 1.2066777
1746842984000, 0.038307227, 10.5919485, 1.4173675
1746853193000, -0.47884035, 10.505757, 1.3982137
1746863613000, -0.29688102, 10.496181, 1.6663644
1746873265000, 0.10534488, 10.409989, 2.2888567
1746883403000, 0.545878, 10.275913, 2.566584
1746893673000, 0.80445176, 10.189722, 2.2984335
1746903909000, 0.8714894, 10.180145, 1.9249382
1746914218000, 0.89064306, 10.314221, 1.4556746
1746924319000, 0.9959879, 10.371682, 0.89064306
1746934246000, 1.1683705, 10.304645, 0.16280572
1746944356000, 1.3982137, 10.132261, -0.47884035
1746954278000, 1.436521, 9.77792, -0.8810662
1746964037000, 1.3790601, 9.299079, -1.1300632
1746974180000, 1.1683705, 8.916007, -1.2162545
1746984202000, 0.91937345, 8.686164, -1.2354081
1746994210000, 0.62249243, 8.724471, -1.1492168
1747004344000, 0.34476504, 8.848969, -1.1587936
1747014425000, -0.076614454, 9.289502, -0.7086837
1747024549000, -0.31603462, 9.414001, -0.35434186
1747034596000, -0.41180268, 9.519346, -0.019153614
1747044755000, -0.32561144, 9.672575, 0.11492168
1747065220000, -0.11492168, 10.04607, -0.047884032
1747075222000, 0.1340753, 10.496181, -0.23942018
1747085447000, 0.2873042, 11.080365, -0.29688102
1747095918000, 0.23942018, 11.827356, -0.1340753
1747106140000, 0.6512229, 13.560759, -0.37349546
1747116067000, 1.6280571, 15.035586, -1.2545617
1747126254000, 1.9440918, 15.246277, -1.6376339
1747136385000, 2.0590134, 15.98369, -2.2122424
1747147319000, 1.1300632, 17.046717, -2.5570073
1747157101000, -0.25857377, 17.851168, -2.767697
1747167133000, -1.7046716, 17.48725, -2.6527755
1747177198000, -2.7389667, 16.108189, -1.8483237
1747187203000, -2.930503, 15.1696615, -0.47884035
1747197840000, -2.9400797, 14.403518, 0.9672575
1747207465000, -2.7581203, 13.723564, 1.7238252
1747217632000, -2.480393, 13.053187, 1.7812861
1747227442000, -2.0973208, 12.210428, 1.7525556
1747237689000, -1.7046716, 11.760319, 1.388637
1747247923000, -1.3311762, 11.722012, 1.1875241
1747257548000, -1.0630256, 12.0093155, 1.4269443
1747267659000, -0.92895025, 12.08593, 1.982399
1747277669000, -0.842759, 11.971008, 2.873042
1747288173000, -0.4213795, 11.856087, 3.7349546
1747298081000, -0.12449849, 11.779472, 4.960786
1747308101000, 0.20111294, 11.9614315, 6.0716953
1747318295000, 0.6703765, 12.172121, 6.6846113
1747328354000, 1.0151415, 12.325351, 5.8705826
1747338358000, 0.79487497, 11.319786, 2.4612393
1747348467000, 0.5650316, 10.67814, -2.432509
1747358560000, 0.5746084, 10.477027, -4.0414124
1747368865000, -1.4556746, 8.485051, -5.8226986
1747379248000, -1.283292, 7.881712, -5.056554
1747389228000, -0.7469909, 7.603985, -4.060566
1747399310000, -0.11492168, 7.4124484, -2.3942018
1747409267000, 0.17238252, 7.3166804, -0.51714754
1747419978000, 0.2777274, 7.374141, 0.9576807
1747430496000, 0.7661445, 7.6614456, 1.7238252
1747440163000, 1.436521, 8.226477, 2.2505496
1747450345000, 1.8387469, 8.485051, 2.8538885
1747460434000, 1.9057846, 8.054094, 3.2465374
1747470625000, 1.7908629, 7.795521, 3.466804
1747481599000, 1.4460979, 7.6614456, 3.169923
1747492278000, 1.1587936, 7.776367, 2.1547816
1747502228000, 0.90979666, 7.833828, 1.1204864
1747512666000, 0.7565677, 7.565677, 0.90979666
1747522291000, 0.5554548, 7.153875, 1.3599066
1747532437000, 0.5267244, 6.6654577, 1.7525556
1747543014000, 0.48841715, 6.1770406, 2.1547816
1747552256000, 0.33518824, 5.5737014, 3.074155
1747563016000, 0.8523358, 5.602432, 4.146757
1747572401000, 1.1013328, 5.851429, 4.6926355
1747583308000, 1.091756, 5.9759274, 5.104438
1747593119000, 0.9576807, 5.9184666, 5.1810527
1747602584000, 0.7278373, 5.650316, 5.104438
1747612848000, 0.41180268, 5.2768207, 5.0374002
1747625619000, -0.06703765, 4.8937483, 5.2385135
1747635563000, -0.11492168, 4.7309427, 5.2768207
1747656181000, -0.076614454, 4.3382936, 5.1140146
1747666820000, 0.047884032, 4.271256, 5.0757074
1747676899000, 0.15322891, 4.280833, 4.9703627
1747686978000, 0.10534488, 4.146757, 4.951209
1747707993000, 0.0, 4.10845, 5.3725886
1747717219000, 0.06703765, 4.414908, 5.45878
1747727317000, 0.25857377, 4.7309427, 5.659893
1747737443000, 0.31603462, 5.2768207, 5.6982
1747747828000, 0.49799395, 5.2289367, 5.9663506
1747758541000, 0.47884035, 5.104438, 6.0716953
1747767859000, 0.45968673, 4.903325, 6.157887
1747778020000, 0.46926352, 4.817134, 6.4164605
1747788180000, 0.6607997, 5.9663506, 7.872135
1747798384000, 1.1300632, 7.929596, 9.500193
1747809111000, 1.7717092, 9.557653, 11.769896
1747818676000, 4.213795, 11.750742, 13.599066
1747828884000, 6.8282633, 13.493721, 14.192827
1747839410000, 7.3645644, 12.277467, 13.819332
1747850295000, 4.156334, 8.341399, 10.850522
1747860361000, -1.4748282, 3.9264908, 4.807557
1747870432000, -4.4723687, 3.0071173, 5.305551
1747881155000, -0.5267244, 7.967903, 10.01734
1747901336000, 0.80445176, 10.0748005, 7.632715
1747911404000, 0.4213795, 9.251195, 7.019799
1747931568000, -0.91937345, 8.513782, 7.5848308
1747942209000, -0.545878, 8.887277, 7.422025
1747951699000, -0.4405331, 8.781932, 6.83784
1747961895000, -0.50757074, 8.571242, 5.8705826
1747971725000, -0.58418524, 8.159439, 5.2768207
1747981801000, -0.46926352, 7.929596, 4.8458643
1747992435000, -0.38307226, 7.642292, 4.4915223
1748002133000, -0.35434186, 7.431602, 4.098873
1748012574000, -0.34476504, 7.4124484, 3.6774938
1748023616000, -0.25857377, 7.680599, 3.3039982
1748033451000, -0.11492168, 7.8529816, 2.9879637
1748042669000, 0.047884032, 8.082825, 2.7102363
1748052761000, 0.40222588, 8.408437, 2.585738
1748063909000, 0.7757214, 8.801085, 2.3654714
1748073193000, 1.1875241, 9.270349, 2.0685902
1748083576000, 1.436521, 9.682152, 1.7812861
1748093703000, 1.7238252, 9.787497, 1.6184803
1748103954000, 2.078167, 9.701305, 1.4748282
1748114243000, 2.4516625, 9.595961, 1.3215994
1748124771000, 2.815581, 9.576807, 1.091756
1748137628000, 3.064578, 8.90643, 0.8331822
1748146912000, 2.920926, 8.475474, 0.93852705
1748156749000, 2.681506, 8.1402855, 1.0726024
1748166852000, 2.4133554, 7.9008656, 0.90979666
1748177029000, 2.087744, 7.785944, 0.545878
1748187007000, 1.8195933, 7.6231384, 0.40222588
1748198467000, 1.5035586, 7.489063, 0.34476504
1748207973000, 1.1683705, 7.2209125, 0.36391866
1748217538000, 0.8523358, 7.1634517, 0.23942018
1748229225000, 0.60333884, 7.1155677, 0.12449849
1748238210000, 0.5650316, 7.422025, -0.38307226
1748248291000, 0.545878, 7.795521, -0.45010993
1748258624000, 0.62249243, 8.437167, -0.20111294
1748268711000, 0.80445176, 9.088389, 0.019153614
1748278784000, 0.89064306, 9.461885, 0.2777274
1748289210000, 0.9864111, 9.825804, 0.41180268
1748298903000, 1.0151415, 10.208876, 0.4309563
1748309021000, 0.9768343, 10.563218, 0.48841715
1748319164000, 0.8331822, 10.7356, 0.49799395
1748330130000, 0.63206923, 10.649409, 0.4405331
1748339978000, 0.40222588, 10.524911, 0.5267244
1748350282000, 0.22026655, 10.390836, 0.5746084
1748360341000, 0.11492168, 10.218452, 0.47884035
1748370467000, 0.08619126, 10.160992, 0.21068975
1748381611000, 0.06703765, 10.084377, -0.25857377
1748391693000, 0.076614454, 9.988609, -0.59376204
1748401786000, 0.06703765, 9.959879, -0.79487497
1748411896000, 0.10534488, 10.04607, -0.9672575
1748421791000, 0.1436521, 10.1226845, -0.8714894
1748432911000, 0.08619126, 9.950302, -0.62249243
1748442893000, 0.05746084, 9.959879, -0.5267244
1748452829000, 0.019153614, 9.787497, -0.4309563
1748463213000, 0.009576807, 9.595961, -0.30645782
1748473036000, 0.10534488, 9.3661175, -0.21068975
1748483188000, 0.2777274, 9.11712, -0.047884032
1748493250000, 0.5267244, 9.174581, 0.18195933
1748503381000, 0.82360536, 9.471462, 0.51714754
1748513877000, 1.1204864, 9.653421, 0.7661445
1748523585000, 1.4269443, 9.864111, 0.89064306
1748533794000, 1.6280571, 10.065224, 0.9768343
1748543929000, 1.7429788, 10.113108, 0.6512229
1748554092000, 1.5801731, 10.04607, 0.06703765
1748564820000, 1.2641385, 9.940725, -0.39264908
1748575549000, 0.81402856, 9.643845, -0.6799533
1748585889000, 0.39264908, 9.337387, -0.89064306
1748596468000, 0.12449849, 9.423578, -1.1683705
1748605536000, 0.047884032, 9.873688, -1.5035586
1748615544000, 0.095768064, 10.419566, -1.7429788
1748626959000, 0.39264908, 10.907983, -2.2888567
1748635736000, 0.4405331, 10.888829, -1.9440918
1748646018000, 0.4213795, 10.582372, -1.5227122
1748656225000, 0.34476504, 10.323798, -1.2258313
1748666516000, 0.22984336, 10.180145, -1.0726024
1748686746000, -0.31603462, 10.113108, 0.18195933
1748697776000, -0.6799533, 10.103531, 0.59376204
1748707403000, -0.91937345, 10.189722, 0.7086837
1748717465000, -1.0055647, 10.304645, 0.7661445
1748727484000, -0.91937345, 10.400413, 0.78529817
1748737470000, -0.45968673, 10.5440645, 0.7182605
1748747514000, -0.41180268, 10.563218, 0.63206923
1748757478000, -0.33518824, 10.409989, 0.5746084
1748767719000, -0.2873042, 10.189722, 0.5363012
1748787762000, -0.23942018, 9.931149, 0.8331822
1748798068000, -0.21068975, 9.959879, 1.0342951
1748808020000, -0.19153613, 10.04607, 1.043872
1748818248000, -0.2777274, 10.151415, 0.9959879
1748828226000, -0.38307226, 10.180145, 0.7086837
1748838442000, -0.60333884, 10.1226845, 0.39264908
1748848717000, -0.8331822, 10.036493, 0.095768064
1748858635000, -1.0726024, 9.940725, 0.038307227
1748868944000, -1.3024458, 9.816227, 0.009576807
1748879072000, -1.5227122, 9.758766, 0.095768064
1748889295000, -1.6567876, 9.787497, -0.05746084
1748899462000, -1.6089035, 9.662998, -0.1340753
1748909281000, -1.1013328, 9.720459, 0.0
1748919428000, -0.29688102, 9.816227, 0.32561144
1748929620000, 0.63206923, 9.988609, 0.63206923
1748940142000, 1.2545617, 10.0269165, 0.20111294
