#Acceleration force along the x y z axes (including gravity).
#timestamp(ns),x,y,z(m/s^2)
#Datetime: 11/06/2014 14:08:19
##########################################
#Activity: 5 - STU - Stairs up - 10s
#Subject ID: 28
#First Name: sub28
#Last Name: sub28
#Age: 23
#Height(cm): 178
#Weight(kg): 70
#Gender: Male
##########################################

@DATA
4299126639000, -2.6623523, 9.528923, 0.019153614
4299148785000, -2.633622, 9.500193, -0.06703765
4299158761000, -2.5953147, 9.5385, -0.08619126
4299168763000, -2.5570073, 9.576807, -0.1340753
4299178802000, -2.5378537, 9.56723, -0.22026655
4299188748000, -2.5187001, 9.595961, -0.2873042
4299209137000, -2.528277, 9.5385, -0.2777274
4299219205000, -2.5187001, 9.500193, -0.24899697
4299229492000, -2.5570073, 9.471462, -0.22984336
4299240211000, -2.5474305, 9.490616, -0.21068975
4299249617000, -2.528277, 9.461885, -0.095768064
4299260173000, -2.5570073, 9.500193, -0.076614454
4299269577000, -2.5761611, 9.5385, -0.12449849
4299279675000, -2.6048915, 9.56723, -0.20111294
4299290499000, -2.5953147, 9.548077, -0.19153613
4299299915000, -2.585738, 9.576807, -0.16280572
4299311197000, -2.6240451, 9.5385, -0.10534488
4299330938000, -2.5761611, 9.509769, -0.11492168
4299342758000, -2.5570073, 9.548077, -0.095768064
4299362188000, -2.5761611, 9.595961, -0.02873042
4299382585000, -2.585738, 9.557653, -0.019153614
4299392718000, -2.5474305, 9.528923, -0.038307227
4299423270000, -2.5091233, 9.519346, -0.22984336
4299444097000, -2.432509, 9.500193, -0.21068975
4299453687000, -2.3750482, 9.481039, -0.19153613
4299463796000, -2.327164, 9.528923, -0.89064306
4299474636000, -2.183512, 9.519346, 0.02873042
4299484396000, -2.432509, 9.615114, 0.5267244
4299496291000, -2.3942018, 9.720459, -0.89064306
4299505391000, -2.3463178, 9.730036, -0.05746084
4299515681000, -2.5761611, 9.662998, 0.40222588
4299525645000, -2.6144683, 9.653421, -0.6512229
4299535737000, -2.4708161, 9.586384, -0.6799533
4299546135000, -2.5953147, 9.528923, 0.095768064
4299567070000, -2.5091233, 9.653421, 0.79487497
4299576683000, -2.3750482, 9.672575, 0.7757214
4299587233000, -2.1739352, 9.56723, 0.30645782
4299597271000, -2.1930888, 9.461885, 0.19153613
4299607638000, -2.2601264, 9.385271, -0.08619126
4299617767000, -2.3750482, 9.308656, -0.24899697
4299628723000, -2.5187001, 9.337387, -0.29688102
4299639860000, -2.6431987, 9.423578, -0.2873042
4299651182000, -2.719813, 9.509769, -0.15322891
4299660699000, -2.72939, 9.586384, -0.02873042
4299670962000, -2.6527755, 9.548077, 0.10534488
4299681969000, -2.5761611, 9.557653, 0.19153613
4299701459000, -2.2697031, 9.586384, 0.095768064
4299712199000, -2.1643584, 9.682152, -0.08619126
4299722261000, -2.087744, 9.749189, -0.33518824
4299732084000, -2.030283, 9.720459, -0.58418524
4299742222000, -1.9536686, 9.634268, -0.59376204
4299752701000, -1.9153614, 9.5385, -0.4405331
4299762833000, -1.9632454, 9.481039, -0.15322891
4299774552000, -2.087744, 9.77792, 0.4405331
4299784576000, -2.183512, 10.036493, 0.7374141
4299794987000, -2.2888567, 10.141838, 0.94810385
4299804627000, -2.2697031, 10.132261, 1.2162545
4299814629000, -2.2601264, 10.007763, 1.4077905
4299824662000, -2.2122424, 9.80665, 1.4939818
4299834609000, -2.183512, 9.653421, 1.5897499
4299845884000, -2.0973208, 9.576807, 1.685518
4299855542000, -2.030283, 9.5385, 1.7429788
4299864990000, -1.9728222, 9.615114, 1.7046716
4299875663000, -1.8483237, 9.720459, 1.388637
4299885705000, -1.6472107, 9.873688, 1.0821792
4299896041000, -1.5705963, 9.969456, 0.9959879
4299906009000, -1.484405, 10.141838, 1.1013328
4299926377000, -1.5514427, 10.601525, 1.3790601
4299937494000, -1.7621324, 10.94629, 1.6376339
4299947297000, -2.0494366, 11.21444, 2.1547816
4299957222000, -2.3175871, 11.501745, 2.9496565
4299967637000, -2.480393, 11.808203, 3.9264908
4299978167000, -2.5761611, 12.095507, 4.759673
4299988076000, -2.6431987, 12.430696, 5.0661306
4299998235000, -2.8634653, 12.832921, 4.8362875
4300008312000, -3.2848446, 13.187263, 4.6830587
4300018360000, -3.86903, 13.579912, 5.21936
4300029494000, -4.4340615, 13.522451, 5.746084
4300038801000, -4.8267107, 13.101071, 5.7365074
4300049446000, -5.2480903, 12.363658, 5.142745
4300059503000, -5.506664, 11.405977, 4.367024
4300069396000, -5.48751, 10.601525, 3.3901896
4300079746000, -4.462792, 9.921572, 2.6144683
4300089380000, -3.6870706, 9.864111, 2.528277
4300100866000, -2.7581203, 9.959879, 2.3463178
4300110458000, -2.0207062, 10.180145, 2.7389667
4300120229000, -1.4652514, 10.457873, 2.9113493
4300131259000, -1.1492168, 10.630256, 2.6623523
4300140542000, -1.1779473, 10.381259, 2.4995465
4300150640000, -1.1683705, 9.940725, 2.72939
4300160728000, -1.13964, 9.165004, 3.572149
4300170876000, -1.2162545, 8.274361, 4.1659107
4300181029000, -1.5610195, 7.326257, 3.9839516
4300212273000, -2.2505496, 4.759673, 4.4723687
4300222516000, -2.2888567, 4.213795, 4.6830587
4300232697000, -2.27928, 3.9073372, 4.510676
4300242797000, -2.336741, 3.466804, 4.453215
4300253612000, -2.4229321, 3.1124623, 4.2521024
4300263253000, -2.4037786, 2.825158, 4.0414124
4300274081000, -2.1643584, 2.7485435, 3.8307228
4300283825000, -1.9632454, 2.7389667, 3.9456444
4300294148000, -1.7238252, 2.6240451, 4.3382936
4300304246000, -1.4939818, 2.4995465, 4.8362875
4300314516000, -1.3790601, 2.3654714, 5.1906295
4300324497000, -1.2545617, 2.4037786, 5.2863975
4300334604000, -1.2449849, 2.6719291, 5.401319
4300345001000, -1.3694834, 2.9017725, 5.8801594
4300355382000, -1.8100165, 2.585738, 7.1826053
4300374645000, -1.9919758, 2.5091233, 7.8050976
4300384783000, -2.078167, 2.5474305, 9.050082
4300395229000, -2.2697031, 2.825158, 9.586384
4300405180000, -2.7964275, 3.2561142, 9.232041
4300415307000, -3.7445314, 4.5872903, 8.485051
4300425863000, -5.305551, 7.07726, 7.7572136
4300435316000, -6.2728086, 10.055647, 7.441179
4300445912000, -5.985504, 12.018892, 8.887277
4300456649000, -4.2425256, 12.909535, 12.239159
4300465953000, -2.1260512, 11.884817, 9.155427
4300476121000, -1.4652514, 9.155427, 3.0454245
4300487191000, -1.9536686, 6.9623384, 0.82360536
4300497180000, -2.7102363, 5.813122, 2.1260512
4300507275000, -3.2369606, 5.602432, 3.2561142
4300518596000, -3.7924154, 6.042965, 2.5378537
4300528931000, -4.2904096, 6.8665705, 1.2737153
4300539396000, -4.357447, 8.197746, 0.81402856
4300549652000, -4.012682, 9.844957, 1.5897499
4300560255000, -3.2369606, 11.836933, 2.4037786
4300570131000, -2.336741, 13.40753, 2.5953147
4300579933000, -1.532289, 13.9151, 2.1260512
4300590183000, -1.0055647, 13.177686, 1.3311762
4300600335000, -0.7278373, 12.181698, 0.8714894
4300611921000, -0.63206923, 10.563218, 0.5363012
4300631335000, -0.90979666, 9.835381, 0.29688102
4300641785000, -1.1109096, 9.557653, 0.39264908
4300651884000, -1.2162545, 9.548077, 0.59376204
4300673251000, -1.2641385, 10.141838, 1.0726024
4300682534000, -1.2449849, 10.457873, 1.0151415
4300692919000, -1.3120226, 10.486604, 0.60333884
4300703436000, -1.292869, 10.371682, 0.24899697
4300712629000, -1.1875241, 10.275913, -0.038307227
4300723141000, -1.0534488, 10.093954, 0.05746084
4300733636000, -1.1300632, 9.864111, 0.10534488
4300743974000, -1.3694834, 9.672575, -0.08619126
4300753884000, -1.7142484, 9.433155, -0.1436521
4300764202000, -2.0973208, 9.212888, 0.038307227
4300773985000, -2.3463178, 9.050082, 0.10534488
4300784259000, -2.585738, 8.983045, 0.39264908
4300794805000, -2.7485435, 8.973468, 0.7086837
4300815341000, -2.5474305, 8.887277, 1.1492168
4300825228000, -2.2409728, 8.619126, 1.3599066
4300839515000, -1.5227122, 7.9391727, 1.6376339
4300850302000, -1.3215994, 7.6614456, 1.9153614
4300859780000, -1.1683705, 7.5848308, 2.183512
4300869555000, -0.8714894, 8.015787, 2.2218192
4300879655000, -0.63206923, 8.523358, 2.078167
4300889883000, -0.60333884, 9.050082, 1.8483237
4300899833000, -0.34476504, 9.662998, 1.4939818
4300910246000, -0.009576807, 10.333375, 1.1492168
4300920997000, 0.30645782, 10.936713, 0.7278373
4300931394000, 0.34476504, 11.262324, -0.009576807
4300941382000, 0.2873042, 11.731588, -0.9864111
4300951569000, 0.038307227, 12.354081, -1.6376339
4300961995000, -0.30645782, 13.01488, -1.5993267
4300972455000, -0.7757214, 13.713987, -0.4405331
4300982987000, -1.2449849, 14.5088625, 2.3080103
4300992433000, -1.6567876, 15.485697, 6.1100025
4301002401000, -1.7717092, 16.19438, 9.768343
4301012571000, -1.6567876, 16.376339, 12.11466
4301023404000, -1.7717092, 15.7825775, 12.421119
4301032677000, -2.0207062, 15.02601, 10.745177
4301043650000, -2.4899697, 14.250289, 7.422025
4301052707000, -3.217807, 13.637373, 3.667917
4301062994000, -3.7924154, 13.40753, 0.2777274
4301073255000, -3.8402996, 13.311762, -2.1452048
4301083255000, -3.4572272, 12.909535, -4.2425256
4301093685000, -3.3327289, 12.287044, -4.5681367
4301103605000, -3.6391866, 11.712435, -3.7828386
4301113466000, -4.261679, 11.453861, -2.135628
4301123594000, -5.2863975, 11.358093, 2.4612393
4301134100000, -5.4300494, 11.779472, 5.2480903
4301145630000, -5.1235914, 12.181698, 8.034941
4301154730000, -4.2521024, 12.966996, 9.844957
4301164837000, -3.2273839, 13.474567, 9.80665
4301174927000, -2.72939, 13.206416, 6.885724
4301185139000, -2.528277, 12.708423, 3.1028855
4301195237000, -2.6144683, 12.181698, -0.89064306
4301205413000, -2.882619, 11.616667, -3.3423057
4301225602000, -2.8634653, 10.850522, -5.90889
4301235304000, -2.7006595, 10.563218, -8.590396
4301245440000, -2.7964275, 9.883265, -8.571242
4301256658000, -2.8634653, 9.749189, -6.694188
4301266138000, -3.323152, 9.5385, -2.815581
4301276179000, -3.6774938, 9.921572, 1.532289
4301286351000, -3.8019924, 11.444284, 5.1523223
4301296468000, -3.964798, 13.043611, 7.144298
4301307056000, -4.2425256, 13.244724, 4.855441
4301317029000, -4.0892963, 11.702858, 1.9728222
4301328920000, -3.6487634, 8.810662, 1.4173675
4301339026000, -2.9783869, 5.861006, 1.2545617
4301349087000, -2.4516625, 3.4955344, 0.7757214
4301359546000, -1.8674773, 1.733402, 0.50757074
4301369509000, -1.8866309, 0.641646, 0.31603462
4301379723000, -2.7389667, -0.22026655, 0.23942018
4301390659000, -2.8921957, -0.18195933, 1.0534488
4301400198000, -2.8060043, 0.0, 1.982399
4301411166000, -2.4995465, 0.31603462, 2.6048915
4301420641000, -1.9153614, 0.842759, 2.4229321
4301431407000, -1.1875241, 1.5610195, 1.5514427
4301441978000, -0.51714754, 2.078167, 1.541866
4301452505000, -0.05746084, 1.982399, 3.0550013
4301462464000, 0.076614454, 1.3503298, 4.8937483
4301473824000, -0.2873042, 0.7565677, 6.933608
4301483650000, -1.0342951, 0.61291564, 9.423578
4301493917000, -2.0207062, 0.34476504, 10.572795
4301506075000, -2.6719291, 0.7278373, 8.197746
4301515527000, -3.1986535, 0.90979666, 3.1794999
4301525779000, -3.323152, 0.82360536, 0.7565677
4301536467000, -2.9113493, 2.2984335, 0.2777274
4301546326000, -2.4037786, 4.271256, 0.17238252
4301556388000, -2.0398598, 6.8569937, 3.5817258
4301567009000, -4.7979803, 15.26543, 4.0414124
4301576987000, -6.943185, 17.401058, 5.90889
4301587192000, -6.3206925, 18.47366, 5.755661
4301598673000, -4.510676, 19.009962, 3.0262709
4301608782000, -3.1986535, 16.634912, 1.13964
4301618606000, -2.6240451, 12.794614, 0.21068975
4301629612000, -2.528277, 9.040505, -0.009576807
4301639498000, -2.7964275, 6.1387334, 0.009576807
4301649531000, -3.2273839, 4.232949, -0.047884032
4301659731000, -3.7062242, 3.8402996, -0.25857377
4301669578000, -4.213795, 4.8362875, -0.33518824
4301679948000, -4.5681367, 6.8761473, -0.17238252
4301690118000, -4.6160207, 9.797073, -0.06703765
4301699949000, -4.271256, 12.411542, 0.61291564
4301709951000, -3.5242648, 13.493721, 1.5801731
4301719954000, -2.5378537, 13.110648, 2.1547816
4301730144000, -1.4269443, 12.229582, 2.4612393
4301740163000, -0.2873042, 11.453861, 2.528277
4301750247000, 0.49799395, 10.821792, 2.231396
4301760654000, 0.7757214, 10.333375, 1.5897499
4301770442000, 0.6607997, 9.864111, 0.8810662
4301780627000, -0.10534488, 9.394848, 0.23942018
4301791471000, -0.8810662, 8.7532015, 0.019153614
4301800871000, -1.484405, 8.159439, -0.05746084
4301811131000, -2.0494366, 7.5944076, -0.29688102
4301821036000, -2.384625, 7.153875, -0.48841715
4301831161000, -2.5474305, 7.019799, -0.38307226
4301841261000, -2.5187001, 7.1347213, -0.095768064
4301852231000, -2.3080103, 7.4028716, 0.15322891
4301862174000, -1.934515, 8.0445175, 0.50757074
4301872362000, -0.9864111, 9.222465, 1.2449849
4301882306000, -0.5650316, 9.662998, 1.2162545
4301893876000, -0.38307226, 9.615114, 1.2066777
4301903635000, -0.39264908, 9.3182335, 1.283292
4301913662000, -0.5554548, 8.90643, 1.3599066
4301923925000, -0.7182605, 8.465898, 1.532289
4301934219000, -0.81402856, 8.264784, 1.7908629
4301945401000, -1.0342951, 8.350976, 2.087744
4301954531000, -1.484405, 8.628703, 2.1547816
4301964851000, -1.9536686, 9.193734, 1.9919758
4301974727000, -2.2026656, 9.873688, 1.7238252
4301984886000, -2.1930888, 10.620679, 1.6089035
4301995209000, -1.8195933, 11.329363, 1.5227122
4302005222000, -0.6703765, 12.430696, 1.8100165
4302016137000, 0.7757214, 13.417107, 2.6144683
4302025296000, 2.0590134, 14.288596, 3.6870706
4302035448000, 2.72939, 15.121778, 4.807557
4302045756000, 2.327164, 15.514427, 5.3247046
4302055798000, 1.0726024, 15.571888, 4.9703627
4302065837000, -0.6703765, 15.485697, 3.8019924
4302075905000, -2.3463178, 15.303738, 2.384625
4302086447000, -3.5913026, 14.78659, 1.2641385
4302096430000, -4.1659107, 14.068329, 0.7374141
4302106297000, -4.2425256, 13.570335, 0.5363012
4302116918000, -4.0222588, 13.311762, 0.63206923
4302127673000, -3.8307228, 12.938266, 0.842759
4302137261000, -3.6296098, 12.5743475, 1.0055647
4302147488000, -3.4763808, 12.29662, 1.2545617
4302157259000, -3.5434184, 11.971008, 1.5514427
4302167281000, -3.7924154, 11.741165, 2.1260512
4302177849000, -4.175488, 11.999739, 3.5529952
4302187489000, -4.1946416, 12.26789, 4.759673
4302197644000, -3.821146, 13.177686, 6.483498
4302207876000, -3.1028855, 14.106636, 7.7572136
4302218103000, -2.1643584, 14.317327, 7.1059904
4302228187000, -1.6663644, 13.608643, 3.964798
4302238069000, -1.7142484, 12.440272, 0.31603462
4302248289000, -1.9153614, 11.57836, -2.7485435
4302258711000, -2.1164744, 10.812215, -4.5394063
4302268653000, -2.4899697, 10.6877165, -6.0238113
4302279437000, -3.0262709, 10.25676, -8.1881695
4302290106000, -3.5338416, 9.481039, -9.854534
4302299482000, -3.2465374, 9.528923, -8.963891
4302309688000, -2.4612393, 10.984597, -2.9879637
4302319478000, -2.336741, 12.29662, 2.8921957
4302329594000, -2.6527755, 13.072341, 4.759673
4302340697000, -3.074155, 13.40753, 4.55856
4302350150000, -3.466804, 13.005303, 3.9552212
4302360930000, -4.012682, 11.530476, 4.1180267
4302370683000, -4.2425256, 9.509769, 3.0071173
4302381648000, -4.261679, 7.1634517, 1.4460979
4302391231000, -3.821146, 5.0661306, 0.49799395
4302401080000, -2.9783869, 3.4859576, 0.11492168
4302411497000, -1.9728222, 2.5570073, 0.10534488
4302421437000, -1.532289, 1.8195933, 0.8523358
4302431532000, -1.541866, 1.4460979, 1.043872
4302452023000, -1.982399, 1.1492168, 1.3599066
4302462478000, -2.3463178, 1.3599066, 1.5801731
4302473266000, -2.6527755, 2.2505496, 1.685518
4302492697000, -2.5474305, 2.873042, 1.6184803
4302503378000, -1.7046716, 3.466804, 1.7429788
4302513400000, -1.2449849, 3.1316159, 2.6240451
4302523635000, -1.0247183, 2.432509, 3.9264908
4302533172000, -1.1013328, 1.8579005, 5.1906295
4302543447000, -1.4556746, 1.3790601, 6.751649
4302553195000, -1.6280571, 1.436521, 8.513782
4302563292000, -1.5801731, 1.5801731, 9.988609
4302574417000, -1.292869, 1.283292, 9.088389
4302583759000, -0.7182605, 0.8714894, 5.4683566
4302594287000, -0.45968673, 0.79487497, 2.8921957
4302604489000, -0.38307226, 1.541866, 2.1164744
4302614996000, -0.6703765, 3.514688, -0.5650316
4302624938000, -1.1971009, 5.9663506, 0.47884035
4302635154000, -1.2449849, 10.381259, 6.8665705
4302645689000, -2.3942018, 14.958972, 9.471462
4302656002000, -5.9663506, 17.24783, 7.6231384
4302666360000, -6.1195793, 18.397045, 5.3247046
4302675551000, -4.7022123, 18.971655, 2.6431987
4302685902000, -3.217807, 15.524004, 0.49799395
4302696123000, -2.4612393, 11.224017, 0.31603462
4302706731000, -2.4420857, 7.2113357, 0.90021986
4302715963000, -2.7389667, 4.223372, 1.0821792
4302726426000, -3.083732, 2.336741, 0.9576807
4302736468000, -3.572149, 1.9153614, 0.2873042
4302746592000, -4.2042184, 2.873042, -0.4405331
4302756484000, -5.0182467, 4.673482, -1.1587936
4302766863000, -5.66947, 7.536947, -1.7621324
4302777018000, -5.93762, 10.898406, -1.5801731
4302787567000, -5.6215854, 14.049175, -0.24899697
4302797694000, -4.414908, 15.361198, 1.8962077
4302808044000, -1.7046716, 12.603078, 3.8498764
4302818733000, -0.94810385, 10.754754, 3.3135753
4302828956000, -0.40222588, 9.490616, 2.3463178
4302838889000, 0.06703765, 8.676587, 1.2737153
4302849044000, 0.1340753, 8.264784, 0.47884035
4302859009000, -0.1340753, 8.293514, 0.05746084
4302869102000, -0.63206923, 8.379706, 0.019153614
4302879492000, -0.9768343, 8.1402855, 0.15322891
4302889248000, -1.1779473, 7.632715, 0.19153613
4302899586000, -1.3024458, 6.9719152, 0.18195933
4302909691000, -1.2449849, 6.540959, 0.48841715
4302919531000, -0.8523358, 6.981492, 0.6703765
4302929657000, -0.19153613, 8.159439, 0.82360536
4302939609000, 0.35434186, 9.3661175, 1.0055647
4302949791000, 0.7661445, 10.333375, 1.0630256
4302959889000, 0.8810662, 10.869676, 1.1971009
4302969883000, 0.7086837, 10.821792, 1.4460979
4302980198000, 0.4213795, 10.390836, 1.6280571
4302990856000, 0.12449849, 9.9790325, 1.7717092
4303000358000, -0.076614454, 9.643845, 1.4652514
4303010602000, -0.2777274, 9.3661175, 0.80445176
4303020626000, -0.50757074, 9.184157, 0.22984336
4303030673000, -0.79487497, 9.165004, -0.095768064
4303040674000, -1.2258313, 9.270349, -0.50757074
4303050831000, -2.0973208, 9.892841, -0.8714894
4303061332000, -2.5187001, 11.204864, 0.1340753
4303071090000, -1.6567876, 12.727576, 2.8443117
4303081194000, -0.23942018, 13.733141, 5.353435
4303092828000, 1.0055647, 13.867216, 6.196194
4303103630000, 1.436521, 12.899959, 3.572149
4303113741000, 0.5267244, 12.785037, 1.7717092
4303123744000, -0.7757214, 12.737153, 0.59376204
4303133965000, -2.0973208, 12.861651, -0.2681506
4303144263000, -3.1986535, 13.2351465, -0.61291564
4303154394000, -4.1371803, 13.666103, -0.4309563
4303163773000, -4.759673, 13.8480625, 0.23942018
4303173719000, -4.817134, 13.838486, 1.4652514
4303184110000, -4.5394063, 13.656527, 2.5091233
4303193979000, -4.1180267, 13.359646, 2.815581
4303203856000, -3.6583402, 12.899959, 2.4133554
4303214076000, -3.265691, 12.631808, 1.733402
4303224038000, -3.0358477, 12.29662, 1.0247183
4303234099000, -2.920926, 11.894394, 0.82360536
4303244619000, -2.9592333, 11.405977, 1.4939818
4303254163000, -3.0933087, 11.013328, 2.8538885
4303264754000, -3.2273839, 10.97502, 4.1276035
4303274656000, -3.2082303, 11.271901, 5.1235914
4303284719000, -2.9783869, 11.616667, 5.3821654
4303294864000, -2.6623523, 11.932701, 5.401319
4303304848000, -2.2505496, 12.162544, 4.76925
4303315179000, -1.733402, 12.0093155, 3.5338416
4303325084000, -1.2449849, 11.616667, 1.6376339
4303335037000, -1.1300632, 11.243171, 0.009576807
4303345238000, -1.3120226, 11.109096, -1.1875241
4303355168000, -1.5993267, 11.329363, -2.4516625
4303365270000, -1.9536686, 11.243171, -3.7445314
4303375523000, -2.2888567, 10.850522, -5.2385135
4303385424000, -2.480393, 10.611102, -5.765238
4303395667000, -2.528277, 10.419566, -4.3478703
4303406786000, -2.6144683, 11.013328, -0.7374141
4303417105000, -3.1794999, 11.645397, 2.2026656
4303426529000, -3.5913026, 12.191275, 1.934515
4303436444000, -3.4476504, 12.5264635, 1.8004397
4303446485000, -3.122039, 12.469003, 3.4955344
4303457275000, -2.9017725, 11.942278, 4.8745947
4303466624000, -2.6240451, 11.080365, 4.060566
4303478168000, -2.4229321, 9.3182335, 2.873042
4303487552000, -1.7525556, 5.3725886, 0.48841715
4303498602000, -1.3215994, 3.9552212, 0.2681506
4303509528000, -1.1971009, 2.8443117, 0.641646
4303518745000, -1.4269443, 2.078167, 1.1587936
4303529822000, -1.8483237, 1.8004397, 1.3215994
4303539532000, -2.3080103, 1.6376339, 1.5993267
4303549835000, -2.6240451, 1.6089035, 2.0494366
4303559771000, -2.681506, 1.5993267, 2.566584
4303569539000, -2.4420857, 1.6950948, 2.6910827
4303579711000, -1.9919758, 2.0111294, 2.681506
4303589686000, -1.3982137, 2.2697031, 2.4995465
4303599940000, -0.8810662, 2.3654714, 2.6240451
4303609938000, -0.49799395, 2.231396, 3.265691
4303619926000, -0.4213795, 1.8770541, 4.2425256
4303630129000, -0.6607997, 1.532289, 5.4204726
4303640710000, -1.043872, 1.6472107, 6.4260373
4303650564000, -1.13964, 2.2026656, 7.249643
4303660556000, -1.4652514, 1.8579005, 7.2304893
4303670634000, -1.283292, 1.5227122, 6.933608
4303690645000, 0.25857377, 1.2066777, 6.5696893
4303700853000, 0.6607997, 1.5897499, 6.703765
4303711402000, 0.7757214, 3.2465374, 6.3589997
4303720958000, -0.009576807, 5.2959743, 4.9320555
4303731162000, -1.5035586, 7.0964136, 5.631162
4303742067000, -3.2082303, 9.050082, 7.3549876
4303752014000, -4.76925, 12.488156, 9.299079
4303761800000, -6.5505357, 16.01242, 4.0892963
4303771796000, -7.881712, 17.774553, 3.1507695
4303782168000, -7.201759, 18.65562, 5.2289367
4303792188000, -5.449203, 17.7554, 4.5202527
4303802877000, -3.8402996, 14.757859, 2.882619
4303812774000, -2.2409728, 9.021352, 0.93852705
4303823788000, -1.8866309, 7.479486, 0.81402856
4303833381000, -1.8195933, 6.7803793, 0.5746084
4303843943000, -1.9153614, 6.981492, 0.1340753
4303853555000, -2.0685902, 8.025364, -0.06703765
4303864767000, -2.384625, 9.653421, 0.37349546
4303876144000, -2.9975405, 11.884817, 1.4748282
4303886656000, -3.8402996, 14.78659, 2.2409728
4303896822000, -4.6830587, 16.912642, 2.528277
4303906889000, -4.7500963, 16.01242, 2.3654714
4303916822000, -4.261679, 13.330915, 2.0207062
4303927213000, -3.4859576, 10.802638, 1.6376339
4303936813000, -2.8060043, 8.954314, 1.1875241
4303946858000, -2.2026656, 7.872135, 0.78529817
4303956927000, -1.8291701, 7.374141, 0.49799395
4303967239000, -1.6663644, 7.249643, 0.2777274
4303977229000, -1.5801731, 7.297527, 0.047884032
4303987152000, -1.3982137, 7.335834, 0.08619126
4303997354000, -1.2449849, 7.4028716, 0.047884032
4304007373000, -0.9959879, 7.422025, -0.33518824
4304027610000, -0.59376204, 7.565677, -0.1340753
4304037653000, -0.31603462, 7.9008656, 0.29688102
4304048083000, -0.05746084, 8.456321, 0.46926352
4304059037000, 0.22026655, 9.615114, 1.1013328
4304068658000, 0.29688102, 10.1226845, 1.2066777
4304078720000, 0.11492168, 10.28549, 1.1875241
4304089635000, -0.22026655, 10.151415, 1.0342951
4304099097000, -0.641646, 9.931149, 1.0247183
4304109112000, -1.1683705, 9.615114, 0.8810662
4304119218000, -1.6950948, 9.193734, 0.7661445
4304129659000, -2.0015526, 8.772355, 0.63206923
4304140514000, -2.1643584, 8.331821, 0.81402856
4304149552000, -2.2697031, 8.054094, 1.4460979
4304160253000, -2.3080103, 7.97748, 2.087744
4304169977000, -2.327164, 8.082825, 2.825158
4304180126000, -2.231396, 8.628703, 3.3135753
4304190223000, -1.8674773, 9.500193, 3.2752678
4304200716000, -1.1204864, 10.67814, 2.6910827
4304210221000, -0.19153613, 11.645397, 1.5035586
4304220384000, 0.60333884, 12.105083, 0.02873042
4304230448000, 1.1587936, 12.162544, -1.2066777
4304240397000, 1.4269443, 12.124237, -1.8866309
4304250775000, 1.4460979, 12.430696, -1.8291701
4304261198000, 1.0342951, 13.081918, -0.60333884
4304271605000, 0.1340753, 13.627796, 1.9632454
4304281983000, -1.1109096, 13.972561, 5.104438
4304291467000, -2.815581, 14.12579, 7.7572136
4304302651000, -4.510676, 14.144943, 9.030929
4304312595000, -5.6886234, 14.030022, 8.810662
4304322295000, -6.167464, 13.713987, 6.991069
4304332519000, -5.9184666, 13.426683, 3.9839516
4304342616000, -5.1906295, 13.397953, 0.7565677
4304352686000, -4.3957543, 13.503298, -1.733402
4304373742000, -3.3039982, 13.110648, -4.6255975
4304383610000, -3.1507695, 12.334928, -4.596867
4304393330000, -3.1028855, 11.262324, -3.6487634
4304403709000, -3.0358477, 9.883265, -0.12449849
4304413886000, -3.0071173, 10.01734, 2.1068976
4304424055000, -2.873042, 10.70687, 4.855441
4304434408000, -2.384625, 11.856087, 7.690176
4304444880000, -1.5227122, 13.01488, 9.423578
4304454565000, -0.91937345, 13.005303, 8.619126
4304464629000, -0.60333884, 12.325351, 5.803545
4304474677000, -0.7757214, 11.750742, 1.6089035
4304484655000, -1.1109096, 11.540052, -2.6719291
4304494974000, -1.6089035, 11.597513, -5.046977
4304504808000, -2.087744, 11.741165, -5.439626
4304514932000, -2.4516625, 11.9135475, -4.6830587
4304525060000, -2.7868507, 11.894394, -4.55856
4304535143000, -3.0071173, 11.798626, -4.865018
4304545588000, -2.7485435, 12.08593, -5.142745
4304555332000, -2.4899697, 11.865664, -2.1739352
4304565607000, -2.4708161, 11.319786, 1.9728222
4304575584000, -2.585738, 10.860099, 4.271256
4304585693000, -2.7389667, 10.668563, 3.821146
4304596078000, -2.882619, 10.505757, 2.8538885
4304606080000, -3.1507695, 9.854534, 3.122039
4304616108000, -3.514688, 8.829816, 3.2465374
4304626130000, -3.6487634, 7.8050976, 2.2984335
4304637235000, -3.5338416, 6.655881, 1.8387469
4304646896000, -3.1316159, 5.5162406, 0.93852705
4304657222000, -2.4037786, 4.6351743, 0.45968673
4304667383000, -1.8100165, 4.185065, 0.6703765
4304677925000, -1.340753, 4.060566, 1.5514427
4304688640000, -1.1683705, 4.271256, 2.135628
4304699321000, -1.7525556, 4.31914, 2.6623523
4304709350000, -2.0973208, 4.012682, 2.825158
4304719358000, -2.3654714, 3.6583402, 2.7964275
4304729158000, -2.633622, 3.2944214, 2.8538885
4304749105000, -2.336741, 3.1028855, 2.6431987
4304759200000, -1.7525556, 3.2369606, 2.5378537
4304769238000, -1.13964, 3.1028855, 2.7389667
4304779619000, -0.59376204, 2.528277, 3.41892
4304790294000, -0.23942018, 1.6184803, 4.501099
4304799701000, -0.11492168, 0.90979666, 5.8705826
4304809782000, 0.20111294, 1.0821792, 7.153875
4304819887000, 0.4213795, 1.436521, 7.8625584
4304830222000, 0.82360536, 1.6663644, 7.8146744
4304840243000, 1.1492168, 1.5993267, 6.3111157
4304850376000, 1.0055647, 1.3790601, 4.3766007
4304860649000, 0.5746084, 1.3503298, 3.7253778
4304870387000, -0.1436521, 2.183512, 3.8594532
4304880525000, -1.13964, 3.916914, 2.920926
4304890969000, -2.3942018, 6.6271505, 5.602432
4304900780000, -3.122039, 11.291056, 8.983045
4304911198000, -4.223372, 15.418659, 6.7229185
4304921350000, -5.7748146, 17.477673, 5.5641246
4304932173000, -5.2768207, 18.511967, 6.3589997
4304941441000, -3.6774938, 19.029116, 6.6750345
4304951414000, -2.2122424, 16.472107, 4.510676
4304962215000, -1.2258313, 12.785037, 2.4708161
4304971574000, -0.7469909, 9.107543, 1.9440918
4304982433000, -0.79487497, 6.167464, 1.5897499
4304992448000, -1.1492168, 4.1659107, 1.0821792
4305002581000, -1.5897499, 3.064578, 0.37349546
4305013241000, -2.0398598, 2.8060043, -0.5267244
4305023742000, -2.3558946, 3.4476504, -1.1683705
4305033257000, -2.681506, 4.7884035, -1.5227122
4305043505000, -3.0071173, 6.588843, -1.6950948
4305053203000, -3.2944214, 9.232041, -1.3790601
4305064253000, -4.1659107, 16.596605, 1.532289
4305073719000, -4.175488, 18.071434, 3.3997664
4305083738000, -3.3518825, 17.381905, 4.367024
4305094005000, -2.1452048, 15.437813, 4.606444
4305103729000, -1.3503298, 12.938266, 4.050989
4305113786000, -1.1587936, 10.6398325, 2.5570073
4305124716000, -1.283292, 9.078813, 0.9672575
4305134030000, -1.7238252, 8.264784, 0.06703765
4305144333000, -2.3463178, 8.082825, -0.24899697
4305154237000, -2.8443117, 8.274361, -0.23942018
4305164583000, -3.2561142, 8.379706, 0.15322891
4305174406000, -3.4955344, 8.293514, 0.82360536
4305184508000, -3.5817258, 7.9966335, 1.6663644
4305194602000, -3.3997664, 7.872135, 2.135628
4305204497000, -3.064578, 7.9008656, 2.1260512
4305214719000, -2.6527755, 8.283937, 1.8195933
4305224798000, -2.0494366, 8.781932, 1.2449849
4305234822000, -1.541866, 9.232041, 0.9768343
4305245081000, -1.1300632, 9.605537, 0.60333884
4305255222000, -0.81402856, 9.921572, 0.20111294
4305265486000, -0.5267244, 9.873688, -0.02873042
4305275616000, -0.40222588, 9.605537, 0.0
4305285678000, -0.20111294, 9.155427, -0.038307227
4305296369000, -0.10534488, 8.647857, 0.10534488
4305305947000, -0.12449849, 8.111555, 0.41180268
4305315986000, -0.32561144, 7.7572136, 0.8523358
4305326213000, -0.545878, 7.536947, 1.1779473
4305336326000, -0.62249243, 7.5944076, 1.3694834
4305346640000, -0.59376204, 7.9391727, 1.532289
4305358002000, -0.5363012, 8.408437, 1.6759412
4305367685000, -0.58418524, 8.801085, 1.7046716
4305379079000, -0.79487497, 9.461885, 0.92895025
4305388784000, -0.8810662, 9.653421, 0.076614454
4305399004000, -0.90021986, 10.007763, -0.60333884
4305409144000, -1.1013328, 10.247183, -1.0821792
4305419205000, -1.3599066, 10.381259, -1.283292
4305428767000, -1.6089035, 10.726024, -1.1683705
4305440167000, -1.8674773, 11.166556, -0.61291564
4305449570000, -2.087744, 11.722012, 0.59376204
4305459549000, -2.135628, 12.373235, 2.3750482
4305469800000, -2.0398598, 12.995727, 4.232949
4305479912000, -1.7812861, 13.541605, 5.717354
4305490739000, -1.5610195, 13.982138, 6.2823853
4305500166000, -1.541866, 14.30775, 5.9184666
4305510131000, -1.6472107, 14.422671, 4.7500963
4305520110000, -1.8770541, 14.499286, 2.9496565
4305530483000, -2.2505496, 14.355634, 0.80445176
4305541194000, -2.7102363, 14.202404, -1.1779473
4305550598000, -3.1603463, 14.077906, -2.4037786
4305560856000, -3.6296098, 13.838486, -2.6910827
4305570600000, -4.10845, 13.330915, -2.231396
4305581006000, -4.5777135, 12.53604, -1.0630256
4305591235000, -4.8267107, 11.473015, 0.62249243
4305600970000, -4.8841715, 10.409989, 2.4516625
4305611383000, -4.6926355, 9.643845, 3.9935284
4305621961000, -4.414908, 9.337387, 4.9799395
4305631983000, -4.098873, 9.605537, 5.535394
4305641587000, -3.7924154, 10.218452, 5.947197
4305652434000, -3.3614593, 11.013328, 6.14831
4305662890000, -2.5761611, 11.645397, 6.0142345
4305672834000, -1.8674773, 12.018892, 5.353435
4305682957000, -1.3215994, 12.0571995, 3.5242648
4305693783000, -0.78529817, 11.856087, 1.1875241
4305703909000, -0.58418524, 11.243171, -1.1683705
4305714200000, -0.89064306, 11.530476, -5.00867
4305724413000, -1.2354081, 11.319786, -5.1140146
4305734633000, -1.6184803, 10.850522, -4.5872903
4305744801000, -2.0207062, 10.228029, -3.6104562
4305754634000, -2.2601264, 9.77792, -2.4995465
4305764770000, -2.3080103, 9.634268, -0.7374141
4305775188000, -2.0494366, 10.247183, 1.5035586
4305784976000, -1.685518, 11.597513, 4.232949
4305795447000, -1.8387469, 12.842498, 4.1276035
4305805169000, -1.9919758, 13.388376, 3.4476504
4305815304000, -1.8866309, 13.273455, 2.719813
4305825374000, -1.8195933, 12.555194, 2.7102363
4305835555000, -1.9536686, 11.415554, 2.834735
4305846035000, -2.1547816, 10.237606, 2.719813
4305855903000, -2.4420857, 8.829816, 2.4037786
4305865887000, -2.7964275, 7.536947, 1.9249382
4305877566000, -3.1507695, 6.5984197, 1.4939818
4305887972000, -3.3039982, 5.8226986, 1.9728222
4305898737000, -3.4859576, 5.3342814, 2.0494366
4305908733000, -3.4955344, 5.085284, 2.1068976
4305918793000, -3.3614593, 4.9416323, 2.8634653
4305929636000, -2.96881, 5.00867, 3.86903
4305939306000, -2.719813, 5.142745, 4.7884035
4305949646000, -2.5187001, 5.257667, 5.0757074
4305959534000, -2.336741, 5.2959743, 4.951209
4305969138000, -2.087744, 5.1523223, 4.596867
4305979748000, -2.030283, 4.309563, 3.821146
4305999830000, -2.2601264, 3.9456444, 2.9017725
4306009608000, -2.2218192, 3.8786068, 2.8060043
4306019956000, -2.0494366, 3.8307228, 2.930503
4306030100000, -1.7046716, 3.7924154, 3.2369606
4306039990000, -1.2354081, 3.7062242, 3.6870706
4306050138000, -0.7086837, 3.7253778, 4.3478703
4306060195000, -0.30645782, 3.8019924, 4.8841715
4306070200000, 0.019153614, 3.821146, 5.5162406
4306080374000, 0.2873042, 3.6870706, 6.0238113
4306090517000, 0.51714754, 3.514688, 6.3781533
4306100832000, 0.7278373, 3.2561142, 6.694188
4306110835000, 0.82360536, 3.0933087, 6.751649
4306120793000, 0.81402856, 3.1603463, 6.5218053
4306130895000, 0.79487497, 3.2561142, 6.493075
4306141011000, 0.78529817, 3.4284968, 6.483498
4306151210000, 0.6895301, 3.5434184, 6.799533
4306161268000, 0.45010993, 3.4284968, 7.3071036
4306171368000, 0.019153614, 3.2465374, 8.255207
4306181396000, -0.79487497, 3.1890767, 8.571242
4306192206000, -2.0015526, 3.5338416, 8.686164
4306202240000, -3.1890767, 4.9703627, 8.791509
4306212715000, -3.5529952, 7.1634517, 8.341399
4306222747000, -2.815581, 8.90643, 7.690176
4306232609000, -1.5610195, 9.902418, 9.375694
4306242742000, -0.4309563, 10.218452, 8.743625
4306253027000, -0.92895025, 9.385271, 6.6654577
4306263690000, -2.7964275, 8.820239, 6.6271505
4306273799000, -4.817134, 8.992621, 6.3111157
4306283584000, -5.8705826, 9.193734, 6.1195793
4306294055000, -5.765238, 8.944737, 5.142745
4306304134000, -5.0374002, 8.236053, 4.146757
4306314197000, -4.280833, 7.929596, 3.715801
4306324581000, -4.003105, 8.475474, 3.2465374
4306344334000, -4.2904096, 11.15698, 2.6048915
4306354341000, -4.10845, 12.325351, 2.825158
4306364623000, -3.3518825, 12.861651, 3.0454245
4306374726000, -2.2984335, 12.612655, 3.2848446
4306384865000, -1.3311762, 11.760319, 3.514688
4306394839000, -0.78529817, 10.5440645, 3.6870706
4306404856000, -0.8523358, 9.251195, 3.620033
4306414970000, -1.2641385, 8.169016, 3.4476504
4306425242000, -1.7717092, 7.431602, 3.2369606
4306435172000, -2.2122424, 7.153875, 3.1603463
4306445729000, -2.528277, 7.2304893, 3.2273839
4306455369000, -2.7102363, 7.536947, 3.1028855
4306465628000, -2.633622, 8.082825, 2.8538885
4306475682000, -2.4133554, 8.801085, 2.7389667
4306485775000, -2.0398598, 9.5385, 2.7964275
4306496304000, -1.484405, 10.28549, 2.8921957
4306506062000, -0.8619126, 10.965444, 2.7964275
4306516365000, -0.25857377, 11.377247, 2.4516625
4306526273000, 0.21068975, 11.501745, 2.087744
4306536430000, 0.61291564, 11.310209, 1.9919758
4306546617000, 0.8619126, 10.7356, 1.8579005
4306557137000, 0.78529817, 9.988609, 1.5801731
4306567247000, 0.49799395, 9.184157, 1.2354081
4306577213000, 0.076614454, 8.66701, 1.0534488
4306587626000, -0.45968673, 8.647857, 1.0055647
4306597313000, -1.0630256, 8.963891, 1.1779473
4306607214000, -1.5705963, 9.3661175, 1.5993267
4306617633000, -2.0685902, 9.701305, 1.934515
4306627713000, -2.4516625, 9.864111, 2.2409728
4306638635000, -2.719813, 9.758766, 2.2888567
4306648702000, -2.8443117, 9.5385, 2.2218192
4306658726000, -2.920926, 9.222465, 1.9153614
4306668676000, -3.0071173, 8.983045, 1.4460979
4306679427000, -2.9017725, 8.791509, 0.545878
4306689363000, -2.6527755, 8.628703, 0.39264908
4306699373000, -2.4420857, 8.485051, 0.35434186
4306709448000, -2.1930888, 8.446744, 0.4309563
4306719491000, -2.0015526, 8.418014, 0.49799395
4306730185000, -1.8483237, 8.437167, 0.51714754
4306739551000, -1.7238252, 8.465898, 0.5363012
4306749819000, -1.5897499, 8.523358, 0.7086837
4306759638000, -1.4556746, 8.63828, 0.90979666
4306769690000, -1.3599066, 8.944737, 1.0055647
4306780174000, -1.4460979, 9.308656, 0.842759
4306790118000, -1.5610195, 9.615114, 0.545878
4306800232000, -1.685518, 9.80665, 0.4309563
4306810295000, -1.7621324, 9.835381, 0.45010993
4306820519000, -1.7812861, 9.864111, 0.6799533
4306830679000, -1.7142484, 9.854534, 0.94810385
4306840715000, -1.6472107, 9.921572, 1.2354081
4306851100000, -1.6280571, 10.0269165, 1.5035586
4306861038000, -1.6567876, 10.103531, 1.6759412
4306871394000, -1.7812861, 10.084377, 1.8962077
4306881227000, -1.982399, 10.01734, 2.1164744
4306891312000, -2.1164744, 9.873688, 2.4420857
4306901707000, -2.2122424, 9.682152, 2.7006595
4306912234000, -2.327164, 9.595961, 2.815581
4306922213000, -2.5761611, 9.682152, 2.7581203
4306932276000, -2.719813, 10.055647, 2.2697031
4306942499000, -2.72939, 10.323798, 1.5514427
4306965916000, -2.7485435, 9.77792, 0.2873042
4306976589000, -2.7102363, 9.500193, 0.34476504
4306986369000, -2.4708161, 9.32781, 0.6607997
4306997310000, -2.1164744, 9.337387, 0.91937345
4307007071000, -1.733402, 9.557653, 0.92895025
4307017084000, -1.3599066, 9.873688, 0.5650316
4307027251000, -1.0342951, 10.208876, -0.02873042
4307037252000, -0.6895301, 10.342952, -0.5746084
4307047499000, -0.5554548, 10.113108, -1.0247183
4307057607000, -0.545878, 9.80665, -1.1971009
4307067725000, -0.7469909, 9.452309, -1.1492168
4307078693000, -1.1204864, 9.222465, -1.0151415
4307088763000, -1.6663644, 9.030929, -0.82360536
4307099134000, -2.1643584, 8.983045, -0.6895301
4307109021000, -2.5761611, 8.935161, -0.60333884
4307119310000, -3.016694, 9.050082, -0.641646
4307129530000, -3.4572272, 9.222465, -0.6512229
4307139470000, -3.7924154, 9.394848, -0.58418524
4307149314000, -4.1371803, 9.500193, -0.38307226
4307159131000, -4.4915223, 9.461885, -0.047884032
4307169338000, -4.8841715, 9.32781, 0.4309563
4307179341000, -5.449203, 9.050082, 1.3215994
4307189339000, -6.205771, 8.829816, 2.5953147
4307209517000, -7.28795, 8.676587, 4.3478703
4307219343000, -7.3645644, 8.379706, 3.8402996
4307229520000, -7.0006456, 8.236053, 2.2697031
4307239822000, -6.244078, 8.293514, 0.1436521
4307249585000, -5.3821654, 8.465898, -1.5801731
4307261634000, -3.916914, 8.944737, -2.815581
4307270883000, -3.3039982, 9.107543, -2.8443117
4307280962000, -2.6431987, 9.193734, -2.432509
4307291058000, -1.9536686, 9.212888, -1.7812861
4307301070000, -1.2641385, 9.174581, -1.0247183
4307311231000, -0.7757214, 9.097966, -0.35434186
4307321510000, -0.45010993, 9.050082, 0.08619126
4307331749000, -0.23942018, 9.011775, 0.4213795
4307341663000, -0.1436521, 8.973468, 0.51714754
4307362006000, -0.60333884, 9.308656, 0.38307226
4307372005000, -1.2066777, 9.730036, 0.45010993
4307382108000, -1.8195933, 10.218452, 1.5227122
4307392187000, -2.5187001, 10.802638, 3.8881836
4307402559000, -3.1124623, 11.271901, 5.056554
4307412845000, -3.6487634, 11.252748, 4.7405195
4307423181000, -4.405331, 10.630256, 4.156334
4307433749000, -4.817134, 9.80665, 2.6719291
4307445216000, -4.5777135, 9.14585, 1.1109096
4307454070000, -4.1659107, 8.8777, 0.17238252
4307464083000, -3.7732618, 8.781932, -0.30645782
4307474184000, -3.371036, 8.580819, -0.5267244
4307484275000, -3.0933087, 8.341399, -0.49799395
4307494404000, -2.882619, 8.39886, -0.36391866
4307504433000, -2.5570073, 8.944737, -0.18195933
4307514753000, -2.078167, 9.500193, -0.076614454
4307524599000, -1.6759412, 9.749189, -0.047884032
4307544812000, -1.4269443, 9.634268, -0.15322891
4307554842000, -1.5993267, 9.528923, -0.32561144
4307564973000, -1.8387469, 9.414001, -0.5363012
4307575394000, -2.1260512, 9.423578, -0.8331822
4307585565000, -2.528277, 9.691729, -1.2066777
4307595856000, -3.1603463, 9.844957, -1.0821792
4307605806000, -3.4284968, 9.998186, -0.7278373
4307615893000, -3.5434184, 10.0748005, -0.25857377
4307626003000, -3.514688, 10.093954, 0.2777274
4307636177000, -3.4955344, 9.940725, 0.91937345
4307646386000, -3.4572272, 9.662998, 1.5705963
4307656372000, -3.514688, 9.481039, 2.1068976
4307666454000, -3.6583402, 9.394848, 2.327164
4307677014000, -3.7541082, 9.385271, 2.0590134
4307687512000, -3.6774938, 9.452309, 1.3311762
4307697247000, -3.3901896, 9.500193, 0.45968673
4307707285000, -3.0262709, 9.490616, -0.38307226
4307717646000, -2.6144683, 9.414001, -0.9672575
4307727754000, -2.2601264, 9.375694, -1.436521
4307738681000, -1.9536686, 9.394848, -1.7812861
4307748670000, -1.8100165, 9.414001, -1.934515
4307758459000, -1.8004397, 9.433155, -2.0207062
4307778732000, -1.9536686, 9.576807, -2.0015526
4307789006000, -2.1068976, 9.720459, -1.9728222
4307799515000, -2.2601264, 9.787497, -1.8674773
4307809534000, -2.4420857, 9.730036, -1.5993267
4307819508000, -2.528277, 9.586384, -1.292869
4307829973000, -2.633622, 9.442732, -0.9576807
4307840180000, -2.719813, 9.279925, -0.7374141
4307849491000, -2.825158, 9.212888, -0.61291564
4307859565000, -2.9400797, 9.232041, -0.5554548
4307869690000, -3.0933087, 9.299079, -0.49799395
4307880117000, -3.2465374, 9.433155, -0.37349546
4307890756000, -3.265691, 9.528923, -0.06703765
4307900316000, -3.1794999, 9.595961, 0.29688102
4307910360000, -2.9592333, 9.653421, 0.80445176
4307920659000, -2.3558946, 9.662998, 1.340753
4307930605000, -2.0973208, 9.653421, 1.0630256
4307941238000, -1.9536686, 9.672575, 0.48841715
4307950833000, -1.8866309, 9.662998, -0.095768064
4307960969000, -1.9057846, 9.701305, -0.641646
4307970818000, -1.9249382, 9.720459, -0.94810385
4307980932000, -1.982399, 9.80665, -1.1013328
4307991280000, -2.030283, 9.864111, -1.13964
4308001393000, -2.0685902, 9.873688, -1.091756
4308011691000, -2.0590134, 9.825804, -0.9576807
4308022172000, -2.0494366, 9.768343, -0.78529817
4308034067000, -2.1260512, 9.682152, -0.6703765
4308044122000, -2.2026656, 9.595961, -0.60333884
4308053888000, -2.336741, 9.5385, -0.48841715
4308064389000, -2.4708161, 9.481039, -0.37349546
4308084584000, -2.681506, 9.586384, -0.06703765
4308095225000, -2.7389667, 9.682152, 0.12449849
4308104491000, -2.72939, 9.758766, 0.2777274
4308114711000, -2.7006595, 9.768343, 0.4309563
4308124636000, -2.6144683, 9.739613, 0.48841715
4308134797000, -2.528277, 9.662998, 0.4309563
4308155126000, -2.5091233, 9.490616, -0.08619126
4308165116000, -2.4708161, 9.461885, -0.34476504
4308185303000, -2.432509, 9.519346, -0.59376204
4308195893000, -2.4229321, 9.56723, -0.58418524
4308205625000, -2.4133554, 9.653421, -0.5363012
4308215701000, -2.4037786, 9.701305, -0.40222588
4308225796000, -2.3558946, 9.682152, -0.23942018
4308235991000, -2.3080103, 9.586384, 0.047884032
4308256258000, -2.3750482, 9.481039, 0.038307227
4308266507000, -2.4516625, 9.471462, -0.038307227
4308276381000, -2.5474305, 9.490616, -0.076614454
4308297241000, -2.6527755, 9.586384, -0.02873042
4308307265000, -2.6240451, 9.643845, 0.019153614
4308317527000, -2.5474305, 9.682152, 0.1340753
4308327592000, -2.4420857, 9.710882, 0.23942018
4308337668000, -2.2984335, 9.691729, 0.25857377
4308348017000, -2.2026656, 9.643845, 0.23942018
4308360001000, -2.1643584, 9.634268, 0.11492168
4308368877000, -2.078167, 9.624691, -0.06703765
4308379301000, -2.1164744, 9.615114, -0.21068975
4308388977000, -2.1739352, 9.662998, -0.31603462
4308399063000, -2.2505496, 9.768343, -0.37349546
4308426088000, -2.3463178, 9.787497, 0.009576807
4308435119000, -2.336741, 9.662998, 0.22984336
4308445591000, -2.3463178, 9.576807, 0.2681506
4308455316000, -2.384625, 9.5385, 0.32561144
4308465512000, -2.4420857, 9.471462, 0.1436521
4308475675000, -2.5378537, 9.414001, -0.009576807
4308485779000, -2.6048915, 9.452309, -0.16280572
4308496361000, -2.6623523, 9.528923, -0.24899697
4308506007000, -2.6431987, 9.5385, -0.2681506
4308516193000, -2.566584, 9.548077, -0.1436521
4308526273000, -2.5187001, 9.605537, -0.05746084
4308536418000, -2.4612393, 9.615114, 0.02873042
4308546533000, -2.4516625, 9.586384, 0.05746084
4308557087000, -2.4899697, 9.557653, -0.019153614
4308567244000, -2.480393, 9.5385, -0.15322891
4308587656000, -2.5187001, 9.586384, -0.29688102
4308597505000, -2.5378537, 9.56723, -0.30645782
4308607301000, -2.5570073, 9.595961, -0.22984336
4308617676000, -2.5474305, 9.615114, -0.10534488
4308627674000, -2.5761611, 9.643845, 0.009576807
4308638637000, -2.585738, 9.615114, 0.019153614
4308648756000, -2.5953147, 9.557653, -0.009576807
4308658789000, -2.6144683, 9.519346, -0.019153614
4308668766000, -2.633622, 9.481039, 0.0
4308679622000, -2.5761611, 9.557653, -0.076614454
4308689356000, -2.5570073, 9.624691, -0.1340753
4308699512000, -2.4995465, 9.634268, -0.095768064
4308709609000, -2.432509, 9.672575, -0.076614454
4308719575000, -2.3750482, 9.691729, -0.08619126
4308729773000, -2.336741, 9.662998, -0.10534488
4308739605000, -2.327164, 9.586384, -0.15322891
4308749694000, -2.3558946, 9.548077, -0.18195933
4308759722000, -2.3942018, 9.528923, -0.25857377
4308769851000, -2.4420857, 9.461885, -0.2777274
4308790094000, -2.4708161, 9.490616, -0.11492168
4308800214000, -2.4516625, 9.5385, 0.009576807
4308820652000, -2.4420857, 9.662998, 0.047884032
4308840680000, -2.4133554, 9.634268, 0.1340753
4308851075000, -2.4229321, 9.605537, 0.12449849
4308861255000, -2.432509, 9.56723, 0.10534488
4308871537000, -2.480393, 9.500193, 0.038307227
4308881326000, -2.5761611, 9.461885, -0.05746084
4308891611000, -2.5953147, 9.490616, -0.11492168
4308911904000, -2.6431987, 9.509769, -0.12449849
4308922254000, -2.633622, 9.5385, -0.047884032
4308932726000, -2.6048915, 9.624691, 0.05746084
4308942684000, -2.566584, 9.662998, 0.076614454
4308952975000, -2.5091233, 9.643845, 0.16280572
4308964175000, -2.5187001, 9.605537, 0.19153613
4308994624000, -2.5378537, 9.490616, 0.038307227
4309004563000, -2.5761611, 9.500193, -0.009576807
4309014780000, -2.566584, 9.528923, -0.06703765
4309024594000, -2.5378537, 9.557653, -0.076614454
4309034745000, -2.5091233, 9.56723, -0.05746084
4309045194000, -2.4612393, 9.595961, 0.009576807
4309055153000, -2.432509, 9.56723, 0.047884032
4309065896000, -2.4133554, 9.557653, 0.009576807
4309075393000, -2.4420857, 9.5385, 0.0
4309085185000, -2.432509, 9.519346, -0.02873042
4309116199000, -2.4516625, 9.461885, 0.019153614
