#Acceleration force along the x y z axes (including gravity).
#timestamp(ns),x,y,z(m/s^2)
#Datetime: 02/06/2014 15:24:25
##########################################
#Activity: 12 - BSC - Back-sitting-chair - 10s
#Subject ID: 22
#First Name: sub22
#Last Name: sub22
#Age: 22
#Height(cm): 187
#Weight(kg): 90
#Gender: Male
##########################################

@DATA
46449824617000, 8.829816, 2.96881, 3.0358477
46449843823000, 3.0358477, 8.082825, 0.78529817
46449854132000, 2.0590134, 8.954314, 0.4309563
46449863959000, 1.5801731, 9.375694, 0.25857377
46449874029000, 1.3120226, 9.615114, 0.15322891
46449884169000, 1.1971009, 9.768343, 0.11492168
46449894292000, 1.1300632, 9.816227, 0.1340753
46449904681000, 1.1013328, 9.797073, 0.11492168
46449914578000, 1.13964, 9.77792, 0.1340753
46449924359000, 1.1779473, 9.758766, 0.1436521
46449934583000, 1.2258313, 9.720459, 0.1340753
46449944636000, 1.2449849, 9.758766, 0.06703765
46449954937000, 1.2258313, 9.787497, 0.047884032
46449966297000, 1.1875241, 9.797073, 0.038307227
46449976074000, 1.1683705, 9.864111, 0.02873042
46449986217000, 1.1875241, 9.873688, -0.02873042
46449996800000, 1.1971009, 9.864111, -0.038307227
46450007356000, 1.1875241, 9.825804, 0.009576807
46450017926000, 1.1683705, 9.768343, 0.05746084
46450040000000, 1.1587936, 9.77792, 0.16280572
46450049157000, 1.1683705, 9.816227, 0.1340753
46450059389000, 1.1971009, 9.854534, 0.18195933
46450069366000, 1.2162545, 9.883265, 0.16280572
46450090302000, 1.2354081, 9.873688, 0.25857377
46450099787000, 1.2737153, 9.864111, 0.2777274
46450119845000, 1.3311762, 9.844957, 0.31603462
46450141849000, 1.3503298, 9.797073, 0.18195933
46450152762000, 1.3982137, 9.77792, 0.19153613
46450163558000, 1.3503298, 9.787497, 0.20111294
46450194244000, 1.3790601, 9.768343, 0.22026655
46450233531000, 1.2354081, 9.816227, 0.2777274
46450253656000, 1.3503298, 9.864111, 0.18195933
46450264541000, 1.3120226, 9.883265, 0.32561144
46450274419000, 1.388637, 9.969456, 0.545878
46450284502000, 1.4748282, 10.01734, -0.16280572
46450295894000, 1.436521, 9.988609, 0.36391866
46450304861000, 1.5514427, 9.950302, 0.4213795
46450315157000, 1.5801731, 9.921572, -0.16280572
46450326774000, 1.4652514, 9.883265, 0.31603462
46450335964000, 1.5131354, 9.864111, 0.7086837
46450346375000, 1.5035586, 9.873688, 0.89064306
46450357295000, 1.6567876, 9.9790325, 0.93852705
46450367029000, 1.7142484, 9.969456, 0.7086837
46450376906000, 1.6950948, 9.931149, 0.6799533
46450387340000, 1.6663644, 9.902418, 0.6607997
46450396817000, 1.6280571, 9.864111, 0.40222588
46450407497000, 1.6089035, 9.892841, 0.22026655
46450417016000, 1.6663644, 9.883265, 0.02873042
46450440624000, 1.7525556, 9.825804, -0.009576807
46450449822000, 1.7908629, 9.643845, 0.17238252
46450460177000, 1.7429788, 9.528923, 0.24899697
46450470337000, 1.7142484, 9.56723, 0.31603462
46450481142000, 1.7046716, 9.749189, 0.38307226
46450492400000, 1.7621324, 9.950302, 0.45968673
46450503395000, 1.7717092, 10.170568, 0.51714754
46450528243000, 1.8770541, 10.419566, 1.0055647
46450537936000, 1.9728222, 10.362105, 1.1587936
46450551817000, 2.0207062, 10.266336, 1.2258313
46450561623000, 2.0111294, 10.141838, 1.1875241
46450576238000, 1.9440918, 9.9790325, 0.92895025
46450586275000, 1.7046716, 9.643845, 0.31603462
46450598188000, 1.532289, 9.442732, 0.17238252
46450608687000, 1.3311762, 9.222465, -0.038307227
46450618401000, 1.0726024, 9.050082, -0.22026655
46450628575000, 0.79487497, 8.8777, -0.63206923
46450641082000, 0.50757074, 8.743625, -1.3024458
46450653289000, 0.0, 7.8050976, -1.340753
46450663739000, -0.22026655, 7.297527, -0.45968673
46450676084000, -0.23942018, 6.751649, 0.545878
46450685663000, 0.12449849, 6.4164605, 1.0630256
46450696324000, 0.45968673, 6.0716953, 1.2737153
46450706594000, 0.842759, 5.995081, 1.7142484
46450715938000, 1.4748282, 6.3302693, 1.9919758
46450726343000, 2.1068976, 6.8569937, 1.6567876
46450736564000, 2.585738, 7.469909, 1.1492168
46450747302000, 2.815581, 7.824251, 1.2449849
46450764108000, 3.3997664, 8.465898, 3.0550013
46450774085000, 3.8881836, 8.66701, 3.9360676
46450784125000, 4.3478703, 8.418014, 4.5202527
46450794268000, 4.003105, 7.6710224, 4.644751
46450803409000, 3.4284968, 7.1059904, 4.0318356
46450813519000, 3.2369606, 6.991069, 2.7868507
46450824516000, 3.3039982, 7.1155677, 1.7812861
46450833923000, 3.064578, 7.1059904, 1.6950948
46450843768000, 2.4229321, 6.742072, 2.6719291
46450853707000, 1.934515, 6.253655, 3.8307228
46450866185000, 2.1068976, 5.6215854, 4.3287168
46450876837000, 2.480393, 4.3957543, 4.4340615
46450886363000, 2.7485435, 2.6910827, 5.1523223
46450896463000, 3.016694, 1.6472107, 5.410896
46450906652000, 3.1507695, 1.5035586, 4.31914
46450926909000, 3.3518825, 3.2944214, 3.4380736
46450936847000, 3.667917, 4.271256, 3.7732618
46450947251000, 4.1946416, 4.999093, 4.223372
46450957858000, 5.085284, 4.3861775, 7.249643
46450968362000, 5.0182467, 3.763685, 7.536947
46450978062000, 4.673482, 3.3518825, 6.397307
46450987783000, 4.271256, 2.8921957, 4.7500963
46450998363000, 4.0318356, 2.6719291, 3.9073372
46451008479000, 3.9264908, 2.7006595, 5.0757074
46451018568000, 3.9839516, 2.9783869, 6.8761473
46451028873000, 4.3287168, 3.3039982, 8.39886
46451039646000, 4.817134, 3.4476504, 8.350976
46451048887000, 5.2002063, 3.1603463, 7.0485296
46451058987000, 5.707777, 2.5570073, 6.3781533
46451070286000, 6.244078, 1.7717092, 7.144298
46451079740000, 6.2823853, 1.1492168, 8.1881695
46451090563000, 5.793968, 1.4556746, 8.772355
46451099892000, 5.3438582, 2.4420857, 9.040505
46451110191000, 4.759673, 2.7485435, 8.839393
46451121030000, 4.5202527, 2.3750482, 8.724471
46451131083000, 4.865018, 2.3463178, 8.848969
46451140725000, 5.1810527, 1.7812861, 8.676587
46451150907000, 5.3247046, 0.7469909, 8.303091
46451161340000, 5.5737014, -0.22026655, 8.101978
46451171231000, 5.2385135, -0.91937345, 7.8146744
46451183086000, 4.7979803, -0.6607997, 7.8050976
46451193228000, 4.098873, -0.16280572, 7.7093296
46451202997000, 3.2561142, 0.4213795, 7.7189064
46451213454000, 2.8921957, 0.32561144, 8.42759
46451224169000, 3.371036, -0.20111294, 7.795521
46451233774000, 3.5529952, -1.2066777, 6.885724
46451245578000, 3.763685, -1.9536686, 6.4739213
46451270576000, 3.083732, -2.2601264, 5.4683566
46451279840000, 2.585738, -2.078167, 5.7748146
46451289876000, 2.2697031, -1.8100165, 6.349423
46451310840000, 2.1260512, -2.2888567, 6.6271505
46451321197000, 2.480393, -3.466804, 6.588843
46451330472000, 2.327164, -4.1371803, 6.397307
46451341535000, 1.9249382, -4.606444, 5.985504
46451351239000, 2.5474305, -5.8801594, 6.2249246
46451362679000, 3.715801, -7.393295, 6.1004257
46451372842000, 4.8267107, -8.24563, 6.1195793
46451383271000, 4.9224787, -7.843405, 6.7708025
46451393588000, 3.8594532, -6.9623384, 7.7667904
46451403378000, 2.4516625, -5.9567738, 8.00621
46451413820000, 1.0247183, -5.0757074, 7.9966335
46451423392000, -0.60333884, -4.9224787, 7.469909
46451433271000, -1.436521, -4.999093, 6.885724
46451453477000, 1.7238252, -7.699753, 6.7708025
46451465300000, 2.0015526, -13.618219, 13.158532
46451474405000, -1.3790601, -16.577452, 16.347609
46451484501000, -1.043872, -18.05228, 13.742718
46451494920000, 3.6583402, -18.789696, 6.5984197
46451504664000, 4.3287168, -19.16319, -0.51714754
46451514805000, -1.4269443, -19.34515, 1.5035586
46451526074000, -9.710882, -19.440918, 2.1739352
46451535108000, -10.955867, -14.623784, 1.1204864
46451545379000, -6.3206925, -5.793968, 7.086837
46451556271000, 0.18195933, 1.4460979, 10.333375
46451565777000, 4.711789, 4.2904096, 9.241618
46451575660000, 6.0525417, 2.231396, 7.690176
46451585726000, 5.2002063, -1.0247183, 2.7389667
46451596569000, 3.5913026, -3.5913026, 0.047884032
46451607088000, 4.223372, -5.841852, 2.1068976
46451626348000, 5.707777, -6.83784, 2.882619
46451636446000, 7.07726, -8.197746, 3.1124623
46451646565000, 7.776367, -11.15698, 4.999093
46451657290000, 6.3589997, -12.200851, 5.104438
46451666812000, 4.0701427, -12.430696, 6.196194
46451677662000, 2.4229321, -11.654974, 8.197746
46451688007000, 2.183512, -10.189722, 10.43872
46451697261000, 3.122039, -8.954314, 10.28549
46451707467000, 4.3478703, -7.843405, 7.785944
46451717539000, 5.3821654, -6.9623384, 5.2002063
46451728069000, 5.7269306, -6.0716953, 4.261679
46451737796000, 5.5162406, -5.3342814, 4.146757
46451748374000, 5.1810527, -4.5202527, 3.8498764
46451758698000, 4.3478703, -3.6583402, 4.0892963
46451768562000, 2.9400797, -3.4572272, 5.257667
46451778771000, 1.283292, -4.271256, 6.4643445
46451789587000, 0.31603462, -5.659893, 7.0006456
46451798919000, 0.35434186, -7.240066, 6.5122285
46451809011000, 1.043872, -8.896853, 5.21936
46451819087000, 1.8004397, -10.28549, 3.9552212
46451829256000, 2.336741, -11.33894, 3.1507695
46451840187000, 2.719813, -11.990162, 3.0262709
46451850154000, 2.920926, -11.042058, 3.2944214
46451860608000, 2.7964275, -9.050082, 3.1316159
46451870818000, 2.8538885, -6.9527617, 2.5953147
46451880697000, 3.4572272, -5.0374002, 2.0207062
46451890677000, 4.673482, -3.6487634, 2.0590134
46451901280000, 6.1100025, -2.4612393, 2.777274
46451910495000, 7.469909, -1.6184803, 3.6487634
46451920542000, 8.532935, -1.6759412, 4.510676
46451931145000, 9.433155, -2.4612393, 5.1235914
46451940735000, 10.04607, -3.8786068, 5.142745
46451951165000, 10.247183, -5.8705826, 4.903325
46451961316000, 6.3302693, -11.195287, 2.231396
46451971326000, 3.3806129, -13.005303, 0.89064306
46451981475000, 0.9768343, -14.518439, 1.1587936
46451991627000, -0.48841715, -15.2367, 2.0494366
46452002481000, -0.33518824, -14.279019, 3.0454245
46452012922000, 1.0726024, -12.08593, 4.050989
46452022891000, 2.4229321, -9.835381, 4.55856
46452032990000, 3.821146, -8.073248, 4.548983
46452043029000, 4.5298295, -6.5218053, 3.9073372
46452052979000, 4.999093, -5.315128, 3.620033
46452063312000, 5.085284, -4.4915223, 3.8594532
46452073349000, 4.9224787, -4.050989, 4.098873
46452083628000, 4.6351743, -3.9743748, 4.1371803
46452094312000, 4.548983, -4.213795, 4.4436383
46452103505000, 4.865018, -4.644751, 5.1523223
46452113851000, 5.6886234, -5.0757074, 5.6982
46452123875000, 6.483498, -5.363012, 5.8705826
46452134000000, 6.8282633, -5.583278, 5.6407394
46452144363000, 6.694188, -5.7365074, 5.1810527
46452156354000, 6.397307, -5.93762, 4.759673
46452165502000, 6.1100025, -6.0046577, 4.8362875
46452176495000, 5.861006, -5.8705826, 5.133168
46452185893000, 5.6886234, -5.650316, 5.6215854
46452196105000, 5.592855, -5.4204726, 5.995081
46452206344000, 5.497087, -5.133168, 6.167464
46452219117000, 5.0278234, -4.4244847, 5.813122
46452229171000, 4.8841715, -4.31914, 5.7843914
46452248626000, 5.1140146, -4.2521024, 5.755661
46452258736000, 5.391742, -4.223372, 5.592855
46452268871000, 5.7748146, -4.10845, 5.48751
46452279764000, 6.042965, -3.8881836, 5.391742
46452289014000, 6.129156, -3.5051112, 5.2959743
46452299277000, 6.1195793, -3.122039, 5.3438582
46452309172000, 6.2823853, -2.873042, 5.841852
46452319497000, 6.4547677, -2.6431987, 6.253655
46452329559000, 6.646304, -2.4612393, 6.435614
46452339666000, 6.6367273, -2.4229321, 6.38773
46452350560000, 6.483498, -2.1739352, 6.129156
46452359694000, 6.1195793, -1.9919758, 5.803545
46452369781000, 5.7269306, -2.078167, 5.6215854
46452380187000, 5.4683566, -2.2505496, 5.803545
46452390159000, 5.506664, -2.4420857, 6.445191
46452400373000, 5.9184666, -2.4708161, 7.1155677
46452410570000, 6.445191, -2.1452048, 7.3549876
46452420520000, 7.1634517, -1.436521, 7.52737
46452430669000, 7.8050976, -0.29688102, 7.2783732
46452440973000, 8.226477, 0.7182605, 7.0581064
46452450808000, 8.418014, 1.1779473, 6.991069
46452461559000, 8.197746, 1.043872, 6.694188
46452471155000, 7.6710224, 0.4309563, 6.1866174
46452481295000, 7.2687964, -0.34476504, 5.6790466
46452491657000, 7.067683, -1.1109096, 5.48751
46452513173000, 8.226477, -0.5650316, 9.662998
46452532468000, 12.679692, 2.4133554, 14.279019
46452542596000, 14.097059, 4.721366, 12.593501
46452552640000, 12.152967, 3.5817258, 9.404425
46452563076000, 9.3661175, 1.5705963, 5.554548
46452573730000, 6.483498, -0.1436521, 2.96881
46452582885000, 4.280833, -0.94810385, 2.585738
46452593207000, 3.4476504, -1.2449849, 3.6296098
46452602970000, 3.8402996, -1.6950948, 4.55856
46452613544000, 4.6351743, -1.8579005, 5.133168
46452623703000, 5.2959743, -1.6472107, 5.631162
46452633822000, 5.765238, -1.2545617, 5.7748146
46452644456000, 6.033388, -0.7661445, 5.717354
46452654314000, 6.129156, -0.38307226, 5.6886234
46452665266000, 6.205771, -0.15322891, 5.7269306
46452675001000, 6.4260373, -0.05746084, 5.90889
46452684591000, 6.8665705, -0.02873042, 6.339846
46452694735000, 7.441179, -0.038307227, 6.991069
46452704511000, 7.9583263, -0.18195933, 7.785944
46452714676000, 8.379706, -0.21068975, 8.1881695
46452724895000, 8.504205, -0.10534488, 8.350976
46452735170000, 8.264784, -0.06703765, 8.226477
46452755752000, 7.517793, -0.21068975, 7.536947
46452765543000, 7.1155677, -0.32561144, 7.067683
46452778330000, 6.6846113, -0.51714754, 6.5601125
46452788207000, 6.4164605, -0.6799533, 6.167464
46452798352000, 6.1100025, -0.90021986, 5.899313
46452808336000, 6.157887, -1.0055647, 6.0525417
46452818332000, 6.244078, -1.0821792, 6.3685765
46452838731000, 6.4739213, -1.0055647, 6.9623384
46452858627000, 6.6654577, -0.6607997, 6.9048777
46452868770000, 6.789956, -0.5746084, 6.885724
46452878996000, 6.9240313, -0.45968673, 6.991069
46452889147000, 7.0006456, -0.37349546, 7.038953
46452908953000, 7.0102224, -0.22984336, 7.0006456
46452918906000, 6.991069, -0.2777274, 6.9240313
46452929431000, 6.9144545, -0.38307226, 6.847417
46452939075000, 6.885724, -0.48841715, 6.8569937
46452949288000, 6.933608, -0.5746084, 6.799533
46452959485000, 6.943185, -0.6703765, 6.847417
46452979978000, 6.991069, -0.63206923, 6.9240313
46452990135000, 7.019799, -0.5554548, 6.9623384
46453000970000, 7.0102224, -0.48841715, 6.9719152
46453010594000, 6.981492, -0.41180268, 6.847417
46453020548000, 6.933608, -0.35434186, 6.789956
46453032744000, 6.885724, -0.33518824, 6.655881
46453042796000, 6.8665705, -0.4309563, 6.6079965
46453052696000, 6.8569937, -0.5267244, 6.588843
46453063042000, 6.8761473, -0.60333884, 6.6175733
46453073526000, 6.83784, -0.6512229, 6.655881
46453083159000, 6.8282633, -0.62249243, 6.694188
46453113327000, 6.83784, -0.4213795, 6.9144545
46453133694000, 6.8091097, -0.41180268, 6.9623384
46453143970000, 6.789956, -0.40222588, 7.0006456
46453153493000, 6.751649, -0.45010993, 6.9719152
46453164279000, 6.703765, -0.47884035, 6.943185
46453194486000, 6.694188, -0.40222588, 6.885724
46453216158000, 6.742072, -0.38307226, 6.9144545
46453246573000, 6.6846113, -0.48841715, 6.895301
46453257320000, 6.7133417, -0.47884035, 6.8665705
46453266785000, 6.7324953, -0.5267244, 6.8569937
46453276849000, 6.7803793, -0.545878, 6.8665705
46453288411000, 6.7612257, -0.50757074, 6.9144545
46453298893000, 6.7803793, -0.45968673, 6.9527617
46453318883000, 6.7803793, -0.50757074, 7.0102224
46453329284000, 6.7612257, -0.48841715, 6.933608
46453338738000, 6.7324953, -0.50757074, 6.9144545
46453359156000, 6.655881, -0.48841715, 6.8665705
46453369077000, 6.646304, -0.51714754, 6.847417
46453380161000, 6.6175733, -0.47884035, 6.8665705
46453390869000, 6.6654577, -0.41180268, 6.885724
46453400249000, 6.7133417, -0.39264908, 6.933608
46453421306000, 6.742072, -0.39264908, 6.981492
46453432700000, 6.7324953, -0.4213795, 7.029376
46453442753000, 6.742072, -0.50757074, 7.0006456
46453463956000, 6.7229185, -0.545878, 6.9144545
46453474330000, 6.742072, -0.51714754, 6.8761473
46453483796000, 6.7324953, -0.45010993, 6.8282633
46453493958000, 6.751649, -0.39264908, 6.847417
46453503891000, 6.742072, -0.41180268, 6.8761473
46453524387000, 6.7612257, -0.45010993, 6.8761473
46453534884000, 6.751649, -0.51714754, 6.8665705
46453544676000, 6.7229185, -0.5554548, 6.885724
46453566525000, 6.7229185, -0.49799395, 6.895301
46453576747000, 6.7133417, -0.5267244, 6.8569937
46453608413000, 6.7229185, -0.47884035, 6.847417
46453618091000, 6.7324953, -0.45010993, 6.895301
46453648845000, 6.7324953, -0.47884035, 6.991069
46453669273000, 6.751649, -0.46926352, 6.9527617
46453689959000, 6.694188, -0.4405331, 6.9048777
46453711184000, 6.7133417, -0.47884035, 6.9144545
46453720149000, 6.751649, -0.45968673, 6.885724
46453731284000, 6.7133417, -0.48841715, 6.9240313
46453742854000, 6.7324953, -0.49799395, 6.9048777
46453753218000, 6.7708025, -0.48841715, 6.991069
46453773467000, 6.7803793, -0.48841715, 7.0006456
46453786028000, 6.7229185, -0.45010993, 6.943185
46453796763000, 6.694188, -0.45968673, 6.9623384
46453807917000, 6.6846113, -0.49799395, 6.895301
46453828093000, 6.646304, -0.48841715, 6.9048777
46453837808000, 6.655881, -0.45010993, 6.9144545
46453848111000, 6.6750345, -0.46926352, 6.885724
46453868275000, 6.694188, -0.45968673, 6.895301
46453878371000, 6.7229185, -0.50757074, 6.9144545
46453888494000, 6.703765, -0.48841715, 6.991069
46453908201000, 6.7324953, -0.51714754, 6.981492
46453918171000, 6.7229185, -0.46926352, 6.9623384
46453928682000, 6.694188, -0.4405331, 6.9527617
46453938058000, 6.6654577, -0.4213795, 6.9048777
46453948176000, 6.6750345, -0.41180268, 6.943185
46453958675000, 6.694188, -0.4309563, 6.9048777
46453968845000, 6.7229185, -0.49799395, 6.9144545
46453978955000, 6.7133417, -0.51714754, 6.895301
46454009317000, 6.7229185, -0.46926352, 6.9144545
46454019239000, 6.7324953, -0.45010993, 6.895301
46454040534000, 6.6846113, -0.4405331, 7.0006456
46454060664000, 6.703765, -0.5267244, 6.943185
46454081309000, 6.694188, -0.545878, 6.847417
46454091303000, 6.7133417, -0.5363012, 6.8282633
46454111772000, 6.655881, -0.50757074, 6.8569937
46454121791000, 6.703765, -0.5267244, 6.8665705
46454142316000, 6.7229185, -0.45968673, 6.9623384
46454152387000, 6.7133417, -0.4405331, 7.029376
46454163398000, 6.6846113, -0.4213795, 6.991069
46454184659000, 6.6654577, -0.4405331, 7.0102224
46454194342000, 6.6175733, -0.46926352, 6.9527617
46454203964000, 6.646304, -0.47884035, 6.943185
46454215073000, 6.6175733, -0.5363012, 6.9048777
46454224227000, 6.646304, -0.50757074, 6.8761473
46454244403000, 6.694188, -0.50757074, 6.9144545
46454254671000, 6.6750345, -0.49799395, 6.9623384
46454265152000, 6.694188, -0.4213795, 7.0102224
46454287023000, 6.7229185, -0.40222588, 6.9527617
46454297718000, 6.7133417, -0.4213795, 6.9240313
46454307771000, 6.703765, -0.48841715, 6.895301
46454317894000, 6.694188, -0.50757074, 6.9144545
46454328126000, 6.703765, -0.5267244, 6.8761473
46454337927000, 6.7324953, -0.51714754, 6.83784
46454358360000, 6.7133417, -0.45010993, 6.8569937
46454379213000, 6.7229185, -0.46926352, 6.991069
46454388561000, 6.7133417, -0.45968673, 6.981492
46454398866000, 6.694188, -0.46926352, 6.991069
46454408997000, 6.6846113, -0.48841715, 6.981492
46454419200000, 6.646304, -0.51714754, 6.9623384
46454429351000, 6.6654577, -0.49799395, 6.991069
46454441068000, 6.646304, -0.47884035, 6.9719152
46454450700000, 6.6654577, -0.46926352, 6.943185
46454460919000, 6.646304, -0.50757074, 6.9527617
46454483350000, 6.6367273, -0.4405331, 6.9719152
46454513787000, 6.646304, -0.48841715, 6.943185
46454533975000, 6.6750345, -0.49799395, 6.9144545
46454543818000, 6.694188, -0.47884035, 6.895301
46454563956000, 6.6846113, -0.4309563, 6.9144545
46454574057000, 6.694188, -0.46926352, 6.933608
46454604477000, 6.6654577, -0.47884035, 6.9719152
46454625295000, 6.6654577, -0.46926352, 6.981492
46454634654000, 6.7133417, -0.50757074, 6.943185
46454645202000, 6.7324953, -0.545878, 6.9144545
46454654916000, 6.7229185, -0.51714754, 6.895301
46454664961000, 6.7133417, -0.5267244, 6.8569937
46454685567000, 6.7229185, -0.45010993, 6.8665705
46454706337000, 6.694188, -0.45010993, 6.895301
46454716364000, 6.7229185, -0.4213795, 6.9240313
46454738091000, 6.742072, -0.45010993, 6.9048777
46454748044000, 6.7229185, -0.48841715, 6.933608
46454758162000, 6.6750345, -0.545878, 6.9048777
46454768198000, 6.655881, -0.58418524, 6.9144545
46454778883000, 6.6654577, -0.59376204, 6.895301
46454788845000, 6.655881, -0.5650316, 6.9240313
46454798762000, 6.6271505, -0.5267244, 6.933608
46454808646000, 6.6367273, -0.47884035, 6.9240313
46454819362000, 6.6271505, -0.4405331, 6.9527617
46454838789000, 6.6175733, -0.41180268, 7.0006456
46454848959000, 6.6271505, -0.4309563, 6.991069
46454859166000, 6.655881, -0.45010993, 7.0102224
46454869219000, 6.6846113, -0.46926352, 7.0006456
46454879243000, 6.7133417, -0.48841715, 6.9623384
46454889329000, 6.694188, -0.46926352, 6.933608
46454899455000, 6.6846113, -0.4309563, 6.885724
46454919338000, 6.703765, -0.41180268, 6.9048777
46454929559000, 6.694188, -0.4213795, 6.9623384
46454939782000, 6.703765, -0.41180268, 6.9144545
46454949725000, 6.6750345, -0.4405331, 6.933608
46454960608000, 6.7133417, -0.48841715, 6.895301
46454980636000, 6.7324953, -0.51714754, 6.933608
46454990715000, 6.703765, -0.5267244, 6.9144545
46455000868000, 6.694188, -0.49799395, 6.9240313
46455011285000, 6.7229185, -0.47884035, 6.9144545
46455020792000, 6.7133417, -0.45968673, 6.9527617
46455041472000, 6.694188, -0.5267244, 6.9623384
46455051074000, 6.6846113, -0.49799395, 6.9719152
46455082428000, 6.655881, -0.50757074, 6.9240313
46455101562000, 6.6367273, -0.47884035, 6.9048777
46455112369000, 6.655881, -0.50757074, 6.9144545
46455122251000, 6.646304, -0.47884035, 6.847417
46455132593000, 6.6367273, -0.45968673, 6.885724
46455142727000, 6.646304, -0.46926352, 6.895301
46455163028000, 6.6846113, -0.46926352, 6.981492
46455174153000, 6.6750345, -0.47884035, 6.991069
46455183718000, 6.6846113, -0.45010993, 7.0006456
46455193717000, 6.6750345, -0.46926352, 6.9719152
46455213641000, 6.655881, -0.47884035, 6.9527617
46455223918000, 6.694188, -0.49799395, 6.9240313
46455264070000, 6.7133417, -0.5363012, 6.943185
46455274174000, 6.7324953, -0.545878, 6.895301
46455294745000, 6.742072, -0.51714754, 6.8761473
46455324691000, 6.7229185, -0.45968673, 6.933608
46455365197000, 6.694188, -0.48841715, 6.9527617
46455396104000, 6.6750345, -0.48841715, 6.9623384
46455406166000, 6.6846113, -0.45968673, 6.991069
46455416224000, 6.6271505, -0.5267244, 6.9623384
46455426290000, 6.6079965, -0.5554548, 7.0102224
46455436372000, 6.5984197, -0.49799395, 6.991069
46455446749000, 6.6367273, -0.5267244, 6.943185
46455456755000, 6.6654577, -0.545878, 6.9144545
46455477110000, 6.655881, -0.5267244, 6.8665705
46455487781000, 6.7133417, -0.49799395, 6.9048777
46455497904000, 6.7229185, -0.45968673, 6.9719152
46455508031000, 6.7133417, -0.4405331, 6.9623384
46455518278000, 6.694188, -0.45968673, 6.9719152
46455538376000, 6.6750345, -0.47884035, 6.943185
46455548456000, 6.655881, -0.51714754, 6.9527617
46455558540000, 6.6654577, -0.5363012, 6.933608
46455568333000, 6.6846113, -0.58418524, 6.9240313
46455588549000, 6.655881, -0.5267244, 6.9240313
46455598604000, 6.6079965, -0.46926352, 6.943185
46455619036000, 6.6750345, -0.34476504, 6.9144545
46455638973000, 6.751649, -0.36391866, 7.019799
46455649238000, 6.742072, -0.39264908, 7.029376
46455659325000, 6.7708025, -0.45968673, 7.019799
46455669419000, 6.7803793, -0.50757074, 6.9623384
46455679713000, 6.7612257, -0.5363012, 6.9240313
46455699793000, 6.742072, -0.49799395, 6.83784
46455709867000, 6.7229185, -0.50757074, 6.895301
46455720522000, 6.6750345, -0.51714754, 6.8665705
46455730529000, 6.6367273, -0.49799395, 6.885724
46455740547000, 6.6079965, -0.50757074, 6.933608
46455761196000, 6.579266, -0.41180268, 7.038953
46455771623000, 6.6271505, -0.4309563, 7.019799
46455792786000, 6.655881, -0.45968673, 7.0102224
46455802652000, 6.703765, -0.49799395, 7.0006456
46455813255000, 6.6750345, -0.5363012, 6.991069
46455833237000, 6.6654577, -0.47884035, 6.885724
46455843259000, 6.6079965, -0.46926352, 6.9240313
46455863644000, 6.6367273, -0.38307226, 6.991069
46455873449000, 6.6654577, -0.41180268, 6.9719152
46455883464000, 6.6750345, -0.48841715, 6.943185
46455893544000, 6.7133417, -0.50757074, 6.9527617
46455933810000, 6.6654577, -0.50757074, 6.847417
46455943597000, 6.655881, -0.49799395, 6.8761473
46455964212000, 6.646304, -0.46926352, 6.895301
46455974298000, 6.6654577, -0.48841715, 6.8761473
46455984595000, 6.703765, -0.45968673, 6.9240313
46455994620000, 6.7229185, -0.46926352, 6.933608
46456004708000, 6.7324953, -0.45968673, 6.9623384
46456014698000, 6.703765, -0.47884035, 6.9144545
46456024805000, 6.7133417, -0.50757074, 6.885724
46456045266000, 6.6846113, -0.50757074, 6.9144545
46456055146000, 6.7133417, -0.49799395, 6.8569937
46456065362000, 6.694188, -0.5267244, 6.885724
46456075870000, 6.6750345, -0.48841715, 6.943185
46456085951000, 6.655881, -0.47884035, 6.9527617
46456096318000, 6.6654577, -0.48841715, 7.0006456
46456116322000, 6.646304, -0.50757074, 7.0102224
46456126452000, 6.6846113, -0.51714754, 6.991069
46456136569000, 6.703765, -0.50757074, 6.9527617
46456147047000, 6.694188, -0.5363012, 6.943185
46456157093000, 6.6846113, -0.49799395, 6.9240313
46456167783000, 6.6367273, -0.5363012, 6.9144545
46456177987000, 6.6271505, -0.47884035, 6.933608
46456187964000, 6.646304, -0.45968673, 6.9527617
46456208254000, 6.655881, -0.45010993, 6.9048777
46456219876000, 6.6750345, -0.4405331, 6.9719152
46456239375000, 6.6750345, -0.46926352, 7.029376
46456249736000, 6.6846113, -0.48841715, 7.0102224
46456270503000, 6.6654577, -0.51714754, 6.943185
46456291149000, 6.6750345, -0.49799395, 6.981492
46456301203000, 6.6846113, -0.47884035, 6.943185
46456321503000, 6.703765, -0.4405331, 6.8665705
46456331235000, 6.742072, -0.40222588, 6.9144545
46456342059000, 6.7229185, -0.4213795, 6.943185
46456353970000, 6.7133417, -0.45968673, 6.981492
46456364538000, 6.7229185, -0.50757074, 6.933608
46456374980000, 6.703765, -0.49799395, 6.895301
46456394493000, 6.7324953, -0.50757074, 6.9144545
46456404711000, 6.7133417, -0.46926352, 6.885724
46456415348000, 6.7324953, -0.33518824, 7.28795
46456425128000, 6.885724, -0.41180268, 6.9623384
46456435121000, 6.8761473, -0.58418524, 6.991069
46456445779000, 6.8569937, -0.641646, 7.038953
46456455490000, 6.7133417, -0.59376204, 6.7708025
46456465731000, 7.9583263, -1.8962077, 9.251195
46456475896000, 7.7667904, -0.94810385, 7.1634517
46456485969000, 6.9144545, -0.62249243, 6.6271505
46456496316000, 6.4068837, -0.545878, 6.215348
46456506152000, 6.4260373, -0.12449849, 6.090849
46456516497000, 6.081272, -0.33518824, 6.38773
46456529083000, 6.397307, -0.37349546, 6.8665705
46456548637000, 6.445191, -0.33518824, 7.029376
46456558823000, 6.4547677, -0.39264908, 6.9623384
46456568668000, 6.4643445, -0.40222588, 7.0581064
46456579066000, 6.6750345, -0.45010993, 7.1251445
46456588788000, 6.83784, -0.49799395, 7.2304893
46456608976000, 6.7133417, -0.46926352, 7.086837
46456619156000, 6.6175733, -0.41180268, 7.067683
46456639242000, 6.540959, -0.4213795, 7.019799
46456649382000, 6.5601125, -0.4309563, 7.0102224
46456679710000, 6.646304, -0.45968673, 7.038953
46456699899000, 6.694188, -0.4213795, 7.029376
46456709970000, 6.6654577, -0.4405331, 7.0006456
46456730584000, 6.6079965, -0.4213795, 6.895301
46456751279000, 6.6367273, -0.4405331, 6.9048777
46456781256000, 6.7229185, -0.47884035, 6.885724
46456801475000, 6.8186865, -0.40222588, 6.895301
46456812021000, 6.83784, -0.39264908, 6.933608
46456832821000, 6.9527617, -0.45010993, 6.933608
46456842994000, 6.991069, -0.47884035, 6.9240313
46456852956000, 7.029376, -0.5554548, 6.83784
46456863423000, 6.933608, -0.545878, 6.7133417
46456873350000, 6.895301, -0.45968673, 6.703765
46456883340000, 6.7612257, -0.38307226, 6.799533
46456903768000, 6.694188, -0.39264908, 7.0006456
46456913512000, 6.7324953, -0.41180268, 6.885724
46456923777000, 6.7229185, -0.4213795, 6.83784
46456933634000, 6.6846113, -0.41180268, 6.943185
46456943664000, 6.742072, -0.4405331, 7.0006456
46456953605000, 6.7612257, -0.49799395, 7.029376
46456964101000, 6.694188, -0.34476504, 7.067683
46456973792000, 6.655881, -0.37349546, 6.9240313
46456984053000, 6.6750345, -0.40222588, 6.9144545
46457004140000, 6.646304, -0.25857377, 6.895301
46457014300000, 6.588843, -0.2777274, 6.8761473
46457024358000, 6.579266, -0.37349546, 6.943185
46457044692000, 6.5218053, -0.40222588, 6.9240313
46457064699000, 6.540959, -0.45968673, 7.019799
46457074895000, 6.5696893, -0.39264908, 7.0581064
46457084899000, 6.5984197, -0.4213795, 7.067683
46457095293000, 6.5218053, -0.34476504, 6.933608
46457105326000, 6.6079965, -0.40222588, 7.038953
46457116190000, 6.6654577, -0.45010993, 7.067683
46457125967000, 6.646304, -0.49799395, 7.0485296
46457135796000, 6.6079965, -0.41180268, 6.9623384
46457146437000, 6.5601125, -0.37349546, 6.991069
46457155986000, 6.6271505, -0.2777274, 6.943185
46457166356000, 6.6750345, -0.20111294, 6.9719152
46457176599000, 6.703765, -0.24899697, 6.981492
46457197778000, 6.7803793, -0.37349546, 7.0102224
46457207856000, 6.7612257, -0.33518824, 7.0964136
46457217848000, 6.6846113, -0.39264908, 6.8569937
46457228014000, 6.646304, -0.29688102, 6.83784
46457238127000, 6.6750345, -0.33518824, 6.789956
46457248245000, 6.703765, -0.23942018, 6.703765
46457258452000, 6.7612257, -0.37349546, 6.8761473
46457268565000, 6.7324953, -0.4309563, 6.9144545
46457279000000, 6.6750345, -0.5746084, 6.991069
46457288551000, 6.694188, -0.63206923, 7.0102224
46457298618000, 6.6750345, -0.5554548, 6.943185
46457318711000, 6.655881, -0.40222588, 6.9527617
46457329251000, 6.6750345, -0.21068975, 6.9623384
46457338759000, 6.7612257, -0.33518824, 7.0006456
46457348942000, 6.799533, -0.50757074, 7.067683
46457358982000, 6.789956, -0.61291564, 7.0102224
46457369075000, 6.799533, -0.6991069, 6.991069
46457379694000, 6.742072, -0.61291564, 6.9240313
46457389257000, 6.703765, -0.5746084, 6.9527617
46457409494000, 6.6750345, -0.5267244, 6.9048777
46457419637000, 6.6367273, -0.4213795, 6.895301
46457429836000, 6.6750345, -0.38307226, 6.9048777
46457440170000, 6.646304, -0.37349546, 6.943185
46457450289000, 6.6367273, -0.32561144, 6.9623384
46457470652000, 6.6175733, -0.37349546, 6.981492
46457480630000, 6.6271505, -0.4213795, 6.9623384
46457490809000, 6.5984197, -0.39264908, 6.9240313
46457501336000, 6.5696893, -0.24899697, 6.8569937
46457511355000, 6.579266, -0.30645782, 6.895301
46457521180000, 6.6367273, -0.31603462, 6.9719152
46457531278000, 6.7133417, -0.35434186, 6.981492
46457541377000, 6.742072, -0.45968673, 7.0485296
46457551478000, 6.799533, -0.50757074, 7.019799
46457562044000, 6.7612257, -0.47884035, 7.038953
46457572663000, 6.6654577, -0.4405331, 6.943185
46457582784000, 6.5984197, -0.45968673, 6.8569937
46457593154000, 6.6846113, -0.41180268, 6.943185
46457603015000, 6.703765, -0.36391866, 6.9623384
46457613752000, 6.7324953, -0.35434186, 6.9527617
46457623349000, 6.655881, -0.39264908, 6.9240313
46457633618000, 6.703765, -0.45968673, 6.943185
46457653559000, 6.7324953, -0.48841715, 6.9527617
46457673470000, 6.7133417, -0.4213795, 6.885724
46457683683000, 6.6846113, -0.4309563, 6.9048777
46457703986000, 6.646304, -0.5363012, 6.895301
46457724122000, 6.655881, -0.49799395, 6.9719152
46457744141000, 6.6654577, -0.4309563, 6.991069
46457754252000, 6.655881, -0.36391866, 6.981492
46457764404000, 6.6846113, -0.4405331, 6.9719152
46457774490000, 6.6367273, -0.38307226, 6.9144545
46457784666000, 6.6750345, -0.36391866, 6.991069
46457794691000, 6.6846113, -0.39264908, 6.9623384
46457814778000, 6.655881, -0.41180268, 6.9527617
46457824891000, 6.6654577, -0.4309563, 6.981492
46457845378000, 6.6079965, -0.41180268, 6.9144545
46457855641000, 6.703765, -0.45010993, 6.933608
46457866336000, 6.7229185, -0.40222588, 6.9623384
46457876242000, 6.6654577, -0.4213795, 6.9719152
46457886299000, 6.655881, -0.40222588, 6.943185
46457907638000, 6.6846113, -0.5746084, 6.9623384
46457917577000, 6.6654577, -0.59376204, 6.9048777
46457937540000, 6.655881, -0.5554548, 6.991069
46457947736000, 6.703765, -0.45010993, 7.2783732
46457968089000, 6.655881, -0.4309563, 6.8665705
46457978346000, 6.646304, -0.33518824, 6.7708025
46457988054000, 6.6367273, -0.22984336, 6.9144545
46457998255000, 6.6750345, -0.19153613, 6.9623384
46458008616000, 6.742072, -0.24899697, 6.943185
46458018500000, 6.7803793, -0.40222588, 6.895301
46458038557000, 6.742072, -0.6703765, 6.847417
46458048969000, 6.7324953, -0.63206923, 6.83784
46458058933000, 6.6750345, -0.545878, 6.7708025
46458068937000, 6.6367273, -0.47884035, 6.7229185
46458079215000, 6.6175733, -0.41180268, 6.789956
46458109238000, 6.5601125, -0.51714754, 6.933608
46458119337000, 6.6271505, -0.545878, 6.981492
46458129874000, 6.6750345, -0.4309563, 7.019799
46458139509000, 6.694188, -0.45968673, 7.029376
46458149672000, 6.7229185, -0.41180268, 7.0006456
46458169861000, 6.742072, -0.2873042, 7.0102224
46458180126000, 6.7229185, -0.30645782, 6.991069
46458200366000, 6.7324953, -0.39264908, 6.9240313
46458210485000, 6.742072, -0.4309563, 6.895301
46458232830000, 6.7133417, -0.48841715, 6.895301
46458242795000, 6.6846113, -0.50757074, 6.9048777
46458262433000, 6.6175733, -0.51714754, 7.019799
46458282892000, 6.655881, -0.4405331, 7.144298
46458294507000, 6.646304, -0.4213795, 6.9240313
46458303518000, 6.6367273, -0.39264908, 6.8761473
46458313754000, 6.6654577, -0.35434186, 6.9144545
46458324066000, 6.694188, -0.36391866, 6.943185
46458345311000, 6.7708025, -0.41180268, 6.847417
46458355844000, 6.742072, -0.47884035, 6.8761473
46458376000000, 6.694188, -0.48841715, 6.895301
46458386138000, 6.6846113, -0.45010993, 6.8665705
46458396710000, 6.6750345, -0.45968673, 6.9048777
46458416627000, 6.588843, -0.4213795, 6.9527617
46458426754000, 6.6079965, -0.46926352, 7.0006456
46458437035000, 6.6175733, -0.45968673, 7.0485296
46458457895000, 6.6654577, -0.39264908, 7.0102224
46458467932000, 6.655881, -0.4309563, 6.943185
46458478069000, 6.751649, -0.41180268, 6.9240313
46458488073000, 6.742072, -0.4405331, 6.9144545
46458498428000, 6.7324953, -0.4213795, 6.943185
46458518149000, 6.7324953, -0.41180268, 6.981492
46458538137000, 6.6367273, -0.45968673, 6.9623384
46458548706000, 6.6654577, -0.49799395, 7.029376
46458558736000, 6.655881, -0.51714754, 7.0102224
46458568449000, 6.6750345, -0.48841715, 6.9623384
46458588827000, 6.646304, -0.45010993, 6.9719152
46458609150000, 6.6750345, -0.4405331, 6.9144545
46458629558000, 6.6654577, -0.40222588, 6.895301
46458639107000, 6.7229185, -0.38307226, 6.9240313
46458669438000, 6.7612257, -0.45010993, 6.943185
46458679819000, 6.7324953, -0.50757074, 6.991069
46458689623000, 6.7229185, -0.46926352, 7.0102224
46458699754000, 6.694188, -0.49799395, 7.019799
46458719954000, 6.655881, -0.45010993, 6.943185
46458730221000, 6.6271505, -0.41180268, 6.9144545
46458750604000, 6.646304, -0.38307226, 6.8665705
46458771428000, 6.655881, -0.4213795, 6.9527617
46458791333000, 6.6367273, -0.50757074, 6.981492
46458801587000, 6.655881, -0.51714754, 7.0006456
46458821775000, 6.6654577, -0.47884035, 6.991069
46458832034000, 6.6079965, -0.45968673, 6.943185
46458842735000, 6.6271505, -0.45010993, 6.9623384
46458852657000, 6.6367273, -0.4309563, 6.943185
46458863360000, 6.646304, -0.4213795, 6.981492
46458873217000, 6.6271505, -0.4405331, 6.9527617
46458893607000, 6.6271505, -0.45968673, 6.933608
46458913998000, 6.6367273, -0.46926352, 7.0006456
46458924266000, 6.6654577, -0.45968673, 6.9623384
46458933867000, 6.646304, -0.4309563, 6.943185
46458943770000, 6.655881, -0.4213795, 6.9623384
46458964036000, 6.6175733, -0.40222588, 6.981492
46458974898000, 6.655881, -0.39264908, 6.943185
46458984292000, 6.6750345, -0.4213795, 6.9240313
46458994372000, 6.6846113, -0.47884035, 6.981492
46459004287000, 6.655881, -0.45010993, 6.933608
46459014656000, 6.6846113, -0.4309563, 6.943185
46459025424000, 6.6367273, -0.4405331, 7.0006456
46459045319000, 6.6654577, -0.4405331, 6.9527617
46459054755000, 6.6367273, -0.49799395, 6.9623384
46459075599000, 6.646304, -0.4309563, 6.981492
46459085151000, 6.6654577, -0.45010993, 6.943185
46459116187000, 6.5984197, -0.4309563, 6.9048777
46459126230000, 6.6175733, -0.45010993, 6.943185
46459136494000, 6.646304, -0.4405331, 6.9527617
46459146811000, 6.655881, -0.4213795, 6.943185
46459156667000, 6.646304, -0.4309563, 6.9527617
46459177852000, 6.6750345, -0.4213795, 6.933608
46459187785000, 6.655881, -0.45968673, 6.9240313
46459197963000, 6.646304, -0.49799395, 6.9527617
46459218151000, 6.703765, -0.48841715, 6.9048777
46459238249000, 6.703765, -0.4309563, 6.9719152
46459258064000, 6.7133417, -0.4309563, 6.933608
46459268594000, 6.6846113, -0.4213795, 6.9527617
46459278182000, 6.6654577, -0.4309563, 6.9623384
46459288105000, 6.6367273, -0.40222588, 6.991069
46459298260000, 6.6750345, -0.4405331, 6.9623384
46459308789000, 6.6654577, -0.45968673, 6.9719152
46459328833000, 6.6750345, -0.45968673, 6.981492
46459338824000, 6.6654577, -0.4405331, 6.9623384
46459348883000, 6.694188, -0.38307226, 7.0581064
46459359172000, 6.6750345, -0.40222588, 7.038953
46459369029000, 6.6654577, -0.4213795, 7.0006456
46459379086000, 6.6367273, -0.45968673, 6.9719152
46459389140000, 6.6654577, -0.47884035, 6.9527617
46459409378000, 6.646304, -0.49799395, 6.9048777
46459429973000, 6.6079965, -0.46926352, 6.9240313
46459439669000, 6.6367273, -0.47884035, 6.885724
46459449804000, 6.6079965, -0.4405331, 6.933608
46459470353000, 6.6654577, -0.41180268, 6.9623384
46459501340000, 6.6271505, -0.4309563, 6.9719152
46459511137000, 6.6175733, -0.45968673, 6.943185
46459541307000, 6.6367273, -0.45010993, 6.9623384
46459551629000, 6.646304, -0.40222588, 6.895301
46459571810000, 6.646304, -0.39264908, 6.9527617
46459592789000, 6.694188, -0.4309563, 6.991069
46459602646000, 6.7133417, -0.41180268, 6.9527617
46459622718000, 6.6846113, -0.45968673, 6.9719152
46459633289000, 6.646304, -0.4309563, 6.9240313
46459643375000, 6.655881, -0.46926352, 6.933608
46459663980000, 6.6654577, -0.41180268, 6.9623384
46459693669000, 6.6367273, -0.4405331, 6.981492
46459714201000, 6.646304, -0.46926352, 6.9240313
46459723613000, 6.6654577, -0.45010993, 6.943185
46459733803000, 6.6367273, -0.46926352, 6.9527617
46459743899000, 6.6654577, -0.51714754, 6.933608
46459764222000, 6.6271505, -0.45968673, 6.9719152
46459774208000, 6.655881, -0.47884035, 6.9527617
46459794364000, 6.6654577, -0.4309563, 6.9623384
46459804410000, 6.655881, -0.48841715, 6.991069
46459814624000, 6.6750345, -0.45968673, 7.019799
