#Acceleration force along the x y z axes (including gravity).
#timestamp(ns),x,y,z(m/s^2)
#Datetime: 15/05/2015 18:18:19
##########################################
#Activity: 12 - BSC - Back-sitting-chair - 10s
#Subject ID: 53
#First Name: sub53
#Last Name: sub53
#Age: 27
#Height(cm): 186
#Weight(kg): 120
#Gender: Male
##########################################

@DATA
3429739179000, -0.7757214, 3.6296098, 0.7182605
3429749274000, -0.38307226, 2.96881, 0.47884035
3429759503000, -0.16280572, 3.1316159, 0.08619126
3429769429000, 0.30645782, 3.1507695, -0.36391866
3429779491000, 0.78529817, 3.4572272, -0.6991069
3429789606000, 1.1204864, 4.280833, -0.92895025
3429799660000, 1.2737153, 5.707777, -1.1875241
3429809671000, 1.3790601, 7.1155677, -1.6184803
3429820175000, 1.6184803, 8.820239, -2.3558946
3429832275000, 2.834735, 15.71554, -2.7102363
3429842831000, 2.4516625, 17.630901, -2.4708161
3429852285000, 1.0726024, 18.588581, -2.6910827
3429862925000, -1.6759412, 19.067423, -0.94810385
3429872988000, -4.510676, 16.021997, 1.8866309
3429883442000, -4.596867, 10.582372, 2.7389667
3429893596000, -2.9496565, 8.446744, 1.292869
3429905256000, -1.0726024, 8.494628, -0.9576807
3429914858000, -0.35434186, 8.6574335, -2.2409728
3429924981000, -0.2777274, 8.724471, -2.6910827
3429936120000, -0.4213795, 8.944737, -2.6144683
3429945618000, -0.6512229, 9.097966, -2.6623523
3429955777000, -0.7469909, 9.3182335, -2.087744
3429965702000, -0.7374141, 9.672575, -1.6663644
3429976210000, -0.5650316, 10.01734, -2.2218192
3429985886000, -0.4309563, 10.141838, -1.8387469
3429996999000, -0.38307226, 10.0269165, -1.5227122
3430006321000, -0.36391866, 9.854534, -1.8674773
3430016670000, -0.30645782, 9.787497, -1.4173675
3430026742000, -0.18195933, 9.816227, -1.0342951
3430036690000, 0.08619126, 10.01734, -0.62249243
3430046865000, 0.47884035, 10.228029, -0.38307226
3430056936000, 0.8714894, 10.400413, -0.1340753
3430067192000, 1.1683705, 10.67814, -0.095768064
3430077300000, 0.82360536, 10.697293, -0.22984336
3430087281000, 0.36391866, 10.649409, -0.5746084
3430099549000, -0.06703765, 10.524911, -0.91937345
3430110387000, -0.38307226, 10.362105, -1.283292
3430120339000, -0.5650316, 10.199299, -1.5705963
3430130572000, -0.58418524, 10.0269165, -1.7046716
3430140535000, -0.46926352, 9.825804, -1.733402
3430150562000, -0.32561144, 9.710882, -1.6280571
3430170554000, -0.1436521, 9.768343, -1.3982137
3430181542000, -0.02873042, 9.835381, -1.3215994
3430191340000, 0.095768064, 9.892841, -1.340753
3430201344000, 0.22984336, 9.940725, -1.3503298
3430211525000, 0.35434186, 10.007763, -1.3120226
3430221733000, 0.51714754, 10.084377, -1.1875241
3430232923000, 0.60333884, 10.180145, -0.91937345
3430242382000, 0.7182605, 10.304645, -0.6703765
3430252955000, 0.79487497, 10.323798, -0.51714754
3430263081000, 0.8714894, 10.25676, -0.47884035
3430272609000, 0.90021986, 10.160992, -0.45968673
3430293428000, 0.8523358, 10.036493, -0.6703765
3430304500000, 0.50757074, 9.911995, -1.0726024
3430313902000, 0.36391866, 9.873688, -1.340753
3430325187000, 0.22984336, 9.892841, -1.6567876
3430335158000, 0.17238252, 9.959879, -1.8195933
3430346257000, 0.21068975, 10.0748005, -1.8387469
3430355655000, 0.23942018, 10.132261, -1.6759412
3430376349000, 0.29688102, 9.921572, -0.8523358
3430385942000, 0.40222588, 9.80665, -0.6703765
3430396067000, 0.5554548, 9.634268, -0.8619126
3430406284000, 0.7374141, 9.576807, -1.2162545
3430416256000, 0.94810385, 9.528923, -1.5705963
3430426410000, 1.0821792, 9.500193, -1.733402
3430437764000, 1.1492168, 9.442732, -1.8195933
3430457578000, 1.0630256, 9.461885, -1.5993267
3430467498000, 0.8619126, 9.414001, -1.1013328
3430477497000, 0.62249243, 9.337387, -0.4405331
3430487561000, 0.37349546, 9.279925, 0.038307227
3430497811000, 0.12449849, 9.442732, 0.47884035
3430507948000, -0.10534488, 9.730036, 0.8619126
3430518190000, -0.24899697, 9.9790325, 1.0247183
3430528441000, -0.39264908, 10.007763, 1.1587936
3430539132000, -0.5363012, 9.892841, 1.2258313
3430550370000, -0.50757074, 9.289502, 0.34476504
3430560680000, -0.38307226, 9.078813, 0.2777274
3430570436000, -0.2777274, 9.021352, 0.5746084
3430590569000, -0.46926352, 8.647857, 0.8331822
3430600537000, -0.6703765, 8.379706, 0.9864111
3430610508000, -0.80445176, 8.063671, 1.2545617
3430620459000, -1.2258313, 7.97748, 1.6184803
3430632144000, -1.8291701, 8.063671, 2.2984335
3430641141000, -2.5187001, 8.37013, 2.6048915
3430651282000, -3.0933087, 8.571242, 2.2505496
3430661260000, -3.3135753, 8.379706, 1.6089035
3430671399000, -3.4955344, 7.881712, 1.5035586
3430681798000, -4.1180267, 7.517793, 2.2122424
3430692785000, -4.6351743, 7.335834, 3.0550013
3430712205000, -5.2289367, 6.799533, 2.4995465
3430722527000, -4.673482, 6.7612257, 2.9400797
3430732719000, -4.1371803, 7.1730285, 4.2999864
3430742881000, -3.9073372, 7.4603324, 4.223372
3430753126000, -3.5817258, 7.201759, 3.5817258
3430763608000, -2.9879637, 6.5696893, 3.6870706
3430773126000, -2.681506, 5.765238, 4.280833
3430783186000, -2.8634653, 5.257667, 4.3766007
3430794177000, -3.1890767, 5.0374002, 4.0222588
3430803618000, -3.466804, 5.1906295, 3.4476504
3430813658000, -3.8019924, 5.4204726, 3.3039982
3430823955000, -3.8881836, 5.9280434, 3.371036
3430834255000, -3.8786068, 6.6367273, 3.7924154
3430844123000, -3.7732618, 7.067683, 4.175488
3430855198000, -3.4093432, 7.029376, 4.0318356
3430864423000, -2.9783869, 6.7612257, 4.5298295
3430874690000, -3.5434184, 5.7269306, 4.807557
3430884634000, -4.1946416, 5.544971, 4.654328
3430904789000, -4.7500963, 5.315128, 4.9895163
3430914970000, -5.085284, 5.267244, 5.2959743
3430926086000, -5.6120086, 5.602432, 4.855441
3430935169000, -5.48751, 6.157887, 4.673482
3430946046000, -5.1140146, 6.5601125, 5.305551
3430955711000, -5.056554, 6.83784, 5.410896
3430965717000, -5.0278234, 6.847417, 5.085284
3430976034000, -4.6830587, 6.703765, 5.00867
3430986115000, -4.501099, 6.5122285, 4.999093
3430996296000, -4.453215, 6.2249246, 4.855441
3431006308000, -4.711789, 5.755661, 4.951209
3431016376000, -5.0374002, 5.363012, 5.104438
3431026755000, -5.0278234, 5.161899, 5.755661
3431037449000, -5.3247046, 4.865018, 6.2249246
3431046666000, -5.7843914, 4.7309427, 6.129156
3431056743000, -6.033388, 4.855441, 6.1770406
3431066971000, -6.301539, 5.00867, 6.3206925
3431077319000, -6.483498, 5.2385135, 6.1195793
3431094746000, -6.215348, 6.205771, 5.9567738
3431104921000, -6.0142345, 6.090849, 5.602432
3431114720000, -5.793968, 5.7269306, 5.813122
3431124740000, -5.7748146, 5.1140146, 6.2728086
3431135082000, -5.889736, 4.6255975, 6.4547677
3431144720000, -6.4164605, 4.4915223, 6.6750345
3431165823000, -7.575254, 4.644751, 6.646304
3431175256000, -7.8912888, 4.759673, 6.83784
3431185222000, -7.6710224, 4.9799395, 6.5984197
3431205607000, -6.83784, 4.999093, 6.7133417
3431215833000, -6.339846, 5.315128, 6.8665705
3431227682000, -6.0142345, 5.2289367, 6.895301
3431237646000, -5.765238, 5.257667, 6.799533
3431246752000, -5.9759274, 5.861006, 6.751649
3431256692000, -6.742072, 6.397307, 6.6654577
3431266769000, -7.1730285, 6.8761473, 7.07726
3431276794000, -6.9048777, 7.067683, 7.3549876
3431287048000, -6.8282633, 6.742072, 7.1730285
3431297000000, -6.751649, 6.0142345, 7.019799
3431307387000, -7.0006456, 4.759673, 6.8186865
3431317503000, -10.218452, 3.2561142, 5.4204726
3431327497000, -11.291056, 3.3135753, 4.8267107
3431337540000, -10.860099, 3.3806129, 5.48751
3431347846000, -9.787497, 2.873042, 6.0142345
3431358167000, -8.513782, 1.532289, 6.694188
3431368568000, -6.9240313, 0.23942018, 7.469909
3431379622000, -5.583278, -1.6950948, 7.5082164
3431390208000, -4.405331, -2.681506, 7.326257
3431399891000, -3.1890767, -3.5434184, 6.646304
3431410493000, -1.2066777, -4.5681367, 5.985504
3431420244000, 0.641646, -5.7748146, 5.4779334
3431432200000, 1.733402, -7.029376, 5.305551
3431441430000, 0.9959879, -7.0964136, 7.28795
3431451587000, -0.32561144, -6.751649, 7.335834
3431461545000, -2.3654714, -6.2249246, 8.226477
3431471831000, -2.3080103, -6.3781533, 12.344504
3431482546000, 0.45010993, -9.490616, 15.9262295
3431492069000, 1.6376339, -14.5088625, 17.736246
3431501978000, 4.912902, -17.017986, 18.636467
3431514241000, 9.749189, -18.272547, 14.738706
3431523213000, 8.446744, -18.904617, 10.43872
3431533414000, 3.122039, -16.682798, 8.226477
3431544166000, 0.009576807, -4.7979803, 4.55856
3431554734000, 1.9536686, -2.6048915, 4.098873
3431564144000, 2.528277, -1.1971009, 4.2904096
3431575585000, -0.08619126, -0.49799395, 3.7445314
3431584704000, -2.7868507, -0.20111294, 4.3861775
3431594788000, -3.8402996, 0.36391866, 5.592855
3431605182000, -4.654328, 0.31603462, 6.7803793
3431614922000, -5.305551, 0.12449849, 7.8912888
3431625326000, -6.244078, -0.40222588, 8.772355
3431635063000, -6.655881, -1.436521, 8.8777
3431645803000, -5.554548, -3.169923, 7.872135
3431655484000, -3.7828386, -4.6830587, 7.5944076
3431665572000, -3.763685, -5.9567738, 8.781932
3431676477000, -4.807557, -7.8912888, 9.3661175
3431685754000, -3.8019924, -9.797073, 8.121132
3431696180000, -1.3694834, -11.137826, 6.2823853
3431706235000, 1.2354081, -11.923124, 6.0525417
3431716366000, 2.930503, -11.60709, 7.144298
3431727548000, 4.0701427, -10.390836, 9.375694
3431737391000, 4.7022123, -8.762778, 11.291056
3431746650000, 5.2385135, -6.579266, 11.884817
3431756723000, 5.6120086, -4.2904096, 10.821792
3431766851000, 5.8322754, -2.4899697, 9.136273
3431777373000, 5.3821654, -1.934515, 8.360553
3431787889000, 4.759673, -2.030283, 7.2113357
3431797574000, 4.1659107, -2.480393, 5.592855
3431807670000, 3.3327289, -3.2465374, 3.7349546
3431817722000, 2.4037786, -4.2904096, 1.9153614
3431827680000, 1.4460979, -5.48751, 0.7661445
3431838188000, 0.50757074, -6.6846113, 0.39264908
3431847900000, -0.19153613, -7.5082164, 0.50757074
3431858124000, -0.7757214, -8.054094, 0.79487497
3431867899000, -1.541866, -8.532935, 0.6895301
3431877994000, -2.5761611, -9.11712, 0.23942018
3431889373000, -4.2904096, -9.634268, -0.90979666
3431898422000, -4.1371803, -9.959879, -1.1587936
3431909286000, -2.6623523, -10.783484, -0.7374141
3431919128000, -1.0821792, -11.932701, -0.22026655
3431929138000, -0.25857377, -12.823344, -0.61291564
3431939129000, -0.20111294, -13.455414, -1.2545617
3431949196000, -0.7661445, -13.876793, -1.043872
3431959470000, -1.4748282, -13.9151, -0.19153613
3431969492000, -2.0111294, -13.40753, 0.9576807
3431979499000, -2.2697031, -12.516887, 1.5227122
3431990163000, -2.2026656, -11.473015, 1.3790601
3432000346000, -1.7429788, -10.572795, 0.9768343
3432010576000, -0.94810385, -9.883265, 0.6512229
3432020698000, -0.19153613, -9.5385, 0.30645782
3432032408000, 0.35434186, -9.423578, -0.20111294
3432041486000, 0.7469909, -9.3182335, -0.9864111
3432052034000, 1.13964, -9.193734, -1.7238252
3432061730000, 1.541866, -8.954314, -2.0590134
3432071675000, 1.8387469, -8.686164, -2.030283
3432081795000, 2.0973208, -8.42759, -1.8195933
3432092214000, 2.135628, -8.322245, -1.685518
3432102158000, 2.0590134, -8.331821, -1.6567876
3432124159000, 1.7046716, -8.532935, -1.6184803
3432133591000, 1.484405, -8.628703, -1.4748282
3432143527000, 1.3215994, -8.848969, -1.292869
3432154135000, 1.1492168, -9.174581, -1.2737153
3432164164000, 0.8810662, -9.787497, -1.4652514
3432174186000, 0.22026655, -9.892841, -1.484405
3432184347000, -0.06703765, -9.921572, -1.5131354
3432194968000, -0.30645782, -9.873688, -1.5801731
3432205234000, -0.45010993, -9.730036, -1.6089035
3432215317000, -0.545878, -9.56723, -1.7142484
3432225873000, -0.5746084, -9.375694, -1.7621324
3432235442000, -0.51714754, -9.222465, -1.7908629
3432245614000, -0.48841715, -9.088389, -1.6950948
3432255798000, -0.45010993, -9.040505, -1.5897499
3432265726000, -0.41180268, -9.097966, -1.5131354
3432276009000, -0.35434186, -9.32781, -1.5897499
3432285963000, -0.19153613, -9.682152, -1.7238252
3432296126000, -0.009576807, -9.950302, -1.8291701
3432306967000, 0.21068975, -10.036493, -1.7046716
3432316486000, 0.41180268, -10.113108, -1.5035586
3432326684000, 0.5650316, -10.170568, -1.292869
3432336710000, 0.47884035, -10.295067, -1.1587936
3432347023000, 0.2681506, -10.419566, -1.0630256
3432356972000, -0.06703765, -10.572795, -0.9959879
3432367221000, -0.46926352, -10.716447, -0.9768343
3432377452000, -0.90021986, -10.783484, -0.90979666
3432387670000, -1.2449849, -10.793061, -0.7469909
3432397681000, -1.5514427, -10.668563, -0.545878
3432408714000, -1.8100165, -10.515334, -0.20111294
3432418471000, -2.0590134, -10.409989, 0.038307227
3432428426000, -2.3463178, -10.208876, 0.1436521
3432449800000, -2.9113493, -9.931149, -0.20111294
3432460263000, -2.8443117, -9.844957, -0.48841715
3432470154000, -2.7485435, -9.77792, -0.63206923
3432480221000, -2.6910827, -9.634268, -0.5650316
3432490135000, -2.633622, -9.576807, -0.31603462
3432501225000, -2.7006595, -9.557653, 0.1436521
3432511288000, -2.7868507, -9.662998, 0.81402856
3432521309000, -2.777274, -9.682152, 1.1779473
3432531600000, -2.633622, -9.691729, 1.1971009
3432541603000, -2.5570073, -9.500193, 0.91937345
3432551768000, -2.633622, -9.021352, 0.641646
3432562428000, -2.8060043, -8.42759, 0.58418524
3432572472000, -2.9975405, -7.8529816, 0.90979666
3432582000000, -3.1890767, -7.479486, 1.5705963
3432592147000, -3.2944214, -7.2592196, 2.4133554
3432602505000, -3.2561142, -7.086837, 3.2561142
3432612604000, -3.371036, -7.0581064, 3.6391866
3432622657000, -3.667917, -7.1634517, 3.6104562
3432633148000, -4.0701427, -7.4028716, 3.5242648
3432642919000, -4.405331, -7.699753, 3.466804
3432652855000, -4.5298295, -7.9583263, 3.4093432
3432663363000, -4.3287168, -8.034941, 3.572149
3432674141000, -3.8594532, -7.833828, 3.667917
3432683914000, -3.323152, -7.5944076, 3.4093432
3432694193000, -2.9592333, -7.3549876, 3.265691
3432704723000, -2.930503, -7.2113357, 3.466804
3432714274000, -3.2273839, -7.1730285, 3.5913026
3432724984000, -3.5913026, -7.153875, 3.8594532
3432734289000, -3.8402996, -6.9623384, 4.405331
3432744219000, -4.0318356, -6.4260373, 4.759673
3432755529000, -5.21936, -5.2863975, 3.6774938
3432774906000, -5.6215854, -5.3438582, 2.6910827
3432784796000, -5.401319, -5.1810527, 3.2944214
3432795274000, -5.21936, -5.0182467, 4.1371803
3432805624000, -5.104438, -4.855441, 4.644751
3432815086000, -5.133168, -4.6160207, 4.654328
3432826125000, -4.9799395, -4.4436383, 4.4915223
3432835907000, -4.462792, -4.309563, 4.31914
3432846348000, -3.5817258, -3.9935284, 4.3287168
3432856420000, -3.0071173, -3.763685, 4.0414124
3432866572000, -3.2752678, -3.4763808, 4.146757
3432876748000, -4.414908, -3.2848446, 4.4244847
3432887678000, -5.985504, -3.1507695, 4.213795
3432896875000, -7.3549876, -3.3806129, 3.7062242
3432907021000, -7.97748, -3.323152, 3.9839516
3432917597000, -7.833828, -3.3518825, 4.5202527
3432927579000, -7.0102224, -3.4572272, 4.8267107
3432938416000, -6.0238113, -3.4380736, 5.6215854
3432947792000, -5.305551, -3.1890767, 6.0716953
3432957803000, -5.0374002, -2.4708161, 6.751649
3432967999000, -5.00867, -1.1109096, 8.111555
3432977948000, -5.0374002, 1.733402, 9.097966
3432988179000, -5.3247046, 4.7788267, 8.504205
3432998364000, -6.1387334, 8.264784, 7.565677
3433009445000, -7.0485296, 11.60709, 5.659893
3433019254000, -8.063671, 8.169016, 5.2002063
3433029416000, -7.2113357, 0.4213795, 8.944737
3433040963000, -1.0055647, -1.4077905, 14.393941
3433051072000, -1.3599066, 5.00867, 16.338032
3433061431000, -5.4779334, 9.988609, 16.46253
3433071261000, -9.021352, 10.390836, 15.255854
3433081393000, -10.649409, 8.437167, 14.403518
3433091955000, -9.797073, 7.5944076, 12.50731
3433101741000, -8.063671, 7.07726, 10.43872
3433111723000, -6.8569937, 6.2728086, 9.471462
3433121816000, -6.397307, 4.9895163, 9.452309
3433132257000, -6.349423, 3.6487634, 8.686164
3433143210000, -7.07726, 2.873042, 7.3166804
3433152418000, -7.8625584, 2.4516625, 4.9895163
3433162618000, -8.532935, 1.7812861, 3.2848446
3433173183000, -8.858546, 0.94810385, 3.8786068
3433183023000, -8.015787, 0.19153613, 5.7269306
3433193614000, -6.301539, -0.038307227, 7.747637
3433203618000, -4.5872903, -0.009576807, 8.456321
3433213580000, -4.0797195, -0.12449849, 7.5944076
3433224551000, -4.903325, -0.50757074, 6.0238113
3433235085000, -6.4643445, -1.0821792, 4.156334
3433244967000, -7.7093296, -1.3599066, 3.1603463
3433255175000, -8.456321, -1.2737153, 2.9592333
3433265352000, -8.858546, -1.0055647, 3.5434184
3433275386000, -8.829816, -0.6703765, 4.501099
3433285540000, -8.207323, -0.2681506, 5.746084
3433295629000, -7.201759, 0.16280572, 7.067683
3433305578000, -6.2345014, 0.58418524, 8.015787
3433315738000, -5.717354, 0.92895025, 8.312668
3433326050000, -5.841852, 1.1109096, 8.025364
3433335692000, -6.435614, 1.1971009, 7.5848308
3433345862000, -7.73806, 1.1779473, 7.1634517
3433356206000, -7.9966335, 1.1492168, 7.326257
3433366017000, -7.9008656, 1.1300632, 7.824251
3433376699000, -7.575254, 1.13964, 8.255207
3433386333000, -7.153875, 1.0630256, 8.24563
3433396280000, -6.8186865, 0.93852705, 7.9391727
3433406424000, -6.6079965, 0.79487497, 7.489063
3433416555000, -6.4547677, 0.63206923, 6.991069
3433426870000, -6.3589997, 0.5363012, 6.493075
3433436805000, -6.2823853, 0.49799395, 6.435614
3433446848000, -6.2632318, 0.4405331, 6.5601125
3433467979000, -6.244078, 0.5746084, 6.7324953
3433488056000, -6.3206925, 0.6895301, 6.4643445
3433508547000, -6.588843, 0.6703765, 6.5218053
3433519625000, -6.751649, 0.6607997, 6.6271505
3433529867000, -6.8282633, 0.7278373, 6.7708025
3433540148000, -6.9144545, 0.7661445, 6.9240313
3433550112000, -6.8665705, 0.80445176, 7.0102224
3433570590000, -6.789956, 0.8523358, 7.029376
3433580620000, -6.694188, 0.92895025, 7.0485296
3433590606000, -6.531382, 0.9959879, 7.07726
3433600788000, -6.3781533, 1.0247183, 7.2304893
3433611134000, -6.215348, 1.1204864, 7.374141
3433620983000, -6.081272, 1.292869, 7.5082164
3433631424000, -5.765238, 1.484405, 7.6231384
3433641290000, -5.8322754, 1.4556746, 7.565677
3433651336000, -5.889736, 1.436521, 7.5082164
3433661780000, -5.9567738, 1.340753, 7.4603324
3433671917000, -6.042965, 1.2162545, 7.431602
3433682092000, -6.1004257, 1.091756, 7.422025
3433692249000, -6.0716953, 1.0534488, 7.4603324
3433702375000, -5.995081, 1.0151415, 7.5082164
3433712551000, -5.889736, 0.9672575, 7.517793
3433724797000, -5.765238, 0.91937345, 7.479486
3433735250000, -5.6215854, 0.92895025, 7.4603324
3433745911000, -5.5258174, 0.89064306, 7.422025
3433755625000, -5.439626, 0.81402856, 7.3645644
3433765739000, -5.3725886, 0.78529817, 7.335834
3433775602000, -5.353435, 0.7469909, 7.3071036
3433785703000, -5.3342814, 0.7278373, 7.335834
3433795754000, -5.3438582, 0.7182605, 7.383718
3433805902000, -5.353435, 0.7469909, 7.4028716
3433816645000, -5.305551, 0.79487497, 7.441179
3433826458000, -5.315128, 0.842759, 7.4986396
3433836180000, -5.3438582, 0.90021986, 7.469909
3433846336000, -5.439626, 0.91937345, 7.441179
3433856308000, -5.544971, 0.9768343, 7.4603324
3433866519000, -5.6886234, 0.9959879, 7.422025
3433876868000, -5.861006, 0.9864111, 7.4028716
3433886612000, -5.995081, 1.0151415, 7.393295
3433896885000, -6.1100025, 0.9768343, 7.383718
3433906831000, -6.1866174, 0.92895025, 7.4124484
3433918310000, -6.3302693, 0.93852705, 7.383718
3433928429000, -6.349423, 0.9672575, 7.374141
3433939655000, -6.3206925, 0.9864111, 7.3645644
3433949604000, -6.2823853, 0.9576807, 7.345411
3433960083000, -6.2345014, 0.9672575, 7.28795
3433970230000, -6.205771, 0.9576807, 7.249643
3433980297000, -6.196194, 0.9672575, 7.240066
3433990627000, -6.1770406, 0.9959879, 7.2113357
3434001265000, -6.1866174, 0.9864111, 7.201759
3434011110000, -6.2345014, 0.9959879, 7.240066
3434020889000, -6.2728086, 0.9864111, 7.2209125
3434032893000, -6.301539, 0.9959879, 7.2304893
3434052950000, -6.3685765, 1.0247183, 7.249643
3434062944000, -6.4068837, 0.9672575, 7.201759
3434083257000, -6.4739213, 0.92895025, 7.2209125
3434104786000, -6.4164605, 0.9576807, 7.2592196
3434115396000, -6.3781533, 0.93852705, 7.249643
3434125719000, -6.3302693, 0.90979666, 7.240066
3434145640000, -6.205771, 0.91937345, 7.2209125
3434155598000, -6.2249246, 0.89064306, 7.2113357
3434185985000, -6.1100025, 0.90979666, 7.2783732
3434196028000, -6.081272, 0.9576807, 7.2304893
3434206256000, -6.0621185, 0.92895025, 7.2783732
3434236375000, -6.0046577, 0.9672575, 7.2687964
3434246506000, -5.93762, 0.9864111, 7.326257
3434257307000, -5.9280434, 0.9959879, 7.3645644
3434266821000, -5.93762, 0.9672575, 7.345411
3434277180000, -5.9184666, 0.93852705, 7.3549876
3434297402000, -5.8705826, 0.9672575, 7.345411
3434307833000, -5.889736, 0.9768343, 7.383718
3434318424000, -5.8801594, 0.9672575, 7.345411
3434338540000, -5.861006, 1.0055647, 7.383718
3434348659000, -5.8801594, 0.9768343, 7.374141
3434370236000, -5.9184666, 0.9864111, 7.335834
3434380325000, -5.9567738, 1.0342951, 7.3549876
3434390399000, -5.9663506, 1.0151415, 7.335834
3434411142000, -5.995081, 0.93852705, 7.28795
3434421084000, -5.985504, 0.92895025, 7.3166804
3434432030000, -6.0142345, 0.91937345, 7.3645644
3434441060000, -6.0046577, 0.93852705, 7.3549876
3434461542000, -6.0525417, 0.9672575, 7.326257
3434471619000, -6.033388, 0.9768343, 7.374141
3434491961000, -6.1100025, 1.0055647, 7.393295
3434502213000, -6.129156, 0.9768343, 7.3645644
3434522275000, -6.14831, 0.90979666, 7.28795
3434543211000, -6.1195793, 0.93852705, 7.2687964
3434562719000, -6.1387334, 0.92895025, 7.28795
3434583116000, -6.157887, 0.9768343, 7.249643
3434593983000, -6.167464, 0.9672575, 7.2783732
3434614272000, -6.196194, 1.0630256, 7.28795
3434634297000, -6.1770406, 1.1013328, 7.3166804
3434644399000, -6.167464, 1.1204864, 7.3071036
3434654515000, -6.196194, 1.1300632, 7.3166804
3434696380000, -6.1866174, 0.9959879, 7.28795
3434706408000, -6.1387334, 0.94810385, 7.3071036
3434716587000, -6.1100025, 0.91937345, 7.2687964
3434726828000, -6.1387334, 0.89064306, 7.2592196
3434756974000, -6.033388, 0.7374141, 7.2209125
3434767206000, -6.0046577, 0.7469909, 7.2304893
3434787930000, -5.9280434, 0.7374141, 7.201759
3434798119000, -5.9184666, 0.7469909, 7.240066
3434808037000, -5.9280434, 0.7565677, 7.249643
3434828133000, -5.947197, 0.79487497, 7.2783732
3434839941000, -5.9280434, 0.80445176, 7.3071036
3434869503000, -5.90889, 0.9672575, 7.28795
3434880001000, -5.9280434, 1.0247183, 7.3166804
3434890450000, -5.9663506, 1.0534488, 7.345411
3434900642000, -6.0142345, 1.0247183, 7.374141
3434921766000, -6.090849, 1.0342951, 7.3645644
3434941150000, -6.0716953, 1.0726024, 7.28795
3434951241000, -6.1004257, 1.043872, 7.3071036
3434961535000, -6.1195793, 1.0342951, 7.326257
3434981592000, -6.157887, 1.0630256, 7.393295
3434991826000, -6.205771, 1.0821792, 7.383718
3435001645000, -6.253655, 1.091756, 7.297527
3435032644000, -6.397307, 1.0055647, 7.240066
3435042646000, -6.4068837, 0.93852705, 7.2304893
3435052601000, -6.4260373, 0.89064306, 7.201759
3435063410000, -6.3781533, 0.80445176, 7.192182
3435093671000, -6.196194, 0.7661445, 7.153875
3435113189000, -6.157887, 0.82360536, 7.1730285
3435123355000, -6.1004257, 0.79487497, 7.201759
3435133462000, -6.1100025, 0.8523358, 7.2304893
3435153579000, -6.081272, 0.94810385, 7.240066
3435164157000, -6.1195793, 1.0055647, 7.2304893
3435174135000, -6.1100025, 1.0247183, 7.240066
3435184125000, -6.090849, 1.043872, 7.2592196
3435205095000, -6.0525417, 1.0055647, 7.297527
3435214383000, -6.0142345, 0.9672575, 7.3166804
3435234598000, -5.947197, 0.9959879, 7.3549876
3435245158000, -5.899313, 1.0055647, 7.3166804
3435255811000, -5.861006, 1.0342951, 7.3549876
3435264915000, -5.841852, 1.0630256, 7.374141
3435275429000, -5.8322754, 1.0726024, 7.3645644
3435285135000, -5.851429, 1.1204864, 7.3549876
3435305080000, -5.889736, 1.0726024, 7.3071036
3435325353000, -5.9759274, 1.043872, 7.3166804
3435335407000, -5.985504, 1.0342951, 7.326257
3435345369000, -6.0525417, 1.0534488, 7.422025
3435355396000, -6.1100025, 1.0151415, 7.374141
3435365516000, -6.205771, 0.9576807, 7.335834
3435375684000, -6.2728086, 0.842759, 7.3071036
3435385687000, -6.167464, 0.6991069, 7.326257
3435396067000, -6.349423, 1.1779473, 7.2783732
3435406134000, -6.1004257, -0.20111294, 7.3645644
3435416209000, -6.042965, 0.1340753, 6.933608
3435436360000, -6.157887, 1.0630256, 7.0485296
3435456526000, -6.4547677, 0.9864111, 7.297527
3435466664000, -6.531382, 0.47884035, 7.4507556
3435476875000, -6.4260373, 0.6512229, 7.441179
3435486806000, -6.339846, 0.9864111, 7.2687964
3435496907000, -6.167464, 0.81402856, 7.1251445
3435507169000, -6.090849, 0.9864111, 6.9719152
3435517184000, -6.1387334, 0.91937345, 7.0964136
3435527416000, -6.0621185, 0.8523358, 7.2209125
3435537610000, -6.1004257, 0.81402856, 7.297527
3435547365000, -6.129156, 0.8523358, 7.345411
3435557950000, -6.1100025, 1.0247183, 7.393295
3435567798000, -6.129156, 0.9959879, 7.335834
3435588740000, -6.1100025, 0.9864111, 7.2113357
3435608599000, -5.995081, 1.0055647, 7.2592196
3435618398000, -6.0142345, 1.0151415, 7.326257
3435628432000, -6.0046577, 0.9864111, 7.3645644
3435640127000, -5.985504, 0.79487497, 7.345411
3435650200000, -6.081272, 0.8523358, 7.3549876
3435660294000, -6.157887, 0.8810662, 7.2783732
3435670450000, -6.1387334, 0.91937345, 7.201759
3435690640000, -6.167464, 0.8523358, 7.2687964
3435711214000, -6.1004257, 0.9672575, 7.297527
3435731073000, -5.985504, 0.9576807, 7.2592196
3435741374000, -5.947197, 0.90979666, 7.2304893
3435751294000, -5.93762, 0.89064306, 7.201759
3435761587000, -5.985504, 0.842759, 7.2304893
3435772081000, -6.033388, 0.8810662, 7.2113357
3435791904000, -6.196194, 0.92895025, 7.2209125
3435811805000, -6.2823853, 0.94810385, 7.2304893
3435832663000, -6.2345014, 0.9768343, 7.28795
3435852596000, -6.1866174, 0.9768343, 7.335834
3435862880000, -6.196194, 0.93852705, 7.28795
3435872536000, -6.1770406, 0.8523358, 7.3071036
3435882560000, -6.1866174, 0.7757214, 7.28795
3435892843000, -6.157887, 0.545878, 7.2592196
3435902787000, -6.1387334, 0.7086837, 7.1634517
3435913899000, -6.1004257, 0.7182605, 7.1826053
3435923316000, -6.090849, 0.7757214, 7.153875
3435933493000, -6.1195793, 0.8331822, 7.192182
3435953399000, -6.1195793, 1.1300632, 7.1347213
3435964583000, -6.157887, 1.1109096, 7.153875
3435974756000, -6.196194, 1.0534488, 7.1826053
3435984571000, -6.2345014, 1.0630256, 7.249643
3435995138000, -6.090849, 1.2354081, 7.4603324
3436005773000, -6.0238113, 1.3503298, 7.536947
3436015639000, -6.090849, 1.3694834, 7.4603324
3436025934000, -6.1195793, 1.292869, 7.3549876
3436035469000, -6.081272, 1.0630256, 7.201759
3436045641000, -6.0238113, 0.90979666, 7.1059904
3436055822000, -6.0142345, 0.8810662, 7.1155677
3436065501000, -5.995081, 0.80445176, 7.2687964
3436075957000, -6.081272, 0.90021986, 7.4028716
3436085903000, -6.196194, 1.2258313, 7.4986396
3436096707000, -6.205771, 1.091756, 7.441179
3436105961000, -6.215348, 0.9768343, 7.3549876
3436117783000, -6.14831, 0.89064306, 7.28795
3436128139000, -6.033388, 0.7469909, 7.1730285
3436139154000, -5.947197, 0.7374141, 7.192182
3436158731000, -6.0238113, 0.80445176, 7.192182
3436168405000, -6.081272, 0.8714894, 7.2592196
3436178515000, -6.167464, 0.89064306, 7.297527
3436189156000, -6.244078, 0.9768343, 7.3071036
3436199132000, -6.2249246, 0.8619126, 7.28795
3436209746000, -6.1387334, 0.7469909, 7.3071036
3436219349000, -6.1004257, 0.7661445, 7.297527
3436240305000, -6.1004257, 0.89064306, 7.1826053
3436250513000, -6.1195793, 0.9768343, 7.2113357
3436260855000, -6.090849, 1.043872, 7.297527
3436271405000, -6.081272, 1.0630256, 7.3166804
3436280750000, -6.1100025, 1.0726024, 7.28795
3436290836000, -6.167464, 1.0534488, 7.297527
3436311383000, -6.205771, 1.043872, 7.2783732
3436341451000, -6.2345014, 1.0630256, 7.3549876
3436372236000, -6.253655, 1.043872, 7.2687964
3436381842000, -6.2728086, 1.0247183, 7.2592196
3436392292000, -6.244078, 0.9576807, 7.249643
3436402010000, -6.215348, 0.94810385, 7.2209125
3436412136000, -6.1866174, 0.90021986, 7.1826053
3436422748000, -6.1387334, 0.8714894, 7.2209125
3436442775000, -6.081272, 0.92895025, 7.201759
3436453163000, -6.1100025, 0.93852705, 7.2113357
3436463595000, -6.081272, 0.94810385, 7.192182
3436473560000, -6.1004257, 0.93852705, 7.201759
3436494700000, -6.1100025, 0.92895025, 7.2687964
3436514499000, -6.042965, 0.90979666, 7.326257
3436525535000, -6.033388, 0.9672575, 7.335834
3436545626000, -6.0525417, 1.0055647, 7.297527
3436555454000, -6.0621185, 0.9959879, 7.2209125
3436565773000, -6.1195793, 0.91937345, 7.2687964
3436575767000, -6.129156, 0.90979666, 7.2592196
3436585529000, -6.1866174, 0.91937345, 7.240066
3436595691000, -6.196194, 0.8714894, 7.2304893
3436615781000, -6.1100025, 0.82360536, 7.2209125
3436636040000, -6.0525417, 0.6895301, 7.201759
3436646344000, -6.0142345, 0.6799533, 7.1730285
3436656295000, -6.033388, 0.7182605, 7.2113357
3436666273000, -6.0142345, 0.78529817, 7.201759
3436676380000, -6.033388, 0.89064306, 7.2304893
3436686507000, -6.081272, 0.9959879, 7.2687964
3436696612000, -6.0716953, 1.0534488, 7.2783732
3436716979000, -6.1387334, 1.2066777, 7.3166804
3436727290000, -6.1770406, 1.2162545, 7.3549876
3436747299000, -6.1770406, 1.1779473, 7.335834
3436757990000, -6.215348, 1.1109096, 7.326257
3436768613000, -6.205771, 1.0726024, 7.2783732
3436778649000, -6.244078, 1.0342951, 7.2687964
3436788907000, -6.2823853, 1.0151415, 7.2304893
3436800246000, -6.2632318, 0.9672575, 7.192182
3436809965000, -6.253655, 0.94810385, 7.201759
3436830080000, -6.1866174, 0.9768343, 7.2113357
3436849524000, -6.167464, 0.9864111, 7.1730285
3436859607000, -6.129156, 0.9959879, 7.1826053
3436869616000, -6.1195793, 1.0151415, 7.2209125
3436879709000, -6.14831, 0.9768343, 7.201759
3436899840000, -6.2249246, 0.91937345, 7.2304893
3436909996000, -6.301539, 0.93852705, 7.249643
3436920863000, -6.3206925, 0.91937345, 7.192182
3436930702000, -6.301539, 0.90979666, 7.240066
3436950955000, -6.2249246, 0.89064306, 7.249643
3436971284000, -6.129156, 0.93852705, 7.240066
3436981309000, -6.0525417, 0.92895025, 7.2304893
3437001543000, -6.1004257, 0.89064306, 7.249643
3437011641000, -6.081272, 0.93852705, 7.3071036
3437032407000, -6.081272, 0.94810385, 7.240066
3437041722000, -6.0716953, 0.91937345, 7.2687964
3437061971000, -6.0525417, 0.90979666, 7.2209125
3437082374000, -6.0238113, 0.94810385, 7.2687964
3437092465000, -6.0525417, 0.9768343, 7.2783732
3437102608000, -6.0621185, 0.9576807, 7.3071036
3437122715000, -6.0716953, 0.94810385, 7.2783732
3437142956000, -6.0525417, 0.9576807, 7.249643
3437152971000, -6.0238113, 0.9672575, 7.2592196
3437183331000, -6.0238113, 1.0247183, 7.2783732
3437194010000, -6.0525417, 1.0055647, 7.2592196
3437204661000, -6.1100025, 0.94810385, 7.240066
3437214820000, -6.1195793, 0.9672575, 7.249643
3437224644000, -6.14831, 0.9864111, 7.2592196
3437234707000, -6.1770406, 1.0151415, 7.240066
3437245156000, -6.157887, 0.94810385, 7.249643
3437265248000, -6.1100025, 0.9672575, 7.240066
3437275225000, -6.14831, 0.92895025, 7.2304893
3437295586000, -6.129156, 0.90021986, 7.2592196
3437315702000, -6.215348, 0.89064306, 7.2209125
3437325661000, -6.167464, 0.90021986, 7.2113357
3437335483000, -6.1387334, 0.8810662, 7.240066
3437345292000, -6.14831, 0.90979666, 7.2113357
3437355520000, -6.1387334, 0.91937345, 7.2209125
3437365459000, -6.090849, 0.92895025, 7.2113357
3437375674000, -6.081272, 0.9768343, 7.249643
3437395824000, -6.1387334, 1.0151415, 7.28795
3437405961000, -6.157887, 1.0055647, 7.2687964
3437426187000, -6.205771, 1.0821792, 7.2304893
3437436301000, -6.167464, 1.0342951, 7.2113357
3437456520000, -6.157887, 0.8523358, 7.2304893
3437466820000, -6.129156, 0.842759, 7.1826053
3437476906000, -6.1004257, 0.8619126, 7.192182
3437486809000, -6.081272, 0.89064306, 7.2304893
3437497146000, -6.0525417, 0.91937345, 7.2783732
3437507382000, -6.0716953, 0.9768343, 7.2687964
3437517338000, -6.0621185, 0.9959879, 7.2592196
3437537698000, -6.129156, 1.0247183, 7.2304893
3437547616000, -6.1770406, 0.9864111, 7.249643
3437557697000, -6.1866174, 1.0055647, 7.2209125
3437567764000, -6.1770406, 0.9864111, 7.2687964
3437578033000, -6.167464, 0.9672575, 7.2783732
3437598276000, -6.1100025, 0.91937345, 7.3071036
3437608545000, -6.0716953, 0.90979666, 7.3166804
3437618431000, -6.033388, 0.89064306, 7.297527
3437628453000, -6.042965, 0.8714894, 7.2783732
3437649289000, -6.0716953, 0.91937345, 7.201759
3437659395000, -6.090849, 0.9864111, 7.240066
3437689689000, -6.1004257, 1.0534488, 7.2783732
3437699619000, -6.1387334, 1.0247183, 7.28795
3437719855000, -6.205771, 1.0151415, 7.2687964
3437729966000, -6.196194, 0.94810385, 7.240066
3437740135000, -6.157887, 0.9576807, 7.2113357
3437750180000, -6.1195793, 0.91937345, 7.2304893
3437760342000, -6.042965, 0.93852705, 7.2209125
3437780538000, -6.0716953, 0.92895025, 7.201759
3437800726000, -6.1195793, 1.0247183, 7.192182
3437811176000, -6.1004257, 1.0055647, 7.240066
3437821018000, -6.129156, 0.9672575, 7.2687964
3437841028000, -6.157887, 0.9576807, 7.28795
3437851208000, -6.215348, 0.94810385, 7.2687964
3437861489000, -6.196194, 0.9576807, 7.249643
3437871464000, -6.215348, 0.94810385, 7.2304893
3437891483000, -6.157887, 0.91937345, 7.2592196
3437901834000, -6.129156, 0.94810385, 7.2304893
3437921985000, -6.14831, 0.92895025, 7.240066
3437942259000, -6.196194, 0.9672575, 7.249643
3437952293000, -6.215348, 0.9864111, 7.240066
3437962431000, -6.1770406, 0.9959879, 7.2113357
3437972510000, -6.2249246, 1.0630256, 7.2304893
3437982729000, -6.2345014, 1.0534488, 7.1634517
3438002884000, -6.215348, 0.93852705, 7.201759
3438022976000, -6.1770406, 0.8523358, 7.2113357
3438033181000, -6.14831, 0.842759, 7.1730285
3438043203000, -6.1195793, 0.90979666, 7.2113357
3438053524000, -6.0716953, 0.93852705, 7.240066
3438063630000, -6.081272, 0.9672575, 7.2209125
3438074143000, -6.0716953, 0.94810385, 7.2592196
3438094490000, -6.0621185, 0.9672575, 7.2783732
3438104115000, -6.033388, 0.9864111, 7.3166804
3438114257000, -6.0525417, 1.0151415, 7.3071036
3438124360000, -6.0621185, 1.0055647, 7.28795
3438135174000, -6.1004257, 1.0151415, 7.326257
3438156477000, -6.1100025, 0.9864111, 7.3071036
3438186487000, -6.090849, 0.93852705, 7.3166804
3438196702000, -6.1387334, 0.92895025, 7.2592196
3438206843000, -6.167464, 0.9576807, 7.2209125
3438219854000, -6.3206925, 1.0055647, 7.201759
3438233058000, -6.3781533, 1.0247183, 7.1826053
3438245965000, -6.397307, 1.0055647, 7.192182
3438267635000, -6.3206925, 0.9864111, 7.249643
3438277634000, -6.2823853, 0.94810385, 7.201759
3438287216000, -6.2249246, 0.90021986, 7.1730285
3438297312000, -6.167464, 0.8619126, 7.1634517
3438307497000, -6.1100025, 0.8523358, 7.192182
3438319343000, -5.9663506, 0.89064306, 7.1826053
3438329773000, -5.9280434, 0.9768343, 7.2209125
3438349899000, -5.9184666, 1.0342951, 7.2592196
3438373139000, -6.0046577, 1.0630256, 7.326257
3438386611000, -6.0621185, 1.0342951, 7.383718
3438398136000, -6.1100025, 0.94810385, 7.3166804
3438417675000, -6.1387334, 0.9768343, 7.3071036
3438440387000, -6.0716953, 0.93852705, 7.3166804
3438451306000, -6.042965, 0.91937345, 7.28795
3438492027000, -6.090849, 0.9768343, 7.2592196
3438501435000, -6.1004257, 1.043872, 7.2209125
3438511387000, -6.157887, 1.0534488, 7.2113357
3438531383000, -6.244078, 1.0151415, 7.201759
3438541467000, -6.291962, 0.9576807, 7.1826053
3438551591000, -6.3206925, 0.92895025, 7.2209125
3438561882000, -6.339846, 0.93852705, 7.2304893
3438571834000, -6.38773, 0.9576807, 7.240066
3438582184000, -6.3302693, 0.94810385, 7.1826053
3438592254000, -6.2632318, 0.9959879, 7.1634517
3438603041000, -6.205771, 0.9672575, 7.192182
3438622946000, -6.081272, 0.94810385, 7.2113357
3438633065000, -6.0716953, 0.9959879, 7.2209125
3438642930000, -6.0238113, 1.0055647, 7.240066
3438653207000, -6.129156, 0.9576807, 7.297527
3438663432000, -6.167464, 0.9864111, 7.2783732
3438673604000, -6.1387334, 1.0247183, 7.249643
3438683932000, -6.157887, 1.0151415, 7.2687964
3438694934000, -6.1195793, 0.9768343, 7.2592196
3438704889000, -6.090849, 0.91937345, 7.2687964
3438735086000, -6.081272, 0.91937345, 7.297527
3438744590000, -6.0046577, 0.9959879, 7.28795
3438754973000, -5.9663506, 1.0055647, 7.2783732
3438765321000, -5.985504, 1.0151415, 7.2687964
3438775511000, -5.93762, 1.0055647, 7.240066
3438785453000, -5.995081, 1.0247183, 7.2687964
3438805379000, -6.0716953, 0.93852705, 7.240066
3438815629000, -6.167464, 0.90021986, 7.2687964
3438825672000, -6.196194, 0.8714894, 7.240066
3438835658000, -6.205771, 0.90979666, 7.2304893
3438845955000, -6.1770406, 0.9672575, 7.249643
3438855887000, -6.14831, 0.9864111, 7.240066
3438876155000, -6.1195793, 1.0726024, 7.297527
3438896307000, -6.157887, 1.0055647, 7.3166804
3438906279000, -6.1387334, 0.9768343, 7.3071036
3438926770000, -6.14831, 0.94810385, 7.249643
3438936594000, -6.167464, 0.90979666, 7.192182
3438956983000, -6.215348, 0.94810385, 7.1347213
3438977660000, -6.244078, 0.91937345, 7.1826053
3438987912000, -6.2823853, 0.9576807, 7.2113357
3439007993000, -6.2345014, 0.9576807, 7.2113357
3439028491000, -6.167464, 0.94810385, 7.2209125
3439040173000, -6.157887, 0.9864111, 7.249643
3439070382000, -6.1100025, 0.9768343, 7.192182
3439090254000, -6.14831, 0.92895025, 7.2304893
3439111160000, -6.167464, 0.9768343, 7.249643
3439130766000, -6.1004257, 0.94810385, 7.2304893
3439140858000, -6.090849, 0.92895025, 7.2113357
3439161477000, -6.042965, 0.9576807, 7.249643
3439191279000, -6.0716953, 0.94810385, 7.240066
3439201412000, -6.1100025, 0.9768343, 7.2209125
3439211913000, -6.1004257, 0.9672575, 7.2304893
3439221674000, -6.1195793, 0.9959879, 7.2113357
3439232907000, -6.1100025, 0.9864111, 7.201759
3439242212000, -6.1004257, 1.0151415, 7.2304893
3439263006000, -6.1387334, 0.9959879, 7.2113357
3439283291000, -6.196194, 0.94810385, 7.249643
3439293596000, -6.253655, 0.9768343, 7.2304893
3439303664000, -6.244078, 0.91937345, 7.240066
3439314601000, -6.2249246, 0.90021986, 7.2304893
3439324623000, -6.2345014, 0.8619126, 7.2209125
3439345244000, -6.2249246, 0.89064306, 7.201759
3439355212000, -6.157887, 0.90979666, 7.2113357
3439365360000, -6.1770406, 0.92895025, 7.1826053
3439375188000, -6.14831, 0.9576807, 7.2209125
3439385212000, -6.1004257, 0.9864111, 7.2592196
3439405623000, -6.0716953, 0.9959879, 7.201759
3439415675000, -6.1195793, 0.9864111, 7.240066
3439435530000, -6.1004257, 0.9576807, 7.249643
3439445583000, -6.081272, 0.9672575, 7.2304893
3439465788000, -6.0716953, 0.9864111, 7.240066
3439475807000, -6.090849, 0.9959879, 7.2209125
3439485811000, -6.1100025, 0.9576807, 7.201759
3439506051000, -6.0621185, 0.9576807, 7.2592196
3439526328000, -6.081272, 0.9672575, 7.2113357
3439536439000, -6.0621185, 0.9576807, 7.192182
3439546386000, -6.090849, 0.9959879, 7.1826053
3439566573000, -6.1195793, 0.9672575, 7.240066
3439586757000, -6.1387334, 1.0055647, 7.240066
