#Acceleration force along the x y z axes (including gravity).
#timestamp(ns),x,y,z(m/s^2)
#Datetime: 03/04/2015 11:32:32
##########################################
#Activity: 12 - BSC - Back-sitting-chair - 10s
#Subject ID: 43
#First Name: sub43
#Last Name: sub43
#Age: 24
#Height(cm): 179
#Weight(kg): 80
#Gender: Male
##########################################

@DATA
9555005174000, 1.0247183, 9.825804, -0.9672575
9555014989000, 1.0534488, 9.797073, -0.9768343
9555025278000, 1.091756, 9.825804, -0.9672575
9555035201000, 1.0534488, 9.80665, -0.89064306
9555045182000, 1.0247183, 9.816227, -0.8523358
9555055503000, 1.0630256, 9.825804, -0.82360536
9555065512000, 1.0821792, 9.77792, -0.8714894
9555085234000, 1.1204864, 9.80665, -1.0534488
9555095361000, 1.091756, 9.797073, -1.043872
9555115732000, 1.1109096, 9.768343, -0.90979666
9555135943000, 1.0630256, 9.758766, -0.82360536
9555146140000, 1.091756, 9.787497, -0.8714894
9555156982000, 1.0726024, 9.80665, -0.8810662
9555176734000, 1.0821792, 9.825804, -0.8810662
9555187038000, 1.1204864, 9.816227, -0.89064306
9555207333000, 1.0821792, 9.77792, -0.8810662
9555217485000, 1.0534488, 9.768343, -0.90979666
9555228739000, 1.091756, 9.80665, -0.91937345
9555248292000, 1.1300632, 9.816227, -0.91937345
9555258371000, 1.1109096, 9.739613, -0.94810385
9555279863000, 1.0821792, 9.710882, -0.9864111
9555291103000, 1.0630256, 9.672575, -0.9959879
9555310577000, 1.0151415, 9.730036, -0.9576807
9555324212000, 1.043872, 9.739613, -0.9959879
9555334768000, 1.0821792, 9.749189, -1.0055647
9555345837000, 1.1109096, 9.80665, -0.9768343
9555396056000, 1.0247183, 9.797073, -0.7278373
9555407047000, 1.0821792, 9.77792, -1.3120226
9555416700000, 1.0630256, 9.797073, -0.80445176
9555436737000, 1.0630256, 9.758766, -1.2641385
9555447033000, 1.0247183, 9.720459, -1.0726024
9555467057000, 0.9959879, 9.739613, -0.7086837
9555477435000, 1.043872, 9.758766, -0.63206923
9555497477000, 1.1109096, 9.77792, -0.63206923
9555508974000, 1.0630256, 9.768343, -0.6607997
9555519585000, 1.091756, 9.77792, -0.7565677
9555539953000, 1.1300632, 9.797073, -0.8714894
9555549897000, 1.1492168, 9.816227, -0.90979666
9555580234000, 1.0055647, 9.80665, -1.0151415
9555610691000, 1.0151415, 9.758766, -1.1300632
9555630574000, 1.0247183, 9.768343, -1.2066777
9555640587000, 1.043872, 9.77792, -1.2258313
9555650630000, 0.9959879, 9.835381, -1.2737153
9555662196000, 1.0247183, 9.864111, -1.1109096
9555681456000, 1.0342951, 9.921572, -0.9672575
9555701813000, 0.9959879, 9.902418, -0.92895025
9555724668000, 0.91937345, 9.873688, -0.90979666
9555734635000, 0.89064306, 9.854534, -0.8714894
9555755287000, 0.82360536, 9.80665, -0.82360536
9555774594000, 0.7182605, 9.835381, -0.82360536
9555784712000, 0.6512229, 9.873688, -0.8714894
9555795557000, 0.5554548, 9.844957, -0.8810662
9555805859000, 0.5363012, 9.80665, -0.8523358
9555814903000, 0.5650316, 9.77792, -0.8810662
9555825170000, 0.5746084, 9.730036, -0.94810385
9555835124000, 0.58418524, 9.691729, -1.0630256
9555845284000, 0.61291564, 9.720459, -1.1587936
9555856381000, 0.6512229, 9.749189, -1.2162545
9555875861000, 0.7565677, 9.701305, -1.1779473
9555885747000, 0.82360536, 9.720459, -1.1013328
9555896004000, 0.81402856, 9.682152, -1.0247183
9555906065000, 0.842759, 9.787497, -1.0726024
9555917055000, 1.2449849, 10.0269165, -1.0630256
9555936316000, 1.4460979, 10.132261, -1.0151415
9555946429000, 1.4556746, 10.1226845, -0.9864111
9555956524000, 1.1875241, 9.9790325, -1.043872
9555966769000, 1.0630256, 9.892841, -1.1587936
9555976858000, 0.90979666, 9.873688, -1.388637
9555988255000, 0.641646, 9.902418, -1.5227122
9556008241000, 0.06703765, 9.864111, -1.6089035
9556018338000, -0.10534488, 9.758766, -1.6759412
9556028484000, -0.05746084, 9.615114, -1.6950948
9556038517000, 0.31603462, 9.500193, -1.532289
9556048634000, 0.9576807, 9.634268, -1.283292
9556059471000, 1.3982137, 9.739613, -0.92895025
9556068807000, 1.6663644, 9.988609, -0.41180268
9556079521000, 1.8291701, 10.247183, 0.1340753
9556089114000, 1.934515, 10.553641, 0.5554548
9556099064000, 1.9153614, 10.793061, 0.79487497
9556109549000, 1.8004397, 10.91756, 0.5650316
9556129643000, 1.1492168, 10.802638, -0.095768064
9556139608000, 0.842759, 10.572795, -0.23942018
9556149980000, 0.545878, 10.247183, -0.33518824
9556160747000, 0.46926352, 9.921572, -0.5363012
9556170492000, 0.29688102, 9.672575, -0.9864111
9556180969000, 0.009576807, 9.3182335, -1.484405
9556190628000, -0.1340753, 9.050082, -1.5131354
9556200828000, 0.0, 8.676587, -1.1013328
9556210780000, 0.33518824, 8.418014, -0.61291564
9556220818000, 0.6703765, 8.379706, -0.5363012
9556230673000, 0.9959879, 8.628703, -0.59376204
9556241763000, 1.2258313, 8.896853, -0.641646
9556251325000, 1.4652514, 9.088389, -0.82360536
9556261603000, 1.8004397, 9.222465, -1.0726024
9556271299000, 2.2601264, 9.289502, -1.1875241
9556281428000, 2.9017725, 9.241618, -0.25857377
9556291503000, 3.5242648, 9.107543, 0.16280572
9556301621000, 3.5913026, 9.241618, 0.7278373
9556313934000, 3.5625722, 9.385271, 0.9959879
9556322916000, 3.3039982, 9.509769, 1.0342951
9556333491000, 3.2369606, 9.481039, 1.2354081
9556350262000, 3.3039982, 9.299079, 1.4748282
9556363465000, 3.3518825, 8.686164, 0.9768343
9556373527000, 3.3327289, 8.456321, 0.6512229
9556383664000, 3.3997664, 8.341399, 0.82360536
9556394340000, 3.3423057, 8.0924015, 1.6567876
9556405872000, 3.323152, 7.8146744, 1.8770541
9556415186000, 3.1986535, 7.699753, 2.2601264
9556425138000, 3.7062242, 8.169016, 1.5610195
9556435667000, 4.2425256, 8.37013, 1.091756
9556445222000, 4.855441, 8.379706, 0.7565677
9556455654000, 5.631162, 8.1881695, 1.0630256
9556465763000, 6.215348, 8.207323, 1.2354081
9556476347000, 6.445191, 8.446744, 1.6089035
9556486149000, 6.493075, 8.523358, 1.8962077
9556496162000, 6.215348, 8.389283, 2.1260512
9556516955000, 5.171476, 7.967903, 1.9153614
9556526933000, 4.960786, 7.728483, 1.7812861
9556537248000, 5.085284, 7.575254, 1.6089035
9556547280000, 5.353435, 7.4124484, 2.087744
9556557196000, 5.449203, 7.192182, 2.030283
9556568279000, 5.2002063, 7.086837, 2.0207062
9556598750000, 4.7979803, 7.201759, 2.1260512
9556609793000, 4.8362875, 7.374141, 2.0590134
9556619851000, 4.9703627, 7.603985, 2.2122424
9556629915000, 5.315128, 7.929596, 2.4420857
9556639919000, 5.889736, 8.42759, 2.327164
9556650192000, 6.3781533, 8.6095495, 1.8579005
9556660822000, 6.38773, 8.360553, 1.6184803
9556669860000, 5.7365074, 7.8625584, 1.8674773
9556680089000, 5.2863975, 7.4507556, 2.4995465
9556690108000, 5.1523223, 7.374141, 2.432509
9556700326000, 5.1810527, 7.441179, 1.8483237
9556710901000, 5.2002063, 7.565677, 1.733402
9556720972000, 5.1810527, 7.479486, 1.9728222
9556741206000, 5.439626, 7.4507556, 2.5953147
9556751280000, 5.5641246, 7.326257, 2.8538885
9556761691000, 5.650316, 6.981492, 2.8060043
9556771508000, 5.6790466, 6.5601125, 2.72939
9556781631000, 5.7843914, 6.196194, 2.4420857
9556791702000, 5.861006, 6.081272, 2.2409728
9556801833000, 6.0716953, 6.0525417, 2.384625
9556812106000, 6.253655, 6.0716953, 2.4612393
9556823013000, 6.397307, 6.0238113, 2.4995465
9556832206000, 6.588843, 5.841852, 2.4229321
9556842352000, 6.789956, 5.7748146, 2.5091233
9556852523000, 7.0006456, 5.9184666, 2.7868507
9556862725000, 7.0102224, 6.435614, 2.930503
9556872695000, 6.9144545, 6.5026517, 2.9496565
9556882911000, 6.7803793, 6.4547677, 2.681506
9556903965000, 6.483498, 5.803545, 2.882619
9556915844000, 6.6079965, 5.535394, 3.1411927
9556925559000, 6.6846113, 5.3247046, 3.3327289
9556935304000, 6.646304, 5.161899, 2.920926
9556946155000, 6.588843, 5.00867, 2.7102363
9556955654000, 6.6367273, 4.7309427, 2.834735
9556965671000, 6.7324953, 4.462792, 2.9592333
9556975868000, 7.0102224, 4.3382936, 2.96881
9556986429000, 7.393295, 4.2521024, 3.217807
9556996085000, 7.680599, 4.098873, 3.2561142
9557006160000, 7.728483, 3.9743748, 3.3039982
9557016849000, 7.920019, 4.098873, 3.3614593
9557027262000, 8.130709, 4.2521024, 3.3997664
9557037210000, 8.178593, 4.3766007, 3.323152
9557058083000, 8.082825, 4.414908, 3.371036
9557068295000, 8.034941, 4.232949, 3.6870706
9557078220000, 7.9966335, 4.213795, 4.1180267
9557088197000, 7.9487495, 4.4915223, 4.2521024
9557098491000, 8.111555, 4.7788267, 4.232949
9557108588000, 8.389283, 5.104438, 4.0222588
9557118720000, 8.647857, 4.999093, 3.9839516
9557129678000, 8.628703, 4.8267107, 3.6966474
9557139726000, 8.465898, 4.6160207, 3.5242648
9557161183000, 7.785944, 4.596867, 3.7349546
9557170747000, 7.479486, 4.5777135, 3.821146
9557180697000, 7.393295, 4.4915223, 4.1276035
9557191236000, 7.144298, 4.156334, 4.4436383
9557201340000, 7.1347213, 3.9264908, 4.3478703
9557211628000, 7.2783732, 3.964798, 4.223372
9557221450000, 7.335834, 3.8402996, 4.0797195
9557231582000, 7.1347213, 3.5817258, 3.572149
9557241662000, 6.7229185, 3.1124623, 3.0933087
9557252496000, 6.5601125, 2.8443117, 3.1411927
9557261985000, 6.3111157, 2.480393, 3.4380736
9557272047000, 5.48751, 2.1643584, 3.3614593
9557282443000, 5.0182467, 1.934515, 3.6296098
9557292345000, 4.807557, 1.8004397, 3.8019924
9557303490000, 4.453215, 1.6280571, 3.821146
9557315278000, 4.357447, 1.6376339, 3.5529952
9557325992000, 4.55856, 1.9728222, 3.4284968
9557335608000, 4.3766007, 2.3750482, 3.5625722
9557346307000, 3.7732618, 2.8538885, 3.4476504
9557355892000, 3.4572272, 3.7349546, 3.371036
9557365931000, 3.4380736, 3.916914, 3.122039
9557376698000, 3.3518825, 3.4284968, 2.825158
9557386363000, 2.882619, 2.4420857, 2.930503
9557396464000, 2.4133554, 1.2066777, 3.3135753
9557406550000, 2.432509, -0.24899697, 3.715801
9557416882000, 2.4516625, -1.5801731, 3.9552212
9557426893000, 2.6240451, -2.633622, 3.8977604
9557437591000, 2.4133554, -2.8538885, 4.7022123
9557447065000, 2.7964275, -2.6144683, 5.171476
9557457434000, 3.4763808, -2.0207062, 5.104438
9557467361000, 4.5777135, -3.0550013, 3.9456444
9557478244000, 5.765238, -5.497087, 2.72939
9557487733000, 6.7803793, -8.494628, 1.982399
9557497823000, 7.1730285, -9.864111, 2.0590134
9557508524000, 6.6750345, -9.672575, 2.3463178
9557518253000, 5.765238, -9.107543, 2.030283
9557528664000, 5.094861, -9.356541, 1.6376339
9557539468000, 5.315128, -10.160992, 2.0685902
9557548991000, 6.1770406, -10.333375, 2.3175871
9557559359000, 8.7532015, -12.306197, 2.1930888
9557569202000, 10.218452, -15.916653, 1.9919758
9557579894000, 10.371682, -17.72667, 4.606444
9557589850000, 12.191275, -18.626888, 6.1195793
9557600093000, 15.868769, -19.077, 8.082825
9557609884000, 16.711529, -13.091495, 4.912902
9557620093000, 12.401965, -3.6487634, 3.9360676
9557630334000, 10.247183, 0.59376204, 0.9768343
9557640386000, 9.854534, 0.6703765, -1.0726024
9557650674000, 9.959879, -1.8387469, 0.047884032
9557660598000, 9.050082, -3.2561142, 1.4173675
9557670313000, 7.881712, -4.3287168, 2.0111294
9557680728000, 7.3549876, -4.5681367, 0.60333884
9557690656000, 7.489063, -4.4915223, 0.50757074
9557700834000, 8.130709, -4.6830587, 0.5746084
9557710897000, 8.580819, -5.5258174, -0.5554548
9557721011000, 8.801085, -6.6846113, -1.8770541
9557731130000, 8.762778, -7.431602, -2.1164744
9557741290000, 8.848969, -7.52737, -1.5227122
9557751514000, 8.810662, -7.1826053, -1.6089035
9557771556000, 9.232041, -5.717354, -1.0342951
9557781682000, 10.381259, -5.2002063, 0.11492168
9557791765000, 12.373235, -4.606444, 1.1013328
9557801884000, 14.700398, -4.2042184, 0.93852705
9557812233000, 16.40507, -4.6160207, -0.89064306
9557822243000, 16.883911, -6.3111157, -2.2984335
9557833274000, 15.7825775, -8.322245, -1.292869
9557845250000, 13.311762, -9.212888, 1.4269443
9557855762000, 10.28549, -9.050082, 2.9783869
9557865843000, 7.489063, -8.159439, 2.6431987
9557875632000, 5.3438582, -6.5122285, 1.7046716
9557885594000, 4.865018, -4.6160207, 0.4405331
9557896237000, 5.363012, -3.6487634, 0.019153614
9557905792000, 5.8705826, -3.4572272, 0.2681506
9557915981000, 5.7843914, -3.86903, 0.89064306
9557926663000, 4.673482, -5.161899, 1.4556746
9557936481000, 4.185065, -5.8801594, 1.3790601
9557946358000, 3.964798, -6.6367273, 1.1492168
9557957207000, 4.012682, -7.345411, 0.48841715
9557966842000, 4.261679, -7.8625584, -0.12449849
9557976763000, 4.4436383, -8.101978, -0.48841715
9557986735000, 4.3861775, -8.197746, -0.41180268
9557996885000, 4.098873, -8.236053, -0.009576807
9558007344000, 3.7445314, -8.226477, 0.7374141
9558016903000, 3.4955344, -8.312668, 1.388637
9558026959000, 3.4093432, -8.437167, 1.6663644
9558036976000, 3.4476504, -8.829816, 1.436521
9558047201000, 3.5338416, -9.308656, 0.8810662
9558057077000, 3.5051112, -9.624691, 0.39264908
9558067543000, 3.7349546, -9.701305, -0.095768064
9558077473000, 4.060566, -9.11712, -0.5363012
9558087862000, 4.357447, -8.513782, -0.7469909
9558097837000, 4.4436383, -8.111555, -0.7661445
9558109270000, 4.3478703, -7.9487495, -0.5746084
9558118094000, 4.1659107, -7.9966335, -0.23942018
9558128258000, 4.098873, -8.2169, 0.038307227
9558148526000, 4.4244847, -9.050082, -0.24899697
9558159838000, 4.4915223, -9.433155, -0.6703765
9558169656000, 4.548983, -9.615114, -1.13964
9558179747000, 4.5681367, -9.56723, -1.2641385
9558189914000, 4.4819455, -9.069236, -1.1779473
9558199881000, 4.357447, -8.389283, -1.0151415
9558209908000, 4.2425256, -7.881712, -0.7565677
9558219953000, 4.0701427, -7.7189064, -0.47884035
9558230121000, 3.7541082, -7.843405, -0.22026655
9558240139000, 3.4763808, -8.034941, -0.019153614
9558251043000, 3.3518825, -8.322245, 0.16280572
9558260427000, 3.3327289, -8.513782, 0.35434186
9558270396000, 3.3614593, -8.599973, 0.4213795
9558280561000, 3.4284968, -8.628703, 0.32561144
9558290913000, 3.6966474, -8.619126, 0.05746084
9558300798000, 3.8594532, -8.63828, 0.16280572
9558311959000, 3.9552212, -8.734048, 0.22984336
9558322196000, 4.012682, -8.791509, 0.31603462
9558331917000, 4.0797195, -8.714894, 0.45010993
9558341832000, 4.232949, -8.6095495, 0.50757074
9558352029000, 4.4436383, -8.446744, 0.5363012
9558362399000, 4.663905, -8.312668, 0.51714754
9558372350000, 4.7884035, -8.283937, 0.50757074
9558383155000, 4.912902, -8.379706, 0.5267244
9558392992000, 4.999093, -8.39886, 0.6607997
9558403628000, 5.363012, -7.9104424, 0.90979666
9558414617000, 6.0525417, -6.83784, 1.3694834
9558424654000, 6.943185, -5.995081, 1.9536686
9558434631000, 8.264784, -5.554548, 2.4229321
9558445210000, 9.346964, -5.93762, 2.3750482
9558455117000, 9.844957, -6.5505357, 2.0398598
9558465583000, 9.758766, -6.885724, 1.8291701
9558475539000, 9.433155, -6.933608, 1.8004397
9558485680000, 9.136273, -6.6654577, 1.6759412
9558495604000, 8.772355, -6.1387334, 1.5705963
9558506478000, 8.331821, -5.8801594, 1.3694834
9558515759000, 7.8146744, -5.9280434, 1.1300632
9558525972000, 7.1251445, -6.2345014, 0.80445176
9558535968000, 6.5505357, -6.4643445, 0.6512229
9558546236000, 6.435614, -6.7708025, 0.6895301
9558556310000, 6.6271505, -6.703765, 1.1013328
9558566439000, 7.431602, -6.2632318, 1.8483237
9558576556000, 7.479486, -6.196194, 1.9919758
9558596553000, 7.4028716, -6.3781533, 1.3790601
9558607465000, 7.2304893, -6.6654577, 1.1300632
9558617581000, 7.086837, -6.885724, 0.9959879
9558627768000, 7.029376, -6.9623384, 0.9576807
9558637771000, 7.07726, -6.9527617, 1.0151415
9558647813000, 7.1634517, -6.8665705, 1.0726024
9558658040000, 7.201759, -6.655881, 1.1013328
9558669205000, 7.1634517, -6.445191, 1.13964
9558678793000, 6.943185, -6.3685765, 1.283292
9558688467000, 6.847417, -6.2823853, 1.4748282
9558698583000, 6.6846113, -6.3206925, 1.6472107
9558708670000, 6.5696893, -6.38773, 1.7717092
9558719218000, 6.38773, -6.397307, 1.934515
9558729340000, 6.2249246, -6.435614, 2.0015526
9558739311000, 6.167464, -6.4739213, 2.0685902
9558749492000, 6.14831, -6.6750345, 2.1068976
9558759728000, 6.215348, -6.847417, 2.1930888
9558769292000, 6.38773, -6.991069, 2.1739352
9558779822000, 6.579266, -7.0964136, 2.2218192
9558789765000, 6.742072, -7.1634517, 2.27928
9558799739000, 6.9240313, -7.086837, 2.336741
9558809993000, 7.1155677, -7.0102224, 2.2505496
9558819944000, 7.2113357, -6.933608, 2.1164744
9558830810000, 7.192182, -6.8186865, 1.8483237
9558840143000, 7.1347213, -6.751649, 1.532289
9558850265000, 6.9623384, -6.6654577, 1.3215994
9558860328000, 6.7803793, -6.6846113, 1.13964
9558870312000, 6.6079965, -6.8091097, 1.1109096
9558880560000, 6.4164605, -6.981492, 1.0630256
9558890580000, 6.2632318, -7.0964136, 1.1013328
9558901435000, 6.033388, -7.1155677, 1.4077905
9558921165000, 6.1100025, -6.9048777, 1.9728222
9558931291000, 6.2249246, -6.8665705, 2.1260512
9558941471000, 6.339846, -6.8186865, 2.1930888
9558951403000, 6.435614, -6.789956, 2.087744
9558961782000, 6.531382, -6.8091097, 1.9632454
9558971606000, 6.655881, -6.8761473, 1.8004397
9558982213000, 6.6750345, -7.0006456, 1.7046716
9558992235000, 6.694188, -7.019799, 1.7142484
9559012049000, 6.6750345, -7.0006456, 1.685518
9559022625000, 6.7324953, -7.019799, 1.6472107
9559032248000, 6.655881, -6.943185, 1.685518
9559042426000, 6.5505357, -6.9623384, 1.6759412
9559052508000, 6.5026517, -6.9527617, 1.6663644
9559072787000, 6.579266, -7.029376, 1.6567876
9559082911000, 6.5505357, -7.07726, 1.6759412
9559092856000, 6.5026517, -7.0964136, 1.6663644
9559113283000, 6.483498, -6.9719152, 1.5610195
9559134641000, 6.435614, -6.943185, 1.6184803
9559145343000, 6.4643445, -6.9623384, 1.5897499
9559156016000, 6.483498, -7.019799, 1.5610195
9559165621000, 6.5601125, -7.029376, 1.5131354
9559175658000, 6.579266, -7.0581064, 1.4652514
9559185536000, 6.6367273, -7.038953, 1.484405
9559195992000, 6.655881, -7.0006456, 1.5035586
9559205853000, 6.6654577, -7.019799, 1.532289
9559215788000, 6.6271505, -7.038953, 1.541866
9559226641000, 6.588843, -7.019799, 1.5131354
9559236028000, 6.579266, -6.9623384, 1.541866
9559246474000, 6.6175733, -6.9144545, 1.5610195
9559256510000, 6.6079965, -6.885724, 1.6280571
9559296976000, 6.6750345, -6.9048777, 1.7046716
9559307815000, 6.703765, -6.943185, 1.6567876
9559317132000, 6.7133417, -6.9240313, 1.5897499
9559327419000, 6.6846113, -6.9527617, 1.5131354
9559337684000, 6.6367273, -6.943185, 1.484405
9559347811000, 6.646304, -6.9527617, 1.5705963
9559357607000, 6.5984197, -6.9623384, 1.6089035
9559367923000, 6.6079965, -6.885724, 1.6472107
9559377802000, 6.6750345, -6.8665705, 1.7046716
9559388650000, 6.751649, -6.8282633, 1.6663644
9559398020000, 6.7708025, -6.8569937, 1.6472107
9559408098000, 6.7324953, -6.9144545, 1.6567876
9559418213000, 6.703765, -6.943185, 1.6759412
9559428835000, 6.6654577, -6.9719152, 1.5897499
9559438482000, 6.6175733, -7.0006456, 1.5035586
9559459254000, 6.588843, -7.0006456, 1.4652514
9559469329000, 6.5601125, -7.019799, 1.4460979
9559479617000, 6.5696893, -7.0485296, 1.484405
9559489888000, 6.579266, -7.067683, 1.5035586
9559499719000, 6.5696893, -7.0964136, 1.484405
9559509961000, 6.5505357, -7.0485296, 1.4748282
9559519769000, 6.540959, -7.019799, 1.4269443
9559530268000, 6.5218053, -7.0581064, 1.436521
9559550360000, 6.4643445, -7.029376, 1.541866
9559560176000, 6.483498, -6.991069, 1.5993267
9559569904000, 6.5026517, -7.019799, 1.6089035
9559580154000, 6.540959, -6.981492, 1.5897499
9559590191000, 6.5505357, -6.9527617, 1.6089035
9559600558000, 6.6367273, -6.885724, 1.6663644
9559621138000, 6.646304, -6.9527617, 1.7046716
9559631142000, 6.6367273, -6.943185, 1.7142484
9559661023000, 6.531382, -6.9240313, 1.5801731
9559681369000, 6.5601125, -6.9048777, 1.6567876
9559692739000, 6.588843, -6.8761473, 1.6376339
9559702427000, 6.655881, -6.885724, 1.6184803
9559716951000, 6.6367273, -6.895301, 1.6089035
9559727369000, 6.646304, -6.9144545, 1.5801731
9559738390000, 6.6367273, -6.9719152, 1.6472107
9559760965000, 6.588843, -6.9527617, 1.6663644
9559771437000, 6.5601125, -6.981492, 1.6280571
9559781317000, 6.493075, -7.0006456, 1.6184803
9559791274000, 6.5218053, -6.991069, 1.5993267
9559801747000, 6.5601125, -7.0102224, 1.6376339
9559821792000, 6.6079965, -6.981492, 1.6759412
9559831882000, 6.6271505, -6.943185, 1.6472107
9559852359000, 6.655881, -6.9240313, 1.5705963
9559872165000, 6.6271505, -6.895301, 1.532289
9559882268000, 6.5984197, -6.9048777, 1.5035586
9559892453000, 6.6175733, -6.9240313, 1.5705963
9559902416000, 6.6271505, -6.9719152, 1.6089035
9559923353000, 6.5505357, -7.0006456, 1.5897499
9559932761000, 6.4739213, -6.981492, 1.6472107
9559943166000, 6.493075, -6.9527617, 1.685518
9559953595000, 6.5218053, -6.9719152, 1.6759412
9559963693000, 6.5601125, -6.9623384, 1.6663644
9559973772000, 6.579266, -6.9527617, 1.6759412
9559984026000, 6.531382, -6.9719152, 1.685518
9559994075000, 6.5026517, -6.9623384, 1.6759412
9560007150000, 6.531382, -6.981492, 1.6376339
9560015942000, 6.5505357, -6.9719152, 1.6567876
9560026288000, 6.5601125, -6.943185, 1.6950948
9560036054000, 6.579266, -6.9240313, 1.6663644
9560046242000, 6.6079965, -6.9527617, 1.6376339
9560077114000, 6.5984197, -6.9240313, 1.5801731
9560087011000, 6.579266, -6.9144545, 1.5897499
9560097174000, 6.588843, -6.9048777, 1.6280571
9560107710000, 6.579266, -6.9240313, 1.6376339
9560117453000, 6.588843, -6.9623384, 1.6280571
9560138122000, 6.5984197, -6.943185, 1.6280571
9560148126000, 6.6175733, -6.9048777, 1.6089035
9560158408000, 6.6079965, -6.933608, 1.5993267
9560179034000, 6.6367273, -6.943185, 1.5993267
9560189679000, 6.6271505, -6.933608, 1.5610195
9560219799000, 6.6079965, -6.9240313, 1.5610195
9560230208000, 6.588843, -6.933608, 1.5801731
9560240186000, 6.579266, -6.9527617, 1.5705963
9560260529000, 6.5026517, -7.019799, 1.5897499
9560270594000, 6.531382, -7.0102224, 1.5514427
9560290656000, 6.588843, -7.019799, 1.5610195
9560300778000, 6.646304, -7.0102224, 1.5705963
9560310824000, 6.6367273, -7.019799, 1.5801731
9560321753000, 6.6654577, -6.991069, 1.5897499
9560331852000, 6.6271505, -6.981492, 1.5705963
9560341959000, 6.5984197, -6.9719152, 1.5610195
9560362658000, 6.5601125, -6.981492, 1.5705963
9560382912000, 6.531382, -6.991069, 1.5897499
9560393027000, 6.5601125, -6.9719152, 1.6472107
9560403211000, 6.579266, -6.9623384, 1.6089035
9560435262000, 6.579266, -7.0006456, 1.5993267
9560445974000, 6.5696893, -7.019799, 1.5801731
9560475314000, 6.5984197, -7.0102224, 1.5514427
9560485497000, 6.6271505, -6.981492, 1.5610195
9560496019000, 6.5984197, -6.9623384, 1.5705963
9560515774000, 6.5984197, -6.9719152, 1.541866
9560525940000, 6.579266, -7.0006456, 1.5610195
9560536029000, 6.5984197, -6.991069, 1.5897499
9560566290000, 6.5984197, -6.9623384, 1.5131354
9560576623000, 6.579266, -6.991069, 1.4939818
9560596806000, 6.5696893, -7.0102224, 1.4939818
9560606690000, 6.6079965, -7.019799, 1.532289
9560616752000, 6.655881, -6.991069, 1.5514427
9560637658000, 6.6367273, -6.981492, 1.5897499
9560647191000, 6.5984197, -6.943185, 1.6089035
9560658016000, 6.579266, -6.9527617, 1.5610195
9560667435000, 6.588843, -6.9719152, 1.5897499
9560677787000, 6.5601125, -6.991069, 1.6089035
9560697612000, 6.5696893, -6.9527617, 1.5610195
9560707828000, 6.5984197, -6.9623384, 1.5705963
9560727885000, 6.5984197, -6.991069, 1.5897499
9560738413000, 6.6079965, -6.9527617, 1.6184803
9560768917000, 6.588843, -6.981492, 1.5514427
9560779945000, 6.6271505, -6.9719152, 1.5801731
9560789916000, 6.6175733, -6.991069, 1.6184803
9560810271000, 6.579266, -6.9527617, 1.6280571
9560820324000, 6.5696893, -6.933608, 1.6472107
9560840155000, 6.5601125, -7.0006456, 1.6280571
9560860145000, 6.5505357, -7.019799, 1.6184803
9560870244000, 6.531382, -6.981492, 1.5801731
9560910844000, 6.5218053, -6.981492, 1.5801731
9560921970000, 6.5122285, -7.0102224, 1.5897499
9560932269000, 6.5505357, -7.0485296, 1.6184803
9560943513000, 6.5696893, -7.0006456, 1.5897499
9560953360000, 6.6079965, -6.9623384, 1.5705963
9560965163000, 6.6271505, -6.943185, 1.5801731
9560975183000, 6.6367273, -6.933608, 1.5897499
9560995545000, 6.655881, -6.9144545, 1.5705963
9561015502000, 6.579266, -6.933608, 1.5610195
9561026175000, 6.588843, -6.9527617, 1.6184803
9561035650000, 6.5984197, -6.9623384, 1.6376339
9561056008000, 6.6079965, -6.9527617, 1.6280571
9561066118000, 6.6175733, -6.981492, 1.6089035
9561086119000, 6.5984197, -6.943185, 1.5993267
9561126778000, 6.6271505, -6.943185, 1.5705963
9561137184000, 6.588843, -6.981492, 1.6184803
9561157334000, 6.579266, -6.9719152, 1.6759412
9561167500000, 6.5696893, -6.933608, 1.6663644
9561187688000, 6.579266, -6.943185, 1.6184803
9561208157000, 6.579266, -6.9048777, 1.6472107
9561239779000, 6.6079965, -6.9048777, 1.6089035
9561249910000, 6.579266, -6.9527617, 1.6280571
9561260186000, 6.5984197, -6.9719152, 1.5897499
9561290267000, 6.6175733, -6.991069, 1.6089035
9561310578000, 6.588843, -7.0006456, 1.5897499
9561321491000, 6.5696893, -6.991069, 1.5610195
9561340806000, 6.5601125, -7.0581064, 1.541866
9561361066000, 6.579266, -7.0102224, 1.5801731
9561371131000, 6.588843, -6.991069, 1.5993267
9561381171000, 6.6175733, -6.981492, 1.5705963
9561401356000, 6.6079965, -7.0006456, 1.5801731
9561411429000, 6.6271505, -6.981492, 1.5705963
9561421531000, 6.5984197, -6.9527617, 1.5897499
9561442200000, 6.6271505, -6.9527617, 1.6089035
9561462574000, 6.6079965, -6.9623384, 1.5801731
9561483088000, 6.588843, -6.943185, 1.5514427
9561492518000, 6.579266, -6.9527617, 1.5610195
9561512825000, 6.5505357, -6.981492, 1.6376339
9561532870000, 6.579266, -6.9623384, 1.6663644
9561553162000, 6.5601125, -6.9623384, 1.6280571
9561584249000, 6.5601125, -6.991069, 1.5705963
9561594297000, 6.579266, -6.943185, 1.5801731
9561616800000, 6.6175733, -7.0006456, 1.5897499
9561646303000, 6.5696893, -6.981492, 1.6089035
9561666465000, 6.531382, -7.0006456, 1.5801731
9561678031000, 6.5122285, -6.9623384, 1.6089035
9561700193000, 6.579266, -6.9048777, 1.5897499
9561710306000, 6.588843, -6.895301, 1.5801731
9561720533000, 6.5984197, -6.9527617, 1.5993267
9561740982000, 6.6271505, -6.9719152, 1.6376339
9561761390000, 6.6367273, -7.0006456, 1.6280571
9561781243000, 6.5984197, -7.0102224, 1.6759412
9561791284000, 6.540959, -6.981492, 1.6376339
9561801896000, 6.531382, -6.9527617, 1.6567876
9561821521000, 6.5122285, -6.9623384, 1.6089035
9561841837000, 6.5026517, -6.9623384, 1.5897499
9561851849000, 6.5505357, -6.9719152, 1.6089035
9561872304000, 6.5696893, -7.019799, 1.5993267
9561882323000, 6.579266, -7.0006456, 1.6280571
9561892631000, 6.588843, -6.991069, 1.6472107
9561902546000, 6.5601125, -6.9623384, 1.6376339
9561922565000, 6.5984197, -6.9623384, 1.6280571
9561932785000, 6.588843, -6.943185, 1.6472107
9561942993000, 6.579266, -6.9527617, 1.5993267
9561952903000, 6.588843, -6.9144545, 1.5897499
9561963510000, 6.655881, -6.9240313, 1.6376339
9561974243000, 6.588843, -6.9527617, 1.5610195
9562013537000, 6.6271505, -6.991069, 1.5897499
9562054881000, 6.6175733, -6.9719152, 1.5610195
9562065088000, 6.6079965, -6.981492, 1.541866
9562085212000, 6.5696893, -6.9623384, 1.5705963
9562105315000, 6.6079965, -6.991069, 1.5801731
9562115804000, 6.579266, -7.0006456, 1.5897499
9562135281000, 6.5505357, -7.0102224, 1.532289
9562155500000, 6.5984197, -6.991069, 1.5705963
9562175911000, 6.6846113, -6.9623384, 1.5514427
9562186043000, 6.6175733, -6.9527617, 1.541866
9562196646000, 6.5601125, -6.981492, 1.532289
9562216293000, 6.5696893, -7.019799, 1.5131354
9562226367000, 6.588843, -7.0102224, 1.5514427
9562236506000, 6.579266, -7.0006456, 1.5705963
9562246958000, 6.5696893, -7.0102224, 1.5610195
9562266896000, 6.5601125, -6.981492, 1.5993267
9562276868000, 6.588843, -6.9623384, 1.5897499
9562287396000, 6.540959, -6.9719152, 1.541866
9562297460000, 6.531382, -7.0102224, 1.5227122
9562307916000, 6.5696893, -7.0006456, 1.4939818
9562318019000, 6.5505357, -6.991069, 1.5227122
9562328637000, 6.540959, -6.9623384, 1.5514427
9562338489000, 6.6079965, -6.9527617, 1.6376339
9562348640000, 6.588843, -6.981492, 1.6472107
9562359684000, 6.5984197, -7.0102224, 1.5993267
9562380308000, 6.6367273, -6.991069, 1.5897499
9562410958000, 6.6367273, -6.9719152, 1.5897499
9562420537000, 6.588843, -6.9623384, 1.6280571
9562431063000, 6.5696893, -6.9240313, 1.6567876
9562450823000, 6.5696893, -6.933608, 1.6472107
9562460992000, 6.5505357, -6.9623384, 1.5993267
9562471012000, 6.5601125, -6.981492, 1.5801731
9562491721000, 6.588843, -6.9623384, 1.5897499
9562501344000, 6.579266, -6.943185, 1.5705963
9562521994000, 6.5984197, -6.9623384, 1.6376339
9562532299000, 6.6271505, -6.9719152, 1.5897499
9562553171000, 6.5984197, -7.029376, 1.532289
9562573147000, 6.5505357, -6.981492, 1.5227122
9562593185000, 6.5601125, -7.0006456, 1.5897499
9562603410000, 6.5505357, -6.981492, 1.6567876
9562614707000, 6.588843, -7.0006456, 1.6376339
9562625254000, 6.579266, -6.981492, 1.6184803
9562646014000, 6.5984197, -6.9719152, 1.6184803
9562665587000, 6.6271505, -6.9623384, 1.5897499
9562685803000, 6.6271505, -6.9527617, 1.5801731
9562695958000, 6.588843, -6.933608, 1.5610195
9562715923000, 6.5696893, -6.9623384, 1.6089035
9562726025000, 6.5505357, -6.981492, 1.6376339
9562746687000, 6.5505357, -7.019799, 1.6280571
9562766315000, 6.531382, -7.038953, 1.5897499
9562796826000, 6.5696893, -7.0006456, 1.6376339
9562847346000, 6.540959, -6.981492, 1.6376339
9562867359000, 6.588843, -6.991069, 1.5897499
9562887629000, 6.5984197, -6.9623384, 1.5705963
9562897707000, 6.6175733, -6.943185, 1.6089035
9562917827000, 6.6271505, -6.9719152, 1.6472107
9562928049000, 6.579266, -6.9623384, 1.5897499
9562948393000, 6.5984197, -6.9719152, 1.5993267
9562988660000, 6.6175733, -6.9719152, 1.6089035
9562999631000, 6.5505357, -6.981492, 1.5993267
9563009681000, 6.579266, -6.9719152, 1.5801731
9563030156000, 6.6079965, -6.991069, 1.6184803
9563040260000, 6.5601125, -6.981492, 1.6376339
9563060303000, 6.5984197, -6.991069, 1.5801731
9563080945000, 6.6079965, -7.0006456, 1.5897499
9563100899000, 6.5696893, -7.019799, 1.5227122
9563130792000, 6.579266, -7.029376, 1.6184803
9563141661000, 6.5984197, -6.981492, 1.5993267
9563151193000, 6.6271505, -6.9527617, 1.5514427
9563161598000, 6.646304, -6.9719152, 1.5227122
9563181374000, 6.5984197, -6.943185, 1.5131354
9563201449000, 6.6079965, -6.981492, 1.6184803
9563211790000, 6.6271505, -7.0102224, 1.5897499
9563233421000, 6.5601125, -6.991069, 1.6280571
9563243069000, 6.5505357, -6.981492, 1.5801731
9563253260000, 6.5601125, -7.0006456, 1.5705963
9563274681000, 6.5505357, -7.0102224, 1.5610195
9563284829000, 6.5696893, -6.991069, 1.6184803
9563295230000, 6.5601125, -6.9623384, 1.5993267
9563305238000, 6.6271505, -6.9719152, 1.6184803
9563325427000, 6.6079965, -7.0102224, 1.5993267
9563335515000, 6.5696893, -7.029376, 1.5610195
9563345762000, 6.5505357, -7.0006456, 1.6089035
9563355547000, 6.5601125, -6.981492, 1.6184803
9563365670000, 6.588843, -6.9623384, 1.6376339
9563385894000, 6.588843, -6.9527617, 1.6663644
9563395751000, 6.5984197, -6.9623384, 1.6567876
9563416246000, 6.5601125, -6.9527617, 1.6472107
9563436432000, 6.5696893, -6.943185, 1.6567876
9563456610000, 6.5601125, -6.981492, 1.6089035
9563487092000, 6.5984197, -6.981492, 1.6280571
9563497320000, 6.588843, -6.9719152, 1.6184803
9563507959000, 6.579266, -7.029376, 1.5897499
9563518174000, 6.5601125, -7.0006456, 1.6376339
9563538495000, 6.5696893, -6.991069, 1.6376339
9563548193000, 6.5505357, -6.9527617, 1.6089035
9563568502000, 6.5696893, -6.991069, 1.6089035
9563578594000, 6.579266, -7.0006456, 1.5897499
9563588655000, 6.5696893, -7.029376, 1.541866
9563599745000, 6.5505357, -6.9527617, 1.6472107
9563609769000, 6.5601125, -7.0102224, 1.6184803
9563629683000, 6.5696893, -6.9719152, 1.6376339
9563649997000, 6.6079965, -6.981492, 1.6472107
9563659761000, 6.5984197, -6.9623384, 1.6184803
9563679717000, 6.6175733, -6.981492, 1.5993267
9563690468000, 6.6079965, -6.9719152, 1.5705963
9563710534000, 6.588843, -6.9527617, 1.541866
9563730816000, 6.5696893, -6.991069, 1.5801731
9563740861000, 6.540959, -6.9719152, 1.5705963
9563750899000, 6.5696893, -7.0006456, 1.5897499
9563760707000, 6.540959, -6.9719152, 1.5993267
9563780814000, 6.531382, -6.991069, 1.6472107
9563801082000, 6.5505357, -6.981492, 1.6567876
9563821055000, 6.5601125, -6.9719152, 1.6184803
9563831182000, 6.5505357, -6.9527617, 1.5897499
9563861742000, 6.5122285, -6.981492, 1.5801731
9563871720000, 6.5601125, -6.9719152, 1.6376339
9563891686000, 6.6079965, -6.9623384, 1.6184803
9563901951000, 6.6367273, -6.981492, 1.5610195
9563922656000, 6.5984197, -6.9719152, 1.5610195
9563932866000, 6.5505357, -6.991069, 1.5801731
9563943148000, 6.5696893, -6.9719152, 1.5897499
9563964778000, 6.579266, -7.019799, 1.5801731
9563974797000, 6.5984197, -7.0102224, 1.5897499
9563984802000, 6.6175733, -6.9719152, 1.5993267
9563995370000, 6.646304, -6.991069, 1.5705963
9564015248000, 6.579266, -6.9527617, 1.5610195
9564025796000, 6.531382, -6.991069, 1.5993267
9564035656000, 6.483498, -7.0006456, 1.6472107
9564055539000, 6.5026517, -7.0102224, 1.6184803
9564076260000, 6.540959, -6.991069, 1.5514427
9564096444000, 6.5696893, -6.9623384, 1.5705963
9564116620000, 6.5696893, -6.981492, 1.5993267
9564126969000, 6.5601125, -6.991069, 1.6089035
9564136833000, 6.5984197, -6.9623384, 1.5801731
9564147357000, 6.588843, -6.9527617, 1.6184803
9564158011000, 6.579266, -6.991069, 1.5897499
9564167493000, 6.5984197, -6.9623384, 1.5993267
9564177620000, 6.6079965, -6.943185, 1.6567876
9564187448000, 6.6367273, -6.9240313, 1.6663644
9564197638000, 6.6271505, -6.943185, 1.6280571
9564207679000, 6.6367273, -6.9623384, 1.6089035
9564228179000, 6.6079965, -6.991069, 1.5801731
9564248160000, 6.588843, -6.981492, 1.5897499
9564258589000, 6.5696893, -7.0006456, 1.6184803
9564279245000, 6.5218053, -6.981492, 1.6089035
9564299730000, 6.5122285, -7.0006456, 1.5610195
9564330245000, 6.5601125, -6.981492, 1.6089035
9564360146000, 6.5696893, -6.9623384, 1.5801731
9564380674000, 6.5696893, -6.9527617, 1.5897499
9564400821000, 6.588843, -6.9623384, 1.6184803
9564420854000, 6.6367273, -6.9719152, 1.6280571
9564431181000, 6.6271505, -6.9240313, 1.6089035
9564451324000, 6.5984197, -6.9527617, 1.5514427
9564461756000, 6.579266, -6.991069, 1.5897499
9564471273000, 6.5984197, -7.0102224, 1.5705963
9564481647000, 6.6079965, -6.9719152, 1.6184803
9564491910000, 6.6175733, -6.9623384, 1.6376339
9564513623000, 6.579266, -6.9240313, 1.6567876
9564522744000, 6.5984197, -6.9527617, 1.6280571
9564532742000, 6.5601125, -6.9623384, 1.6184803
9564553566000, 6.5696893, -6.9527617, 1.5801731
9564563604000, 6.588843, -6.991069, 1.5993267
9564574444000, 6.5601125, -6.933608, 1.6376339
9564584703000, 6.588843, -6.991069, 1.6280571
9564595135000, 6.579266, -7.0006456, 1.6472107
9564604895000, 6.5696893, -6.991069, 1.6280571
9564615178000, 6.5601125, -6.981492, 1.5993267
9564624898000, 6.5984197, -6.9623384, 1.5897499
9564655607000, 6.5505357, -6.991069, 1.532289
9564676015000, 6.588843, -7.019799, 1.5514427
9564685834000, 6.5984197, -6.991069, 1.5801731
9564706253000, 6.5984197, -6.943185, 1.5993267
9564726180000, 6.6271505, -6.981492, 1.6376339
9564736228000, 6.6079965, -6.9719152, 1.6184803
9564756316000, 6.6271505, -6.9527617, 1.5993267
9564776591000, 6.588843, -6.981492, 1.5897499
9564787342000, 6.5122285, -6.991069, 1.5993267
9564800510000, 6.531382, -6.981492, 1.6280571
9564831237000, 6.540959, -7.029376, 1.5897499
9564841458000, 6.5218053, -7.0581064, 1.5610195
9564850949000, 6.531382, -7.0102224, 1.5897499
9564861111000, 6.5218053, -7.0006456, 1.5705963
9564891185000, 6.5601125, -6.981492, 1.532289
9564901504000, 6.5218053, -7.0006456, 1.5610195
9564912112000, 6.540959, -6.991069, 1.5897499
9564922327000, 6.579266, -6.981492, 1.5801731
9564933180000, 6.6175733, -6.943185, 1.5897499
9564943407000, 6.588843, -6.9623384, 1.6280571
9564953668000, 6.6175733, -6.9719152, 1.5801731
