#Acceleration force along the x y z axes (including gravity).
#timestamp(ns),x,y,z(m/s^2)
#Datetime: 16/12/2015 19:11:44
##########################################
#Activity: 12 - BSC - Back-sitting-chair - 10s
#Subject ID: 62
#First Name: sub62
#Last Name: sub62
#Age: 20
#Height(cm): 180
#Weight(kg): 70
#Gender: Male
##########################################

@DATA
16166356220000, 0.7469909, 9.816227, -0.36391866
16166556371000, 0.81402856, 9.825804, -0.15322891
16166756421000, 0.94810385, 9.854534, -0.63206923
16166956549000, 0.92895025, 9.825804, -0.32561144
16167356876000, 1.043872, 9.3661175, -0.41180268
16167559218000, -3.5242648, 9.797073, -3.083732
16167758722000, -2.5378537, 6.6750345, -2.9783869
16167956773000, -6.540959, 4.6830587, -6.5696893
16167966787000, -6.9048777, 4.548983, -6.9240313
16167976842000, -6.703765, 4.2042184, -7.383718
16167986953000, -5.707777, 3.5434184, -7.153875
16167996998000, -5.00867, 3.074155, -6.8282633
16168007967000, -5.085284, 2.7868507, -6.5505357
16168017443000, -5.6407394, 2.480393, -6.493075
16168027824000, -5.9759274, 2.1452048, -6.291962
16168048351000, -6.339846, 1.7908629, -5.947197
16168058658000, -6.799533, 1.9057846, -6.6271505
16168068503000, -6.742072, 1.6280571, -6.6367273
16168078948000, -6.493075, 1.3982137, -5.889736
16168089081000, -5.899313, 0.7661445, -5.1235914
16168099027000, -5.1140146, -0.30645782, -4.280833
16168110665000, -4.654328, -1.8100165, -3.5242648
16168120590000, -4.6926355, -3.3135753, -2.7006595
16168129700000, -4.9895163, -4.175488, -1.4556746
16168139908000, -5.1140146, -4.223372, -0.21068975
16168149901000, -4.501099, -5.3342814, 1.0726024
16168160485000, -4.759673, -7.393295, 0.7182605
16168171147000, -6.751649, -8.312668, -1.934515
16168180384000, -9.050082, -10.486604, -5.554548
16168190751000, -11.942278, -15.006856, -6.7612257
16168200525000, -12.152967, -17.266983, -4.271256
16168211059000, -9.634268, -18.397045, -1.5801731
16168221083000, -6.8569937, -18.962078, -1.340753
16168231038000, -4.5872903, -19.000385, -2.3558946
16168241196000, -2.9017725, -17.57344, -3.572149
16168251326000, -2.528277, -16.060305, -3.466804
16168262140000, -1.1204864, -8.542512, 0.5363012
16168272720000, 3.9743748, -5.765238, 8.274361
16168282111000, 5.841852, -2.5761611, -1.3694834
16168292442000, 2.4133554, -1.7525556, -2.9592333
16168303516000, -3.3135753, -0.50757074, 1.1204864
16168312795000, -8.561666, -0.1436521, 1.5035586
16168323162000, -11.377247, 0.5267244, 2.9400797
16168333390000, -11.128249, 0.24899697, 4.2521024
16168353570000, -7.3071036, -4.654328, -1.6663644
16168363250000, -7.6231384, -7.967903, -4.098873
16168373374000, -9.030929, -10.28549, -4.7309427
16168383218000, -10.67814, -10.965444, -3.1794999
16168393429000, -10.94629, -10.486604, -1.7238252
16168404619000, -9.911995, -9.768343, -1.5801731
16168414466000, -8.552089, -8.504205, -2.2888567
16168424487000, -7.019799, -6.6846113, -3.064578
16168434259000, -5.2959743, -4.8362875, -4.050989
16168444199000, -4.060566, -3.5625722, -5.861006
16168454708000, -3.4093432, -3.0071173, -8.983045
16168464619000, -3.3327289, -2.8443117, -12.74673
16168475221000, -3.6296098, -2.480393, -16.136919
16168484799000, -4.3861775, -1.5610195, -17.832014
16168495395000, -5.1810527, -0.49799395, -18.47366
16168505560000, -5.650316, -0.08619126, -16.079458
16168516383000, -5.90889, -0.5650316, -12.564771
16168526303000, -5.9280434, -1.3982137, -8.293514
16168536902000, -5.8322754, -2.1452048, -3.9839516
16168546166000, -5.3821654, -2.4420857, -0.7565677
16168556313000, -5.104438, -2.4899697, 0.80445176
16168567893000, -11.386824, -7.73806, -2.2409728
16168578944000, -13.244724, -9.337387, -2.4995465
16168598668000, -12.08593, -7.651869, -0.6991069
16168609845000, -10.180145, -6.081272, 0.095768064
16168619964000, -7.9104424, -4.865018, 0.32561144
16168629028000, -6.0238113, -3.9552212, -0.05746084
16168639113000, -4.5872903, -3.4093432, -0.9864111
16168649214000, -3.4859576, -3.1794999, -2.6240451
16168659427000, -2.681506, -3.4093432, -4.8841715
16168670162000, -2.1260512, -4.0414124, -8.1881695
16168679525000, -1.2641385, -5.4300494, -12.200851
16168689932000, -0.91937345, -5.9567738, -11.664551
16168699832000, -0.8714894, -5.841852, -9.232041
16168710116000, -0.81402856, -5.353435, -7.28795
16168720180000, -1.4939818, -5.104438, -5.995081
16168730120000, -2.6910827, -5.0278234, -4.7788267
16168740880000, -3.5434184, -4.510676, -3.5529952
16168750245000, -4.2425256, -3.916914, -2.777274
16168760667000, -5.353435, -3.821146, -2.7006595
16168771944000, -6.3302693, -3.5242648, -3.3039982
16168780971000, -6.291962, -2.6719291, -4.663905
16168792471000, -8.628703, -2.7581203, -12.095507
16168801515000, -14.077906, -6.9144545, -15.801731
16168812059000, -16.807297, -9.672575, -6.033388
16168822143000, -18.167202, -11.109096, -2.2697031
16168832268000, -18.847157, -7.479486, -3.1986535
16168842409000, -16.567875, -2.6431987, -6.14831
16168852483000, -10.754754, -0.51714754, -6.5026517
16168862785000, -2.2601264, 0.23942018, -6.8569937
16168874130000, -0.06703765, 0.05746084, -7.0581064
16168884573000, 0.7374141, -0.641646, -5.3342814
16168894713000, -0.009576807, -1.7717092, -3.0454245
16168904673000, -1.0630256, -2.681506, -1.1779473
16168914845000, -2.0590134, -3.4476504, 0.12449849
16168925337000, -3.1507695, -3.8594532, 0.9672575
16168934928000, -4.596867, -3.667917, 0.89064306
16168945182000, -5.8801594, -2.681506, 0.0
16168955124000, -7.201759, -2.030283, -1.5897499
16168965305000, -8.762778, -2.4420857, -3.466804
16168975761000, -10.860099, -3.8594532, -4.9895163
16168985545000, -13.761871, -5.851429, -5.6120086
16168995677000, -16.64449, -7.747637, -5.0182467
16169005856000, -18.090588, -8.896853, -3.7349546
16169015865000, -18.80885, -8.283937, -2.777274
16169026929000, -16.874334, -6.3206925, -3.064578
16169036301000, -13.522451, -4.6255975, -3.9743748
16169046652000, -10.266336, -3.3806129, -4.7884035
16169056506000, -7.1730285, -2.1164744, -5.267244
16169066808000, -4.548983, -1.0534488, -5.45878
16169077043000, -2.6048915, -0.29688102, -5.0278234
16169087035000, -1.7142484, -0.11492168, -4.0797195
16169097250000, -1.9728222, -0.7278373, -3.1890767
16169107337000, -2.7102363, -1.1683705, -2.566584
16169117269000, -3.9073372, -1.8866309, -2.231396
16169129106000, -8.0445175, -4.453215, -1.5801731
16169138450000, -10.189722, -5.45878, -1.541866
16169148390000, -11.836933, -6.253655, -1.9536686
16169159894000, -12.6222315, -6.7612257, -2.9017725
16169169016000, -12.689269, -7.2687964, -4.2042184
16169179116000, -12.172121, -7.5944076, -5.3342814
16169189218000, -11.281479, -7.0485296, -5.6790466
16169199275000, -10.132261, -5.9663506, -5.21936
16169209858000, -8.90643, -4.8841715, -4.663905
16169220635000, -7.6135616, -4.012682, -4.261679
16169229947000, -6.5505357, -3.3135753, -4.2521024
16169240195000, -5.755661, -2.7581203, -4.4915223
16169250150000, -5.2863975, -2.4133554, -4.7022123
16169260996000, -5.1235914, -2.2984335, -4.5681367
16169271314000, -5.4204726, -2.3080103, -4.1946416
16169280707000, -5.9759274, -2.6719291, -3.8977604
16169291002000, -6.540959, -3.1794999, -3.8594532
16169300759000, -7.019799, -3.7062242, -3.8977604
16169310819000, -7.4986396, -4.098873, -4.0318356
16169320901000, -7.824251, -4.4340615, -4.0892963
16169331014000, -7.9487495, -4.6160207, -4.1659107
16169341201000, -8.121132, -4.7309427, -4.185065
16169353053000, -8.283937, -4.7405195, -4.261679
16169362122000, -8.475474, -4.654328, -4.4244847
16169371964000, -8.6574335, -4.5872903, -4.6255975
16169382401000, -8.724471, -4.5298295, -4.6830587
16169392227000, -8.619126, -4.4436383, -4.606444
16169402350000, -8.408437, -4.261679, -4.462792
16169412753000, -8.082825, -4.060566, -4.3478703
16169422670000, -7.7572136, -3.7828386, -4.280833
16169432875000, -7.5561004, -3.4955344, -4.213795
16169443986000, -7.240066, -3.0933087, -3.8977604
16169453859000, -7.2209125, -3.074155, -3.8594532
16169463389000, -7.326257, -3.1316159, -3.9839516
16169473601000, -7.565677, -3.371036, -4.213795
16169483329000, -7.824251, -3.6487634, -4.405331
16169493664000, -8.054094, -3.8498764, -4.510676
16169504624000, -8.24563, -4.012682, -4.548983
16169514659000, -8.293514, -4.0701427, -4.501099
16169524504000, -8.226477, -4.1276035, -4.3766007
16169534140000, -8.0445175, -4.175488, -4.2042184
16169544491000, -7.9870567, -4.213795, -4.098873
16169554894000, -8.025364, -4.2904096, -4.1276035
16169574565000, -8.130709, -4.3861775, -4.1180267
16169596029000, -7.9391727, -4.2425256, -3.8402996
16169605734000, -7.747637, -4.098873, -3.763685
16169615804000, -7.6135616, -3.9360676, -3.8594532
16169626384000, -7.565677, -3.821146, -3.9360676
16169637062000, -7.651869, -3.8307228, -4.0222588
16169646101000, -7.824251, -3.9839516, -4.0701427
16169656248000, -7.9966335, -4.1946416, -4.0414124
16169666794000, -8.054094, -4.280833, -3.9073372
16169677627000, -8.063671, -4.3861775, -3.7828386
16169687894000, -8.073248, -4.31914, -3.7732618
16169697209000, -8.130709, -4.1946416, -3.8307228
16169707182000, -8.149862, -4.1659107, -3.9360676
16169727310000, -8.197746, -4.213795, -4.2521024
16169747457000, -8.130709, -4.213795, -4.414908
16169759730000, -7.9008656, -3.9935284, -4.223372
16169770769000, -7.73806, -3.86903, -4.1946416
16169779819000, -7.5848308, -3.7828386, -4.146757
16169789784000, -7.5561004, -3.7062242, -4.10845
16169810332000, -7.5465236, -3.715801, -4.0797195
16169821185000, -7.680599, -3.8115692, -4.146757
16169830502000, -7.824251, -3.9073372, -4.261679
16169840714000, -7.9966335, -4.0318356, -4.309563
16169850672000, -8.063671, -4.1276035, -4.3287168
16169860809000, -7.9870567, -4.146757, -4.31914
16169871422000, -7.8625584, -4.050989, -4.280833
16169891453000, -7.776367, -3.8402996, -4.3478703
16169912428000, -7.843405, -3.8786068, -4.1659107
16169921570000, -7.8912888, -3.9743748, -4.213795
16169932364000, -7.9391727, -4.012682, -4.309563
16169951946000, -7.920019, -4.050989, -4.3382936
16169972777000, -7.8146744, -4.0701427, -4.0797195
16170014025000, -7.9104424, -4.060566, -4.060566
16170024963000, -7.9487495, -4.1180267, -4.156334
16170034474000, -7.97748, -4.146757, -4.2521024
16170054817000, -7.967903, -4.10845, -4.2904096
16170075237000, -7.9391727, -4.050989, -4.050989
16170084879000, -7.9104424, -4.0222588, -3.9743748
16170105288000, -7.97748, -4.060566, -4.0222588
16170115347000, -8.034941, -4.0222588, -4.098873
16170126472000, -8.073248, -4.0414124, -4.1371803
16170135665000, -8.025364, -4.0318356, -4.1659107
16170145804000, -7.920019, -4.012682, -4.10845
16170155970000, -7.7667904, -3.964798, -4.0892963
16170168390000, -7.73806, -3.9073372, -4.0701427
16170178455000, -7.776367, -3.9264908, -4.1180267
16170189074000, -7.881712, -3.9743748, -4.175488
16170198501000, -7.9583263, -4.050989, -4.2425256
16170208842000, -7.9966335, -4.0797195, -4.223372
16170219203000, -7.97748, -4.060566, -4.2042184
16170239210000, -7.795521, -3.9264908, -4.185065
16170249280000, -7.785944, -3.8402996, -4.156334
16170270213000, -7.8050976, -3.821146, -4.2521024
16170280565000, -7.833828, -3.9360676, -4.1371803
16170289745000, -7.872135, -3.964798, -4.175488
16170299879000, -7.824251, -3.9743748, -4.2042184
16170309975000, -7.785944, -3.9839516, -4.185065
16170320111000, -7.747637, -3.9935284, -4.223372
16170330194000, -7.785944, -3.9743748, -4.261679
16170352383000, -7.843405, -3.9552212, -4.357447
16170374456000, -7.872135, -3.9264908, -4.357447
16170394594000, -7.843405, -3.86903, -4.3957543
16170404958000, -7.8050976, -3.8594532, -4.3861775
16170414574000, -7.8146744, -3.8307228, -4.414908
16170424756000, -7.8625584, -3.8594532, -4.453215
16170434446000, -7.920019, -3.86903, -4.4436383
16170444512000, -7.929596, -3.8594532, -4.4915223
16170464752000, -7.9870567, -3.9264908, -4.4819455
16170474831000, -7.9583263, -3.8786068, -4.414908
16170484951000, -7.9008656, -3.8977604, -4.367024
16170495189000, -7.8625584, -3.9264908, -4.261679
16170505346000, -7.8146744, -3.9839516, -4.185065
16170515467000, -7.776367, -3.9743748, -4.0797195
16170525546000, -7.795521, -3.9360676, -3.9935284
16170536366000, -7.824251, -4.0414124, -3.9839516
16170546871000, -7.8625584, -4.050989, -4.012682
16170558401000, -7.920019, -4.0797195, -4.1180267
16170569694000, -7.9391727, -4.1276035, -4.2042184
16170579676000, -7.967903, -4.146757, -4.271256
16170599729000, -7.9966335, -4.0892963, -4.232949
16170610350000, -8.015787, -4.012682, -4.1946416
16170619921000, -7.9966335, -3.9456444, -4.175488
16170630576000, -7.967903, -3.8786068, -4.146757
16170650214000, -7.843405, -3.8881836, -4.223372
16170660676000, -7.824251, -3.9839516, -4.2904096
16170680843000, -7.8146744, -4.003105, -4.223372
16170690877000, -7.8529816, -4.0222588, -4.185065
16170700897000, -7.881712, -4.0414124, -4.2425256
16170710949000, -7.9008656, -4.050989, -4.3478703
16170721757000, -7.872135, -4.0318356, -4.3861775
16170741628000, -7.843405, -3.8594532, -4.4436383
16170752135000, -7.776367, -3.8307228, -4.405331
16170762266000, -7.651869, -3.763685, -4.261679
16170781997000, -7.7572136, -3.8498764, -4.405331
16170792874000, -7.824251, -3.9264908, -4.4244847
16170812668000, -8.00621, -4.0414124, -4.3957543
16170822756000, -7.9583263, -4.0222588, -4.367024
16170832837000, -7.9104424, -3.964798, -4.357447
16170843118000, -7.8146744, -3.8977604, -4.2999864
16170853888000, -7.776367, -3.86903, -4.2425256
16170864090000, -7.7667904, -3.8402996, -4.175488
16170885129000, -7.776367, -3.9073372, -4.213795
16170894862000, -7.824251, -3.9839516, -4.2904096
16170904844000, -7.8625584, -4.003105, -4.3478703
16170914968000, -7.881712, -4.050989, -4.367024
16170934976000, -7.872135, -4.060566, -4.2904096
16170955653000, -7.833828, -3.9935284, -4.31914
16170965571000, -7.824251, -3.9839516, -4.3382936
16170976673000, -7.843405, -3.964798, -4.2999864
16170995959000, -7.8529816, -3.8402996, -4.271256
16171006224000, -7.872135, -3.821146, -4.2999864
16171016458000, -7.8529816, -3.86903, -4.3287168
16171026491000, -7.833828, -3.9552212, -4.3382936
16171037330000, -7.843405, -3.9264908, -4.357447
16171047489000, -7.8529816, -4.003105, -4.2904096
16171067665000, -7.833828, -4.0701427, -4.2425256
16171077379000, -7.8050976, -4.0222588, -4.309563
16171087433000, -7.833828, -4.003105, -4.357447
16171097709000, -7.824251, -3.916914, -4.3478703
16171117881000, -7.7667904, -3.8977604, -4.31914
16171139141000, -7.776367, -3.9456444, -4.309563
16171148396000, -7.872135, -3.9743748, -4.367024
16171159319000, -7.8912888, -3.9456444, -4.357447
16171179698000, -7.9008656, -3.9839516, -4.2904096
16171189669000, -7.8625584, -3.9743748, -4.271256
16171199534000, -7.843405, -3.9552212, -4.223372
16171210681000, -7.824251, -3.9264908, -4.271256
16171219840000, -7.8529816, -3.916914, -4.261679
16171251082000, -7.881712, -3.9360676, -4.31914
16171261694000, -7.9008656, -3.9743748, -4.280833
16171273753000, -7.8912888, -3.9360676, -4.3382936
16171293337000, -7.8050976, -3.916914, -4.357447
16171305205000, -7.785944, -3.8977604, -4.2042184
16171316221000, -7.795521, -3.9360676, -4.1659107
16171326459000, -7.8050976, -3.9743748, -4.223372
16171336324000, -7.824251, -4.0222588, -4.2425256
16171366481000, -7.9583263, -3.9264908, -4.3957543
16171376715000, -7.920019, -3.8881836, -4.367024
16171386843000, -7.872135, -3.916914, -4.2904096
16171407251000, -7.8625584, -3.9264908, -4.261679
16171417400000, -7.843405, -4.003105, -4.271256
16171427598000, -7.8529816, -4.0222588, -4.2999864
16171447778000, -7.833828, -4.003105, -4.280833
16171458356000, -7.785944, -3.9360676, -4.261679
16171469125000, -7.795521, -3.9264908, -4.280833
16171489461000, -7.8529816, -3.8977604, -4.309563
16171499497000, -7.843405, -3.9456444, -4.3382936
16171519752000, -7.833828, -3.964798, -4.2999864
16171539787000, -7.8625584, -3.9456444, -4.2999864
16171549767000, -7.9008656, -4.003105, -4.3382936
16171560791000, -7.929596, -3.9552212, -4.3478703
16171569993000, -7.920019, -3.9264908, -4.2999864
16171580115000, -7.8625584, -3.8977604, -4.232949
16171600730000, -7.8625584, -3.9360676, -4.3287168
16171621493000, -7.881712, -3.964798, -4.3382936
16171630818000, -7.872135, -3.9743748, -4.271256
16171651076000, -7.8625584, -3.9552212, -4.2425256
16171661266000, -7.8529816, -3.9935284, -4.280833
16171671380000, -7.833828, -4.003105, -4.2521024
16171691737000, -7.824251, -3.9839516, -4.280833
16171701871000, -7.833828, -3.9743748, -4.2999864
16171731840000, -7.824251, -3.9360676, -4.271256
16171742248000, -7.833828, -3.916914, -4.2999864
16171752047000, -7.872135, -3.86903, -4.280833
16171772713000, -7.872135, -3.916914, -4.357447
16171793903000, -7.881712, -4.0318356, -4.3766007
16171804191000, -7.8529816, -3.9935284, -4.3287168
16171823494000, -7.824251, -3.9839516, -4.2904096
16171843967000, -7.795521, -3.9264908, -4.2904096
16171854625000, -7.785944, -3.8594532, -4.223372
16171864087000, -7.795521, -3.8881836, -4.2521024
16171874116000, -7.824251, -3.9264908, -4.232949
16171894235000, -7.843405, -3.9935284, -4.31914
16171914343000, -7.824251, -3.9264908, -4.357447
16171924559000, -7.843405, -3.9456444, -4.2999864
16171934490000, -7.8146744, -3.9073372, -4.280833
16171944376000, -7.824251, -3.9264908, -4.2425256
16171975090000, -7.843405, -3.9743748, -4.271256
16172004913000, -7.8529816, -3.9839516, -4.261679
16172025470000, -7.8912888, -3.9743748, -4.3287168
16172035248000, -7.9104424, -3.9456444, -4.3382936
16172045364000, -7.9008656, -3.9552212, -4.31914
16172065612000, -7.843405, -3.9264908, -4.2521024
16172085815000, -7.776367, -3.9456444, -4.2425256
16172095938000, -7.795521, -3.9552212, -4.223372
16172106322000, -7.8050976, -3.9743748, -4.280833
16172116439000, -7.8529816, -3.9935284, -4.3287168
16172126507000, -7.881712, -3.964798, -4.31914
16172136552000, -7.9104424, -3.9552212, -4.2904096
16172167365000, -7.9008656, -3.8881836, -4.3957543
16172177446000, -7.872135, -3.916914, -4.3861775
16172187632000, -7.8529816, -3.9360676, -4.309563
16172197877000, -7.824251, -3.9073372, -4.2904096
16172218160000, -7.795521, -4.012682, -4.2904096
16172228843000, -7.8146744, -4.060566, -4.309563
16172238872000, -7.833828, -4.0318356, -4.3766007
16172249124000, -7.8050976, -4.003105, -4.357447
16172259525000, -7.8146744, -3.9552212, -4.271256
16172269404000, -7.785944, -3.9073372, -4.280833
16172289687000, -7.776367, -3.9073372, -4.31914
16172299704000, -7.8146744, -3.9264908, -4.309563
16172309724000, -7.824251, -3.9360676, -4.2904096
16172319596000, -7.843405, -3.9264908, -4.223372
16172329716000, -7.8912888, -3.9552212, -4.309563
16172339879000, -7.9008656, -3.964798, -4.3957543
16172349955000, -7.929596, -3.916914, -4.3861775
16172360180000, -7.9391727, -3.8977604, -4.357447
16172369586000, -7.9008656, -3.8881836, -4.2999864
16172379709000, -7.8912888, -3.916914, -4.213795
16172389915000, -7.8625584, -3.8881836, -4.1946416
16172410630000, -7.843405, -3.9743748, -4.2425256
16172420750000, -7.8625584, -4.003105, -4.271256
16172440825000, -7.843405, -4.012682, -4.280833
16172461134000, -7.8625584, -3.964798, -4.3478703
16172471168000, -7.8050976, -3.9935284, -4.309563
16172491666000, -7.8146744, -3.9839516, -4.3382936
16172501532000, -7.824251, -3.9743748, -4.2904096
16172511536000, -7.795521, -3.9839516, -4.309563
16172521745000, -7.8146744, -3.964798, -4.3287168
16172531728000, -7.843405, -3.9456444, -4.2904096
16172542202000, -7.881712, -3.8594532, -4.271256
16172552056000, -7.920019, -3.821146, -4.3478703
16172562831000, -7.929596, -3.8402996, -4.367024
16172582476000, -7.881712, -3.916914, -4.3287168
16172593129000, -7.8529816, -3.9264908, -4.309563
16172613175000, -7.776367, -4.003105, -4.271256
16172633607000, -7.785944, -4.0318356, -4.2999864
16172643777000, -7.7572136, -3.964798, -4.2904096
16172674186000, -7.795521, -3.9552212, -4.280833
16172684005000, -7.824251, -3.9456444, -4.2521024
16172714219000, -7.8625584, -3.9552212, -4.31914
16172744417000, -7.8625584, -3.964798, -4.2425256
16172764731000, -7.881712, -3.9839516, -4.2425256
16172795357000, -7.8912888, -3.9839516, -4.271256
16172805253000, -7.881712, -3.9935284, -4.357447
16172815464000, -7.9104424, -4.003105, -4.2999864
16172825365000, -7.929596, -3.9743748, -4.271256
16172835745000, -7.9104424, -3.9839516, -4.2904096
16172856288000, -7.872135, -3.9552212, -4.2425256
16172876715000, -7.843405, -3.9552212, -4.223372
16172896248000, -7.824251, -3.9743748, -4.232949
16172916593000, -7.833828, -4.012682, -4.309563
16172927191000, -7.8146744, -4.0318356, -4.3382936
16172946784000, -7.8625584, -3.964798, -4.2521024
16172960131000, -7.9008656, -3.8019924, -4.271256
16172969127000, -7.843405, -3.8307228, -4.2904096
16172979290000, -7.8050976, -3.86903, -4.2999864
16173009516000, -7.8146744, -4.050989, -4.3478703
16173019528000, -7.843405, -4.0892963, -4.3382936
16173029647000, -7.833828, -4.0797195, -4.280833
16173039886000, -7.8050976, -4.050989, -4.2521024
16173049824000, -7.7667904, -3.9839516, -4.261679
16173060338000, -7.776367, -3.9264908, -4.223372
16173070283000, -7.785944, -3.916914, -4.271256
16173080177000, -7.833828, -3.9360676, -4.2999864
16173090352000, -7.9487495, -3.916914, -4.2904096
16173100581000, -7.967903, -3.964798, -4.31914
16173110982000, -7.97748, -3.9839516, -4.3382936
16173121059000, -7.967903, -3.9456444, -4.31914
16173131026000, -7.920019, -3.9360676, -4.280833
16173141094000, -7.8912888, -3.8786068, -4.232949
16173151101000, -7.824251, -3.8594532, -4.1946416
16173161324000, -7.795521, -3.9360676, -4.2042184
16173171336000, -7.8050976, -3.9839516, -4.1659107
16173185805000, -7.843405, -4.012682, -4.31914
16173194774000, -7.8529816, -4.0222588, -4.3478703
16173204933000, -7.843405, -4.003105, -4.309563
16173225385000, -7.8146744, -3.9456444, -4.261679
16173235838000, -7.843405, -3.9743748, -4.2425256
16173246306000, -7.8625584, -3.9935284, -4.280833
16173265494000, -7.9008656, -3.9839516, -4.271256
16173275647000, -7.8625584, -3.9743748, -4.261679
16173286006000, -7.843405, -3.9264908, -4.2999864
16173306349000, -7.7667904, -3.8977604, -4.2904096
16173336669000, -7.776367, -3.9073372, -4.2999864
16173346873000, -7.8050976, -3.9264908, -4.3287168
16173356807000, -7.833828, -3.9360676, -4.3382936
16173367811000, -7.843405, -3.8786068, -4.367024
16173388096000, -7.824251, -3.8594532, -4.453215
16173398344000, -7.8050976, -3.86903, -4.3766007
16173418416000, -7.776367, -3.8881836, -4.261679
16173428973000, -7.8146744, -3.9264908, -4.213795
16173439100000, -7.881712, -3.9839516, -4.232949
16173449371000, -7.9008656, -4.050989, -4.309563
16173460140000, -7.8625584, -4.060566, -4.31914
16173469665000, -7.872135, -4.012682, -4.309563
16173489777000, -7.8529816, -3.9743748, -4.280833
16173499797000, -7.9008656, -3.9456444, -4.2425256
16173520158000, -7.9487495, -3.916914, -4.223372
16173530315000, -7.920019, -3.8977604, -4.232949
16173540191000, -7.9391727, -3.8881836, -4.2425256
16173561126000, -7.9966335, -3.8977604, -4.2042184
16173570808000, -8.054094, -3.9264908, -4.185065
16173580693000, -8.025364, -4.003105, -4.1659107
16173590846000, -8.015787, -4.0414124, -4.175488
16173601149000, -7.920019, -4.0701427, -4.2042184
16173611078000, -7.824251, -4.0318356, -4.213795
16173631456000, -7.7189064, -3.8977604, -4.2425256
16173641524000, -7.785944, -3.86903, -4.280833
16173651525000, -7.795521, -3.821146, -4.2904096
16173661543000, -7.872135, -3.8307228, -4.3382936
16173672388000, -7.8912888, -3.8786068, -4.309563
16173682175000, -7.9487495, -3.8977604, -4.3478703
16173692619000, -8.034941, -3.9935284, -4.3382936
16173702593000, -8.0445175, -3.9839516, -4.2904096
16173712711000, -8.034941, -3.9743748, -4.2425256
16173722822000, -7.9870567, -3.916914, -4.2042184
16173733195000, -7.9487495, -3.8786068, -4.1371803
16173744089000, -7.872135, -3.8307228, -4.1180267
16173763511000, -7.8529816, -3.9264908, -4.1180267
16173773665000, -7.8050976, -4.003105, -4.156334
16173783714000, -7.785944, -4.012682, -4.2042184
16173804076000, -7.7093296, -4.1180267, -4.414908
16173814499000, -7.6231384, -4.175488, -4.4723687
16173824633000, -7.5848308, -4.223372, -4.5202527
16173834715000, -7.4986396, -4.185065, -4.501099
16173844380000, -7.441179, -4.098873, -4.55856
16173864477000, -7.393295, -3.9360676, -4.5681367
16173874839000, -7.374141, -3.8786068, -4.5872903
16173884694000, -7.4028716, -3.8019924, -4.5681367
16173894813000, -7.441179, -3.7445314, -4.596867
16173904860000, -7.4986396, -3.715801, -4.606444
16173915138000, -7.565677, -3.6966474, -4.5777135
16173925218000, -7.6614456, -3.6774938, -4.5202527
16173935396000, -7.747637, -3.7062242, -4.3957543
16173945689000, -7.824251, -3.715801, -4.31914
16173955741000, -7.9104424, -3.7253778, -4.271256
16173965648000, -8.0445175, -3.7541082, -4.261679
16173975941000, -8.169016, -3.8115692, -4.1659107
16173995977000, -8.312668, -3.9073372, -4.0892963
16174016441000, -8.264784, -4.050989, -3.9264908
16174026644000, -8.169016, -4.0892963, -3.8977604
16174036435000, -8.111555, -4.050989, -3.8594532
16174057107000, -8.015787, -4.0701427, -3.8881836
16174067734000, -8.054094, -4.0414124, -3.9839516
16174077679000, -8.121132, -4.0892963, -3.9935284
16174087768000, -8.149862, -4.098873, -4.012682
16174107763000, -8.101978, -4.1946416, -4.0892963
16174117818000, -8.073248, -4.232949, -4.0701427
16174128175000, -8.0445175, -4.2904096, -4.0318356
16174139286000, -7.9104424, -4.2425256, -4.185065
16174148932000, -7.8625584, -4.1946416, -4.223372
16174168991000, -7.699753, -3.9839516, -4.2904096
16174179084000, -7.632715, -3.9552212, -4.3287168
16174189227000, -7.575254, -3.916914, -4.2904096
16174209658000, -7.642292, -3.86903, -4.4340615
16174219428000, -7.680599, -3.8307228, -4.5298295
16174249903000, -7.651869, -3.8402996, -4.5202527
16174260294000, -7.690176, -3.821146, -4.5394063
16174271032000, -7.699753, -3.7924154, -4.501099
16174280368000, -7.73806, -3.763685, -4.4723687
16174300505000, -7.785944, -3.6870706, -4.4915223
16174320628000, -7.8050976, -3.6966474, -4.4723687
16174330736000, -7.8146744, -3.763685, -4.4915223
16174340859000, -7.843405, -3.8307228, -4.5394063
16174351583000, -7.785944, -3.9264908, -4.510676
16174360754000, -7.795521, -3.9552212, -4.4723687
16174371275000, -7.7667904, -3.9935284, -4.3287168
16174380849000, -7.73806, -3.9552212, -4.232949
16174391150000, -7.7189064, -3.9839516, -4.146757
16174411501000, -7.776367, -4.0414124, -4.1180267
16174421629000, -7.824251, -4.0892963, -4.0892963
16174431715000, -7.872135, -4.1276035, -4.1371803
16174442136000, -7.9583263, -4.1659107, -4.1276035
16174451985000, -8.015787, -4.146757, -4.156334
16174461961000, -8.0445175, -4.0797195, -4.1659107
16174472031000, -8.015787, -4.0414124, -4.1276035
16174482352000, -8.025364, -3.9743748, -4.1659107
16174492288000, -7.97748, -3.9264908, -4.175488
16174513393000, -7.9104424, -3.916914, -4.2042184
16174522777000, -7.920019, -3.8977604, -4.185065
16174543456000, -7.929596, -3.916914, -4.223372
16174553496000, -7.9583263, -3.9360676, -4.309563
16174563399000, -8.00621, -3.9073372, -4.2999864
16174573479000, -8.054094, -3.9456444, -4.2521024
16174593814000, -8.00621, -3.9456444, -4.271256
16174604696000, -7.8912888, -3.9935284, -4.280833
16174613994000, -7.795521, -3.964798, -4.2425256
16174624044000, -7.680599, -3.9360676, -4.1946416
16174634004000, -7.6231384, -3.8977604, -4.175488
16174664465000, -7.824251, -3.964798, -4.280833
16174674400000, -7.8912888, -4.003105, -4.3287168
16174684402000, -7.920019, -4.060566, -4.357447
16174704818000, -7.9104424, -4.0892963, -4.31914
16174714905000, -7.881712, -4.060566, -4.309563
16174724907000, -7.8050976, -4.012682, -4.280833
16174734911000, -7.795521, -3.9073372, -4.271256
16174745196000, -7.785944, -3.86903, -4.2999864
16174755596000, -7.7667904, -3.821146, -4.309563
16174765223000, -7.7572136, -3.7732618, -4.3382936
16174775718000, -7.747637, -3.7445314, -4.367024
16174785671000, -7.7572136, -3.7828386, -4.3766007
16174796694000, -7.8146744, -3.821146, -4.4244847
16174805806000, -7.8625584, -3.8402996, -4.3957543
16174815781000, -7.9008656, -3.8594532, -4.414908
16174846859000, -7.8912888, -3.916914, -4.271256
16174856914000, -7.843405, -3.9264908, -4.223372
16174867033000, -7.8529816, -3.9743748, -4.2042184
16174877396000, -7.8625584, -4.0318356, -4.232949
16174888453000, -7.8529816, -4.0414124, -4.2425256
16174897704000, -7.8625584, -4.050989, -4.261679
16174907466000, -7.881712, -4.060566, -4.213795
16174929810000, -7.881712, -4.003105, -4.2042184
16174939881000, -7.8625584, -3.9935284, -4.2425256
16174969612000, -7.843405, -4.0318356, -4.232949
16174979638000, -7.8529816, -3.9935284, -4.2042184
16174989709000, -7.843405, -3.9456444, -4.213795
16174999883000, -7.833828, -3.916914, -4.261679
16175020120000, -7.881712, -3.8307228, -4.2521024
16175030225000, -7.9104424, -3.8115692, -4.3287168
16175051101000, -7.929596, -3.7924154, -4.309563
16175071643000, -7.9583263, -3.7732618, -4.3478703
16175080975000, -7.9487495, -3.8115692, -4.31914
16175101477000, -7.920019, -3.916914, -4.367024
16175111578000, -7.8625584, -3.9839516, -4.3287168
16175122300000, -7.8146744, -4.0318356, -4.3478703
16175131892000, -7.7667904, -4.0414124, -4.2521024
16175142398000, -7.7093296, -4.050989, -4.175488
16175161991000, -7.699753, -4.0318356, -4.1371803
16175172206000, -7.7667904, -4.012682, -4.3382936
16175192467000, -7.833828, -4.0222588, -4.2521024
16175212696000, -7.8146744, -3.9456444, -4.271256
16175232915000, -7.881712, -3.8786068, -4.309563
16175253429000, -7.929596, -3.8307228, -4.3382936
16175273469000, -7.9008656, -3.7924154, -4.309563
16175294071000, -7.881712, -3.7924154, -4.31914
16175303828000, -7.872135, -3.821146, -4.3382936
16175314228000, -7.9008656, -3.86903, -4.2904096
16175324053000, -7.920019, -3.916914, -4.261679
16175344316000, -7.9008656, -3.9552212, -4.31914
16175354423000, -7.929596, -4.012682, -4.3382936
16175364478000, -7.9104424, -4.0892963, -4.309563
16175374488000, -7.881712, -4.1276035, -4.2521024
16175384502000, -7.8146744, -4.098873, -4.223372
16175394706000, -7.7667904, -4.0701427, -4.156334
16175404765000, -7.7572136, -4.0318356, -4.175488
16175415140000, -7.795521, -4.012682, -4.146757
16175435000000, -7.843405, -4.0318356, -4.2425256
16175445150000, -7.8912888, -4.050989, -4.223372
16175455751000, -7.881712, -4.060566, -4.213795
16175465547000, -7.9008656, -3.9935284, -4.2425256
16175476026000, -7.881712, -3.964798, -4.223372
16175485810000, -7.9104424, -3.916914, -4.2425256
16175496794000, -7.9583263, -3.821146, -4.2904096
16175505964000, -7.9966335, -3.7541082, -4.3382936
16175515933000, -7.967903, -3.7349546, -4.414908
16175526314000, -7.9391727, -3.7541082, -4.3478703
16175536091000, -7.872135, -3.7924154, -4.31914
16175547235000, -7.8050976, -3.8881836, -4.309563
16175559410000, -7.795521, -3.964798, -4.232949
16175568698000, -7.824251, -4.003105, -4.2521024
16175589170000, -7.73806, -4.012682, -4.223372
16175609444000, -7.776367, -4.0318356, -4.2521024
16175619228000, -7.795521, -3.9935284, -4.261679
16175629902000, -7.8146744, -4.012682, -4.2904096
16175639375000, -7.785944, -4.003105, -4.271256
16175649256000, -7.824251, -3.9456444, -4.2425256
16175659457000, -7.8625584, -3.964798, -4.271256
16175669366000, -7.881712, -3.8977604, -4.2999864
16175680102000, -7.872135, -3.8786068, -4.2904096
16175700568000, -7.881712, -3.86903, -4.271256
16175710915000, -7.9008656, -3.9360676, -4.31914
16175730792000, -7.920019, -3.9456444, -4.3382936
16175751308000, -7.9008656, -3.964798, -4.357447
16175771967000, -7.8146744, -3.916914, -4.223372
16175791676000, -7.795521, -3.9456444, -4.223372
16175801848000, -7.8050976, -4.003105, -4.1946416
16175822015000, -7.8625584, -3.9839516, -4.2521024
16175842812000, -7.8912888, -3.964798, -4.280833
16175852223000, -7.9104424, -3.9839516, -4.271256
16175863459000, -7.881712, -3.964798, -4.261679
16175872703000, -7.8625584, -3.8786068, -4.185065
16175882664000, -7.8146744, -3.8498764, -4.1946416
16175923417000, -7.920019, -3.86903, -4.357447
16175933669000, -7.929596, -3.916914, -4.414908
16175943883000, -7.9583263, -3.9264908, -4.4244847
16175974034000, -7.795521, -3.9456444, -4.309563
16175984031000, -7.7189064, -3.9552212, -4.2904096
16176004251000, -7.728483, -3.964798, -4.280833
16176014271000, -7.7093296, -4.012682, -4.309563
16176024309000, -7.7667904, -4.0701427, -4.367024
16176034446000, -7.8529816, -4.0318356, -4.31914
16176064740000, -7.8625584, -3.964798, -4.280833
16176095141000, -7.881712, -3.9360676, -4.2999864
16176105392000, -7.9008656, -3.8881836, -4.31914
16176115546000, -7.920019, -3.86903, -4.261679
16176125575000, -7.9008656, -3.8594532, -4.232949
16176135630000, -7.881712, -3.86903, -4.271256
16176145665000, -7.929596, -3.8786068, -4.261679
16176155784000, -7.881712, -3.8881836, -4.2425256
16176186036000, -7.8912888, -3.964798, -4.2904096
16176196162000, -7.920019, -4.0318356, -4.271256
16176206538000, -7.8625584, -4.050989, -4.261679
16176217331000, -7.8050976, -4.060566, -4.2521024
16176227204000, -7.785944, -4.012682, -4.2042184
16176238130000, -7.795521, -3.9360676, -4.175488
16176248826000, -7.785944, -3.8977604, -4.232949
16176258479000, -7.8529816, -3.86903, -4.261679
