#Angle around the z x y axes.
#timestamp(ns), Azimuth , Pitch, Roll (degrees)
#Datetime: 16/12/2015 13:29:48
##########################################
#Activity: 6 - STN - Stairs down - 10s
#Subject ID: 61
#First Name: sub61
#Last Name: sub61
#Age: 24
#Height(cm): 170
#Weight(kg): 70
#Gender: Male
##########################################

@DATA
6354409034000, 299.18713, -100.96582, -4.050585
6354414023000, 296.26935, -100.71306, -2.7035534
6354419031000, 298.88388, -98.87976, -3.8961067
6354424064000, 298.4107, -102.32722, -3.8328698
6354429027000, 298.1466, -100.192795, -3.6946814
6354433998000, 297.8844, -99.81174, -3.5566156
6354438979000, 297.62305, -99.44046, -3.4219432
6354444006000, 297.36584, -99.07165, -3.2920465
6354449001000, 297.10614, -98.71813, -3.1620646
6354453996000, 296.85712, -98.35937, -3.0388505
6354459011000, 296.61487, -98.01951, -2.9182403
6354464006000, 296.3391, -97.685776, -2.7882924
6354469016000, 296.10666, -97.31714, -2.6719842
6354474010000, 295.85538, -96.9972, -2.550268
6354479000000, 295.60373, -96.64965, -2.4292955
6354484008000, 295.36038, -96.307556, -2.3074157
6354489135000, 295.12473, -95.96482, -2.188477
6354494025000, 294.9057, -95.63409, -2.0758152
6354499043000, 294.69675, -95.32014, -1.9577968
6354504029000, 294.5083, -95.025375, -1.849752
6354509321000, 294.33975, -94.76227, -1.7455556
6354514011000, 294.18793, -94.53116, -1.6430151
6354519043000, 294.0654, -94.34645, -1.4628901
6354524038000, 294.00882, -94.21608, -1.301789
6354529049000, 293.91675, -94.22016, -1.1381056
6354534029000, 293.8746, -94.159805, -0.9941515
6354539021000, 293.85477, -94.20437, -0.8598882
6354544062000, 293.8305, -94.28512, -0.7293986
6354549044000, 293.80585, -94.359695, -0.60669947
6354554028000, 293.78296, -94.427826, -0.4829206
6354559020000, 293.76163, -94.49924, -0.36762553
6354564044000, 293.73975, -94.573875, -0.25556263
6354569029000, 293.72064, -94.64611, -0.14643769
6354574010000, 293.70084, -94.71881, -0.0421713
6354579067000, 293.67947, -94.79423, 0.058075402
6354584033000, 293.6632, -94.86371, 0.15592998
6354589026000, 293.6441, -94.93515, 0.24853596
6354594049000, 293.62476, -95.0055, 0.3374201
6354599033000, 293.60785, -95.07612, 0.42536926
6354604766000, 293.58923, -95.141396, 0.5086047
6354609071000, 293.57184, -95.2074, 0.58968115
6354614070000, 293.55524, -95.27529, 0.6681151
6354619062000, 293.5365, -95.33702, 0.7442657
6354624048000, 293.52216, -95.40001, 0.81829304
6354629082000, 293.5051, -95.45921, 0.88981974
6354634069000, 293.49185, -95.518875, 0.9581219
6354639061000, 293.4748, -95.57883, 1.0268219
6354644155000, 293.46017, -95.63017, 1.0923533
6354649065000, 293.44568, -95.68885, 1.15418
6354654065000, 293.43024, -95.74044, 1.2162081
6354659072000, 293.41394, -95.79199, 1.2766354
6354664067000, 293.4026, -95.84133, 1.3340052
6354669062000, 293.38525, -95.89066, 1.3882045
6354674818000, 293.37347, -95.93664, 1.4448696
6354679170000, 293.3612, -95.981094, 1.494902
6354684113000, 293.34952, -96.02566, 1.5460078
6354689063000, 293.336, -96.067345, 1.5969478
6354694165000, 293.32593, -96.106415, 1.6414351
6354699038000, 293.31488, -96.14556, 1.687567
6354704060000, 293.303, -96.18463, 1.730179
6354709295000, 293.29483, -96.21828, 1.7709042
6354714070000, 293.28186, -96.25414, 1.810631
6354719060000, 293.28497, -96.35114, 1.9168539
6354724062000, 293.28583, -96.447464, 2.0216413
6354729085000, 293.2839, -96.54102, 2.1244466
6354734065000, 293.289, -96.634346, 2.2230532
6354739049000, 293.28806, -96.72503, 2.318722
6354744658000, 293.29202, -96.813896, 2.41308
6354749065000, 293.29462, -96.90039, 2.501971
6354754059000, 293.29517, -96.98598, 2.5912259
6354759056000, 293.3025, -97.06936, 2.6743407
6354764067000, 293.30463, -97.15059, 2.7575257
6354774058000, 293.30817, -97.22719, 2.8365557
6354779081000, 293.3096, -97.30722, 2.9161055
6354784063000, 293.31363, -97.37979, 2.991036
6354789060000, 293.312, -97.45548, 3.0663757
6354794129000, 293.3132, -97.5242, 3.1371896
6354799034000, 293.31293, -97.5939, 3.205584
6354804062000, 293.31372, -97.66193, 3.27691
6354809058000, 293.31613, -97.72625, 3.3369586
6354814267000, 293.32037, -97.79087, 3.4029064
6354819058000, 293.32645, -97.85124, 3.462168
6354824053000, 293.3297, -97.9133, 3.5224538
6354829093000, 293.33685, -97.97117, 3.5794415
6354834063000, 293.34183, -98.0283, 3.6341944
6354839065000, 293.34848, -98.083336, 3.687706
6354844097000, 293.35178, -98.137596, 3.7392025
6354849063000, 293.3559, -98.18999, 3.7880378
6354854059000, 293.3605, -98.23877, 3.8354368
6354859068000, 293.3623, -98.28978, 3.881426
6354864041000, 293.36365, -98.33582, 3.9280856
6354869025000, 293.3647, -98.38199, 3.9701347
6354873998000, 293.36484, -98.42856, 4.0119576
6354879046000, 293.3652, -98.468445, 4.053476
6354884007000, 293.36673, -98.509735, 4.0902505
6354889022000, 293.36783, -98.549835, 4.1268563
6354894020000, 293.36652, -98.58621, 4.160631
6354899031000, 293.37177, -98.62041, 4.1936374
6354904063000, 293.37177, -98.65457, 4.222896
6354908991000, 293.37305, -98.68564, 4.2530417
6354914064000, 293.375, -98.720245, 4.280862
6354919056000, 293.3791, -98.74686, 4.30676
6354924014000, 293.38403, -98.80958, 4.368065
6354929970000, 293.3905, -98.87136, 4.4319153
6354934032000, 293.39813, -98.93044, 4.4905734
6354939004000, 293.4047, -98.99147, 4.5500636
6354944059000, 293.41208, -99.05131, 4.610189
6354949033000, 293.4179, -99.109604, 4.6675467
6354954018000, 293.42264, -99.16822, 4.7263217
6354959023000, 293.42484, -99.22506, 4.7859793
6354964039000, 293.4262, -99.28382, 4.8453374
6354969024000, 293.4269, -99.33701, 4.904471
6354974015000, 293.42615, -99.39407, 4.9608545
6354979132000, 293.42346, -99.4489, 5.0212593
6354984071000, 293.41843, -99.5008, 5.075376
6354989017000, 293.4158, -99.55252, 5.1277986
6354994050000, 293.40936, -99.597984, 5.1789837
6354999792000, 293.40372, -99.64628, 5.2295656
6355004034000, 293.39624, -99.68493, 5.273253
6355009011000, 293.3935, -99.721535, 5.3129716
6355014038000, 293.38593, -99.75213, 5.3521233
6355019026000, 293.3787, -99.77715, 5.384287
6355024015000, 293.3711, -99.79562, 5.412933
6355029055000, 293.3534, -99.80822, 5.439361
6355034029000, 293.33386, -99.81282, 5.4606934
6355039015000, 293.3115, -99.814, 5.482371
6355044047000, 293.27966, -99.8128, 5.5018415
6355049039000, 293.24213, -99.8059, 5.5219703
6355054028000, 293.20776, -99.794785, 5.5379415
6355059017000, 293.1622, -99.78501, 5.557438
6355064038000, 293.11954, -99.773834, 5.577606
6355069373000, 293.07162, -99.75994, 5.5946784
6355074017000, 293.02435, -99.74512, 5.613865
6355079044000, 292.9804, -99.73531, 5.6332994
6355084028000, 292.9326, -99.72256, 5.651351
6355089012000, 292.89487, -99.71041, 5.6700926
6355094033000, 292.85635, -99.705986, 5.6918454
6355099037000, 292.8235, -99.69515, 5.709584
6355104025000, 292.8001, -99.68884, 5.728436
6355108986000, 292.77576, -99.6827, 5.7494555
6355114037000, 292.75732, -99.66756, 5.761581
6355118992000, 292.73962, -99.65835, 5.7808514
6355124060000, 292.69876, -99.65111, 5.8547497
6355129014000, 292.6558, -99.651054, 5.9346814
6355134027000, 292.6174, -99.64268, 6.000288
6355139269000, 292.5749, -99.63585, 6.0687923
6355144019000, 292.53366, -99.637566, 6.1464596
6355149021000, 292.49475, -99.64091, 6.2242618
6355154024000, 292.44702, -99.65957, 6.326668
6355159027000, 292.39478, -99.68466, 6.4349327
6355164040000, 292.33414, -99.72416, 6.5707254
6355169056000, 292.2646, -99.77419, 6.7158732
6355174125000, 292.1772, -99.84259, 6.903299
6355179071000, 292.07797, -99.91565, 7.097099
6355184054000, 291.95425, -100.01619, 7.3473735
6355189069000, 291.82657, -100.123604, 7.60736
6355194073000, 291.67014, -100.2876, 7.956023
6355199041000, 291.52057, -100.46303, 8.311138
6355204053000, 291.34937, -100.74002, 8.795733
6355209038000, 291.19037, -101.03575, 9.288294
6355214000000, 291.01642, -101.534485, 9.988525
6355219031000, 290.8526, -102.0482, 10.688724
6355224024000, 290.67322, -102.93728, 11.744455
6355229029000, 290.48953, -103.83383, 12.79191
6355234026000, 290.28494, -105.492584, 14.551188
6355239023000, 290.06335, -107.09308, 16.246614
6355244037000, 289.81018, -109.089584, 18.31501
6355249041000, 289.56213, -110.99276, 20.295685
6355253992000, 289.32898, -112.85646, 22.238327
6355259016000, 289.11713, -114.66282, 24.119312
6355263976000, 288.94772, -116.422104, 25.954355
6355269026000, 288.79837, -118.12946, 27.732817
6355273982000, 288.69458, -119.604675, 29.282097
6355279071000, 288.6062, -121.026566, 30.77351
6355283959000, 288.5534, -122.15819, 31.974298
6355289061000, 288.50784, -123.255974, 33.13438
6355294018000, 288.4826, -124.34334, 34.26924
6355299036000, 288.45795, -125.390755, 35.354553
6355303984000, 288.26877, -126.6519, 36.63985
6355309051000, 287.83658, -127.84015, 37.83986
6355314003000, 287.0819, -51.372223, 38.61352
6355319059000, 286.15408, -50.59899, 39.334595
6355324644000, 285.21063, -50.182076, 39.67289
6355329088000, 284.07196, -49.774532, 39.968185
6355334045000, 282.75958, -49.718502, 39.84749
6355339058000, 281.5542, -49.658653, 39.70465
6355344015000, 280.4284, -49.56655, 39.57158
6355349061000, 279.46475, -49.423653, 39.480827
6355353963000, 278.64734, -49.266518, 39.407394
6355359020000, 277.9255, -48.788242, 39.659374
6355364040000, 277.3308, -48.338505, 39.906685
6355369024000, 277.05798, -47.275414, 40.88959
6355374013000, 276.88855, -46.298676, 41.826088
6355379198000, 276.79663, -45.391262, 42.716633
6355384159000, 276.74432, -44.575993, 43.544567
6355389056000, 276.82077, -43.494907, 44.699005
6355394412000, 276.87924, -42.48151, 45.793556
6355399039000, 276.93137, -41.51783, 46.826054
6355404061000, 276.9859, -40.605797, 47.81534
6355409061000, 276.9132, -39.97778, 48.46144
6355414068000, 276.85434, -39.369576, 49.096855
6355419041000, 276.8127, -38.84095, 49.647907
6355424064000, 276.8144, -38.328053, 50.197964
6355429047000, 276.9512, -37.706013, 50.886597
6355434056000, 277.11136, -37.100292, 51.569267
6355439028000, 277.49426, -36.309242, 52.472477
6355444106000, 277.89114, -35.54288, 53.357574
6355449037000, 278.44046, -34.67786, 54.351177
6355454001000, 279.0235, -33.842503, 55.31342
6355459032000, 279.6687, -32.99718, 56.279095
6355464008000, 280.35226, -32.175808, 57.2166
6355469032000, 281.05408, -31.378042, 58.12264
6355474023000, 281.79376, -30.571243, 59.026234
6355489090000, 284.12607, -28.230774, 61.59574
6355494003000, 284.9438, -27.465652, 62.41514
6355498975000, 285.7724, -26.72143, 63.204018
6355503920000, 286.5505, -26.065533, 63.892197
6355508932000, 287.35065, -25.433228, 64.548
6355513953000, 288.08618, -24.847237, 65.14737
6355518888000, 288.86273, -24.281914, 65.718025
6355523923000, 289.7385, -156.41785, 66.41414
6355528923000, 290.62195, -157.09016, 67.07359
6355533948000, 291.53064, -157.73921, 67.70024
6355538908000, 292.42264, -158.36041, 68.29047
6355543997000, 293.24347, -158.91702, 68.81011
6355548942000, 294.0622, -159.45528, 69.30459
6355554026000, 294.68982, -159.80634, 69.61133
6355558999000, 295.2766, -160.14297, 69.90111
6355563986000, 295.7428, -160.41356, 70.12723
6355568996000, 296.15118, -160.66609, 70.337036
6355573992000, 296.43088, -160.91417, 70.55027
6355579099000, 296.64188, -161.13864, 70.74527
6355584028000, 296.66486, -161.39139, 70.983696
6355589028000, 296.59875, -161.61552, 71.20092
6355594146000, 296.3001, -161.91858, 71.51736
6355599006000, 295.90125, -162.19463, 71.812874
6355604082000, 295.26617, -162.44249, 72.086754
6355609070000, 294.47275, -162.67229, 72.34995
6355614066000, 293.55322, -162.84743, 72.56096
6355619063000, 292.50317, -163.01985, 72.77355
6355624066000, 291.5311, -163.13603, 72.92268
6355629108000, 290.44693, -163.27432, 73.097275
6355634061000, 289.8313, -163.2446, 73.08458
6355639064000, 289.24017, -163.27808, 73.134315
6355644071000, 288.93896, -163.28574, 73.150795
6355649691000, 288.67136, -163.32938, 73.20267
6355654058000, 288.74493, -163.383, 73.25229
6355659006000, 288.8981, -163.4656, 73.329025
6355664002000, 289.33844, -163.59615, 73.44293
6355669028000, 289.80792, -163.73822, 73.56574
6355674050000, 290.42, -163.94244, 73.74185
6355679130000, 291.0067, -164.13657, 73.905426
6355684040000, 291.5036, -164.43823, 74.1766
6355689021000, 291.9451, -164.71101, 74.41878
6355693991000, 292.10135, -165.05382, 74.74323
6355699011000, 292.1955, -165.3627, 75.03612
6355703964000, 291.55673, -165.35384, 75.04473
6355709007000, 290.9159, -165.32205, 75.029816
6355713962000, 289.90424, -165.14897, 74.88881
6355719758000, 288.972, -164.95787, 74.72452
6355723981000, 288.08603, -164.71906, 74.50837
6355729104000, 287.25266, -164.47433, 74.282684
6355734027000, 286.59924, -164.19904, 74.01782
6355739018000, 285.9298, -163.92502, 73.75455
6355744036000, 285.06042, -163.592, 73.43829
6355749081000, 284.01077, -163.26486, 73.13502
6355754050000, 283.0179, -162.90683, 72.79858
6355759067000, 281.72876, -162.56737, 72.4899
6355764059000, 280.41022, -162.20505, 72.15593
6355769066000, 279.0223, -161.88269, 71.85863
6355774048000, 277.097, -161.58633, 71.58287
6355779215000, 275.51834, -18.65212, 71.34735
6355784068000, 273.95435, -18.661543, 71.327965
6355789001000, 272.89444, -18.63492, 71.341255
6355794070000, 272.74026, -18.48283, 71.49204
6355799030000, 272.7396, -18.332697, 71.64372
6355804389000, 274.3212, -18.257654, 71.7369
6355809070000, 275.60126, -18.190683, 71.80917
6355813999000, 278.08084, -162.10788, 72.09639
6355819061000, 279.8415, -162.40446, 72.36907
6355823993000, 281.4553, -162.71245, 72.64508
6355829133000, 283.10077, -162.78777, 72.67817
6355834014000, 285.50888, -162.88855, 72.69335
6355839060000, 286.5636, -163.14395, 72.90307
6355844100000, 288.04553, -163.39038, 73.07607
6355849061000, 286.77945, -163.50179, 73.25051
6355854062000, 285.82355, -163.61484, 73.41081
6355859042000, 285.0135, -163.63982, 73.47482
6355864068000, 284.05048, -163.71922, 73.595406
6355869060000, 283.12827, -163.72577, 73.63718
6355874061000, 282.316, -163.75003, 73.6897
6355879073000, 282.48444, -163.59445, 73.53795
6355884126000, 282.5214, -163.42984, 73.37855
6355889054000, 284.08664, -163.35966, 73.27627
6355894070000, 285.40472, -163.24055, 73.123566
6355899029000, 286.98505, -163.33604, 73.16772
6355904062000, 288.3837, -163.3781, 73.15292
6355909053000, 289.44278, -163.18741, 72.9102
6355914059000, 290.35016, -162.96935, 72.63707
6355919058000, 291.4427, -162.74197, 72.333664
6355924048000, 292.41235, -162.50578, 72.01766
6355929137000, 293.33344, -162.31372, 71.7395
6355934167000, 294.36127, -162.13608, 71.458084
6355938969000, 294.61975, -162.09567, 71.37333
6355944022000, 295.05563, -162.06476, 71.28034
6355948958000, 295.7998, -162.00516, 71.12582
6355954035000, 296.53433, -161.96422, 70.98422
6355959074000, 297.4698, -161.98001, 70.87206
6355964039000, 298.3164, -161.99622, 70.761635
6355969022000, 299.22247, -162.11586, 70.74434
6355974799000, 300.0576, -162.2199, 70.71067
6355979061000, 300.84225, -162.3982, 70.754906
6355984115000, 301.54037, -162.55573, 70.78516
6355988989000, 302.1254, -162.70891, 70.821556
6355994081000, 302.66635, -162.84283, 70.84197
6355999013000, 303.1894, -162.95728, 70.84325
6356004024000, 303.77457, -163.06987, 70.82992
6356009049000, 304.38794, -163.16582, 70.790764
6356014036000, 304.942, -163.27104, 70.76935
6356019032000, 305.5382, -163.36024, 70.71999
6356024009000, 305.97708, -163.46341, 70.710106
6356029071000, 306.4675, -163.56238, 70.68474
6356034036000, 306.82892, -163.68721, 70.70501
6356039018000, 307.1207, -163.80913, 70.73486
6356044822000, 307.30676, -163.93633, 70.79447
6356049038000, 307.50003, -164.06683, 70.85896
6356054024000, 307.60672, -164.20525, 70.948395
6356059017000, 307.66537, -164.34027, 71.05083
6356064018000, 307.7625, -164.49014, 71.16281
6356069032000, 307.80984, -164.6423, 71.29238
6356074014000, 307.84723, -164.78506, 71.41854
6356079041000, 307.9332, -164.9391, 71.55119
6356083977000, 307.76895, -164.96964, 71.59123
6356089004000, 307.69214, -165.0056, 71.621376
6356093978000, 307.57593, -165.03046, 71.63737
6356099035000, 307.52936, -165.0586, 71.64482
6356103961000, 307.4413, -165.11789, 71.69813
6356109018000, 307.30014, -165.18169, 71.770195
6356114622000, 307.13904, -165.34328, 71.95885
6356119029000, 306.8416, -165.49437, 72.167984
6356124015000, 306.58737, -165.70047, 72.43181
6356129053000, 306.06406, -165.8759, 72.717415
6356134013000, 305.5485, -166.04837, 73.00356
6356138999000, 304.9188, -166.20352, 73.28913
6356144017000, 304.2405, -166.34464, 73.567024
6356149032000, 303.728, -166.52167, 73.85545
6356154018000, 303.2548, -166.69464, 74.132355
6356159019000, 302.77417, -166.86304, 74.40277
6356164044000, 302.365, -167.0254, 74.65444
6356169027000, 301.9917, -167.16475, 74.86267
6356174012000, 301.67322, -167.29706, 75.0549
6356179075000, 301.53955, -167.40817, 75.196884
6356184349000, 301.39944, -167.51616, 75.33835
6356189027000, 301.206, -167.58975, 75.45128
6356194104000, 300.98822, -167.66054, 75.5652
6356199030000, 300.71564, -167.69556, 75.6438
6356204027000, 300.34943, -167.73497, 75.73853
6356208989000, 299.86432, -167.73866, 75.80501
6356214060000, 299.30853, -167.74841, 75.88272
6356218960000, 298.79648, -167.74956, 75.94105
6356224012000, 298.20856, -167.75124, 76.00617
6356229040000, 297.90448, -167.75273, 76.03379
6356234096000, 297.67932, -167.74742, 76.043686
6356238952000, 297.6004, -167.75072, 76.04628
6356244040000, 297.61987, -167.75179, 76.03557
6356248969000, 297.71527, -167.75374, 76.01643
6356254032000, 297.52213, -167.66896, 75.93873
6356259274000, 297.32834, -167.5901, 75.86836
6356264007000, 296.95462, -167.46405, 75.77038
6356269008000, 296.38657, -167.33575, 75.693085
6356274015000, 295.74915, -167.21245, 75.63139
6356279085000, 295.0904, -167.0906, 75.57562
6356284131000, 294.28943, -166.9962, 75.56465
6356289029000, 293.52234, -166.91438, 75.56565
6356294011000, 292.5359, -166.8835, 75.64252
6356299880000, 291.55807, -166.86166, 75.72727
6356304027000, 289.766, -166.72794, 75.76225
6356309018000, 287.92877, -166.61426, 75.81232
6356314020000, 285.7127, -166.44374, 75.817924
6356319027000, 283.53644, -166.30626, 75.83599
6356324012000, 281.00647, -166.07736, 75.75983
6356329060000, 278.4442, -165.9108, 75.719604
6356334359000, 275.5022, -165.68152, 75.59684
6356339002000, 272.50958, -165.48064, 75.46095
6356344047000, 269.21872, -14.731487, 75.267815
6356349031000, 265.9652, -14.914989, 75.04719
6356354026000, 262.62692, -15.069757, 74.79388
6356359016000, 259.44138, -15.209473, 74.49888
6356364041000, 256.08426, -15.309254, 74.17013
6356369838000, 253.53456, -15.346542, 73.89566
6356374011000, 250.66122, -15.332627, 73.59341
6356379018000, 248.39066, -15.224299, 73.39705
6356384072000, 246.11752, -15.084919, 73.19281
6356389023000, 244.31573, -14.87612, 73.09062
6356394026000, 242.65799, -14.663385, 72.9912
6356399025000, 241.03424, -14.413422, 72.91074
6356404029000, 239.80014, -14.195578, 72.84867
6356409003000, 238.11182, -13.948672, 72.71741
6356414039000, 236.69958, -13.739826, 72.58505
6356419006000, 234.78662, -13.540468, 72.31065
6356424005000, 232.8726, -13.336141, 72.008095
6356428980000, 230.9385, -13.219583, 71.55748
6356434026000, 229.05264, -13.084285, 71.10079
6356439634000, 227.31552, -13.028662, 70.541885
6356444011000, 225.72849, -12.974217, 70.00012
6356449025000, 224.35391, -12.9456625, 69.446915
6356454002000, 223.21281, -12.943651, 68.93882
6356459026000, 221.72388, -12.700163, 68.56975
6356464014000, 220.46513, -12.505071, 68.21448
6356469021000, 219.28043, -12.35486, 67.73611
6356474011000, 218.2615, -12.248882, 67.25829
6356484012000, 216.45865, -12.082313, 66.2634
6356489027000, 215.70096, -12.004892, 65.83141
6356494013000, 215.01512, -11.9590225, 65.4066
6356499016000, 214.4221, -11.942716, 65.00497
6356503941000, 213.89113, -11.907967, 64.70077
6356508934000, 213.41206, -11.896322, 64.414795
6356513942000, 212.90665, -11.826701, 64.24292
6356518939000, 212.44128, -11.764483, 64.10314
6356523915000, 211.82649, -11.546445, 64.17975
6356528978000, 186.51978, -11.34179, 64.273186
6356533942000, 186.29413, -10.86927, 64.63969
6356538942000, 186.05135, -10.424428, 64.98516
6356543998000, 185.83777, -9.979238, 65.37722
6356548943000, 185.59332, -9.560343, 65.752014
6356554023000, 185.37183, -9.11823, 66.12924
6356559001000, 185.12656, -8.709446, 66.49431
6356564005000, 184.88525, -8.315302, 66.826614
6356569028000, 184.6181, -7.9647865, 67.14961
6356574019000, 184.30325, -7.9088674, 67.28277
6356579036000, 183.97116, -7.890283, 67.42466
6356584025000, 183.59935, -8.050138, 67.46349
6356589027000, 183.206, -8.23906, 67.50474
6356594005000, 182.79448, -8.45657, 67.52343
6356599046000, 182.35864, -8.697197, 67.54524
6356604026000, 181.91086, -8.959441, 67.56602
6356609019000, 181.44614, -9.242333, 67.581154
6356614058000, 180.97226, -9.55686, 67.60552
6356619029000, 180.48213, -9.878834, 67.60704
6356624031000, 180.0031, -10.199336, 67.6108
6356629034000, 179.4977, -10.534008, 67.59259
6356633961000, 179.00468, -10.810424, 67.584755
6356639026000, 178.49626, -11.1005945, 67.55
6356644002000, 177.9776, -11.401595, 67.496864
6356649031000, 207.00877, -11.580392, 67.464676
6356654010000, 206.91444, -11.765325, 67.40447
6356659708000, 206.17067, -11.621157, 67.49271
6356664022000, 176.01944, -11.499354, 67.53216
6356669026000, 175.55968, -11.327475, 67.56248
6356674014000, 175.09416, -11.178291, 67.54717
6356679047000, 174.61044, -10.973509, 67.529564
6356684085000, 174.11261, -10.788732, 67.48262
6356689024000, 173.582, -10.740027, 67.36796
6356694052000, 173.03262, -10.704136, 67.26569
6356699028000, 172.4287, -10.800984, 67.11112
6356704035000, 171.81738, -10.905983, 66.99513
6356708982000, 171.16855, -11.133032, 66.82396
6356714041000, 170.53444, -11.350061, 66.67454
6356718960000, 198.0224, -11.675777, 66.49396
6356724008000, 197.91052, -11.959122, 66.32507
6356729765000, 197.8904, -12.298392, 66.1239
6356734033000, 197.85957, -12.594034, 65.92457
6356738987000, 197.76111, -12.881092, 65.72332
6356744035000, 197.59644, -13.091132, 65.52179
6356749038000, 197.3713, -13.265794, 65.33169
6356754028000, 197.03836, -13.388564, 65.13668
6356759018000, 196.64699, -13.47483, 64.94196
6356764055000, 196.24062, -13.549377, 64.78681
6356769027000, 195.8161, -13.60542, 64.62687
6356774008000, 195.3671, -13.614696, 64.520676
6356779051000, 194.92087, -13.61659, 64.404915
6356783988000, 194.44794, -13.586317, 64.29941
6356789026000, 193.90704, -13.549139, 64.11416
6356794016000, 193.3987, -13.496161, 63.934464
6356799364000, 192.81708, -13.441267, 63.700264
6356803997000, 192.36751, -13.474928, 63.447258
6356809015000, 191.84349, -13.514985, 63.177982
6356813961000, 191.5708, -13.671716, 62.933628
6356819027000, 191.20096, -13.80918, 62.708515
6356824009000, 191.13428, -14.058143, 62.590794
6356829068000, 191.00784, -14.273281, 62.470955
6356833981000, 190.99602, -14.602146, 62.255074
6356839023000, 190.999, -14.901295, 62.052425
6356844008000, 191.00235, -15.158943, 61.85219
6356849029000, 191.05621, -15.482358, 61.52231
6356854028000, 191.17807, -15.769285, 61.24637
6356859008000, 191.32376, -16.12679, 60.885815
6356864039000, 191.5261, -16.477291, 60.59542
6356869108000, 191.65192, -16.795938, 60.355946
6356874009000, 191.8095, -17.118378, 60.181873
6356879038000, 191.56616, -17.20841, 60.163635
6356884020000, 191.30443, -17.342844, 60.084877
6356888993000, 191.21921, -17.433365, 60.17821
6356894047000, 191.05159, -17.552757, 60.150124
6356899007000, 191.02676, -17.768126, 60.0404
6356904029000, 191.0163, -17.984858, 59.899933
6356909278000, 190.9672, -18.321638, 59.581158
6356914038000, 190.89084, -18.642933, 59.25767
6356919341000, 190.77133, -18.891903, 59.037937
6356924005000, 190.79614, -19.246405, 58.76708
6356929090000, 191.09344, -19.529642, 58.74018
6356934053000, 191.37439, -19.853825, 58.6947
6356939516000, 191.60345, -20.176334, 58.628376
6356944011000, 191.84242, -20.397152, 58.700993
6356949038000, 192.13336, -20.670866, 58.737686
6356954026000, 191.81667, -20.568628, 58.956936
6356959020000, 191.56577, -20.525782, 59.12856
6356963982000, 191.46756, -20.58553, 59.22442
6356969028000, 191.36534, -20.68403, 59.260532
6356974025000, 191.32063, -20.874968, 59.19888
6356979051000, 191.21109, -21.077478, 59.081398
6356984114000, 190.93265, -21.296434, 58.885136
6356989028000, 190.58615, -21.508965, 58.66306
6356994015000, 190.19568, -21.703829, 58.442097
6356999028000, 189.77611, -21.963894, 58.141693
6357004025000, 189.3405, -22.200243, 57.872635
6357008987000, 188.86133, -22.4851, 57.548412
6357014089000, 188.40265, -22.742188, 57.282764
6357018990000, 187.97089, -23.011814, 57.0337
6357024016000, 187.56543, -23.269804, 56.82363
6357029023000, 187.04172, -23.519455, 56.566044
6357034014000, 186.55194, -23.773956, 56.321712
6357039005000, 185.99654, -23.989376, 56.072315
6357044021000, 185.46439, -24.202154, 55.822304
6357049018000, 184.99031, -24.401423, 55.584316
6357054458000, 184.52992, -24.592113, 55.343327
6357059022000, 184.13985, -24.762007, 55.16161
6357064006000, 183.74759, -24.927559, 54.974842
6357069015000, 183.30368, -25.02771, 54.839127
6357074019000, 182.83716, -25.124437, 54.690258
6357079119000, 182.38843, -25.197063, 54.566467
6357084065000, 181.89478, -25.267246, 54.415165
6357089102000, 181.3468, -25.336058, 54.225765
6357094022000, 180.8301, -25.413565, 54.041824
6357099041000, 180.27892, -25.489199, 53.830273
6357104027000, 179.79588, -25.581217, 53.620678
6357109018000, 179.30577, -25.670929, 53.39828
6357113995000, 178.93466, -25.790905, 53.19732
6357119029000, 178.5582, -25.901636, 52.999702
6357124673000, 178.28856, -26.049898, 52.810566
6357129092000, 178.02567, -26.196537, 52.62355
6357134043000, 177.76134, -26.349398, 52.4378
6357139013000, 177.49246, -26.504345, 52.24692
6357144002000, 177.02304, -26.609974, 52.02099
6357149035000, 176.57692, -26.720293, 51.793327
6357154024000, 176.05211, -26.860033, 51.488472
6357159013000, 175.574, -26.997734, 51.186344
6357163997000, 175.09122, -27.151217, 50.846382
6357169028000, 174.65735, -27.299105, 50.515835
6357174014000, 174.25294, -27.437412, 50.190617
6357179064000, 173.87709, -27.563015, 49.878742
6357184010000, 173.53117, -27.670454, 49.58881
6357189021000, 173.18686, -27.765482, 49.308865
6357194317000, 172.87593, -27.86228, 49.05106
6357199039000, 172.5624, -27.955667, 48.80089
6357204004000, 172.2564, -28.031086, 48.587757
6357209022000, 171.9563, -28.108139, 48.379887
6357213972000, 171.64413, -28.19441, 48.18402
6357219028000, 171.38564, -28.276705, 48.040092
6357224015000, 171.11592, -28.36283, 47.89792
6357229097000, 170.91684, -28.452175, 47.81065
6357234102000, 170.69174, -28.54787, 47.713707
6357239016000, 170.63766, -28.732069, 47.599354
6357244023000, 170.55219, -28.911623, 47.479645
6357249027000, 170.4412, -29.07573, 47.36276
6357254029000, 170.32758, -29.228546, 47.261436
6357259012000, 170.1592, -29.450516, 47.078445
6357264039000, 169.9895, -29.655783, 46.9085
6357269024000, 169.79504, -29.877829, 46.705074
6357274017000, 169.56554, -30.073252, 46.488316
6357279029000, 169.2632, -30.243053, 46.23224
6357284039000, 168.90105, -30.388931, 45.934864
6357289030000, 168.44601, -30.493093, 45.57792
6357294008000, 167.94034, -30.562761, 45.176563
6357299023000, 167.26405, -30.603302, 44.659508
6357304027000, 166.58124, -30.61646, 44.12477
6357309023000, 165.82645, -30.694, 43.43322
6357314056000, 165.10268, -30.749834, 42.75595
6357319036000, 164.42639, -30.910858, 41.985565
6357324015000, 163.7904, -31.043266, 41.246094
6357329015000, 163.17126, -31.231888, 40.45222
6357334040000, 162.57217, -31.35736, 39.699398
6357338979000, 161.989, -31.558548, 38.879185
6357344085000, 161.37993, -31.700327, 38.068443
6357348984000, 160.73279, -31.921972, 37.168514
6357354026000, 160.00095, -32.094513, 36.25009
6357358993000, 159.2428, -32.293423, 35.33571
6357364003000, 158.38353, -32.44362, 34.40615
6357369020000, 157.49945, -32.536896, 33.51299
6357374033000, 156.50021, -32.565422, 32.589222
6357379706000, 155.50246, -32.515064, 31.767567
6357384039000, 154.47325, -32.397648, 30.96491
6357389223000, 153.52551, -32.224983, 30.311966
6357394014000, 152.57596, -32.024014, 29.680614
6357399001000, 151.61766, -31.70872, 29.092268
6357404031000, 150.70728, -31.445593, 28.519709
6357409029000, 149.92151, -31.205444, 28.06476
6357414093000, 149.10811, -30.935415, 27.590633
6357419012000, 148.39986, -30.717999, 27.182364
6357424017000, 147.65355, -30.470493, 26.676268
6357429043000, 147.01872, -30.3165, 26.22876
6357434030000, 146.44905, -30.231636, 25.572828
6357439023000, 145.95915, -30.218136, 24.971703
6357445696000, 145.56654, -30.300297, 24.350983
6357449052000, 145.18118, -30.462929, 23.747078
6357454039000, 144.91931, -30.621834, 23.228378
6357459063000, 144.67238, -30.88836, 22.72929
6357464013000, 144.46727, -31.178108, 22.25513
6357469001000, 144.29118, -31.36479, 21.941921
6357473981000, 144.1165, -31.600878, 21.626308
6357498991000, 142.7927, -32.53776, 21.26598
6357504066000, 142.41574, -32.70452, 21.323442
6357509045000, 142.02711, -32.82893, 21.423922
6357514040000, 141.65486, -33.004692, 21.524403
6357519374000, 141.25267, -33.131935, 21.597042
6357524061000, 140.87628, -33.29756, 21.674469
6357529128000, 140.58691, -33.51124, 21.7343
6357534074000, 140.3239, -33.7684, 21.79865
6357538964000, 140.2153, -34.116417, 21.834684
6357544069000, 140.12828, -34.507065, 21.870375
6357548994000, 140.15038, -34.964596, 21.867186
6357554061000, 140.19174, -35.45271, 21.854061
6357559011000, 140.28961, -35.994995, 21.782038
6357564049000, 140.40463, -36.56443, 21.691671
6357569027000, 140.52734, -37.16937, 21.52468
6357574058000, 140.66685, -37.805317, 21.33243
6357579124000, 140.80705, -38.47087, 21.080284
6357584130000, 140.9533, -39.16877, 20.800592
6357588962000, 141.09923, -39.898685, 20.489407
6357594059000, 141.25368, -40.65937, 20.146503
6357598971000, 141.4117, -41.44977, 19.784882
6357604059000, 141.5486, -42.206615, 19.472689
6357608988000, 141.68544, -43.00344, 19.119976
6357614070000, 141.73576, -43.711624, 18.840813
6357618962000, 141.76286, -44.43942, 18.523777
6357624061000, 141.0282, -44.586174, 18.405546
6357629072000, 140.30702, -44.78177, 18.24564
6357634123000, 139.61823, -45.13839, 18.062178
6357639053000, 138.92545, -45.523384, 17.859476
6357644065000, 138.24031, -46.05885, 17.622755
6357649064000, 137.55573, -46.604023, 17.383324
6357654064000, 136.86531, -47.25575, 17.115715
6357659095000, 136.18939, -47.895355, 16.864742
6357664055000, 135.60173, -48.682602, 16.575037
6357669148000, 135.02888, -49.421944, 16.304407
6357674058000, 134.55833, -50.241867, 15.987565
6357679160000, 134.0818, -50.98135, 15.686965
6357684159000, 133.6036, -51.6781, 15.3838005
6357689055000, 133.11975, -52.2741, 15.108824
6357694049000, 132.59065, -52.72083, 14.892662
6357699035000, 132.05241, -53.083786, 14.702581
6357704625000, 131.59778, -53.300713, 14.612663
6357709067000, 131.16885, -53.4278, 14.572798
6357714052000, 130.86755, -53.43642, 14.621333
6357719062000, 130.63028, -53.415318, 14.722419
6357724052000, 130.52147, -53.297134, 14.90705
6357729162000, 130.45901, -53.16686, 15.123372
6357734143000, 130.47424, -53.01878, 15.382449
6357739151000, 130.49428, -52.867565, 15.647453
6357744056000, 130.54115, -52.74681, 15.899075
6357749068000, 130.55432, -52.625965, 16.121803
6357754022000, 130.54243, -52.562088, 16.283245
6357759067000, 130.48067, -52.475693, 16.403435
6357763962000, 130.38611, -52.466324, 16.445618
6357769056000, 130.21085, -52.423412, 16.417015
6357774707000, 129.94383, -52.46705, 16.25024
6357779166000, 129.58081, -52.483013, 16.009283
6357784014000, 129.16797, -52.732796, 15.637522
6357789063000, 128.63585, -53.019924, 15.199914
6357793978000, 128.0268, -53.55905, 14.677738
6357799039000, 127.39237, -54.174175, 14.149698
6357803988000, 126.7784, -54.882973, 13.649505
6357809060000, 126.18478, -55.670155, 13.168314
6357814010000, 125.67552, -56.348286, 12.7157545
6357819042000, 125.22336, -56.9944, 12.294659
6357824036000, 124.82509, -57.625645, 11.869392
6357829187000, 124.453606, -58.193237, 11.478936
6357834068000, 124.14288, -58.749207, 11.119508
6357839060000, 123.93878, -59.274033, 10.890557
6357844502000, 123.86145, -59.735363, 10.792973
6357849061000, 123.869965, -60.186607, 10.817574
6357853962000, 123.93007, -60.434406, 11.036416
6357859065000, 124.01768, -60.63581, 11.301508
6357864012000, 124.060524, -60.790546, 11.546831
6357869063000, 124.01893, -61.010967, 11.848641
6357874092000, 123.88323, -61.225937, 12.043464
6357879055000, 123.71632, -61.574688, 12.233017
6357884015000, 123.52782, -61.908333, 12.347685
6357889044000, 123.42687, -62.17012, 12.431946
6357894061000, 123.3223, -62.43191, 12.505423
6357899030000, 123.319176, -62.189472, 12.550261
6357904048000, 123.307526, -61.9088, 12.655835
6357909067000, 123.24941, -61.944157, 12.636826
6357914093000, 123.162895, -61.954487, 12.638337
6357919056000, 122.99576, -62.22491, 12.605625
6357924080000, 122.73868, -62.498302, 12.500161
6357929194000, 122.489044, -62.88748, 12.369154
6357934079000, 122.20789, -63.329247, 12.191281
6357938961000, 121.91848, -63.671333, 12.018602
6357944056000, 121.64305, -64.07671, 11.837136
6357948985000, 121.333984, -64.32995, 11.68033
6357954058000, 121.06426, -64.64405, 11.537066
6357959010000, 120.81875, -64.96126, 11.414836
6357964060000, 120.59253, -65.2973, 11.304337
6357969196000, 120.384026, -65.691, 11.230157
6357974089000, 120.19458, -66.05811, 11.181449
6357979092000, 120.014465, -66.404945, 11.157246
6357984064000, 119.85328, -66.73117, 11.1540785
6357989395000, 119.777275, -67.02395, 11.243497
6357994212000, 119.715034, -67.301346, 11.340665
6357999028000, 119.673775, -67.562744, 11.464179
6358004058000, 119.62447, -67.81047, 11.574081
6358008995000, 119.56704, -68.054214, 11.676795
6358014055000, 119.49316, -68.281624, 11.768816
6358018966000, 119.395, -68.51188, 11.836656
6358024091000, 119.26047, -68.741104, 11.8638735
6358029848000, 119.10172, -68.9765, 11.8581915
6358034138000, 118.90642, -69.205475, 11.809703
6358039056000, 118.700874, -69.43885, 11.727203
6358044069000, 118.464836, -69.63339, 11.594041
6358049095000, 118.235535, -69.82186, 11.444786
6358054060000, 118.05933, -69.95681, 11.276984
6358059061000, 117.91246, -70.07522, 11.111217
6358064226000, 117.83981, -70.17443, 10.942734
6358069063000, 117.785774, -70.26037, 10.788132
6358074096000, 117.76349, -70.33437, 10.6268
6358079208000, 117.744675, -70.38923, 10.495954
6358084076000, 117.70764, -70.46814, 10.367416
6358089060000, 117.64831, -70.535774, 10.251669
6358094061000, 117.54541, -70.629074, 10.156952
6358099700000, 117.38047, -70.71042, 10.0585785
6358104058000, 117.223915, -70.7809, 10.01181
6358109066000, 117.01755, -70.85273, 9.9487705
6358114119000, 116.835106, -70.881065, 9.919841
6358119062000, 116.661476, -70.91965, 9.891308
6358124117000, 116.515015, -70.90144, 9.88174
6358129218000, 116.398636, -70.88614, 9.874187
6358134093000, 116.33135, -70.863945, 9.862472
6358139018000, 116.291214, -70.83555, 9.852115
6358144056000, 116.28789, -70.793724, 9.851196
6358149066000, 116.29403, -70.74488, 9.846475
6358154056000, 116.31067, -70.70816, 9.8366995
6358159060000, 116.32585, -70.66403, 9.827553
6358164027000, 116.32436, -70.703735, 9.772216
6358169534000, 116.320755, -70.74087, 9.717342
6358174117000, 116.30906, -70.81626, 9.65263
6358179208000, 116.29684, -70.88051, 9.589344
6358184013000, 116.29696, -70.93839, 9.52421
6358189063000, 116.293205, -70.98894, 9.464722
6358193981000, 116.33363, -70.99652, 9.414952
6358199037000, 116.37242, -70.997505, 9.37486
6358203958000, 116.4381, -70.943016, 9.3630705
6358209057000, 116.517685, -70.88952, 9.364166
6358214007000, 116.6024, -70.81547, 9.407292
6358219063000, 116.68837, -70.725365, 9.460321
6358224101000, 116.78919, -70.55539, 9.550866
6358229199000, 116.89236, -70.36117, 9.641121
6358234077000, 116.99814, -70.073044, 9.76619
6358239034000, 117.07273, -69.755516, 9.870146
6358244023000, 117.10936, -69.3949, 9.965936
6358249068000, 117.10781, -68.991875, 10.045495
6358253994000, 117.03199, -68.60662, 10.065412
6358259061000, 116.92007, -68.17619, 10.074136
6358264089000, 116.75171, -67.767586, 10.030744
6358269059000, 116.56601, -67.30074, 9.987224
6358274497000, 116.3448, -66.76706, 9.913817
6358279143000, 116.10085, -66.18606, 9.837092
6358284010000, 115.80443, -65.59479, 9.714254
6358289063000, 115.49206, -64.97785, 9.60193
6358294026000, 115.07732, -64.35887, 9.4459305
6358299030000, 114.611855, -63.84451, 9.267702
6358304022000, 114.10091, -63.33802, 9.078818
6358309051000, 113.51248, -62.9184, 8.8706665
6358314052000, 112.87182, -62.46542, 8.662291
6358319058000, 112.1862, -62.0834, 8.468051
6358324097000, 111.443825, -61.66077, 8.260479
6358329095000, 110.630806, -61.327526, 8.07194
6358334099000, 109.79048, -60.964825, 7.874802
6358338989000, 108.96843, -60.65259, 7.727558
6358344069000, 108.18094, -60.35194, 7.592153
6358348984000, 107.44712, -59.993393, 7.5129113
6358354740000, 106.80279, -59.693634, 7.461037
6358359041000, 106.25814, -59.276325, 7.440781
6358364047000, 105.80548, -58.93803, 7.4373875
6358369042000, 105.38124, -58.50966, 7.359862
6358374080000, 105.03181, -58.168556, 7.2704053
6358379086000, 104.59491, -57.67296, 6.959068
6358384071000, 104.21082, -57.25728, 6.6300244
6358389048000, 103.857086, -56.8913, 6.2903037
6358394019000, 103.559, -56.56436, 5.9733634
6358399044000, 103.29272, -56.31109, 5.6880736
6358404030000, 103.08254, -56.128532, 5.5058637
6358409003000, 102.88244, -55.99956, 5.359022
6358414028000, 102.745415, -55.95777, 5.305766
6358419053000, 102.629295, -55.97476, 5.293009
6358424774000, 102.486916, -56.035023, 5.2589884
6358429031000, 102.35697, -56.156715, 5.237589
6358433989000, 102.258705, -56.261925, 5.2425823
6358439037000, 102.203415, -56.417786, 5.2510986
6358444046000, 102.17489, -56.544975, 5.2904544
6358449038000, 102.18388, -56.720753, 5.335716
6358454038000, 102.22365, -56.882244, 5.4160156
6358459142000, 102.271416, -57.095608, 5.4948864
6358464035000, 102.3361, -57.34251, 5.6096773
6358469047000, 102.41097, -57.63654, 5.723259
6358474081000, 102.43022, -57.959396, 5.834212
6358479050000, 102.43777, -58.319607, 5.92962
6358484041000, 102.45615, -58.72648, 6.0114274
6358489072000, 102.46331, -59.161377, 6.0856957
6358494041000, 102.47176, -59.610622, 6.153628
6358499035000, 102.48804, -60.093296, 6.2188616
6358503959000, 102.4686, -60.55003, 6.2810245
6358508961000, 102.47033, -61.013947, 6.340039
6358513962000, 102.513824, -61.471504, 6.3938813
6358518964000, 102.589836, -61.926384, 6.4468045
6358523950000, 102.74709, -62.403828, 6.451497
6358529003000, 102.936905, -62.886578, 6.4510436
6358533962000, 103.19436, -63.37563, 6.385818
6358538951000, 103.48166, -63.877, 6.304637
6358543958000, 103.81778, -64.39442, 6.17141
6358548966000, 104.16783, -64.9322, 6.0171547
6358553932000, 104.53494, -65.481094, 5.841682
6358558958000, 104.895874, -66.05449, 5.638787
6358563889000, 105.230515, -66.66519, 5.4398055
6358568963000, 105.52159, -67.29048, 5.20542
6358573906000, 105.70596, -67.95865, 5.004906
6358579003000, 105.8219, -68.63376, 4.7670527
6358583906000, 105.74499, -69.30387, 4.63301
6358588963000, 105.53311, -69.97968, 4.4465094
6358593949000, 105.125465, -70.64273, 4.375931
6358598944000, 104.64759, -71.31931, 4.290535
6358604021000, 104.05347, -72.05783, 4.2662845
6358609038000, 103.43792, -72.807625, 4.250107
6358614080000, 102.83301, -73.61424, 4.2626243
6358619059000, 102.25159, -74.412506, 4.296052
6358624084000, 101.76823, -75.180305, 4.332399
6358629128000, 101.337975, -75.897896, 4.3838935
6358634091000, 101.02541, -76.4782, 4.42414
6358639064000, 100.78598, -76.96957, 4.487151
6358644036000, 100.662605, -77.29102, 4.5434294
6358649063000, 100.61292, -77.50586, 4.6297984
6358654033000, 100.72165, -77.59334, 4.7399735
6358659056000, 100.896706, -77.594055, 4.876381
6358664091000, 101.160255, -77.45477, 5.064039
6358669061000, 101.46312, -77.266464, 5.274681
6358674064000, 101.834656, -77.00277, 5.4955034
6358679092000, 102.190544, -76.72538, 5.7171464
6358684067000, 102.59238, -76.442245, 5.9175544
6358689024000, 102.88651, -76.15724, 6.092254
6358694305000, 103.17696, -75.98124, 6.1139216
6358699035000, 103.358444, -75.78543, 6.120314
6358703959000, 103.44027, -75.63738, 6.030624
6358709014000, 103.38387, -75.44519, 5.9096303
6358714049000, 103.23862, -75.17008, 5.769746
6358719024000, 103.11728, -74.850075, 5.636593
6358724004000, 103.094154, -74.473206, 5.5553646
6358729099000, 103.12846, -74.15031, 5.5665064
6358733979000, 103.21919, -73.85037, 5.643303
6358738993000, 103.294464, -73.98493, 5.855731
6358743992000, 103.39003, -74.224525, 6.0821977
6358749528000, 103.29675, -74.943985, 6.289791
6358753963000, 103.00146, -75.69829, 6.4223766
6358759017000, 102.52468, -76.48324, 6.3562474
6358764032000, 101.85258, -77.2253, 6.220723
6358769028000, 101.21785, -77.75574, 5.8148794
6358774018000, 100.66343, -78.2563, 5.384742
6358779068000, 100.078804, -78.521194, 4.8550425
6358784134000, 100.04718, -78.797104, 4.411808
6358789021000, 100.163704, -78.74787, 4.2302675
6358794051000, 100.489716, -78.77786, 4.1177254
6358799036000, 100.88637, -78.818825, 4.398725
6358804028000, 101.19559, -78.85866, 4.6627536
6358809008000, 101.29645, -79.21791, 4.9285083
6358814115000, 101.27504, -79.55094, 5.118772
6358819639000, 101.272, -79.77875, 5.1925178
6358824028000, 101.376976, -79.96088, 5.258101
6358829130000, 101.72197, -79.565025, 5.4115753
6358834046000, 102.21075, -79.11656, 5.638899
6358839021000, 102.80203, -78.56808, 5.995716
6358844023000, 103.34443, -78.03693, 6.4000316
6358849030000, 103.69905, -77.901886, 6.742641
6358854027000, 103.904495, -77.79135, 7.00898
6358859011000, 103.91424, -78.008286, 7.072325
6358864052000, 103.82676, -78.27315, 7.058558
6358869028000, 103.70642, -78.68625, 6.892878
6358874029000, 103.56305, -79.15927, 6.6836877
6358879072000, 103.42906, -79.672615, 6.436895
6358884075000, 103.288055, -80.251976, 6.1668725
6358889294000, 103.15131, -80.78145, 5.956143
6358894033000, 103.03472, -81.35748, 5.7432194
6358899000000, 102.906075, -81.77681, 5.6921782
6358904028000, 102.81916, -82.17194, 5.6576457
6358908985000, 102.81051, -82.39557, 5.737097
6358914052000, 102.86008, -82.56204, 5.845317
6358918956000, 102.98616, -82.59224, 6.018299
6358924036000, 103.14704, -82.58525, 6.2134967
6358929035000, 103.32661, -82.54743, 6.4071145
6358934116000, 103.50962, -82.49807, 6.602139
6358939002000, 103.651924, -82.487366, 6.7556324
6358944033000, 103.77482, -82.47521, 6.8955383
6358949022000, 103.87264, -82.46119, 7.0228686
6358954026000, 103.94925, -82.542984, 7.051621
6358959070000, 104.048805, -82.62708, 7.0605097
6358964064000, 104.13058, -82.71731, 7.044908
6358969059000, 104.20781, -82.81453, 7.002944
6358974040000, 104.33564, -82.98371, 6.8677897
6358979072000, 104.46109, -83.15865, 6.7169833
6358984033000, 104.62032, -83.333305, 6.5608487
6358989026000, 104.781944, -83.507675, 6.3955083
6358994017000, 104.99295, -83.680954, 6.2218513
6358999040000, 105.20876, -83.84043, 6.055092
6359004026000, 105.417336, -83.97015, 5.905945
6359009007000, 105.597206, -84.08744, 5.7614856
6359014074000, 105.75556, -84.17431, 5.640158
6359019030000, 105.86559, -84.25194, 5.519987
6359024053000, 105.91909, -84.30421, 5.4210157
6359029110000, 105.92296, -84.34806, 5.3230352
6359034121000, 105.888, -84.35732, 5.2581167
6359039115000, 105.83071, -84.355286, 5.199222
6359044014000, 105.75265, -84.2993, 5.201423
6359049035000, 105.68522, -84.23141, 5.215002
6359054060000, 105.65125, -84.11319, 5.304073
6359059053000, 105.642334, -83.988304, 5.3971753
6359064145000, 105.6546, -83.841644, 5.5113406
6359069059000, 105.67457, -83.692024, 5.6198316
6359074688000, 105.737206, -83.55537, 5.6922374
6359079132000, 105.80474, -83.41846, 5.7585673
6359084154000, 105.856316, -83.31766, 5.765586
6359089058000, 105.916954, -83.20771, 5.7764425
6359094031000, 105.967896, -83.14492, 5.7847214
6359099042000, 106.029175, -83.07411, 5.802741
6359103997000, 106.120346, -83.02434, 5.8551683
6359109126000, 106.220024, -82.964584, 5.9129314
6359114005000, 106.34335, -82.86304, 5.9870977
6359119044000, 106.47882, -82.74669, 6.065152
6359124047000, 106.6317, -82.60705, 6.138594
6359129077000, 106.78235, -82.45603, 6.213606
6359133963000, 106.940575, -82.29318, 6.2720523
6359139048000, 107.104195, -82.13233, 6.3310623
6359144680000, 107.27396, -81.95733, 6.3807445
6359149069000, 107.460976, -81.78203, 6.436682
6359154288000, 107.65501, -81.58404, 6.493836
6359159052000, 107.857735, -81.37857, 6.5558643
6359164319000, 108.05575, -81.18399, 6.609271
6359169063000, 108.25198, -80.96899, 6.6634727
6359174291000, 108.45013, -80.76821, 6.6965127
6359179186000, 108.63546, -80.53916, 6.725251
6359184467000, 108.832985, -80.293, 6.728557
6359189051000, 109.02185, -79.96987, 6.734821
6359194048000, 109.209595, -79.630806, 6.718615
6359199030000, 109.403885, -79.21536, 6.6991115
6359203995000, 109.59178, -78.77468, 6.6865587
6359209052000, 109.75865, -78.29991, 6.668083
6359214221000, 109.90647, -77.78269, 6.6558924
6359219061000, 109.99256, -77.21187, 6.5902534
6359223992000, 110.01012, -76.59028, 6.5421715
6359229166000, 109.96704, -76.02873, 6.4327106
6359233969000, 109.88938, -75.41886, 6.337962
6359239063000, 109.73466, -74.86231, 6.2000546
6359244062000, 109.56129, -74.27725, 6.085453
6359249084000, 109.3812, -73.68337, 6.010028
6359254080000, 109.17484, -73.07899, 5.9466324
6359259078000, 108.87, -72.56131, 5.880706
6359264122000, 108.46858, -72.02664, 5.8120623
6359269163000, 107.96196, -71.67542, 5.7131047
6359274168000, 107.341675, -71.2868, 5.6052213
6359279129000, 106.63116, -71.033745, 5.485179
6359284140000, 105.81732, -70.75244, 5.3641734
6359289072000, 105.07849, -70.44553, 5.302854
6359294069000, 104.35088, -70.137245, 5.273336
6359299029000, 103.73216, -69.68905, 5.304466
6359303960000, 103.19265, -69.274254, 5.3761067
6359308954000, 102.6618, -68.697, 5.4044595
6359313967000, 102.20731, -68.21173, 5.433378
6359318963000, 101.71098, -67.62888, 5.3510766
6359323949000, 101.27835, -67.1424, 5.2462354
6359328975000, 100.81648, -66.70591, 5.027752
6359333965000, 100.39403, -66.33215, 4.7860317
6359338919000, 100.02559, -66.01966, 4.568889
6359343973000, 99.69219, -65.749565, 4.353123
6359348887000, 99.4338, -65.50703, 4.248943
6359353964000, 99.206764, -65.30711, 4.157072
6359358908000, 99.02615, -65.16035, 4.1434526
6359363970000, 98.851105, -65.0632, 4.143584
6359368889000, 98.68841, -65.01439, 4.162991
6359373954000, 98.54299, -64.99626, 4.1962266
6359378932000, 98.39401, -65.02842, 4.2217026
6359383964000, 98.26534, -65.08215, 4.254963
6359388919000, 98.09085, -65.10988, 4.2422976
6359393976000, 97.94837, -65.183304, 4.238223
6359399256000, 97.82453, -65.24486, 4.2263145
6359404050000, 97.74207, -65.35181, 4.220873
6359409013000, 97.67663, -65.47665, 4.2086544
6359414149000, 97.65, -65.66008, 4.1956353
6359419030000, 97.64526, -65.89238, 4.189261
6359424120000, 97.667404, -66.175545, 4.1823645
6359429427000, 97.69118, -66.46342, 4.1504474
6359434184000, 97.728035, -66.78217, 4.113125
6359438993000, 97.77884, -67.12457, 4.1060467
6359444015000, 97.83059, -67.4855, 4.0935655
6359449002000, 97.89322, -67.8714, 4.062375
6359453990000, 97.96321, -68.23703, 4.0696473
6359459057000, 98.035255, -68.6129, 4.0552726
6359464037000, 98.10759, -68.996, 4.0303464
6359469765000, 98.19317, -69.39028, 3.9883602
6359474080000, 98.27389, -69.80128, 3.8926716
6359479053000, 98.37693, -70.220245, 3.7658424
6359484061000, 98.47993, -70.68476, 3.5594091
6359489063000, 98.60203, -71.15908, 3.332054
6359493989000, 98.74732, -71.638985, 3.1064298
6359499039000, 98.90551, -72.14084, 2.8642838
6359503961000, 99.0839, -72.63415, 2.642878
6359509008000, 99.28028, -73.148476, 2.406956
6359514063000, 99.472755, -73.684074, 2.2147758
6359519039000, 99.66387, -74.233116, 2.0030925
6359524028000, 99.821526, -74.828514, 1.8342533
6359529165000, 99.954, -75.43947, 1.6443872
6359534024000, 100.01168, -76.08543, 1.509747
6359539012000, 100.02878, -76.749664, 1.3530751
6359543996000, 100.00259, -77.42939, 1.1785945
6359549036000, 99.85062, -78.157455, 1.071917
6359553985000, 99.65406, -78.89458, 0.95292693
6359559009000, 99.342064, -79.684135, 0.9120447
6359564067000, 98.99385, -80.4584, 0.86559874
6359569026000, 98.591545, -81.25263, 0.8470529
6359574012000, 98.16308, -82.029686, 0.8274548
6359579098000, 97.78095, -82.726715, 0.82751983
6359584038000, 97.412384, -83.38289, 0.83028287
6359589027000, 97.11006, -83.89056, 0.8483968
6359594027000, 96.850136, -84.31756, 0.88234854
6359599030000, 96.68826, -84.507706, 0.94521475
6359604026000, 96.577415, -84.61259, 1.0351938
6359608995000, 96.5616, -84.51028, 1.1609092
6359614065000, 96.58692, -84.33401, 1.3109419
6359618987000, 96.688126, -84.008194, 1.4940989
6359624004000, 96.79847, -83.638885, 1.6967597
6359629006000, 96.97103, -83.20717, 1.9039208
6359634117000, 97.13792, -82.764565, 2.1146867
6359638955000, 97.33881, -82.311844, 2.2975898
6359644030000, 97.52604, -81.86784, 2.4790902
6359648957000, 97.741714, -81.42011, 2.6395652
6359654025000, 97.95026, -81.00846, 2.7927918
6359658995000, 98.182434, -80.621895, 2.9226704
6359664120000, 98.41682, -80.27612, 3.0561962
6359668997000, 98.65554, -79.9749, 3.151592
6359674019000, 98.859276, -79.68992, 3.2434628
6359679067000, 99.01301, -79.48039, 3.301984
6359684107000, 99.100716, -79.21328, 3.3583047
6359689006000, 99.16036, -79.00692, 3.4178915
6359694016000, 99.282936, -78.735725, 3.5173552
6359699028000, 99.477646, -78.650116, 3.6419077
6359704030000, 99.80005, -78.564285, 3.8315299
6359709019000, 100.15908, -78.85968, 4.085635
6359714077000, 100.65196, -79.20474, 4.391104
6359719014000, 101.13434, -79.8951, 4.641088
6359724087000, 101.48615, -80.57387, 4.8349476
6359729347000, 101.63679, -81.20724, 4.762379
6359734124000, 101.50882, -81.747635, 4.5704646
6359738959000, 101.15295, -82.115486, 4.10162
6359744029000, 100.617455, -82.40367, 3.5308018
6359749153000, 100.02736, -82.6156, 2.8960664
6359754023000, 99.51218, -82.68055, 2.2880335
6359759014000, 99.18051, -82.53269, 1.9567169
6359764145000, 99.09433, -82.48246, 1.7049574
6359769347000, 99.2325, -82.598526, 1.5427231
6359774035000, 99.545235, -82.79136, 1.7786773
6359779029000, 99.88396, -83.16277, 2.1481469
6359784039000, 100.16383, -83.61837, 2.4762688
6359788954000, 100.37017, -84.02829, 2.7539968
6359794027000, 100.44854, -84.50699, 2.8940015
6359799063000, 100.44139, -84.93055, 2.9803429
6359804028000, 100.4071, -85.24684, 2.951374
6359809029000, 100.37303, -85.4601, 2.9453475
6359814126000, 100.42038, -85.45446, 2.9789765
6359819049000, 100.50709, -85.39591, 3.0272863
6359824014000, 100.69102, -85.1487, 3.218004
6359829080000, 100.91922, -84.86812, 3.4359539
6359834095000, 101.13024, -84.617165, 3.7234206
6359839022000, 101.30148, -84.38929, 3.9944067
6359844018000, 101.39194, -84.29377, 4.257441
6359849038000, 101.4147, -84.22241, 4.5048847
6359854025000, 101.35227, -84.301636, 4.683931
6359859009000, 101.231636, -84.396, 4.848143
6359864039000, 101.088875, -84.54746, 4.94652
6359869026000, 100.907974, -84.67077, 5.03332
6359874021000, 100.74423, -84.78227, 5.0785046
6359879109000, 100.57419, -84.84101, 5.118385
6359884058000, 100.437065, -84.84028, 5.1577516
6359889019000, 100.3146, -95.19626, 5.1842365
6359894002000, 100.224815, -95.2794, 5.2222567
6359899037000, 100.15032, -95.377625, 5.2501006
6359904024000, 100.09805, -95.468704, 5.262406
6359909007000, 100.03634, -95.55827, 5.26919
6359914037000, 99.97084, -95.59337, 5.232109
6359919026000, 99.88212, -95.61828, 5.1911154
6359924032000, 99.78111, -95.5843, 5.103987
6359929081000, 99.67058, -95.54614, 5.0183263
6359934082000, 99.578705, -95.44881, 4.89752
6359939007000, 99.520065, -95.35578, 4.783308
6359943998000, 99.5246, -95.2099, 4.6533203
6359949037000, 99.57724, -95.06598, 4.528894
6359954025000, 99.68619, -94.84988, 4.3815165
6359959012000, 99.843, -94.63183, 4.2354555
6359964044000, 100.02571, -94.39905, 4.090488
6359969027000, 100.203094, -94.16655, 3.9422717
6359974037000, 100.358, -93.986084, 3.830388
6359979093000, 100.484085, -93.82436, 3.727187
6359984067000, 100.575165, -93.74125, 3.6790087
6359989020000, 100.62982, -93.67043, 3.6355188
6359993990000, 100.66083, -93.67683, 3.654662
6359999035000, 100.67364, -93.69226, 3.6795206
6360004010000, 100.67097, -93.78299, 3.7735195
6360009012000, 100.65631, -93.88094, 3.8735647
6360014018000, 100.64908, -94.04185, 4.0346737
6360019030000, 100.63419, -94.196846, 4.1907287
6360023989000, 100.62154, -94.39899, 4.391892
6360029123000, 100.59908, -94.58066, 4.5739202
6360033980000, 100.57937, -94.672585, 4.6702356
6360039022000, 100.54542, -94.7543, 4.754262
6360043988000, 100.493744, -85.243774, 4.752233
6360049035000, 100.4291, -85.23303, 4.7475414
6360053993000, 100.36532, -85.290634, 4.650608
6360059006000, 100.2901, -85.32663, 4.552609
6360064048000, 100.237404, -85.37723, 4.410381
6360069027000, 100.22061, -85.40121, 4.2685876
6360074051000, 100.26086, -85.39497, 4.1753025
6360079035000, 100.36492, -85.36826, 4.0890718
6360084048000, 100.54033, -85.279884, 4.089355
6360089024000, 100.75587, -85.17206, 4.0946856
6360094023000, 100.990616, -85.032005, 4.1695366
6360099039000, 101.21111, -84.871086, 4.240396
6360104417000, 101.40049, -84.711655, 4.304307
6360109052000, 101.55987, -84.5453, 4.3646193
6360114022000, 101.69324, -84.40235, 4.379179
6360119060000, 101.81869, -84.27249, 4.388788
6360124043000, 101.949165, -84.148155, 4.392623
6360129150000, 102.107056, -84.003296, 4.354175
6360134010000, 102.28721, -83.84805, 4.308512
6360139055000, 102.48335, -83.70672, 4.1950617
6360143985000, 102.68727, -83.54469, 4.0770755
6360149063000, 102.874695, -83.42473, 3.9000661
6360153962000, 103.05562, -83.26733, 3.7232215
6360159046000, 103.222374, -83.12802, 3.5161102
6360164013000, 103.342545, -82.96915, 3.312556
6360169062000, 103.460594, -82.68781, 3.094473
6360173983000, 103.56557, -82.38421, 2.8864543
6360179166000, 103.67683, -81.94892, 2.743509
6360184029000, 103.766365, -81.47272, 2.6100037
6360189054000, 103.87651, -80.86044, 2.601659
6360194027000, 103.97734, -80.21354, 2.6110327
6360199028000, 104.07563, -79.58027, 2.7110565
6360204051000, 104.15844, -78.89117, 2.8308463
6360209045000, 104.23303, -78.225044, 3.0039954
6360214116000, 104.295746, -77.507675, 3.1945238
6360219064000, 104.347435, -76.71819, 3.3780031
6360224087000, 104.38243, -75.90789, 3.5723798
6360229113000, 104.367615, -75.06506, 3.7181602
6360234071000, 104.283455, -74.243164, 3.8657508
6360239056000, 104.10148, -73.50288, 3.9429843
6360244072000, 103.80298, -72.7692, 4.0099535
6360249067000, 103.35522, -72.23393, 3.9996147
6360254061000, 102.8068, -71.65682, 3.9789946
6360259057000, 102.15657, -71.24918, 3.9123406
6360264168000, 101.393684, -70.809555, 3.822536
6360269059000, 100.613235, -70.34323, 3.758445
6360274081000, 99.820755, -69.8701, 3.6944916
6360279134000, 99.04163, -69.35473, 3.6485848
6360284091000, 98.3052, -68.854065, 3.6245315
6360289055000, 97.63522, -68.32946, 3.5917084
6360294071000, 97.07182, -67.89022, 3.5641322
6360299025000, 96.571075, -67.37513, 3.4788108
6360304065000, 96.17457, -66.9697, 3.3794858
6360309048000, 95.776726, -66.38917, 3.1570199
6360314090000, 95.452835, -65.91027, 2.9254131
6360319055000, 95.13383, -65.380356, 2.5971668
6360324091000, 94.83303, -64.92336, 2.271809
6360329086000, 94.55009, -64.56359, 1.96131
6360334069000, 94.269485, -64.26435, 1.6767484
6360338967000, 94.04733, -64.07116, 1.4995342
6360344068000, 93.83115, -63.93281, 1.3415221
6360348993000, 93.67813, -63.907715, 1.2784016
6360354060000, 93.5333, -63.93916, 1.2217795
6360359012000, 93.46513, -63.913994, 1.2904345
6360364130000, 93.422485, -63.917442, 1.333976
6360369034000, 93.386185, -63.906715, 1.3752745
6360374074000, 93.37703, -63.92761, 1.4044583
6360379048000, 93.3641, -63.94397, 1.3995169
6360384068000, 93.37365, -64.01415, 1.3895419
6360389025000, 93.37972, -64.09353, 1.3467743
6360394068000, 93.42035, -64.21828, 1.3055261
6360398967000, 93.47306, -64.39581, 1.2626319
6360404067000, 93.532, -64.59109, 1.2003397
6360408978000, 93.61851, -64.82813, 1.1397092
6360414048000, 93.718, -65.10763, 1.1163917
6360418958000, 93.82485, -65.418564, 1.0852622
6360424091000, 93.96492, -65.75998, 1.1260324
6360429087000, 94.11629, -66.11815, 1.1654762
6360434040000, 94.27601, -66.47408, 1.2248025
6360439051000, 94.450874, -66.84938, 1.2754587
6360444047000, 94.63331, -67.19726, 1.3120828
6360449042000, 94.82191, -67.566345, 1.3370913
6360454045000, 95.00134, -67.92813, 1.3192396
6360459062000, 95.17184, -68.30085, 1.2835203
6360464047000, 95.33242, -68.68979, 1.1975678
6360469069000, 95.4823, -69.10859, 1.098582
6360474153000, 95.61875, -69.529076, 0.96428895
6360479119000, 95.73816, -69.966034, 0.80947775
6360484053000, 95.83671, -70.40848, 0.6419232
6360489082000, 95.92073, -70.86161, 0.446576
6360494049000, 95.972786, -71.32975, 0.25817862
6360499033000, 96.00583, -71.80195, 0.051882114
6360503959000, 95.99618, -72.29852, -0.1332588
6360508958000, 95.966866, -72.78614, -0.32173774
6360513944000, 95.912186, -73.30513, -0.45306483
6360518971000, 95.836, -73.81069, -0.5844454
6360523990000, 95.73657, -74.31707, -0.634225
6360528995000, 95.62507, -74.80842, -0.6852601
6360533961000, 95.5237, -75.293465, -0.63806045
6360538966000, 95.43774, -75.7523, -0.581954
6360543963000, 95.362785, -76.21082, -0.43962428
6360549007000, 95.317245, -76.64356, -0.28815493
6360553960000, 95.28237, -77.050095, -0.07473424
6360558953000, 95.30869, -77.44263, 0.14972131
6360563932000, 95.351875, -77.79978, 0.3804136
6360568962000, 95.435585, -78.1397, 0.6128265
6360573940000, 95.579094, -78.49297, 0.8130451
6360579003000, 95.74938, -78.82931, 1.0096532
6360583912000, 95.952385, -79.18832, 1.1710352
6360588963000, 96.16057, -79.52213, 1.3299656
6360593941000, 96.37657, -79.86521, 1.457542
6360598945000, 96.59097, -80.1697, 1.5797018
6360603959000, 96.80732, -80.4665, 1.6709833
6360609046000, 97.00828, -80.72154, 1.7494508
6360614013000, 97.193565, -80.96125, 1.7969568
6360619060000, 97.35154, -81.16778, 1.834868
6360624049000, 97.47986, -81.35575, 1.8470236
6360629106000, 97.57058, -81.5217, 1.856726
6360634010000, 97.66132, -81.685265, 1.8352271
6360639061000, 97.70557, -81.835495, 1.8089719
6360644057000, 97.74295, -81.889755, 1.7434322
6360649066000, 97.73459, -81.93742, 1.6693156
6360654029000, 97.720474, -81.94897, 1.5918368
6360659048000, 97.66586, -81.953354, 1.5097882
6360664126000, 97.621704, -81.93425, 1.4318163
6360669060000, 97.565025, -81.91995, 1.351386
6360674115000, 97.51262, -81.9008, 1.2697215
6360679047000, 97.46662, -81.88485, 1.1901109
6360684036000, 97.44037, -81.914734, 1.0800142
6360689057000, 97.411194, -81.95629, 0.9788239
6360693990000, 97.37852, -82.002884, 0.88100785
6360699031000, 97.31588, -82.12746, 0.74158114
6360703957000, 97.20371, -82.24604, 0.6072561
6360709057000, 97.038445, -82.42793, 0.41550457
6360714031000, 96.82458, -82.58271, 0.2272051
6360719062000, 96.57652, -82.741646, -0.026543824
6360723983000, 96.3446, -82.86357, -0.25942683
6360729099000, 96.196495, -82.9481, -0.5230767
6360733967000, 96.20384, -83.02738, -0.7145468
6360739054000, 96.42533, -83.10312, -0.83796436
6360744030000, 96.794365, -83.200676, -0.88209563
6360749036000, 97.29137, -83.36127, -0.7624781
6360753991000, 97.89395, -83.520744, -0.60323626
6360759011000, 98.38379, -83.948135, -0.34894627
6360764080000, 98.74828, -84.29978, -0.14156777
6360769061000, 98.883, -84.90722, -0.03368308
6360774086000, 98.8235, -85.43016, 0.005943971
6360779077000, 98.620316, -85.93931, -0.13487415
6360784072000, 98.343, -86.397, -0.32285622
6360789057000, 98.06104, -86.59751, -0.6405211
6360794072000, 97.81397, -86.76467, -0.9786498
6360799038000, 97.673454, -86.667465, -1.3102144
6360804067000, 97.62802, -86.560844, -1.6500481
6360809066000, 97.645424, -86.36888, -1.9570144
6360814093000, 97.67371, -86.17656, -2.2342346
6360819063000, 97.76254, -85.956924, -2.4153852
6360824102000, 97.92951, -85.72348, -2.565614
6360829081000, 98.16766, -85.536095, -2.564219
6360834078000, 98.47298, -85.36577, -2.5267081
6360839058000, 98.864494, -85.237045, -2.2805054
6360844057000, 99.31478, -85.136795, -2.0249615
6360849065000, 99.80625, -85.18288, -1.6455007
6360854063000, 100.26635, -85.23455, -1.2709324
6360859068000, 100.70127, -85.5242, -0.8385603
6360864089000, 101.09123, -85.79501, -0.41515443
6360869062000, 101.40879, -86.2244, -0.022606218
6360874103000, 101.66424, -86.6406, 0.36005408
6360879077000, 101.86356, -87.1548, 0.71319085
6360884077000, 101.99576, -87.60131, 1.0412394
6360889054000, 102.068695, -88.00193, 1.3382
6360894060000, 102.08709, -88.19508, 1.6047661
6360899031000, 102.06799, -88.165276, 1.8256513
6360904064000, 102.01333, -92.07366, 2.0252175
6360909073000, 101.934975, -92.37912, 2.1510859
6360914125000, 101.83955, -92.76827, 2.2698932
6360919001000, 101.733795, -93.14261, 2.3242917
6360924114000, 101.61116, -93.561424, 2.3731322
6360929061000, 101.51479, -93.95387, 2.3692648
6360934081000, 101.41072, -94.38235, 2.359259
6360939010000, 101.31948, -94.75251, 2.2987616
6360944094000, 101.22638, -95.144455, 2.2299676
6360949018000, 101.13816, -95.54552, 2.1566496
6360954074000, 101.07324, -95.792694, 1.9907652
6360959003000, 101.01807, -96.03582, 1.8192154
6360964205000, 100.98973, -96.21009, 1.631886
6360969084000, 100.984024, -96.37579, 1.4328854
6360974134000, 101.00902, -96.45547, 1.261766
6360979089000, 101.06806, -96.522026, 1.0816365
6360984145000, 101.15456, -96.53992, 0.9561393
6360989100000, 101.26367, -96.53069, 0.8233461
6360994060000, 101.38459, -96.50897, 0.7443511
6360999033000, 101.514725, -96.463104, 0.6571143
6361003960000, 101.67571, -96.404755, 0.603851
6361008950000, 101.833916, -96.34012, 0.554439
6361013960000, 102.00266, -96.25606, 0.5141153
6361018962000, 102.183655, -96.165726, 0.48234165
6361023960000, 102.37072, -96.09284, 0.45435745
6361029001000, 102.55916, -96.01176, 0.43122292
6361033961000, 102.75631, -95.97828, 0.41225672
6361038963000, 102.956276, -95.94472, 0.39906898
6361043961000, 103.142426, -95.9713, 0.4038144
6361049008000, 103.32811, -95.999214, 0.40748906
6361054053000, 103.47648, -96.11595, 0.4375103
6361059057000, 103.60208, -96.22467, 0.46493432
6361064145000, 103.69993, -96.40995, 0.48035237
6361069061000, 103.77214, -96.58789, 0.49078244
6361074106000, 103.81648, -96.761894, 0.46617916
6361079105000, 103.84331, -96.92835, 0.43674016
6361084060000, 103.87634, -97.036064, 0.3722172
6361089064000, 103.90363, -97.139046, 0.3047679
6361094044000, 103.9543, -97.1835, 0.22662114
6361099035000, 104.008575, -97.23321, 0.14613888
6361104033000, 104.07923, -97.2337, 0.06880904
6361109067000, 104.15316, -97.23973, -0.0071819434
6361114030000, 104.248245, -97.22683, -0.084352866
6361119062000, 104.361885, -97.21373, -0.15996835
6361123954000, 104.49246, -97.167755, -0.24074782
6361129094000, 104.63851, -97.11814, -0.31942737
6361133959000, 104.807304, -97.03823, -0.40959448
6361139029000, 104.9875, -96.95801, -0.4991565
6361143977000, 105.181816, -96.90441, -0.60201365
6361149068000, 105.38168, -96.85449, -0.69925785
6361153981000, 105.58158, -96.81249, -0.7922093
6361158997000, 105.787834, -96.76746, -0.87941957
6361164104000, 105.9799, -96.82439, -0.97519654
6361169061000, 106.16522, -96.87727, -1.0662712
6361174017000, 106.33078, -96.994, -1.167254
6361179102000, 106.47809, -97.114876, -1.268446
6361184048000, 106.5959, -97.3123, -1.3695868
6361189060000, 106.68465, -97.52147, -1.4682891
6361194013000, 106.73922, -97.80061, -1.5861553
6361199036000, 106.754524, -98.09139, -1.6928133
6361204220000, 106.762794, -98.44405, -1.8206952
6361209060000, 106.74853, -98.8009, -1.9507169
6361214031000, 106.71864, -99.171005, -2.0585203
6361219051000, 106.67983, -99.54268, -2.1680007
6361223959000, 106.632324, -99.9085, -2.2643733
6361229092000, 106.58647, -100.197945, -2.3346615
6361233967000, 106.51945, -100.465866, -2.3945653
6361239053000, 106.43625, -100.75171, -2.399956
6361244034000, 106.33777, -101.01426, -2.4009333
6361249060000, 106.213066, -101.27833, -2.3478305
6361254062000, 106.09869, -101.50084, -2.2956703
6361259060000, 105.986496, -101.720276, -2.2046542
6361264097000, 105.87154, -101.920685, -2.1120772
6361269058000, 105.78242, -102.062614, -2.0023255
6361274084000, 105.69886, -102.198975, -1.8932924
6361279091000, 105.62798, -102.28412, -1.7682836
6361284066000, 105.56374, -102.36037, -1.6357124
6361289054000, 105.518845, -102.38071, -1.512475
6361294030000, 105.48732, -102.39635, -1.386097
6361299036000, 105.476906, -102.34383, -1.2999016
6361304033000, 105.48658, -102.28491, -1.2132297
6361309065000, 105.52156, -102.1723, -1.2021742
6361314162000, 105.573074, -102.054276, -1.1966848
6361319056000, 105.65088, -101.917305, -1.2592827
6361324084000, 105.74309, -101.78273, -1.3350264
6361329085000, 105.85417, -101.65926, -1.4551455
6361334064000, 105.974396, -101.53794, -1.5871685
6361338983000, 106.107124, -101.451195, -1.7304711
6361344063000, 106.26792, -101.35918, -1.8850538
6361348989000, 106.41662, -101.32753, -2.0163057
6361354059000, 106.56702, -101.29549, -2.1503565
6361359005000, 106.70305, -101.3535, -2.2591121
6361364086000, 106.809074, -101.40526, -2.3566954
6361369181000, 106.87351, -101.54823, -2.4325747
6361374054000, 106.90292, -101.68842, -2.5008569
6361379380000, 106.88419, -101.89704, -2.5433266
6361384068000, 106.83695, -102.10266, -2.574651
6361389008000, 106.78335, -102.30315, -2.5805697
6361394064000, 106.719734, -102.49504, -2.574059
6361398968000, 106.66075, -102.68744, -2.5724714
6361404062000, 106.627014, -102.80568, -2.5523775
6361408985000, 106.59972, -102.91749, -2.5353346
6361414080000, 106.59852, -102.96911, -2.5246587
6361418961000, 106.613075, -103.0142, -2.5188491
6361424064000, 106.65509, -103.018364, -2.5386143
6361429031000, 106.717545, -103.023346, -2.5622568
6361434045000, 106.8062, -102.98999, -2.616908
6361439007000, 106.91097, -102.95677, -2.6701083
6361444056000, 107.03651, -102.90807, -2.7606843
6361449006000, 107.163315, -102.8637, -2.8461897
6361454053000, 107.29277, -102.81469, -2.958262
6361459033000, 107.42759, -102.775154, -3.0685172
6361464043000, 107.569664, -102.73088, -3.196499
6361469037000, 107.71142, -102.691345, -3.318911
6361474046000, 107.86631, -102.63939, -3.4350693
6361479057000, 108.027435, -102.58583, -3.5451407
6361484060000, 108.20133, -102.50547, -3.619107
6361489065000, 108.38478, -102.42827, -3.6894116
6361494062000, 108.55732, -102.357796, -3.72829
6361499033000, 108.726685, -102.288315, -3.7667873
6361504060000, 108.876945, -102.25546, -3.7811975
6361509053000, 109.00583, -102.22449, -3.7902348
6361514190000, 109.10855, -102.22054, -3.7828887
6361519084000, 109.190735, -102.218376, -3.7731206
6361524054000, 109.25317, -102.23229, -3.742253
6361529094000, 109.3057, -102.2448, -3.713615
6361534060000, 109.34036, -102.26265, -3.6565545
6361539048000, 109.37392, -102.2847, -3.603365
6361544068000, 109.39872, -102.30945, -3.5245047
6361549078000, 109.42059, -102.33798, -3.4444928
6361554059000, 109.44387, -102.36804, -3.3550122
6361559061000, 109.4653, -102.404335, -3.2626588
6361564114000, 109.48526, -102.44217, -3.178086
6361569091000, 109.503265, -102.48364, -3.089494
6361574051000, 109.51755, -102.53228, -3.025636
6361579098000, 109.5312, -102.5729, -2.964563
6361584064000, 109.54524, -102.6187, -2.93415
6361589062000, 109.55561, -102.65898, -2.90719
6361594045000, 109.563835, -102.689964, -2.913448
6361599036000, 109.56916, -102.718094, -2.9221065
6361604058000, 109.58543, -102.737915, -2.9579797
6361609061000, 109.600685, -102.754, -2.9935565
6361614198000, 109.619774, -102.77195, -3.0326006
6361619126000, 109.6414, -102.79584, -3.0695739
6361623987000, 109.66913, -102.78286, -3.1438727
6361633956000, 109.69993, -102.77243, -3.2172117
6361639064000, 109.7335, -102.75889, -3.2944443
6361643980000, 109.76773, -102.743706, -3.3598797
6361649070000, 109.805145, -102.72621, -3.4259396
6361653960000, 109.83513, -102.72683, -3.481252
6361659058000, 109.86636, -102.722885, -3.5311446
6361664079000, 109.889366, -102.729576, -3.5619237
6361669064000, 109.91155, -102.738884, -3.5882607
6361674010000, 109.928696, -102.74884, -3.5953596
6361679103000, 109.94407, -102.75689, -3.6011913
6361684026000, 109.95786, -102.76834, -3.593272
6361689060000, 109.967445, -102.77902, -3.5869036
6361694030000, 109.98199, -102.788666, -3.5705485
6361699032000, 109.99791, -102.80413, -3.5548096
6361704044000, 110.014565, -102.814095, -3.5392327
6361709055000, 110.03402, -102.82634, -3.5226111
6361714114000, 110.05791, -102.81925, -3.5146062
6361719058000, 110.08666, -102.81222, -3.50769
6361724082000, 110.109634, -102.80132, -3.5187
6361729091000, 110.13616, -102.791466, -3.5305796
6361734286000, 110.154106, -102.7962, -3.5539546
6361739056000, 110.170105, -102.8, -3.5771623
6361744408000, 110.17484, -102.827805, -3.6271505
6361749067000, 110.17995, -102.85109, -3.6736627
6361754016000, 110.17387, -102.88498, -3.740879
6361759062000, 110.168724, -102.921455, -3.8123453
6361764042000, 110.15967, -102.95273, -3.8784766
6361769061000, 110.14841, -102.989944, -3.9626164
6361773952000, 110.136444, -103.02002, -4.0460668
6361779154000, 110.127556, -103.056885, -4.1202655
6361783966000, 110.114845, -103.09733, -4.1964025
6361789060000, 110.10111, -103.13095, -4.2514615
6361793978000, 110.08573, -103.16806, -4.3033824
6361799024000, 110.06989, -103.201996, -4.342984
6361803962000, 110.05191, -103.23621, -4.3802686
6361809071000, 110.02916, -103.26851, -4.4160657
6361814016000, 110.00904, -103.30179, -4.4567018
6361819060000, 109.984, -103.323456, -4.4936714
6361823989000, 109.95999, -103.344765, -4.532399
6361829085000, 109.93905, -103.35995, -4.5748687
6361834000000, 109.91512, -103.37145, -4.612338
6361839057000, 109.90033, -103.38046, -4.6482577
6361844054000, 109.8851, -103.387856, -4.683462
6361849063000, 109.88485, -103.38529, -4.713912
6361854042000, 109.88192, -103.38332, -4.7433367
6361859055000, 109.8922, -103.36362, -4.7763076
6361864110000, 109.903915, -103.34391, -4.81185
6361869058000, 109.92635, -103.31792, -4.8452744
6361874071000, 109.95241, -103.28593, -4.878733
6361879076000, 109.98171, -103.2609, -4.906762
6361884068000, 110.01187, -103.23896, -4.937508
6361889055000, 110.044624, -103.21474, -4.9599066
6361894065000, 110.07736, -103.19665, -4.98249
6361899023000, 110.10849, -103.18937, -5.0043807
6361904063000, 110.14205, -103.18242, -5.0284414
6361909062000, 110.17205, -103.17179, -5.0473123
6361914085000, 110.2015, -103.16118, -5.068636
6361919061000, 110.22811, -103.15147, -5.0866365
6361924064000, 110.2583, -103.14079, -5.1056733
6361929119000, 110.278885, -103.128555, -5.1227074
6361934064000, 110.30298, -103.11884, -5.142533
6361938963000, 110.32985, -103.10519, -5.1611314
6361944069000, 110.35583, -103.09473, -5.1776586
6361948994000, 110.38795, -103.0719, -5.184442
6361954063000, 110.419334, -103.047676, -5.193913
6361959016000, 110.45635, -103.01937, -5.197104
6361964092000, 110.49011, -102.9924, -5.198001
6361969008000, 110.51754, -102.96619, -5.199904
6361974059000, 110.54687, -102.93907, -5.202054
6361979092000, 110.57302, -102.90718, -5.2127337
6361984073000, 110.601, -102.882034, -5.2194476
6361989042000, 110.62645, -102.852234, -5.2301707
6361994057000, 110.6568, -102.825356, -5.240091
6361999221000, 110.68587, -102.79438, -5.248575
6362004064000, 110.71662, -102.7663, -5.2585588
6362009043000, 110.75177, -102.73439, -5.257394
6362014113000, 110.78251, -102.70987, -5.2587976
6362018963000, 110.81485, -102.67566, -5.2561946
6362024054000, 110.84415, -102.645874, -5.2534776
6362029036000, 110.87301, -102.61515, -5.2492247
6362034064000, 110.90318, -102.58537, -5.240344
6362038964000, 110.93013, -102.55721, -5.2288103
6362044060000, 110.95856, -102.53045, -5.2212653
6362049018000, 110.985, -102.5023, -5.2146006
6362054060000, 111.01352, -102.47414, -5.2174444
6362059063000, 111.0435, -102.444176, -5.2203894
6362064101000, 111.07345, -102.41472, -5.224891
6362069008000, 111.10583, -102.386406, -5.227732
6362074052000, 111.141426, -102.355354, -5.2260437
6362079141000, 111.17336, -102.32644, -5.223477
6362084063000, 111.20714, -102.303604, -5.2238116
6362089059000, 111.24213, -102.27771, -5.222547
6362094051000, 111.265656, -102.270706, -5.2206697
6362099030000, 111.28903, -102.25727, -5.220666
6362104059000, 111.31005, -102.24984, -5.2205896
6362109054000, 111.33046, -102.241104, -5.2218776
6362114131000, 111.34727, -102.2282, -5.2150955
6362119063000, 111.36769, -102.21827, -5.212142
6362124057000, 111.38572, -102.200386, -5.2052164
6362129142000, 111.402016, -102.18011, -5.1965756
6362134059000, 111.42656, -102.166084, -5.187953
6362139057000, 111.44592, -102.14543, -5.1756873
6362144062000, 111.46536, -102.1375, -5.1668406
6362149071000, 111.48174, -102.12241, -5.1557612
6362154057000, 111.498055, -102.11162, -5.1454167
6362159059000, 111.51512, -102.101875, -5.1378284
6362164122000, 111.52492, -102.08788, -5.12401
6362169066000, 111.54247, -102.08062, -5.1164885
6362174053000, 111.55553, -102.05939, -5.1131377
6362179157000, 111.56949, -102.04589, -5.112493
6362184060000, 111.58784, -102.028595, -5.118013
6362189061000, 111.60384, -102.01408, -5.1193714
6362194045000, 111.62382, -102.0015, -5.123088
6362199030000, 111.645584, -101.9901, -5.1274714
6362204058000, 111.66477, -101.980995, -5.1321263
6362209060000, 111.68579, -101.97164, -5.1383305
6362214055000, 111.71318, -101.96538, -5.1403704
6362219066000, 111.73943, -101.968056, -5.148016
6362224038000, 111.76149, -101.96389, -5.150741
6362229190000, 111.78609, -101.961174, -5.1556907
6362233999000, 111.80498, -101.95968, -5.1633477
6362239074000, 111.82327, -101.95636, -5.1685023
6362243974000, 111.848724, -101.951996, -5.1730304
6362249071000, 111.8731, -101.94252, -5.1737676
6362253956000, 111.89524, -101.94182, -5.1841946
6362259057000, 111.914444, -101.94046, -5.190751
6362264009000, 111.937874, -101.9367, -5.198798
6362269066000, 111.96167, -101.93332, -5.207693
6362273951000, 111.98004, -101.92782, -5.21881
6362279138000, 111.99725, -101.917496, -5.229348
6362284000000, 112.01689, -101.91336, -5.2417893
6362289059000, 112.03345, -101.90594, -5.251397
6362294022000, 112.05301, -101.893074, -5.2656064
6362299037000, 112.07306, -101.8851, -5.2780166
6362304029000, 112.089, -101.87221, -5.2879853
6362309058000, 112.10556, -101.85966, -5.295393
6362314121000, 112.12189, -101.84464, -5.299455
6362319062000, 112.13778, -101.82974, -5.303731
6362324010000, 112.147, -101.81955, -5.3018475
6362329117000, 112.15396, -101.80688, -5.299949
6362334002000, 112.16144, -101.79968, -5.3031917
6362339055000, 112.16602, -101.78971, -5.301847
6362343986000, 112.171074, -101.77977, -5.3016663
6362349063000, 112.170135, -101.764946, -5.30284
6362353960000, 112.167244, -101.75502, -5.3022327
6362359052000, 112.16583, -101.74492, -5.3063693
6362364014000, 112.16829, -101.73295, -5.314563
6362369057000, 112.16662, -101.72409, -5.3198795
6362373959000, 112.16427, -101.71548, -5.330049
6362379116000, 112.159904, -101.69909, -5.330716
6362383972000, 112.157524, -101.68672, -5.3362246
6362389055000, 112.15149, -101.6674, -5.3317294
6362393982000, 112.14937, -101.64481, -5.3262963
6362399028000, 112.15484, -101.62805, -5.324275
6362404000000, 112.15916, -101.61198, -5.321538
6362409055000, 112.16275, -101.59816, -5.3201265
6362414082000, 112.167015, -101.58113, -5.317954
6362419056000, 112.168976, -101.570175, -5.3285313
6362424047000, 112.17514, -101.5635, -5.340351
6362429077000, 112.18297, -101.552246, -5.352539
6362434057000, 112.188614, -101.539986, -5.362614
6362439025000, 112.201645, -101.53099, -5.3699512
6362444080000, 112.21093, -101.524, -5.379243
6362449032000, 112.219734, -101.51459, -5.3816757
6362454034000, 112.22669, -101.51074, -5.387529
6362459010000, 112.233734, -101.498184, -5.389112
6362464012000, 112.24498, -101.48678, -5.391882
6362469012000, 112.24706, -101.47472, -5.388848
6362474013000, 112.25362, -101.45502, -5.383974
6362478999000, 112.25471, -101.4489, -5.3818436
6362484004000, 112.25833, -101.435936, -5.3792048
6362489022000, 112.262955, -101.429794, -5.3799667
6362494016000, 112.2695, -101.42214, -5.379538
6362499029000, 112.27158, -101.41425, -5.3795977
6362503942000, 112.27444, -101.40573, -5.3806477
6362508921000, 112.280785, -101.39263, -5.3755345
6362513985000, 112.28336, -101.380035, -5.3694897
6362518960000, 112.28513, -101.367874, -5.3649
6362523964000, 112.29294, -101.354965, -5.361161
6362528975000, 112.29769, -101.34202, -5.3568993
6362533965000, 112.29889, -101.32991, -5.3499603
6362538928000, 112.30702, -101.31921, -5.3497524
6362543978000, 112.312515, -101.30666, -5.346468
6362548921000, 112.31737, -101.29485, -5.3428264
6362553965000, 112.322334, -101.28567, -5.3423915
6362558904000, 112.325554, -101.279816, -5.346537
6362564032000, 112.330185, -101.275246, -5.3553247
6362568958000, 112.327156, -101.27007, -5.3580227
6362574020000, 112.32518, -101.26018, -5.364273
6362579024000, 112.32128, -101.25766, -5.3674097
6362584038000, 112.31916, -101.25625, -5.3743315
6362588983000, 112.31746, -101.2491, -5.383944
6362594016000, 112.321075, -101.25229, -5.3975396
6362599009000, 112.32299, -101.24415, -5.410182
6362604028000, 112.327835, -101.237686, -5.4221826
6362609017000, 112.33159, -101.2281, -5.4312134
6362614044000, 112.3444, -101.21619, -5.4436617
6362618963000, 112.35312, -101.204544, -5.4515977
6362624023000, 112.37156, -101.19677, -5.4576063
6362629041000, 112.390976, -101.19015, -5.464741
6362634033000, 112.41443, -101.18405, -5.467188
6362638962000, 112.4292, -101.18358, -5.4709544
6362644021000, 112.44825, -101.17949, -5.4715395
6362649039000, 112.465576, -101.17908, -5.473762
6362654025000, 112.47841, -101.17472, -5.467923
6362659041000, 112.49631, -101.16688, -5.4660077
6362664042000, 112.51438, -101.161514, -5.456704
6362669010000, 112.53662, -101.149, -5.4485354
6362674022000, 112.56092, -101.14029, -5.440805
6362679074000, 112.58123, -101.13324, -5.4291887
6362684029000, 112.617, -101.12032, -5.41885
6362689027000, 112.64704, -101.105194, -5.4062667
6362694017000, 112.68151, -101.095726, -5.3976893
6362699039000, 112.70771, -101.08805, -5.3926797
6362704025000, 112.73264, -101.07541, -5.3808813
6362709019000, 112.756065, -101.06304, -5.374941
6362714034000, 112.77584, -101.05268, -5.3777432
6362719010000, 112.794716, -101.04514, -5.3793406
6362724011000, 112.811516, -101.03303, -5.3821607
6362729190000, 112.83335, -101.01756, -5.387204
6362733999000, 112.860794, -101.00113, -5.38309
6362739031000, 112.88399, -100.98258, -5.3801055
6362744026000, 112.91468, -100.96608, -5.3724046
6362749008000, 112.940285, -100.94719, -5.360372
6362753994000, 112.96181, -100.93237, -5.3494644
6362759041000, 112.9863, -100.91322, -5.335378
6362764062000, 113.00446, -100.89755, -5.323867
6362769110000, 113.02449, -100.87757, -5.3101015
6362773974000, 113.03841, -100.87436, -5.306194
6362779063000, 113.0538, -100.86565, -5.301606
6362783959000, 113.06175, -100.85874, -5.2947145
6362789024000, 113.06778, -100.850624, -5.288182
6362793969000, 113.07025, -100.84439, -5.284066
6362799033000, 113.07663, -100.83593, -5.279535
6362803984000, 113.081406, -100.82592, -5.2725644
6362809018000, 113.086075, -100.81309, -5.268269
6362814055000, 113.09251, -100.803185, -5.259098
6362819027000, 113.10078, -100.79114, -5.251207
6362823997000, 113.110725, -100.77251, -5.2407026
6362829041000, 113.11995, -100.75837, -5.230915
6362834000000, 113.12666, -100.74939, -5.2264533
6362839023000, 113.13008, -100.736084, -5.216288
6362844350000, 113.138695, -100.72577, -5.213027
6362849035000, 113.14368, -100.71853, -5.2049074
6362853961000, 113.14797, -100.70981, -5.205415
6362859005000, 113.15687, -100.69853, -5.203707
6362864019000, 113.16108, -100.69253, -5.202371
6362869029000, 113.16896, -100.68084, -5.202481
6362873958000, 113.17535, -100.67204, -5.2025046
6362879031000, 113.18454, -100.658615, -5.204589
6362884020000, 113.19602, -100.64271, -5.2055225
6362889057000, 113.20531, -100.62719, -5.204919
6362894069000, 113.21952, -100.61586, -5.2038045
6362899032000, 113.22058, -100.60234, -5.2010837
6362904059000, 113.22552, -100.58824, -5.201289
6362909054000, 113.224884, -100.57193, -5.19979
6362914116000, 113.22321, -100.55724, -5.201774
6362919056000, 113.22369, -100.53755, -5.2042294
6362924060000, 113.22325, -100.51861, -5.206365
6362929011000, 113.228264, -100.507935, -5.2172027
6362934073000, 113.23159, -100.4902, -5.2231936
6362938984000, 113.23658, -100.47807, -5.229573
6362944062000, 113.24437, -100.46701, -5.2368746
6362948970000, 113.24957, -100.454025, -5.2427893
6362954052000, 113.25877, -100.43676, -5.244631
6362958989000, 113.267456, -100.42426, -5.24991
6362964098000, 113.275826, -100.40809, -5.2499385
6362968984000, 113.27863, -100.39524, -5.2561574
6362974054000, 113.282715, -100.38701, -5.2623715
6362979082000, 113.28421, -100.38002, -5.269853
6362984059000, 113.282196, -100.37228, -5.2786427
6362989059000, 113.28526, -100.368126, -5.29033
6362994050000, 113.276054, -100.35267, -5.2926025
6362999035000, 113.27061, -100.342834, -5.29603
6363004056000, 113.265564, -100.32845, -5.2992334
6363009087000, 113.262695, -100.31435, -5.299798
6363014099000, 113.25209, -100.29831, -5.300493
6363019063000, 113.241585, -100.28535, -5.302948
6363024042000, 113.23334, -100.27561, -5.3085904
6363029032000, 113.22095, -100.269035, -5.3124743
6363034032000, 113.208755, -100.26078, -5.318079
6363039026000, 113.19752, -100.254654, -5.3203907
6363044005000, 113.18468, -100.24814, -5.3237314
6363049038000, 113.17296, -100.24692, -5.323777
6363054024000, 113.16347, -100.24028, -5.326336
6363059002000, 113.153305, -100.23971, -5.3254776
6363064111000, 113.14737, -100.22922, -5.326892
6363069112000, 113.14593, -100.22002, -5.3281775
6363074024000, 113.139145, -100.21465, -5.329582
6363079029000, 113.13597, -100.20471, -5.329249
6363084029000, 113.13166, -100.19877, -5.332337
6363089048000, 113.12545, -100.18611, -5.3345494
6363094048000, 113.11631, -100.18019, -5.3375297
6363099039000, 113.10846, -100.16788, -5.3396015
6363104045000, 113.096054, -100.15782, -5.3398485
6363109044000, 113.085, -100.14293, -5.3399234
6363114077000, 113.072624, -100.13309, -5.337017
6363119167000, 113.06072, -100.12017, -5.3344617
6363123978000, 113.049965, -100.10948, -5.3305516
6363129084000, 113.04019, -100.09842, -5.326806
6363133961000, 113.03298, -100.08554, -5.319128
6363139011000, 113.027176, -100.079475, -5.3173366
6363143983000, 113.01988, -100.06946, -5.309895
6363149069000, 113.01804, -100.0611, -5.3051076
6363153957000, 113.0174, -100.05608, -5.3035994
6363159061000, 113.015854, -100.0475, -5.302144
6363164039000, 113.0136, -100.04642, -5.297894
6363169062000, 113.01063, -100.043655, -5.294682
6363174003000, 113.00907, -100.03798, -5.290806
6363179119000, 113.007324, -100.037445, -5.2860947
6363184014000, 113.00279, -100.03372, -5.2847214
6363189054000, 113.00141, -100.041306, -5.287137
6363194019000, 112.99914, -100.039276, -5.2818913
6363199036000, 113.00041, -100.041916, -5.2789583
6363204060000, 112.99781, -100.04285, -5.2806253
6363209061000, 112.99468, -100.04451, -5.2803
6363214134000, 112.99236, -100.04092, -5.2777066
6363219066000, 112.98768, -100.04186, -5.27689
6363224226000, 112.992096, -100.040146, -5.276127
6363229074000, 112.99072, -100.0383, -5.2763433
6363234334000, 112.995544, -100.03934, -5.27708
6363239063000, 112.99292, -100.0392, -5.275554
6363244038000, 112.99536, -100.03508, -5.27981
6363249069000, 112.99802, -100.03325, -5.2825055
6363253963000, 112.99724, -100.03349, -5.2858233
6363259061000, 112.997475, -100.03169, -5.2883167
6363264021000, 112.99826, -100.038734, -5.2907763
6363269059000, 112.99892, -100.03446, -5.28497
6363273992000, 112.998344, -100.0372, -5.2836185
6363279099000, 112.99945, -100.04478, -5.28339
6363283998000, 112.997154, -100.04768, -5.281115
6363289058000, 112.99105, -100.04861, -5.2759223
6363294061000, 112.98397, -100.05018, -5.271334
6363299034000, 112.98472, -100.051346, -5.2686653
6363304047000, 112.98066, -100.04695, -5.263067
6363309058000, 112.98158, -100.04342, -5.2574697
6363314112000, 112.983376, -100.04105, -5.2513103
6363319057000, 112.98136, -100.03681, -5.2436986
6363324068000, 112.98327, -100.035446, -5.2380466
6363329101000, 112.98566, -100.03706, -5.236334
6363334067000, 112.99203, -100.039154, -5.2331686
6363338970000, 112.9953, -100.03544, -5.2346425
6363344069000, 113.00232, -100.03554, -5.235058
6363348986000, 113.00986, -100.03459, -5.2331605
6363354060000, 113.01177, -100.036255, -5.2317514
6363359018000, 113.02013, -100.03396, -5.22826
6363364106000, 113.02536, -100.035255, -5.226702
6363369037000, 113.03716, -100.04048, -5.225154
6363374060000, 113.04516, -100.04603, -5.2192016
6363379099000, 113.05673, -100.04847, -5.21661
6363384069000, 113.06679, -100.05088, -5.214262
6363389026000, 113.078156, -100.057724, -5.211683
6363394055000, 113.08859, -100.058525, -5.2101827
6363399025000, 113.099724, -100.06828, -5.2098665
6363404062000, 113.11486, -100.07319, -5.2104816
6363409087000, 113.12782, -100.080185, -5.209373
6363414110000, 113.139046, -100.08562, -5.2105417
6363419191000, 113.15299, -100.0935, -5.2104545
6363424052000, 113.164055, -100.099556, -5.2111764
6363429059000, 113.17926, -100.108215, -5.214524
6363434037000, 113.19263, -100.11675, -5.216565
6363439010000, 113.205376, -100.12493, -5.221548
6363444020000, 113.21954, -100.13183, -5.222002
6363448988000, 113.23264, -100.134155, -5.225744
6363454027000, 113.24297, -100.14336, -5.2284017
6363459018000, 113.2526, -100.14313, -5.2293973
6363464134000, 113.26174, -100.14432, -5.2342863
6363469007000, 113.27222, -100.143234, -5.238449
6363474017000, 113.27523, -100.13979, -5.2435746
6363479018000, 113.279785, -100.13449, -5.249325
6363484033000, 113.28511, -100.13002, -5.2521157
6363488959000, 113.289024, -100.12441, -5.2575173
6363494014000, 113.28439, -100.12202, -5.2599716
6363498971000, 113.28213, -100.121315, -5.2654123
6363504028000, 113.27893, -100.11275, -5.2701144
6363509019000, 113.27826, -100.10614, -5.273967
6363514033000, 113.27522, -100.10611, -5.284666
6363518995000, 113.27249, -100.102, -5.2936716
6363524019000, 113.271286, -100.099686, -5.3010464
6363529066000, 113.26653, -100.09589, -5.309741
6363534028000, 113.26224, -100.09628, -5.314129
6363539029000, 113.26119, -100.09592, -5.317262
6363544017000, 113.2588, -100.09662, -5.3205504
6363549029000, 113.25544, -100.09622, -5.3239574
6363554024000, 113.25142, -100.1021, -5.3279176
6363559008000, 113.24341, -100.10643, -5.3298783
6363564071000, 113.23482, -100.110176, -5.329339
6363569108000, 113.22134, -100.11584, -5.3278446
6363574050000, 113.21318, -100.1109, -5.3245645
6363579037000, 113.20476, -100.10752, -5.326555
6363584027000, 113.197014, -100.10821, -5.325991
6363589025000, 113.18738, -100.10467, -5.324347
6363594018000, 113.17993, -100.10404, -5.3290854
6363599039000, 113.17495, -100.10186, -5.3331113
6363604023000, 113.15831, -100.094055, -5.3308
6363609015000, 113.14426, -100.08069, -5.327418
6363614045000, 113.1402, -100.072914, -5.3264523
6363619028000, 113.131195, -100.06693, -5.324424
6363624020000, 113.12286, -100.05893, -5.3234863
6363629061000, 113.11292, -100.05264, -5.321544
6363634025000, 113.10267, -100.05074, -5.315134
6363639025000, 113.09255, -100.047554, -5.3085184
6363644010000, 113.091064, -100.04667, -5.3073363
6363649010000, 113.09339, -100.04942, -5.3092093
6363653998000, 113.092064, -100.049995, -5.302815
6363658998000, 113.092354, -100.04949, -5.3027377
6363665134000, 113.1026, -100.05624, -5.295955
6363669042000, 113.10768, -100.05926, -5.2881236
6363674362000, 113.11658, -100.0634, -5.2828436
6363679041000, 113.12054, -100.06982, -5.2775426
6363684012000, 113.13126, -100.07145, -5.2712955
6363689029000, 113.13481, -100.077736, -5.2671804
6363693971000, 113.140076, -100.0815, -5.2598977
6363699011000, 113.1406, -100.08703, -5.261074
6363703996000, 113.140526, -100.09087, -5.259238
6363709038000, 113.13908, -100.09734, -5.258293
6363714099000, 113.139725, -100.10145, -5.259127
6363719068000, 113.1454, -100.10637, -5.254304
6363723955000, 113.15517, -100.11366, -5.2520022
6363729033000, 113.15416, -100.1122, -5.248249
6363733973000, 113.15959, -100.11781, -5.2508173
6363739007000, 113.164085, -100.12254, -5.25495
6363744022000, 113.17015, -100.12776, -5.2601337
6363749034000, 113.17626, -100.13188, -5.2662096
6363759018000, 113.18246, -100.138435, -5.272975
6363764064000, 113.192345, -100.14279, -5.275992
6363769027000, 113.195656, -100.152824, -5.2787504
6363773999000, 113.20692, -100.15412, -5.2836018
6363779066000, 113.20772, -100.16354, -5.286462
6363784046000, 113.21052, -100.16859, -5.290245
6363789023000, 113.21313, -100.16733, -5.2860384
6363794047000, 113.21543, -100.169304, -5.285512
6363799024000, 113.220764, -100.173195, -5.2770715
6363804030000, 113.22777, -100.17515, -5.2716284
6363809017000, 113.22186, -100.17936, -5.2662597
6363814065000, 113.218475, -100.182816, -5.2633376
6363819024000, 113.211235, -100.18815, -5.254577
6363824016000, 113.20496, -100.19012, -5.25004
6363829006000, 113.19277, -100.1907, -5.242876
6363834036000, 113.18338, -100.18996, -5.2361627
6363839022000, 113.16989, -100.18562, -5.2289586
6363844013000, 113.156685, -100.18299, -5.2211056
6363849032000, 113.14423, -100.1818, -5.215095
6363854030000, 113.1347, -100.184166, -5.2088714
6363859029000, 113.12344, -100.18245, -5.2058063
6363864030000, 113.116394, -100.18016, -5.2061777
6363869025000, 113.102516, -100.17619, -5.200677
6363874018000, 113.091324, -100.17272, -5.2000427
6363879066000, 113.08157, -100.17156, -5.2018247
6363884035000, 113.0674, -100.172844, -5.204176
6363889022000, 113.054115, -100.1691, -5.2054677
6363894013000, 113.03724, -100.16752, -5.2054057
6363899025000, 113.02202, -100.16057, -5.201399
6363904028000, 113.00454, -100.15864, -5.2013307
6363909014000, 112.98483, -100.14747, -5.196174
6363914123000, 112.95954, -100.141106, -5.1909204
6363919046000, 112.937325, -100.13274, -5.1943917
6363924023000, 112.91049, -100.12575, -5.1984406
6363929030000, 112.89515, -100.11985, -5.203765
6363934045000, 112.87399, -100.11618, -5.20927
6363939112000, 112.862274, -100.11088, -5.215675
6363944010000, 112.848495, -100.10686, -5.222014
6363949047000, 112.8344, -100.10418, -5.226606
6363954027000, 112.820816, -100.10329, -5.2316847
6363958997000, 112.80466, -100.09772, -5.2297487
6363964063000, 112.78725, -100.09796, -5.2299805
6363969029000, 112.77106, -100.09448, -5.235624
6363974020000, 112.75405, -100.0967, -5.238756
6363979036000, 112.738945, -100.09606, -5.2406945
6363984046000, 112.72294, -100.09938, -5.244473
6363989015000, 112.70807, -100.10042, -5.2446914
6363994016000, 112.69612, -100.10277, -5.249007
6364004026000, 112.6848, -100.103386, -5.2495284
6364009050000, 112.67191, -100.10552, -5.2505727
6364014055000, 112.66172, -100.11006, -5.2540836
6364019006000, 112.65238, -100.111145, -5.2553825
6364024021000, 112.6403, -100.10853, -5.2526884
6364029067000, 112.63283, -100.10609, -5.2506614
6364034035000, 112.62003, -100.10239, -5.247812
6364038981000, 112.60794, -100.09879, -5.2464833
6364044016000, 112.5992, -100.109924, -5.249028
6364048972000, 112.59055, -100.11909, -5.2561064
6364054023000, 112.58529, -100.12605, -5.2579975
6364059016000, 112.58017, -100.13049, -5.2625227
6364064046000, 112.578926, -100.13936, -5.264701
6364068962000, 112.575966, -100.14426, -5.2712975
6364074019000, 112.584175, -100.15563, -5.2776303
6364079008000, 112.57978, -100.15942, -5.2791905
6364084029000, 112.58861, -100.16281, -5.2861476
6364088986000, 112.59285, -100.161674, -5.2903385
6364094015000, 112.59889, -100.16449, -5.296149
6364098993000, 112.603455, -100.16043, -5.301976
6364104027000, 112.6013, -100.163895, -5.309813
6364109028000, 112.59979, -100.16092, -5.311663
6364114085000, 112.59843, -100.16272, -5.3204412
6364119118000, 112.59255, -100.16651, -5.3266945
6364124018000, 112.588615, -100.16406, -5.3304133
6364129125000, 112.58195, -100.16996, -5.33805
6364134029000, 112.57954, -100.163414, -5.343314
6364139007000, 112.57723, -100.162834, -5.3480015
6364144017000, 112.58132, -100.16327, -5.350608
6364149034000, 112.58555, -100.16118, -5.348965
6364154022000, 112.59626, -100.16214, -5.349732
6364158996000, 112.60597, -100.15893, -5.3464904
6364164051000, 112.61244, -100.15776, -5.344426
6364169034000, 112.62124, -100.156525, -5.3470683
6364174018000, 112.618515, -100.15893, -5.351195
6364179056000, 112.61553, -100.16516, -5.355357
6364184027000, 112.61139, -100.16613, -5.358597
6364189026000, 112.60955, -100.16924, -5.3633966
6364194017000, 112.61007, -100.17567, -5.367937
6364199036000, 112.61352, -100.1829, -5.372305
6364204023000, 112.60732, -100.18601, -5.3794775
6364209020000, 112.601364, -100.19473, -5.388404
6364214131000, 112.59199, -100.19874, -5.395719
6364219050000, 112.58891, -100.20532, -5.4033365
6364224019000, 112.58576, -100.207726, -5.412946
6364229109000, 112.585, -100.20975, -5.420635
6364234010000, 112.58678, -100.21415, -5.4281406
6364239026000, 112.589134, -100.21909, -5.4315863
6364244010000, 112.5928, -100.22078, -5.43858
6364249036000, 112.59181, -100.22867, -5.4436164
6364254022000, 112.58729, -100.227, -5.445807
6364259009000, 112.584335, -100.231544, -5.452188
6364264004000, 112.57922, -100.235886, -5.450728
6364269027000, 112.57982, -100.23739, -5.4520516
6364273953000, 112.58113, -100.241684, -5.4509726
6364279025000, 112.58246, -100.24254, -5.450643
6364283971000, 112.581085, -100.24418, -5.4524417
6364289025000, 112.5814, -100.24517, -5.4589796
6364293989000, 112.58444, -100.24408, -5.460875
6364299033000, 112.58789, -100.2421, -5.4634123
6364303989000, 112.59101, -100.23954, -5.4678054
6364309056000, 112.59236, -100.24012, -5.4706044
6364314055000, 112.5935, -100.23558, -5.4732347
6364319074000, 112.589806, -100.23286, -5.474003
6364324029000, 112.58602, -100.2341, -5.4774213
6364329085000, 112.57899, -100.237, -5.480547
6364334070000, 112.57132, -100.24011, -5.482438
6364339041000, 112.56381, -100.241714, -5.4839425
6364344035000, 112.55718, -100.24306, -5.489095
6364349070000, 112.55156, -100.24257, -5.491828
6364354023000, 112.543175, -100.2433, -5.5004706
6364359068000, 112.53605, -100.2424, -5.5084314
6364364150000, 112.52873, -100.245995, -5.5183234
6364369035000, 112.52229, -100.24886, -5.529043
6364374155000, 112.52158, -100.25581, -5.5347004
6364379081000, 112.5241, -100.263535, -5.5436645
6364384294000, 112.52136, -100.26675, -5.5427628
6364389059000, 112.52382, -100.274734, -5.548293
6364393988000, 112.52235, -100.2756, -5.5432925
6364399034000, 112.5251, -100.28142, -5.5428205
