#Angle around the z x y axes.
#timestamp(ns), Azimuth , Pitch, Roll (degrees)
#Datetime: 23/03/2015 10:48:46
##########################################
#Activity: 6 - STN - Stairs down - 10s
#Subject ID: 36
#First Name: sub36
#Last Name: sub36
#Age: 22
#Height(cm): 164
#Weight(kg): 62
#Gender: Female
##########################################

@DATA
4127503639000, 61.556667, -39.12107, -1.8656559
4127508635000, 61.716988, -38.779522, -1.7494116
4127513650000, 61.678, -39.14742, -1.6679268
4127518654000, 61.632015, -39.520454, -1.5918059
4127523675000, 61.579487, -39.87912, -1.5121917
4127529209000, 61.525074, -40.22779, -1.4313484
4127533641000, 61.465523, -40.577503, -1.3487743
4127539067000, 61.406044, -40.918262, -1.2623944
4127543631000, 61.33659, -41.26023, -1.1811634
4127548621000, 61.27083, -41.58424, -1.0949459
4127553629000, 61.177193, -41.91439, -1.0205694
4127558646000, 61.10923, -42.123035, -0.93515074
4127563658000, 61.00868, -42.545082, -0.86152923
4127568648000, 60.91505, -42.75236, -0.78877336
4127573683000, 60.814472, -43.063046, -0.7158806
4127578650000, 60.708664, -43.383442, -0.6485574
4127583644000, 60.598274, -43.70072, -0.58057934
4127588647000, 60.487835, -44.04714, -0.51701987
4127593682000, 60.366287, -44.41373, -0.45806125
4127598644000, 60.253136, -44.810814, -0.3991134
4127603702000, 60.13432, -45.253036, -0.34907776
4127608785000, 60.013634, -45.733646, -0.3002684
4127613706000, 59.933887, -46.259937, -0.23630132
4127618696000, 59.843666, -46.90083, -0.17215858
4127623756000, 59.75603, -47.532696, -0.112375475
4127628711000, 59.694942, -48.181583, -0.034939837
4127633713000, 59.62874, -48.889454, 0.04123897
4127638685000, 59.55527, -49.58576, 0.11741272
4127643709000, 59.477367, -50.24541, 0.19007254
4127648701000, 59.38765, -50.89459, 0.25490177
4127653714000, 59.28986, -51.522175, 0.31766006
4127658796000, 59.112164, -52.33276, 0.37678498
4127663813000, 58.923008, -53.121513, 0.42831832
4127668724000, 58.74601, -53.93443, 0.48928145
4127673756000, 58.556026, -54.728886, 0.5438877
4127678905000, 58.38749, -55.54878, 0.6107004
4127683715000, 58.210476, -56.34992, 0.6732587
4127688707000, 58.061184, -57.174, 0.7453587
4127693741000, 57.901825, -57.98582, 0.81592774
4127698727000, 57.77454, -58.8072, 0.89075744
4127703726000, 57.633015, -59.612995, 0.96787685
4127708730000, 57.533257, -60.42674, 1.0511721
4127713742000, 57.416992, -61.2211, 1.1343875
4127718726000, 57.34969, -62.028496, 1.2267855
4127723770000, 57.272675, -62.808475, 1.3200355
4127728924000, 57.246674, -63.604034, 1.4238976
4127733729000, 57.209267, -64.37124, 1.5237199
4127738671000, 57.2139, -65.165276, 1.6192231
4127743726000, 57.212364, -65.930046, 1.7138218
4127748706000, 57.26465, -66.72539, 1.7989745
4127753717000, 57.303196, -67.49792, 1.8835142
4127758806000, 57.400307, -68.30854, 1.9504317
4127763772000, 57.48157, -69.09202, 2.0164847
4127768699000, 57.611973, -69.90492, 2.065203
4127773800000, 57.72665, -70.6958, 2.1105857
4127778710000, 57.824986, -71.47, 2.1111887
4127783727000, 57.921833, -72.22762, 2.1131778
4127788706000, 57.985886, -72.950645, 2.092038
4127793739000, 58.054886, -73.65397, 2.074929
4127798741000, 58.134712, -74.409004, 2.0097682
4127803712000, 58.220863, -75.14203, 1.9543339
4127808826000, 58.306355, -75.88166, 1.8784388
4127813806000, 58.39496, -76.599, 1.8132635
4127818966000, 58.48821, -77.31269, 1.7499447
4127823734000, 58.582397, -78.007385, 1.6919231
4127828677000, 58.671192, -78.68571, 1.6356975
4127833730000, 58.761505, -79.34227, 1.5837536
4127838710000, 58.84928, -79.9857, 1.5342557
4127843833000, 58.946674, -80.62078, 1.4936324
4127848688000, 59.035126, -81.23963, 1.4540251
4127853723000, 59.125065, -81.834435, 1.4139206
4127858774000, 59.200066, -82.40841, 1.3841529
4127864240000, 59.268784, -82.962906, 1.3500348
4127869045000, 59.331394, -83.49609, 1.3183635
4127873765000, 59.43371, -84.0444, 1.3303584
4127879072000, 59.529797, -84.592384, 1.3538439
4127883729000, 59.615986, -85.10314, 1.3801714
4127888698000, 59.71489, -85.61058, 1.42289
4127893792000, 59.793274, -86.07883, 1.4694917
4127898675000, 59.856686, -86.508385, 1.5166448
4127903716000, 59.904083, -86.897705, 1.5693465
4127908711000, 59.938686, -87.23566, 1.6249404
4127913729000, 59.95554, -87.51763, 1.6846508
4127918706000, 59.962597, -87.742355, 1.7421815
4127923755000, 59.939545, -87.921524, 1.7814481
4127929644000, 59.90469, -88.04086, 1.8187902
4127934028000, 59.846012, -88.12179, 1.8365734
4127938719000, 59.78276, -88.142555, 1.8559397
4127943764000, 59.702545, -91.87691, 1.8641149
4127948730000, 59.626812, -91.93717, 1.8714015
4127953715000, 59.530075, -92.01759, 1.87229
4127958807000, 59.44334, -92.121956, 1.8786436
4127963803000, 59.358227, -92.23319, 1.8792039
4127968722000, 59.2818, -92.35914, 1.8872318
4127973709000, 59.215126, -92.481316, 1.8907312
4127978736000, 59.15912, -92.60786, 1.8999656
4127983730000, 59.113503, -92.73002, 1.9107852
4127988712000, 59.076714, -92.85061, 1.925668
4127993736000, 59.056263, -92.98151, 1.950968
4127998727000, 59.040646, -93.11178, 1.97887
4128003756000, 59.037437, -93.260376, 2.0180156
4128008742000, 59.034233, -93.41323, 2.0651994
4128013737000, 59.00931, -93.58058, 2.1167111
4128018726000, 58.982994, -93.74961, 2.1730828
4128023714000, 58.961197, -93.90174, 2.22318
4128028763000, 58.937885, -94.043335, 2.275148
4128033713000, 58.905132, -94.180664, 2.3283484
4128038709000, 58.867027, -94.31044, 2.3830261
4128043689000, 58.848038, -94.40137, 2.4284818
4128048725000, 58.820576, -94.495476, 2.4739428
4128053696000, 58.778793, -94.584564, 2.5076246
4128058784000, 58.73158, -94.68109, 2.538821
4128063667000, 58.660984, -94.77436, 2.5620842
4128068727000, 58.589806, -94.87311, 2.579134
4128073820000, 58.516754, -94.97762, 2.5899878
4128078712000, 58.44803, -95.08648, 2.602408
4128083706000, 58.383095, -95.18752, 2.6032062
4128088715000, 58.32183, -95.28883, 2.604451
4128093724000, 58.27925, -95.381584, 2.602394
4128098732000, 58.238537, -95.47157, 2.601034
4128103729000, 58.208736, -95.54599, 2.5840328
4128108821000, 58.181255, -95.62207, 2.5683692
4128113813000, 58.159107, -95.683586, 2.5498493
4128118722000, 58.13977, -95.746086, 2.528465
4128123716000, 58.123726, -95.81232, 2.5085444
4128129600000, 58.10697, -95.87862, 2.489981
4128133701000, 58.0874, -95.93887, 2.4657059
4128138712000, 58.061478, -95.9991, 2.444231
4128143710000, 58.038185, -96.05972, 2.4301617
4128148730000, 58.00894, -96.12097, 2.4150624
4128153999000, 57.979275, -96.17952, 2.404259
4128158762000, 57.934147, -96.24328, 2.3991747
4128163664000, 57.879486, -96.30347, 2.3901427
4128168738000, 57.82198, -96.35772, 2.3832805
4128173740000, 57.76272, -96.4099, 2.3745408
4128178739000, 57.69141, -96.46298, 2.3639193
4128183659000, 57.62417, -96.50754, 2.3551145
4128189359000, 57.55142, -96.55238, 2.3438232
4128193699000, 57.48201, -96.58928, 2.3313565
4128198726000, 57.402237, -96.61224, 2.311531
4128203721000, 57.321224, -96.62834, 2.2913826
4128208739000, 57.243458, -96.62923, 2.2588296
4128213673000, 57.16632, -96.62714, 2.2273543
4128218725000, 57.09394, -96.613464, 2.190642
4128223760000, 57.021473, -96.595436, 2.1543307
4128228737000, 56.964504, -96.56698, 2.1089416
4128233659000, 56.908867, -96.53186, 2.0624027
4128238721000, 56.858704, -96.50349, 2.0130997
4128243737000, 56.813217, -96.4682, 1.9650546
4128248730000, 56.77229, -96.438774, 1.9143902
4128253727000, 56.73111, -96.407135, 1.8666536
4128259388000, 56.689934, -96.377556, 1.8330725
4128263728000, 56.642155, -96.34996, 1.8020941
4128268726000, 56.594208, -96.327126, 1.7778558
4128273752000, 56.542114, -96.30991, 1.7556827
4128278733000, 56.48344, -96.30392, 1.7427386
4128283732000, 56.42653, -96.29856, 1.7279651
4128288714000, 56.353394, -96.293495, 1.7088165
4128293739000, 56.287815, -96.28916, 1.6931888
4128298725000, 56.219223, -96.30418, 1.6820012
4128303713000, 56.15518, -96.323814, 1.6761316
4128308798000, 56.10375, -96.33173, 1.6680037
4128313767000, 56.05964, -96.34414, 1.661034
4128318730000, 56.022068, -96.35428, 1.6514679
4128323758000, 55.99365, -96.35701, 1.646172
4128328791000, 55.96067, -96.36363, 1.6451782
4128333736000, 55.930958, -96.36372, 1.6472569
4128338793000, 55.89135, -96.37139, 1.6451184
4128343740000, 55.84583, -96.37481, 1.6510698
4128348724000, 55.79694, -96.377975, 1.6486286
4128353719000, 55.73666, -96.38988, 1.6467258
4128358767000, 55.667286, -96.400475, 1.6572264
4128363714000, 55.597713, -96.41201, 1.665554
4128368727000, 55.512222, -96.437225, 1.6798781
4128373741000, 55.42361, -96.45999, 1.6965303
4128378722000, 55.317795, -96.48666, 1.7160461
4128383723000, 55.207745, -96.51633, 1.7371645
4128388723000, 55.088257, -96.54255, 1.7632352
4128393736000, 54.963093, -96.57082, 1.7900414
4128398777000, 54.83588, -96.59697, 1.8198683
4128403719000, 54.701202, -96.61869, 1.8463848
4128408760000, 54.566853, -96.64455, 1.876069
4128413728000, 54.43091, -96.64543, 1.9021796
4128418909000, 54.29568, -96.651695, 1.926075
4128423770000, 54.165, -96.62561, 1.9308162
4128428670000, 54.03348, -96.59851, 1.9331238
4128433726000, 53.904106, -96.563156, 1.9333426
4128438950000, 53.77801, -96.526726, 1.9316738
4128443739000, 53.67355, -96.4602, 1.9146346
4128448667000, 53.57124, -96.38941, 1.8998595
4128453711000, 53.474228, -96.31264, 1.8798361
4128458713000, 53.381947, -96.23773, 1.8643012
4128463731000, 53.28978, -96.15195, 1.8420196
4128468708000, 53.20647, -96.06653, 1.8197229
4128473737000, 53.110218, -95.98734, 1.7889975
4128478669000, 53.021694, -95.905464, 1.7618226
4128483723000, 52.924458, -95.82971, 1.7234532
4128488683000, 52.830006, -95.758835, 1.6841335
4128493779000, 52.735363, -95.69618, 1.6439738
4128498729000, 52.636314, -95.64276, 1.6007417
4128503729000, 52.543343, -95.59738, 1.5547434
4128508805000, 52.44847, -95.562416, 1.5096122
4128514188000, 52.357853, -95.507935, 1.4552498
4128518732000, 52.27318, -95.45813, 1.4019132
4128523821000, 52.20622, -95.3949, 1.3470542
4128529620000, 52.156506, -95.3314, 1.2912028
4128533840000, 52.098377, -95.24985, 1.2235113
4128538710000, 52.04945, -95.16924, 1.1584498
4128543798000, 52.00587, -95.08074, 1.0930432
4128548720000, 51.964977, -94.989334, 1.0277612
4128553674000, 51.92484, -94.890976, 0.9635341
4128558713000, 51.871677, -94.783936, 0.897754
4128563736000, 51.827614, -94.66657, 0.8289953
4128568696000, 51.78971, -94.54741, 0.7652566
4128573665000, 51.76716, -94.42096, 0.6972276
4128588711000, 51.686867, -93.99607, 0.45971426
4128593710000, 51.67797, -93.8538, 0.38181722
4128598736000, 51.657284, -93.719086, 0.31104836
4128603708000, 51.643444, -93.586586, 0.25062948
4128608681000, 51.613113, -93.45659, 0.19439949
4128613596000, 51.57904, -93.33325, 0.15291788
4128618637000, 51.53224, -93.22477, 0.12354455
4128623622000, 51.484596, -93.12041, 0.101593986
4128628648000, 51.42045, -93.03203, 0.08141758
4128633597000, 51.356033, -92.94177, 0.060863815
4128638636000, 51.294785, -92.85181, 0.035347935
4128643617000, 51.229496, -92.77096, 0.005918358
4128648642000, 51.16752, -92.685646, -0.045261953
4128653942000, 51.098763, -92.60507, -0.096667714
4128658776000, 51.034153, -92.51361, -0.17520316
4128663752000, 50.964664, -92.42389, -0.25576237
4128668720000, 50.900204, -92.316025, -0.32756227
4128673760000, 50.84171, -92.20518, -0.39942753
4128678738000, 50.783165, -92.10033, -0.46186233
4128683724000, 50.73591, -91.99965, -0.5180683
4128688707000, 50.689, -91.880684, -0.55594
4128693798000, 50.653107, -91.77263, -0.5887539
4128698766000, 50.621246, -91.67645, -0.6201624
4128703756000, 50.594807, -91.59233, -0.6493582
4128708757000, 50.57892, -91.5021, -0.69236225
4128713764000, 50.566288, -91.41656, -0.73484105
4128718762000, 50.583298, -91.32343, -0.8098431
4128724011000, 50.616684, -91.23718, -0.8774421
4128729601000, 50.67804, -91.1833, -0.9795702
4128733732000, 50.740864, -91.16636, -1.08074
4128738702000, 50.822544, -91.20729, -1.1936243
4128743727000, 50.912064, -88.68543, -1.3121461
4128748733000, 51.00086, -88.52829, -1.4332801
4128753716000, 51.105877, -88.33563, -1.5579582
4128758827000, 51.218246, -88.12358, -1.6876763
4128763836000, 51.346985, -87.90276, -1.8169931
4128768727000, 51.486107, -87.67073, -1.9499618
4128773767000, 51.642906, -87.43881, -2.079686
4128778760000, 51.808743, -87.207214, -2.202923
4128783763000, 51.99736, -86.97835, -2.3216958
4128788753000, 52.196682, -86.7585, -2.4273624
4128793776000, 52.407146, -86.53853, -2.5295334
4128798766000, 52.624115, -86.31693, -2.6225421
4128803721000, 52.84225, -86.09608, -2.7140493
4128808733000, 53.056923, -85.87926, -2.7966177
4128813741000, 53.270897, -85.6738, -2.8688502
4128818690000, 53.466656, -85.47846, -2.9305437
4128823734000, 53.65868, -85.28662, -2.99019
4128828665000, 53.82239, -85.12351, -3.0150497
4128833727000, 53.978237, -84.97555, -3.0310256
4128838701000, 54.10184, -84.84511, -3.0194957
4128843708000, 54.2082, -84.73116, -2.9946187
4128848686000, 54.285645, -84.641464, -2.9367864
4128853707000, 54.33642, -84.56395, -2.8693833
4128858797000, 54.35877, -84.48958, -2.7829294
4128863801000, 54.35018, -84.42807, -2.6863754
4128868744000, 54.316868, -84.3745, -2.575155
4128873722000, 54.254707, -84.33479, -2.4509392
4128878733000, 54.16581, -84.267166, -2.337042
4128883723000, 54.057625, -84.21019, -2.2169666
4128888704000, 53.94633, -84.12201, -2.1128187
4128893765000, 53.818653, -84.04144, -2.0103338
4128898739000, 53.701256, -83.92362, -1.9346498
4128903755000, 53.577744, -83.80915, -1.8637171
4128909844000, 53.476414, -83.650444, -1.8300438
4128913774000, 53.375023, -83.49789, -1.8031688
4128918933000, 53.308086, -83.28572, -1.8100944
4128923840000, 53.239723, -83.07752, -1.8220823
4128929563000, 53.220848, -82.81938, -1.8811789
4128933772000, 53.19735, -82.55516, -1.9361209
4128938752000, 53.202583, -82.29222, -2.007817
4128943778000, 53.2384, -81.989334, -2.1101499
4128948744000, 53.29274, -81.68721, -2.2262673
4128953717000, 53.36454, -81.37838, -2.3549216
4128958779000, 53.452206, -81.09074, -2.5077891
4128963735000, 53.56709, -80.79968, -2.6817424
4128968725000, 53.712856, -80.49433, -2.8868396
4128973715000, 53.890373, -80.160995, -3.0957835
4128978979000, 54.108154, -79.79641, -3.3282504
4128983729000, 54.356865, -79.460945, -3.5119078
4128988715000, 54.662506, -79.07589, -3.719842
4128993732000, 54.927547, -78.80181, -3.8680494
4128998725000, 55.23494, -78.50844, -4.0298114
4129003720000, 55.444706, -78.34198, -4.151213
4129008834000, 55.675076, -78.18934, -4.2656736
4129013766000, 55.79192, -78.20653, -4.311238
4129018721000, 55.89426, -78.24665, -4.3503184
4129023708000, 55.932884, -78.38149, -4.289682
4129028738000, 55.963524, -78.53099, -4.2052765
4129033722000, 55.945923, -78.70088, -4.038977
4129038715000, 55.902878, -78.868454, -3.8649042
4129043705000, 55.80374, -79.08767, -3.6423597
4129048794000, 55.67512, -79.30351, -3.426764
4129053717000, 55.51608, -79.53743, -3.2118998
4129058838000, 55.34419, -79.76367, -3.0141473
4129063835000, 55.21988, -79.85773, -2.8655968
4129068721000, 55.10198, -79.92965, -2.748797
4129073716000, 55.030994, -79.86152, -2.6695669
4129078746000, 54.932896, -79.76779, -2.6200821
4129083724000, 54.78944, -79.64567, -2.5655913
4129088708000, 54.609898, -79.52723, -2.5275915
4129093672000, 54.329456, -79.55068, -2.4152691
4129098728000, 54.0546, -79.598366, -2.2970905
4129103715000, 53.74381, -79.716446, -2.115835
4129108750000, 53.473694, -79.85762, -1.9052789
4129113674000, 53.290024, -79.91147, -1.7286297
4129118727000, 53.16744, -79.95227, -1.5381348
4129123718000, 53.099262, -79.90349, -1.404634
4129129603000, 53.048534, -79.8154, -1.2873154
4129133704000, 53.019257, -79.71144, -1.2476819
4129138719000, 52.998066, -79.59614, -1.2184047
4129143710000, 53.00369, -79.48933, -1.2543381
4129148727000, 53.023243, -79.37957, -1.2912096
4129153719000, 53.06991, -79.24575, -1.34316
4129158821000, 53.136913, -79.111404, -1.3874341
4129164605000, 53.221405, -78.92913, -1.4161961
4129168732000, 53.306355, -78.74217, -1.4387103
4129173946000, 53.38693, -78.52778, -1.4147716
4129178739000, 53.45629, -78.31247, -1.384971
4129183659000, 53.495533, -78.09818, -1.2959955
4129188715000, 53.51747, -77.89396, -1.1975354
4129193715000, 53.51462, -77.69344, -1.0986793
4129198715000, 53.478024, -77.52699, -0.96739364
4129203712000, 53.414906, -77.365616, -0.8336762
4129208826000, 53.32095, -77.2208, -0.6839247
4129213673000, 53.208714, -77.08944, -0.5427264
4129218726000, 53.075344, -76.965935, -0.40946814
4129223747000, 52.945587, -76.84288, -0.28517693
4129228736000, 52.818512, -76.715904, -0.1937848
4129234545000, 52.71178, -76.596016, -0.10983291
4129238717000, 52.58988, -76.48279, -0.03171257
4129243730000, 52.5094, -76.37056, 0.038493242
4129248727000, 52.45456, -76.23699, 0.055211842
4129253732000, 52.418587, -76.11079, 0.071979955
4129258743000, 52.393604, -75.98645, 0.06899003
4129263753000, 52.379864, -75.88412, 0.06700929
4129268719000, 52.369274, -75.81916, 0.074160494
4129273727000, 52.371113, -75.77695, 0.08816752
4129278732000, 52.376816, -75.747284, 0.10365328
4129283728000, 52.38925, -75.73803, 0.12810543
4129288709000, 52.394173, -75.76369, 0.15848109
4129293733000, 52.393753, -75.80842, 0.1941331
4129298725000, 52.39102, -75.84935, 0.23452716
4129304360000, 52.37845, -75.90635, 0.27511597
4129308735000, 52.36833, -75.955795, 0.33785385
4129313725000, 52.349804, -76.020645, 0.3991612
4129318721000, 52.327984, -76.08452, 0.46917087
4129323709000, 52.298637, -76.15241, 0.54736096
4129329587000, 52.258385, -76.23788, 0.63924885
4129333766000, 52.21587, -76.34797, 0.7266149
4129338723000, 52.159725, -76.4348, 0.84257334
4129343763000, 52.096905, -76.56667, 0.9635238
4129348744000, 52.025257, -76.71602, 1.0702862
4129353778000, 51.944534, -76.89049, 1.1837934
4129358779000, 51.870476, -77.07231, 1.2715628
4129363793000, 51.787804, -77.2803, 1.3565238
4129368799000, 51.693825, -77.520706, 1.4397215
4129374233000, 51.621704, -77.742035, 1.4816417
4129378714000, 51.575848, -77.95915, 1.4734906
4129383763000, 51.520252, -78.19212, 1.4593337
4129388700000, 51.462875, -78.43466, 1.4429138
4129393772000, 51.4474, -78.66587, 1.389547
4129398733000, 51.42896, -78.89798, 1.3327736
4129403751000, 51.44688, -79.10885, 1.2404524
4129408695000, 51.469437, -79.302124, 1.1483016
4129413743000, 51.51502, -79.443565, 1.0443048
4129418660000, 51.566372, -79.56395, 0.93418235
4129423741000, 51.612885, -79.64843, 0.8430737
4129428672000, 51.66236, -79.69725, 0.7593941
4129433724000, 51.70693, -79.73471, 0.7025845
4129438784000, 51.759792, -79.76248, 0.6563921
4129443733000, 51.81975, -79.80949, 0.644126
4129448692000, 51.90456, -79.85835, 0.6449354
4129453742000, 51.988857, -79.93073, 0.6803012
4129458748000, 52.105743, -80.01608, 0.72363687
4129463722000, 52.257523, -80.138016, 0.7850199
4129468736000, 52.434715, -80.275856, 0.8519047
4129473693000, 52.602192, -80.49267, 0.9440242
4129478738000, 52.779293, -80.72255, 1.0346283
4129483660000, 52.97319, -80.986, 1.1190423
4129488748000, 53.15964, -81.24874, 1.1950966
4129493703000, 53.338158, -81.50913, 1.2826953
4129498735000, 53.504765, -81.76501, 1.3572735
4129503719000, 53.676003, -82.01124, 1.4499493
4129508729000, 53.835037, -82.23961, 1.5280414
4129514074000, 53.974087, -82.44045, 1.6281108
4129518727000, 54.104565, -82.608765, 1.7242922
4129523718000, 54.205463, -82.791275, 1.8414133
4129528728000, 54.28903, -82.92346, 1.953879
4129533671000, 54.350872, -83.037674, 2.0625784
4129538757000, 54.367496, -83.16161, 2.2069888
4129543719000, 54.353233, -83.251015, 2.346799
4129548701000, 54.28102, -83.355995, 2.5276754
4129553726000, 54.166157, -83.41437, 2.7067072
4129558752000, 53.989216, -83.46336, 2.9105384
4129563766000, 53.803955, -83.4685, 3.110905
4129568709000, 53.582188, -83.41921, 3.3578787
4129573771000, 53.352802, -83.25359, 3.5944242
4129583772000, 52.842873, -82.62677, 4.119362
4129588904000, 52.493584, -82.226, 4.447768
4129594676000, 52.10606, -81.81582, 4.7595377
4129598732000, 51.556007, -81.563835, 5.137336
4129603665000, 50.962513, -81.37376, 5.487966
4129608683000, 50.33673, -81.333664, 5.778181
4129613653000, 49.70216, -81.32869, 6.0390263
4129618663000, 49.20338, -81.41907, 6.1148973
4129623725000, 48.708828, -81.54098, 6.164239
4129628736000, 48.30778, -81.71948, 6.0377507
4129633658000, 47.923794, -81.947, 5.864164
4129638675000, 47.62202, -82.238464, 5.5298324
4129643671000, 47.3591, -82.5714, 5.1632023
4129648661000, 47.171062, -82.95896, 4.659997
4129653738000, 47.021896, -83.36078, 4.125075
4129658734000, 46.972458, -83.74301, 3.514598
4129664356000, 47.010395, -84.09553, 2.8955731
4129668739000, 47.134033, -84.38234, 2.3210292
4129673747000, 47.3541, -84.56371, 1.7554367
4129678691000, 47.6766, -84.56945, 1.2951261
4129683730000, 48.030735, -84.472496, 0.8680478
4129688758000, 48.495743, -84.22547, 0.6047322
4129693706000, 48.98242, -83.94146, 0.42112255
4129698734000, 49.3126, -83.96187, 0.32186416
4129703736000, 49.56051, -84.041916, 0.3025378
4129708734000, 49.487595, -84.58419, 0.5780726
4129713736000, 49.491463, -85.1232, 0.84954095
4129718726000, 49.368504, -85.63704, 1.1035997
4129723712000, 49.313576, -86.10661, 1.1704342
4129728721000, 49.197025, -86.552124, 1.2188641
4129733938000, 49.100597, -86.83239, 1.2655848
4129738751000, 48.985767, -87.08273, 1.3038182
4129743686000, 48.93723, -87.11194, 1.3523561
4129748788000, 48.902733, -87.110985, 1.3855653
4129753765000, 48.93061, -86.98601, 1.3499101
4129758725000, 48.964687, -86.82801, 1.2919868
4129763692000, 49.010246, -86.630165, 1.2148863
4129768727000, 49.067043, -86.41931, 1.118383
4129773716000, 49.061485, -86.30814, 1.0488307
4129778727000, 49.06308, -86.20275, 0.9692619
4129783720000, 48.976795, -86.22385, 0.9173779
4129788740000, 48.885098, -86.271164, 0.8634266
4129793723000, 48.749973, -86.42226, 0.8181342
4129798742000, 48.623615, -86.60716, 0.79160476
4129805505000, 48.490055, -86.8851, 0.7741315
4129808743000, 48.352062, -87.198616, 0.7846715
4129813726000, 48.265354, -87.546715, 0.79578704
4129818737000, 48.187035, -87.88359, 0.86599493
4129823734000, 48.14385, -88.23349, 0.93950886
4129828734000, 48.127922, -88.49528, 1.0244223
4129833723000, 48.12521, -88.68472, 1.1145555
4129838712000, 48.130512, -88.79424, 1.1559514
4129843734000, 48.121647, -88.81328, 1.1867089
4129848724000, 48.116405, -91.158325, 1.1320323
4129853717000, 48.095642, -91.16105, 1.0635471
4129858729000, 48.09076, -91.09518, 0.9031029
4129863719000, 48.070988, -91.042885, 0.7297247
4129868726000, 48.029152, -91.004036, 0.5717304
4129873734000, 47.98416, -90.97933, 0.41134992
4129878723000, 47.915737, -90.96404, 0.30737022
4129883731000, 47.853714, -90.943184, 0.21238007
4129888703000, 47.782078, -90.93459, 0.18268053
4129893741000, 47.731857, -90.91257, 0.16991995
4129898672000, 47.67003, -90.9022, 0.21596938
4129903710000, 47.624924, -90.88883, 0.27542156
4129908742000, 47.582294, -90.8955, 0.35721436
4129913809000, 47.547676, -90.908646, 0.4457904
4129919202000, 47.5174, -90.94975, 0.5305375
4129923734000, 47.4775, -90.998566, 0.62003785
4129929605000, 47.419083, -91.057724, 0.68375564
4129933736000, 47.365574, -91.121216, 0.75080603
4129938707000, 47.28219, -91.19578, 0.7924057
4129943737000, 47.186916, -91.26943, 0.82875276
4129948702000, 47.075287, -91.333885, 0.8570737
4129953771000, 46.952587, -91.39383, 0.8529036
4129958820000, 46.82179, -91.44425, 0.8366424
4129963776000, 46.68639, -91.4488, 0.7808651
4129968714000, 46.547234, -91.45045, 0.71838397
4129973712000, 46.410614, -91.374115, 0.62260956
4129978750000, 46.275787, -91.27737, 0.52603436
4129983724000, 46.167694, -91.12154, 0.4171694
4129988717000, 46.064545, -90.951614, 0.30755636
4129993735000, 45.98174, -90.75066, 0.2113214
4129998728000, 45.910995, -90.53252, 0.11366126
4130003726000, 45.847374, -90.3067, 0.039580952
4130008752000, 45.797, -90.07978, -0.035204504
4130013726000, 45.771423, -89.8234, -0.091017425
4130018725000, 45.752476, -89.57382, -0.14475405
4130023707000, 45.7409, -89.32209, -0.18973614
4130028734000, 45.730606, -89.05803, -0.23534848
4130033749000, 45.71057, -88.786224, -0.27322564
4130038714000, 45.68032, -88.51059, -0.31153154
4130043731000, 45.619576, -88.250946, -0.34517086
4130048727000, 45.535244, -87.99469, -0.37268168
4130053712000, 45.42649, -87.735054, -0.4206239
4130058730000, 45.295635, -87.4864, -0.4679807
4130063723000, 45.17549, -87.20354, -0.55174434
4130068717000, 45.051582, -86.93229, -0.63499343
4130073728000, 44.971622, -86.60761, -0.76545805
4130078735000, 44.905724, -86.2886, -0.8938212
4130083726000, 44.891544, -85.91147, -1.0701463
4130088716000, 44.902714, -85.54473, -1.2373097
4130093668000, 44.93344, -85.136696, -1.436857
4130098728000, 44.992603, -84.74463, -1.6266298
4130108764000, 45.07658, -84.35404, -1.8066899
4130113708000, 45.17173, -83.963264, -1.9951515
4130118726000, 45.293034, -83.60175, -2.142687
4130123715000, 45.421364, -83.26121, -2.2729607
4130130368000, 45.576958, -82.93894, -2.3874369
4130133677000, 45.717953, -82.614525, -2.5114179
4130138713000, 45.893486, -82.30237, -2.6267605
4130143666000, 46.062805, -81.971504, -2.7581155
4130148726000, 46.24311, -81.63739, -2.8915908
4130153706000, 46.43092, -81.28232, -3.0308824
4130158756000, 46.627483, -80.913795, -3.171949
4130163706000, 46.82704, -80.51417, -3.3020022
4130168722000, 47.02855, -80.10622, -3.439436
4130173695000, 47.231853, -79.70186, -3.5453765
4130178736000, 47.455685, -79.28613, -3.6564257
4130183679000, 47.69751, -78.85327, -3.7498908
4130188715000, 47.95863, -78.409325, -3.8521624
4130193693000, 48.24245, -77.95298, -3.9572134
4130198727000, 48.575146, -77.44415, -4.032008
4130203709000, 48.912712, -76.92991, -4.1187763
4130208884000, 49.216892, -76.463554, -4.1395206
4130213710000, 49.49957, -76.00435, -4.1723647
4130218723000, 49.688595, -75.658775, -4.132977
4130223687000, 49.84728, -75.3488, -4.110228
4130228733000, 49.85286, -75.21171, -3.9881344
4130233659000, 49.817333, -75.11038, -3.8901427
4130238709000, 49.65881, -75.12724, -3.7183397
4130244270000, 49.472378, -75.17221, -3.5684302
4130248725000, 49.235832, -75.248886, -3.3798401
4130253711000, 48.982857, -75.3484, -3.2049775
4130258819000, 48.719154, -75.45524, -3.0418942
4130263754000, 48.434902, -75.58516, -2.892953
4130268728000, 48.177574, -75.6671, -2.8069642
4130273732000, 47.926895, -75.76396, -2.7376165
4130278792000, 47.77628, -75.74285, -2.800777
4130283689000, 47.65718, -75.717995, -2.8991342
4130288711000, 47.6374, -75.527054, -3.1106706
4130293744000, 47.618683, -75.3311, -3.3710139
4130298728000, 47.623924, -75.067375, -3.6508992
4130303731000, 47.630215, -74.83267, -3.9468603
4130308864000, 47.50139, -74.73724, -4.2041845
4130314474000, 47.44101, -74.70394, -4.4020166
4130318725000, 47.2194, -74.85499, -4.5213394
4130323755000, 47.087658, -75.05817, -4.5408115
4130329582000, 46.952374, -75.28704, -4.4596977
4130333731000, 46.83879, -75.48776, -4.374492
4130338711000, 46.80976, -75.655624, -4.2277346
4130343750000, 46.7977, -75.786606, -4.071847
4130348725000, 46.842308, -75.86092, -3.952167
4130353724000, 46.90334, -75.92952, -3.7995088
4130358812000, 47.027294, -75.932465, -3.7166026
4130363774000, 47.172405, -75.93358, -3.6095588
4130368721000, 47.35871, -75.88212, -3.5575888
4130373712000, 47.548107, -75.83004, -3.4908063
4130378725000, 47.781506, -75.73033, -3.4665697
4130384062000, 48.013004, -75.631096, -3.4418848
4130388702000, 48.27055, -75.49543, -3.440093
4130393732000, 48.50436, -75.37116, -3.438343
4130398723000, 48.735558, -75.2209, -3.4383197
4130403709000, 48.962955, -75.07392, -3.4447308
4130408799000, 49.123596, -74.97314, -3.3951766
4130413746000, 49.28629, -74.86693, -3.3560245
4130418726000, 49.378674, -74.81447, -3.2563622
4130423719000, 49.47525, -74.7514, -3.155741
4130428726000, 49.541843, -74.72172, -3.0211632
4130433726000, 49.616703, -74.698875, -2.8691924
4130438699000, 49.659943, -74.72396, -2.6913517
4130443749000, 49.706436, -74.75062, -2.4923382
4130448724000, 49.75594, -74.79514, -2.2848957
4130453771000, 49.802258, -74.84477, -2.0549235
4130458761000, 49.833862, -74.973816, -1.833438
4130463759000, 49.863922, -75.121376, -1.5973356
4130468723000, 49.91173, -75.32949, -1.3401265
4130473755000, 49.96595, -75.55251, -1.0737447
4130478746000, 50.026386, -75.81314, -0.79446185
4130483759000, 50.084393, -76.087906, -0.51254076
4130488717000, 50.131596, -76.37458, -0.22895537
4130493795000, 50.167698, -76.672844, 0.04933446
4130498691000, 50.156284, -76.96369, 0.31813648
4130503739000, 50.134453, -77.265465, 0.57542413
4130508780000, 50.074738, -77.56429, 0.8368355
4130513862000, 49.991978, -77.878876, 1.0811515
4130518660000, 49.870033, -78.18194, 1.3112222
4130523759000, 49.70184, -78.48683, 1.5284463
4130529635000, 49.477184, -78.78713, 1.7121959
4130533862000, 49.249928, -79.09633, 1.8972421
4130538683000, 48.983772, -79.39139, 2.0516174
4130543750000, 48.704647, -79.69941, 2.2048972
4130548674000, 48.38666, -80.00052, 2.3431396
4130553744000, 48.070843, -80.29509, 2.4631405
4130558715000, 47.732452, -80.581665, 2.574664
4130563745000, 47.391216, -80.85223, 2.6549258
4130569351000, 47.03819, -81.112175, 2.7279067
4130573662000, 46.719597, -81.36348, 2.801779
4130578675000, 46.398346, -81.60934, 2.8699505
4130583666000, 46.098103, -81.84403, 2.9469566
4130588651000, 45.81715, -82.06687, 3.024748
4130593666000, 45.560795, -82.28345, 3.1183128
4130598648000, 45.318596, -82.482574, 3.2145128
4130603748000, 45.123695, -82.66938, 3.3223538
4130608689000, 44.949356, -82.839386, 3.4349957
4130613746000, 44.824905, -82.96479, 3.5424745
4130618762000, 44.73787, -83.07939, 3.653709
4130623753000, 44.70505, -83.15464, 3.7698038
4130628774000, 44.696804, -83.20454, 3.8910291
4130633757000, 44.743942, -83.226555, 4.0036173
4130639433000, 44.8156, -83.22864, 4.127177
4130643763000, 44.918415, -83.203735, 4.2561064
4130648760000, 45.03798, -83.16846, 4.3870006
4130653749000, 45.175705, -83.130486, 4.5207353
4130658905000, 45.31626, -83.0864, 4.659611
4130663775000, 45.46591, -83.0569, 4.798636
4130668743000, 45.604942, -83.03308, 4.9335895
4130673750000, 45.727715, -83.027664, 5.0709243
4130678767000, 45.832996, -83.04061, 5.1911807
4130683744000, 45.91356, -83.07873, 5.3056273
4130688760000, 45.958076, -83.13243, 5.398304
4130693762000, 45.965744, -83.20533, 5.4808607
4130698764000, 45.92875, -83.28575, 5.5409775
4130703740000, 45.866177, -83.36007, 5.5966806
4130709379000, 45.697636, -83.464966, 5.6004286
4130713713000, 45.58191, -83.53188, 5.602822
4130718763000, 45.369175, -83.64216, 5.555209
4130723710000, 45.158516, -83.70675, 5.487681
4130729239000, 44.928696, -83.77345, 5.403351
4130733677000, 44.71509, -83.8105, 5.307605
4130738752000, 44.507324, -83.80366, 5.205185
4130743674000, 44.30072, -83.71564, 5.1384892
4130748760000, 44.12797, -83.55611, 5.100823
4130753800000, 43.935947, -83.29148, 5.170127
4130758881000, 43.795105, -82.97572, 5.2635374
4130763824000, 43.659893, -82.65176, 5.4614344
4130768727000, 43.560917, -82.31079, 5.6926436
4130773738000, 43.490677, -82.01259, 5.9566016
4130778856000, 43.44571, -81.7346, 6.2319236
4130783763000, 43.403755, -81.518166, 6.509189
4130788756000, 43.353436, -81.34347, 6.7751427
4130793991000, 43.255085, -81.260284, 6.9950914
4130798764000, 43.155807, -81.23207, 7.174407
4130804019000, 42.96642, -81.30461, 7.2334805
4130808903000, 42.823166, -81.42072, 7.2715793
4130813725000, 42.651497, -81.664, 7.133747
4130818759000, 42.47585, -81.96033, 6.964516
4130823735000, 42.308563, -82.314964, 6.732681
4130828763000, 42.19569, -82.777534, 6.3596106
4130833781000, 42.105133, -83.29406, 5.938778
4130838757000, 42.05838, -83.88199, 5.4294024
4130843782000, 42.042236, -84.50498, 4.8893666
4130848760000, 42.034267, -85.122986, 4.351318
4130853774000, 42.034412, -85.730255, 3.8129284
4130859026000, 42.043056, -86.199524, 3.3762066
4130863839000, 42.046333, -86.609436, 2.9853578
4130868723000, 42.099003, -86.770515, 2.8055675
4130873762000, 42.168556, -86.86254, 2.688999
4130878762000, 42.21686, -86.786125, 2.7802708
4130883764000, 42.2693, -86.683464, 2.908225
4130888750000, 42.269127, -86.522064, 3.1478994
4130894470000, 42.265812, -86.35918, 3.3796895
4130898753000, 42.280064, -86.27848, 3.511629
4130903787000, 42.233814, -86.19539, 3.6367888
4130908852000, 42.201527, -86.269745, 3.5831158
4130913799000, 42.135365, -86.35381, 3.5126834
4130918761000, 42.088608, -86.53594, 3.3182821
4130923754000, 42.02658, -86.73447, 3.1017017
4130929641000, 41.966408, -86.95757, 2.836469
4130933767000, 41.903675, -87.16802, 2.5690506
4130938778000, 41.840096, -87.34593, 2.3171964
4130943741000, 41.78373, -87.50237, 2.0744982
4130948977000, 41.683533, -87.5697, 1.989038
4130953816000, 41.59597, -87.635765, 1.9149079
4130959150000, 41.488598, -87.68973, 1.9160235
4130964504000, 41.397728, -87.73633, 1.9339576
4130969036000, 41.28468, -87.76085, 2.004627
4130973775000, 41.180576, -87.75246, 2.099265
4130978665000, 41.071487, -87.67096, 2.2494857
4130983758000, 40.978333, -87.55922, 2.4083989
4130988681000, 40.878387, -87.405754, 2.5885198
4130993829000, 40.803036, -87.23773, 2.76222
4130998753000, 40.728973, -92.93972, 2.9365218
4131003841000, 40.66782, -93.02971, 3.0202327
4131008762000, 40.607605, -93.11934, 3.1018858
4131013772000, 40.583775, -93.10475, 3.0830336
4131018754000, 40.563553, -93.08576, 3.0606284
4131023762000, 40.575855, -92.98607, 2.9596825
4131028772000, 40.59293, -92.87585, 2.8501632
4131034264000, 40.626347, -92.71142, 2.6850386
4131038746000, 40.664867, -92.53827, 2.5123115
4131043778000, 40.703648, -92.33633, 2.3090358
4131048762000, 40.740818, -92.1322, 2.1050115
4131053802000, 40.772625, -91.94184, 1.9128902
4131058856000, 40.796593, -91.75366, 1.7252198
4131063765000, 40.795643, -91.60714, 1.579401
4131068726000, 40.8047, -91.46997, 1.4448695
4131073745000, 40.78935, -91.40254, 1.3791617
4131078754000, 40.789063, -91.33908, 1.3208603
4131083757000, 40.78005, -91.33273, 1.320406
4131088763000, 40.784786, -91.32901, 1.323436
4131093749000, 40.791386, -91.33866, 1.337515
4131098744000, 40.798782, -88.646614, 1.3531417
4131103723000, 40.83265, -88.64422, 1.3493396
4131108859000, 40.87487, -88.63446, 1.339932
4131113913000, 40.945206, -88.62754, 1.3011502
4131118785000, 41.025425, -88.59493, 1.2576685
4131123922000, 41.13037, -88.537476, 1.1871498
4131128668000, 41.234623, -88.43282, 1.1196555
4131133727000, 41.349335, -88.28325, 1.0488871
4131138702000, 41.45557, -88.09932, 0.97620934
4131143672000, 41.560898, -87.89151, 0.9076335
4131148725000, 41.6505, -87.68177, 0.8473653
4131153732000, 41.73993, -87.45846, 0.7871324
4131158809000, 41.81669, -87.26848, 0.7263468
4131163708000, 41.893215, -87.06823, 0.66402704
4131168722000, 41.97606, -86.86686, 0.6056014
4131173691000, 42.0561, -86.66316, 0.5457626
4131178733000, 42.138447, -86.45213, 0.4927495
4131183664000, 42.22545, -86.245384, 0.4460398
4131188708000, 42.316433, -86.02226, 0.4117786
4131193692000, 42.40822, -85.80937, 0.39526445
4131198728000, 42.506947, -85.59727, 0.37322468
4131203781000, 42.601673, -85.39186, 0.37587819
4131208843000, 42.68978, -85.19794, 0.37390772
4131218723000, 42.766285, -85.02972, 0.39743647
4131223730000, 42.86318, -84.861206, 0.39858234
4131228729000, 42.962185, -84.71783, 0.3994207
4131233730000, 43.07483, -84.58947, 0.40308347
4131238708000, 43.19769, -84.45855, 0.39090323
4131243736000, 43.343994, -84.328026, 0.37827912
4131248724000, 43.516994, -84.16844, 0.3558722
4131253728000, 43.713554, -84.00053, 0.33222562
4131258794000, 43.95445, -83.767975, 0.3076281
4131263759000, 44.212234, -83.52736, 0.28170717
4131268722000, 44.503838, -83.23784, 0.25962663
4131273726000, 44.809742, -82.93193, 0.23579928
4131278724000, 45.12605, -82.575165, 0.23373483
4131283728000, 45.44809, -82.20369, 0.23033337
4131289199000, 45.754417, -81.8233, 0.2467772
4131293707000, 46.067734, -81.43109, 0.26392797
4131298723000, 46.35233, -81.04071, 0.311605
4131303734000, 46.63514, -80.64928, 0.35921228
4131308803000, 46.886585, -80.25205, 0.43526658
4131313824000, 47.123905, -79.87178, 0.50119376
4131318683000, 47.327415, -79.51886, 0.6158422
4131323884000, 47.52562, -79.18827, 0.7110425
4131329598000, 47.712307, -78.87664, 0.7890738
4131333730000, 47.899597, -78.56603, 0.88229537
4131338679000, 48.13279, -78.24313, 0.92427564
4131343729000, 48.39836, -77.89296, 0.95144117
4131348675000, 48.680656, -77.54614, 0.9335113
4131353759000, 48.941353, -77.19229, 0.89834666
4131359380000, 49.17385, -76.84213, 0.8238397
4131363707000, 49.36037, -76.50072, 0.7303258
4131368772000, 49.485275, -76.186295, 0.6168924
4131373752000, 49.415382, -76.11433, 0.6338835
4131378811000, 49.318165, -76.08799, 0.648337
4131383719000, 49.079967, -76.23137, 0.87019944
4131388709000, 48.856304, -76.395424, 1.0843692
4131393720000, 48.75086, -76.44673, 1.2391083
4131399241000, 48.66723, -76.51805, 1.381196
4131404228000, 48.658684, -76.51033, 1.4191886
4131408718000, 48.657898, -76.508835, 1.4514081
4131414183000, 48.696045, -76.47743, 1.4273494
4131419585000, 48.74378, -76.45539, 1.3946129
4131423783000, 48.81505, -76.4104, 1.3314859
4131429967000, 48.92203, -76.37343, 1.2632552
4131433770000, 49.02092, -76.336716, 1.1883587
4131438826000, 49.17821, -76.28971, 1.119131
4131444358000, 49.338932, -76.248375, 1.0507605
4131449434000, 49.5273, -76.20166, 0.9616213
4131454397000, 49.72456, -76.1678, 0.87955284
4131459706000, 49.900402, -76.135414, 0.8537557
4131464330000, 50.068424, -76.11537, 0.83635396
4131469319000, 50.181515, -76.12504, 0.87997633
4131475150000, 50.270573, -76.14304, 0.93379474
4131479956000, 50.306984, -76.2039, 1.0345993
4131484043000, 50.321163, -76.273994, 1.1417946
4131488719000, 50.297726, -76.363525, 1.2813221
4131493844000, 50.26408, -76.459404, 1.4152157
4131498800000, 50.225506, -76.531395, 1.5462573
4131503803000, 50.188786, -76.604385, 1.6619909
4131509208000, 50.1751, -76.644424, 1.7364366
4131514088000, 50.165016, -76.67125, 1.813204
4131518822000, 50.17224, -76.681465, 1.8486911
4131524078000, 50.19251, -76.6791, 1.8789889
4131528734000, 50.2299, -76.67958, 1.9019305
4131533769000, 50.29843, -76.66972, 1.9320152
4131538696000, 50.392155, -76.66672, 1.9707636
4131543719000, 50.51383, -76.66432, 2.02015
4131548749000, 50.661583, -76.66157, 2.0896096
4131553672000, 50.854374, -76.67034, 2.0817428
4131558693000, 51.035515, -76.68508, 2.0883164
4131563682000, 51.19865, -76.72403, 2.0609264
4131568674000, 51.3244, -76.763664, 2.02954
4131573667000, 51.400253, -76.800476, 1.9960911
4131583619000, 51.407497, -76.96503, 1.892973
4131588662000, 51.36162, -77.07333, 1.8505123
4131593604000, 51.280727, -77.18688, 1.8065292
4131598651000, 51.180965, -77.29038, 1.8044535
4131603658000, 51.06956, -77.42077, 1.8088372
4131608710000, 50.941387, -77.52432, 1.8699784
4131613890000, 50.8129, -77.64344, 1.9525363
4131618633000, 50.662994, -77.72981, 2.1020198
4131623690000, 50.51166, -77.822754, 2.2723727
4131628754000, 50.364075, -77.92404, 2.4781365
4131633644000, 50.216007, -78.03028, 2.7034545
4131638725000, 50.063488, -78.15102, 2.9586039
4131643656000, 49.90347, -78.2831, 3.2283578
4131648703000, 49.755814, -78.406006, 3.493857
4131653664000, 49.604736, -78.538666, 3.772714
4131658689000, 49.45919, -78.6704, 4.034525
4131663702000, 49.32043, -78.80886, 4.2906747
4131668682000, 49.19199, -78.939064, 4.524843
4131673726000, 49.057922, -79.066536, 4.746226
4131678687000, 48.93885, -79.19211, 4.9190936
4131684127000, 48.81996, -79.31564, 5.0814605
4131688668000, 48.73203, -79.4684, 5.1786404
4131693689000, 48.640186, -79.60835, 5.2696714
4131698683000, 48.57953, -79.7689, 5.3028955
4131703739000, 48.521103, -79.911255, 5.331916
4131708737000, 48.50236, -80.066154, 5.3014393
4131713729000, 48.490124, -80.21912, 5.261885
4131718729000, 48.50124, -80.37286, 5.177301
4131723713000, 48.529163, -80.52281, 5.0778375
4131729562000, 48.566395, -80.67214, 4.956187
4131733731000, 48.62086, -80.81055, 4.8202877
4131738688000, 48.666996, -80.92478, 4.724222
4131743760000, 48.724976, -81.02998, 4.6273847
4131748693000, 48.77601, -81.089035, 4.5869765
4131754206000, 48.84142, -81.136665, 4.5594354
4131758808000, 48.90136, -81.17678, 4.584494
4131763854000, 48.97569, -81.20681, 4.617428
4131768739000, 49.0492, -81.24725, 4.693702
4131773716000, 49.123425, -81.28972, 4.76242
4131778688000, 49.174637, -81.339134, 4.8577757
4131783726000, 49.224594, -81.39473, 4.9388733
4131788714000, 49.265465, -81.45764, 5.03989
4131793702000, 49.28335, -81.52232, 5.1296215
4131798737000, 49.27654, -81.57542, 5.225414
4131803735000, 49.242462, -81.62353, 5.306844
4131808756000, 49.161938, -81.65972, 5.4031863
4131813802000, 49.05194, -81.6971, 5.4800196
4131818976000, 48.905655, -81.731064, 5.5421247
4131823737000, 48.719887, -81.76165, 5.600062
4131828697000, 48.496803, -81.78283, 5.639998
4131833728000, 48.251663, -81.78742, 5.669581
4131838695000, 47.99431, -81.76962, 5.6854067
4131843728000, 47.7697, -81.737946, 5.686565
4131848661000, 47.528805, -81.63876, 5.688828
4131853741000, 47.284893, -81.472885, 5.7062116
4131858742000, 47.033085, -81.253586, 5.73607
4131863727000, 46.745827, -81.0132, 5.828691
4131868661000, 46.466892, -80.76081, 5.936149
4131873701000, 46.140553, -80.58997, 6.10971
4131878763000, 45.84727, -80.4591, 6.2959876
4131883728000, 45.624783, -80.39316, 6.44077
4131888750000, 45.426613, -80.3321, 6.5862675
4131893747000, 45.295486, -80.28487, 6.6858854
4131898763000, 45.18384, -80.25988, 6.778088
4131903882000, 45.095196, -80.2463, 6.820521
4131908838000, 45.02889, -80.25387, 6.8483267
4131913843000, 44.967415, -80.30639, 6.812909
4131918766000, 44.914764, -80.40274, 6.7549567
4131923759000, 44.86609, -80.58589, 6.6297264
4131929631000, 44.817448, -80.84038, 6.4680996
4131933758000, 44.750362, -81.21385, 6.2592406
4131939401000, 44.694485, -81.65455, 6.0111566
4131943811000, 44.607883, -82.19628, 5.7256656
4131948763000, 44.516376, -82.78234, 5.407068
4131953786000, 44.425617, -83.40488, 5.0535307
4131958875000, 44.3041, -84.03563, 4.678429
4131963799000, 44.18551, -84.630325, 4.2875724
4131968738000, 44.05573, -85.20486, 3.8944542
4131973743000, 43.93645, -85.640205, 3.5683203
4131978792000, 43.829258, -86.02967, 3.2687511
4131983715000, 43.76679, -86.1299, 3.2055926
4131988792000, 43.70991, -86.19353, 3.1756227
4131993880000, 43.697895, -86.224236, 3.1802592
4131998831000, 43.689514, -86.243484, 3.196874
4132003690000, 43.682426, -86.311386, 3.1994019
4132009699000, 43.686523, -86.35979, 3.2201512
4132013690000, 43.690773, -86.47885, 3.1943645
4132018710000, 43.682827, -86.555305, 3.2025223
4132023909000, 43.67, -86.664, 3.1729915
4132028901000, 43.636795, -86.75061, 3.1504958
4132033788000, 43.586876, -86.82131, 3.1269264
4132038819000, 43.51761, -86.90447, 3.0714698
4132043797000, 43.42933, -86.979256, 3.013198
4132048768000, 43.334427, -87.06133, 2.9369678
4132053681000, 43.22032, -87.143524, 2.8564615
4132058697000, 43.10151, -92.774826, 2.774113
4132063637000, 42.966404, -92.7168, 2.7155244
4132068615000, 42.838436, -92.660095, 2.6588526
4132073649000, 42.710846, -92.65482, 2.6539838
4132078721000, 42.581043, -92.66183, 2.6615016
4132083661000, 42.450737, -92.72664, 2.7263033
4132088632000, 42.333504, -92.79585, 2.795199
4132093668000, 42.198315, -92.91341, 2.9100406
4132098644000, 42.069878, -93.0377, 3.0274215
4132103658000, 41.93513, -93.19763, 3.1731434
4132108700000, 41.802673, -93.36906, 3.323187
4132113665000, 41.674404, -93.522415, 3.4421167
4132118657000, 41.544563, -93.68108, 3.5576465
4132123659000, 41.426704, -93.80151, 3.6241992
4132129236000, 41.304264, -93.92021, 3.6825273
4132133662000, 41.196266, -93.96789, 3.6719124
4132138656000, 41.089096, -94.008354, 3.6539054
4132143761000, 40.998196, -93.96947, 3.5724287
4132148790000, 40.909344, -93.91439, 3.4793048
4132153801000, 40.832172, -93.791824, 3.3420026
4132158800000, 40.75558, -93.65102, 3.1952436
4132163854000, 40.68911, -93.4674, 3.0315013
4132168745000, 40.622528, -93.27272, 2.8672855
4132173753000, 40.564037, -93.0642, 2.7098236
4132178774000, 40.511936, -92.84537, 2.550367
4132183762000, 40.466965, -92.6448, 2.4204578
4132188709000, 40.424984, -92.44286, 2.2902853
4132193718000, 40.40254, -92.27496, 2.1868505
4132198717000, 40.386833, -92.11992, 2.0856626
4132203736000, 40.39732, -91.99635, 1.9933078
4132208738000, 40.427223, -88.088684, 1.904363
4132213698000, 40.47077, -88.13106, 1.8109094
4132218732000, 40.535366, -88.11579, 1.7220731
4132223698000, 40.61667, -88.05123, 1.6277268
4132228732000, 40.715813, -87.933685, 1.5342112
4132233715000, 40.822807, -87.77967, 1.4320538
4132238716000, 40.94104, -87.58435, 1.3270502
4132243686000, 41.07183, -87.36176, 1.2173901
4132248731000, 41.209663, -87.11439, 1.1104378
4132253691000, 41.348427, -86.853874, 0.99703413
4132258751000, 41.488194, -86.58032, 0.89038676
4132263726000, 41.61211, -86.30737, 0.7799497
4132268729000, 41.7399, -86.0291, 0.6757553
4132273763000, 41.856194, -85.75245, 0.57484347
4132278742000, 41.979904, -85.473915, 0.47724786
4132283701000, 42.093803, -85.20581, 0.38268805
4132288708000, 42.223118, -84.93527, 0.29001448
4132294105000, 42.34666, -84.66965, 0.22893144
4132298743000, 42.473732, -84.41905, 0.15963028
4132303725000, 42.6077, -84.166954, 0.1225849
4132308732000, 42.746174, -83.93831, 0.09138115
4132313668000, 42.885265, -83.71719, 0.07323844
4132318727000, 43.02757, -83.516075, 0.06169027
4132323683000, 43.16547, -83.318016, 0.062439892
4132329611000, 43.30304, -83.1338, 0.063560046
4132334331000, 43.435555, -82.95902, 0.069229096
4132338748000, 43.57016, -82.78245, 0.06018593
4132343721000, 43.70227, -82.61299, 0.06054964
4132348757000, 43.846092, -82.43804, 0.031591337
4132353825000, 43.989647, -82.26836, 0.011671086
4132358781000, 44.130074, -82.08564, -0.001576066
4132363756000, 44.263138, -81.91163, -0.014908596
4132368748000, 44.40443, -81.73203, -0.034138992
4132373763000, 44.537086, -81.55399, -0.055116225
4132378755000, 44.682537, -81.331085, -0.0773041
4132383776000, 44.823063, -81.10845, -0.100084506
4132388746000, 44.94837, -80.85953, -0.11475407
4132393781000, 45.06762, -80.61383, -0.12786978
4132398759000, 45.17336, -80.337654, -0.13200888
4132404118000, 45.270554, -80.06273, -0.13509274
4132408773000, 45.356358, -79.77226, -0.1300657
4132413766000, 45.437004, -79.476425, -0.12336183
4132418754000, 45.508583, -79.14863, -0.10505519
4132423758000, 45.577248, -78.81838, -0.0854423
4132428768000, 45.642693, -78.48223, -0.06450772
4132433760000, 45.71021, -78.1523, -0.048379943
4132438746000, 45.77173, -77.829475, -0.026171574
4132443835000, 45.854877, -77.49702, -0.01159766
4132448746000, 45.956215, -77.12987, -0.045002405
4132453761000, 46.07376, -76.74707, -0.09731656
4132458853000, 46.255585, -76.25799, -0.16003665
4132463863000, 46.474545, -75.75208, -0.24750975
4132468721000, 46.69319, -75.24641, -0.2883684
4132473926000, 46.909714, -74.73043, -0.35135737
4132478750000, 47.04541, -74.34418, -0.33360878
4132483761000, 47.185642, -73.97984, -0.31525233
4132488700000, 47.122696, -73.79407, -0.1994009
4132493787000, 47.05748, -73.630745, -0.0680526
4132498691000, 46.89273, -73.59794, 0.15383992
4132503763000, 46.706085, -73.581894, 0.3686841
4132508703000, 46.523052, -73.54864, 0.6216038
4132513754000, 46.33233, -73.54713, 0.86219025
4132518658000, 46.177597, -73.50918, 1.0390993
4132523755000, 46.02104, -73.49828, 1.2029307
4132529596000, 45.891975, -73.46312, 1.2816468
4132533761000, 45.769924, -73.44351, 1.351936
4132538727000, 45.6999, -73.38499, 1.366309
4132543972000, 45.66658, -73.333565, 1.372598
4132548720000, 45.71317, -73.20947, 1.3240509
4132553631000, 45.804817, -73.08684, 1.2609956
4132558617000, 45.971413, -72.89148, 1.1640261
4132563643000, 46.158077, -72.71197, 1.0431454
4132568643000, 46.348587, -72.54764, 0.9233653
4132573638000, 46.52951, -72.410835, 0.7893199
4132578634000, 46.648205, -72.379776, 0.7491991
4132583641000, 46.744495, -72.38527, 0.69421864
4132588625000, 46.767883, -72.47562, 0.7973292
4132593647000, 46.786495, -72.62246, 0.9062638
4132598727000, 46.78251, -72.769, 1.0859643
4132603691000, 46.787292, -72.93869, 1.2880142
4132608700000, 46.826942, -73.05638, 1.4778854
4132613696000, 46.87615, -73.17868, 1.6821635
4132618661000, 46.93651, -73.29245, 1.8974028
4132623694000, 47.041523, -73.36109, 2.065198
4132628666000, 47.170673, -73.42903, 2.2449558
4132633695000, 47.351612, -73.48206, 2.3675182
4132638642000, 47.541946, -73.53705, 2.5119355
4132643629000, 47.783695, -73.592224, 2.5960867
4132648613000, 48.034893, -73.6456, 2.6891565
4132653694000, 48.310028, -73.70435, 2.73897
4132658647000, 48.57876, -73.76222, 2.7917335
4132663698000, 48.847942, -73.82147, 2.8189876
4132668611000, 49.101223, -73.879395, 2.8404508
4132673709000, 49.33347, -73.93809, 2.864241
4132678712000, 49.54343, -73.98691, 2.8803651
4132683758000, 49.723316, -74.0226, 2.9347913
4132688689000, 49.86839, -74.051895, 2.9767308
4132693809000, 49.9963, -74.08307, 3.021513
4132699315000, 50.100742, -74.10921, 3.0645185
4132703849000, 50.134995, -74.103615, 3.208139
4132709612000, 50.134743, -74.089676, 3.3616812
4132713748000, 50.137825, -74.09122, 3.5115864
4132718727000, 50.121258, -74.087036, 3.677048
4132723871000, 50.12757, -74.10127, 3.8485973
4132729891000, 50.12669, -74.1115, 4.024584
4132733729000, 50.123913, -74.12453, 4.2066994
4132738815000, 50.11936, -74.13895, 4.3888936
4132743760000, 50.11676, -74.182465, 4.5703773
4132748756000, 50.11167, -74.2397, 4.7483377
4132753853000, 50.13567, -74.3075, 4.940645
4132758880000, 50.15767, -74.39329, 5.126511
4132763802000, 50.173985, -74.54989, 5.322556
4132768730000, 50.179943, -74.71261, 5.5125756
4132773766000, 50.17212, -74.885475, 5.696294
4132778768000, 50.163113, -75.09497, 5.892929
4132783758000, 50.14134, -75.31033, 6.0831294
4132788745000, 50.08613, -75.53899, 6.2722454
4132793792000, 50.00459, -75.77803, 6.4517117
4132798757000, 49.89962, -76.025826, 6.6188254
4132803788000, 49.756313, -76.28025, 6.7713857
4132808787000, 49.606422, -76.54423, 6.9107294
4132813748000, 49.42621, -76.815186, 7.032524
4132818755000, 49.234657, -77.0943, 7.1265473
4132823757000, 49.01936, -77.370735, 7.2079268
4132828761000, 48.79615, -77.65509, 7.2508035
4132833761000, 48.552025, -77.93609, 7.2819037
4132838702000, 48.315193, -78.22942, 7.2965684
4132843878000, 48.06792, -78.515656, 7.3032403
4132848758000, 47.811756, -78.7985, 7.300309
4132853750000, 47.55176, -79.066315, 7.298101
4132858725000, 47.299583, -79.3151, 7.3088894
4132863741000, 47.0422, -79.54094, 7.328712
4132868726000, 46.787678, -79.717606, 7.3728156
4132873714000, 46.533585, -79.861984, 7.4300165
4132878729000, 46.29834, -79.95047, 7.5230656
4132883729000, 46.07833, -80.015076, 7.621073
4132888696000, 45.873783, -80.0247, 7.752184
4132893774000, 45.680992, -80.00423, 7.888359
4132898672000, 45.52094, -79.937706, 8.050456
4132903740000, 45.375225, -79.851265, 8.214214
4132908742000, 45.264492, -79.753746, 8.371391
4132913734000, 45.169815, -79.65037, 8.520912
4132918655000, 45.090797, -79.55025, 8.656447
4132923710000, 45.026093, -79.45161, 8.78087
4132929576000, 44.976772, -79.379875, 8.8804035
4132933728000, 44.925617, -79.30666, 8.97277
4132938699000, 44.88225, -79.228775, 9.069549
4132943771000, 44.830944, -79.15117, 9.159821
4132948718000, 44.758152, -79.06222, 9.26252
4132953745000, 44.678173, -78.97053, 9.361024
4132958780000, 44.56941, -78.89485, 9.454119
4132963768000, 44.438995, -78.81464, 9.541914
4132968783000, 44.2894, -78.75573, 9.613117
4132973766000, 44.11275, -78.69458, 9.680414
4132978922000, 43.917465, -78.644554, 9.735819
4132983762000, 43.71237, -78.5958, 9.789141
4132989017000, 43.471195, -78.577736, 9.8106
4132993857000, 43.225056, -78.55226, 9.83689
4132998713000, 43.00616, -78.54351, 9.821258
4133003773000, 42.780457, -78.52331, 9.804605
4133008696000, 42.567093, -78.497246, 9.790998
4133013769000, 42.408554, -78.45033, 9.754714
4133018658000, 42.28977, -78.37372, 9.714174
4133023758000, 42.20667, -78.24773, 9.623995
4133028665000, 42.17045, -78.03946, 9.555453
4133033726000, 42.17087, -77.70984, 9.498904
4133038708000, 42.192608, -77.32073, 9.4455385
4133043818000, 42.183426, -76.86092, 9.482002
4133048661000, 42.2126, -76.386, 9.543778
4133053778000, 42.247982, -76.10125, 9.640628
4133058759000, 42.317917, -75.89403, 9.736815
4133063765000, 42.38521, -75.85267, 9.7724495
4133068693000, 42.47619, -75.87643, 9.798461
4133073759000, 42.54453, -76.07756, 9.785746
4133078738000, 42.63729, -76.359886, 9.742234
4133083758000, 42.668488, -76.74114, 9.674876
4133088725000, 42.698376, -77.24267, 9.532496
4133093817000, 42.726635, -77.8034, 9.290126
4133098763000, 42.742153, -78.43456, 8.986178
4133103770000, 42.776608, -79.127815, 8.52997
4133108771000, 42.806164, -79.867355, 8.015642
4133113755000, 42.865948, -80.621155, 7.389769
4133118757000, 42.931232, -81.3858, 6.727089
4133123759000, 43.02405, -82.10259, 6.0261517
4133129635000, 43.121777, -82.762024, 5.3241568
4133133759000, 43.208942, -83.20916, 4.7256866
4133138732000, 43.2725, -83.54274, 4.19662
4133143811000, 43.35371, -83.544266, 3.938593
4133148761000, 43.495106, -83.47961, 3.7732077
4133153773000, 43.55376, -83.4344, 3.9565747
4133158803000, 43.589767, -83.36154, 4.203823
4133163765000, 43.57693, -83.26507, 4.6700573
4133168740000, 43.57773, -83.141464, 5.114967
4133173751000, 43.542553, -83.03075, 5.4231734
4133178764000, 43.465813, -82.921326, 5.688275
4133183753000, 43.3538, -82.94204, 5.7422314
4133188747000, 43.23874, -82.99961, 5.725315
4133193794000, 43.133507, -83.15839, 5.5504084
4133198762000, 43.023136, -83.33963, 5.3472724
4133203774000, 42.93699, -83.559364, 5.073092
4133208862000, 42.869633, -83.78834, 4.7961273
4133213853000, 42.827053, -84.01029, 4.539469
4133218766000, 42.806, -84.24116, 4.2981167
4133223740000, 42.765865, -84.45268, 4.207573
4133228764000, 42.736713, -84.67189, 4.137307
4133233756000, 42.68369, -84.87075, 4.1639247
4133238745000, 42.61578, -85.041916, 4.219991
4133243842000, 42.517532, -85.0932, 4.407951
4133248762000, 42.41223, -85.07615, 4.6217585
4133253716000, 42.280212, -84.8863, 4.959698
4133258780000, 42.140003, -84.61769, 5.3221245
4133263687000, 42.0086, -84.27112, 5.713941
4133268741000, 41.874634, -83.88479, 6.1151066
4133273677000, 41.75679, -96.460045, 6.454337
4133278763000, 41.63167, -96.81844, 6.7951837
4133283660000, 41.52102, -97.06898, 7.0205803
4133288748000, 41.39469, -97.31437, 7.2364078
4133293726000, 41.276215, -97.443474, 7.3313236
4133298765000, 41.132084, -97.56846, 7.419728
4133303717000, 40.981503, -97.6032, 7.4170036
4133308867000, 40.815247, -97.62546, 7.4020743
4133313724000, 40.641693, -97.60824, 7.3532505
4133318767000, 40.461323, -97.58381, 7.299659
4133323746000, 40.285873, -97.56331, 7.2612376
4133329602000, 40.12013, -97.53714, 7.2230043
4133333723000, 39.966675, -97.536, 7.2242928
4133338748000, 39.838593, -97.53469, 7.230176
4133343772000, 39.72788, -97.5582, 7.2754865
4133348761000, 39.641712, -97.580894, 7.3244023
4133353737000, 39.58282, -97.596, 7.3707137
4133358729000, 39.54841, -97.60944, 7.41724
4133363823000, 39.533203, -97.58915, 7.4301972
4133368723000, 39.53235, -97.56156, 7.434752
4133373694000, 39.541, -97.52812, 7.431267
4133378738000, 39.559196, -97.490456, 7.4200892
4133383660000, 39.58378, -97.439705, 7.3920074
4133388696000, 39.63093, -97.32017, 7.2899313
4133393786000, 39.684315, -97.19265, 7.17586
4133398728000, 39.74573, -97.05879, 7.0520444
4133403714000, 39.815735, -96.91718, 6.916058
4133408738000, 39.89987, -83.25482, 6.744709
4133413730000, 39.99151, -83.426094, 6.5674133
4133418726000, 40.09374, -83.59806, 6.3794127
4133423731000, 40.19901, -83.76267, 6.186186
4133428736000, 40.308628, -83.902054, 5.995584
4133433748000, 40.42292, -84.01878, 5.8006883
4133438717000, 40.543976, -84.094345, 5.6051865
4133443738000, 40.664513, -84.13145, 5.404823
4133448724000, 40.791763, -84.10113, 5.219312
4133453750000, 40.925095, -84.026024, 5.0304065
4133458735000, 41.062675, -83.90915, 4.8574843
4133463730000, 41.210373, -83.759926, 4.6863375
4133468729000, 41.357906, -83.58961, 4.531413
4133473721000, 41.51252, -83.4013, 4.384899
4133478734000, 41.698032, -83.17999, 4.25324
4133483726000, 41.88941, -82.95277, 4.1481752
4133488701000, 42.095295, -82.686966, 4.0797224
4133493809000, 42.306187, -82.42102, 4.034459
4133498731000, 42.51337, -82.141624, 4.039526
4133503740000, 42.709938, -81.87621, 4.062684
4133508726000, 42.888527, -81.620285, 4.102405
4133513780000, 43.052944, -81.38049, 4.1532063
4133518759000, 43.201927, -81.17931, 4.1837673
4133523754000, 43.336914, -80.99635, 4.2162905
4133529582000, 43.460514, -80.87426, 4.199748
4133533731000, 43.589176, -80.76655, 4.183
4133538687000, 43.73673, -80.672775, 4.094424
4133543762000, 43.896355, -80.58421, 4.0002017
4133548731000, 44.09761, -80.48704, 3.777366
4133553727000, 44.318058, -80.37558, 3.545707
4133558746000, 44.566563, -80.244026, 3.3020523
4133563744000, 44.83562, -80.08705, 3.0536315
4133568689000, 45.12959, -79.883224, 2.8395193
4133573759000, 45.432274, -79.64627, 2.627576
4133578715000, 45.76342, -79.34948, 2.4832213
4133583761000, 46.095673, -79.02992, 2.3491197
4133588696000, 46.427902, -78.66171, 2.3026783
4133593802000, 46.77191, -78.28945, 2.2649565
4133598747000, 47.095222, -77.93293, 2.2961144
4133603756000, 47.414402, -77.568054, 2.3356903
4133608688000, 47.716045, -77.20428, 2.4333527
4133613737000, 48.018787, -76.83433, 2.5288615
4133618663000, 48.323643, -76.42973, 2.635502
4133623723000, 48.63167, -76.01086, 2.7340639
4133628709000, 48.966934, -75.47129, 2.885388
4133633727000, 49.308113, -74.91921, 3.0137608
4133638690000, 49.624165, -74.35746, 3.2003965
4133643755000, 49.896088, -73.800064, 3.354625
4133648704000, 50.0435, -73.39515, 3.5773911
4133653750000, 50.11415, -73.01829, 3.7738047
4133658887000, 50.006798, -72.90376, 4.1103315
4133663733000, 49.835564, -72.82878, 4.4175854
4133668978000, 49.586163, -72.863045, 4.824138
4133673724000, 49.312695, -72.92087, 5.206865
4133678698000, 49.08207, -72.86331, 5.5606637
4133683725000, 48.85827, -72.834526, 5.8882656
4133688701000, 48.65395, -72.79993, 6.201333
4133693816000, 48.512753, -72.68406, 6.365239
4133698665000, 48.389458, -72.58705, 6.5093884
4133703764000, 48.320896, -72.478806, 6.501723
4133708775000, 48.28484, -72.393585, 6.472684
4133713728000, 48.286163, -72.351555, 6.3364773
4133718749000, 48.322712, -72.32996, 6.1800466
4133723704000, 48.3857, -72.36566, 5.9467335
4133729631000, 48.472862, -72.42791, 5.6921163
4133733728000, 48.563286, -72.53462, 5.4212403
4133738728000, 48.65348, -72.66226, 5.1377172
4133743774000, 48.730186, -72.79829, 4.9290695
4133748727000, 48.784515, -72.95201, 4.737868
4133753770000, 48.817074, -73.10781, 4.679964
4133758739000, 48.82388, -73.27911, 4.6485596
4133763728000, 48.813637, -73.409935, 4.754149
4133768728000, 48.792583, -73.54021, 4.8847976
4133773699000, 48.775288, -73.5837, 5.081204
4133778737000, 48.752987, -73.60972, 5.3053226
4133783726000, 48.74478, -73.5613, 5.5293655
4133788724000, 48.743233, -73.5086, 5.757724
4133793775000, 48.782925, -73.404434, 5.9470067
4133798762000, 48.86, -73.296455, 6.140002
4133803720000, 48.981903, -73.179214, 6.2717156
4133808797000, 49.162434, -73.060486, 6.4160414
4133813661000, 49.38212, -72.94633, 6.4538307
4133818768000, 49.587315, -72.83836, 6.4820466
4133823673000, 49.7861, -72.854004, 6.35975
4133828768000, 49.95878, -72.88734, 6.210063
4133833659000, 50.06712, -73.02153, 6.03653
4133838731000, 50.13401, -73.179436, 5.8394003
4133843780000, 50.170555, -73.3631, 5.66356
4133848741000, 50.20382, -73.57661, 5.49344
4133853690000, 50.241154, -73.75881, 5.394194
4133858734000, 50.28608, -73.96363, 5.308278
4133863693000, 50.349586, -74.07362, 5.321543
4133868727000, 50.415817, -74.19523, 5.3511744
4133873713000, 50.501617, -74.2215, 5.4746013
4133878735000, 50.590324, -74.24566, 5.6235294
4133883735000, 50.680664, -74.20305, 5.842679
4133888705000, 50.77332, -74.15455, 6.0818453
4133893749000, 50.872116, -74.09318, 6.3645687
4133898731000, 50.97435, -74.03199, 6.6622634
4133903765000, 51.08236, -74.01295, 6.9608545
4133908770000, 51.182583, -74.00066, 7.268535
4133913887000, 51.28953, -74.01506, 7.560058
4133918768000, 51.385574, -74.03256, 7.8598146
4133923920000, 51.49899, -74.11056, 8.129348
4133929609000, 51.599, -74.18676, 8.401256
4133934076000, 51.698708, -74.29538, 8.636416
4133938699000, 51.782185, -74.405914, 8.863941
4133943737000, 51.87447, -74.560196, 9.050621
4133948723000, 51.952316, -74.71442, 9.222832
4133953679000, 52.01802, -74.87642, 9.379424
4133958737000, 52.092453, -75.07782, 9.491301
4133963665000, 52.154667, -75.288666, 9.582752
4133968724000, 52.22991, -75.533905, 9.630439
4133973698000, 52.294907, -75.78731, 9.666183
4133978738000, 52.364365, -76.05834, 9.6678505
4133983657000, 52.432373, -76.34506, 9.653385
4133988702000, 52.49692, -76.642204, 9.622675
4133993735000, 52.562855, -76.95053, 9.567038
4133998727000, 52.62761, -77.260956, 9.509898
4134003657000, 52.692123, -77.5739, 9.43797
4134008735000, 52.74774, -77.86412, 9.384441
4134013669000, 52.807163, -78.14583, 9.326456
4134018722000, 52.86459, -78.375854, 9.306548
4134023719000, 52.926334, -78.58684, 9.29238
4134028730000, 52.98869, -78.72789, 9.325327
4134033713000, 53.058952, -78.841385, 9.369872
4134038702000, 53.128918, -78.88492, 9.460541
4134043811000, 53.20855, -78.90415, 9.561277
4134048764000, 53.28548, -78.861694, 9.705956
4134053841000, 53.36345, -78.80271, 9.853085
4134058771000, 53.44521, -78.73114, 10.002835
4134063761000, 53.50775, -78.65625, 10.141557
4134068723000, 53.581467, -78.604324, 10.240457
4134073757000, 53.60075, -78.55593, 10.325587
4134078762000, 53.628513, -78.56396, 10.339495
4134083759000, 53.609398, -78.58033, 10.335177
4134088752000, 53.574707, -78.65775, 10.256576
4134093790000, 53.493267, -78.753555, 10.145442
4134098758000, 53.38263, -78.893585, 9.977232
4134103774000, 53.22571, -79.04886, 9.783435
4134108772000, 53.039948, -79.216484, 9.570333
4134113767000, 52.816097, -79.39624, 9.337598
4134118759000, 52.557037, -79.546425, 9.139353
4134123755000, 52.281372, -79.705765, 8.928827
4134129582000, 51.98971, -79.817566, 8.775155
4134133765000, 51.688225, -79.91746, 8.622005
4134138744000, 51.393356, -79.96496, 8.527132
4134143860000, 51.118816, -79.98316, 8.438159
4134148763000, 50.896896, -79.887794, 8.40182
4134153794000, 50.679787, -79.70476, 8.36394
4134158732000, 50.468666, -79.365074, 8.3817425
4134163733000, 50.265907, -78.957375, 8.426594
4134168723000, 50.01092, -78.51488, 8.65106
4134173715000, 49.719593, -77.99994, 8.882321
4134178727000, 49.337093, -77.79484, 9.092138
4134183726000, 48.985985, -77.59899, 9.298991
4134188679000, 48.704624, -77.55334, 9.368326
4134193764000, 48.45597, -77.54986, 9.444099
4134198658000, 48.21259, -77.66162, 9.374364
4134203721000, 48.008167, -77.82373, 9.288529
4134208712000, 47.813465, -78.12366, 9.051365
4134213738000, 47.614323, -78.47237, 8.781263
4134218690000, 47.429443, -78.89987, 8.377527
4134223708000, 47.261547, -79.38258, 7.9378896
4134228699000, 47.121937, -79.93759, 7.429385
4134233727000, 47.02136, -80.53487, 6.8951197
4134238708000, 46.95445, -81.13709, 6.3429317
4134243738000, 46.920197, -81.76125, 5.7643228
4134248728000, 46.92401, -82.291626, 5.2153063
4134253720000, 46.943596, -82.79258, 4.663396
4134258750000, 46.968422, -83.17342, 4.1973815
4134263737000, 46.977673, -83.48062, 3.7717822
4134268724000, 46.99185, -83.71152, 3.5059357
4134273713000, 47.012135, -83.86904, 3.3357944
4134278717000, 47.02794, -83.976135, 3.3404453
4134283725000, 47.035324, -84.04921, 3.3961055
4134289062000, 47.05221, -84.12893, 3.471727
4134293790000, 47.08064, -84.19819, 3.567357
4134298700000, 47.09007, -84.35885, 3.560114
4134303720000, 47.07664, -84.51868, 3.554078
4134308768000, 47.041824, -84.775055, 3.4008164
4134313735000, 47.01567, -85.03297, 3.2422018
4134318699000, 46.993984, -85.32857, 3.0018184
4134323716000, 46.984386, -85.61867, 2.7658556
4134329570000, 46.99118, -85.8504, 2.5584843
4134333724000, 47.02484, -86.062965, 2.37187
4134338677000, 47.07541, -86.26071, 2.2099316
4134343775000, 47.139862, -86.381615, 2.141327
4134348662000, 47.21638, -86.494865, 2.1014116
4134353722000, 47.295975, -86.557686, 2.1903927
4134358719000, 47.372677, -86.60796, 2.3009899
4134363737000, 47.436096, -86.622185, 2.513371
4134368723000, 47.478313, -86.60941, 2.7327888
4134373693000, 47.505375, -86.52242, 3.0252528
4134378741000, 47.51343, -86.39413, 3.3164344
4134383725000, 47.491936, -86.193275, 3.6399488
4134388707000, 47.448994, -85.96008, 3.9557428
4134393781000, 47.380672, -85.69121, 4.272062
4134398729000, 47.28926, -85.418205, 4.5708704
4134403720000, 47.197716, -85.16202, 4.8365483
4134408739000, 47.112404, -95.06662, 5.066224
4134413726000, 47.027607, -95.229744, 5.225861
4134418723000, 46.950695, -95.35661, 5.347094
4134423700000, 46.877846, -95.352165, 5.340318
4134428739000, 46.767548, -95.31411, 5.302343
4134433717000, 46.637802, -95.13544, 5.121305
4134438704000, 46.490585, -94.937035, 4.9219446
4134443739000, 46.304848, -94.743774, 4.7283173
4134448730000, 46.094128, -94.55269, 4.5372505
4134453686000, 45.88659, -94.42487, 4.3985434
4134458742000, 45.69779, -94.32692, 4.2842946
4134463683000, 45.492393, -94.47687, 4.4046097
4134468721000, 45.331043, -94.65046, 4.5394006
4134473671000, 45.187737, -94.962746, 4.822774
4134478738000, 45.061054, -95.281334, 5.1096487
4134483655000, 44.965515, -95.63689, 5.458313
4134488726000, 44.87709, -95.9975, 5.8131285
4134493771000, 44.79721, -96.31222, 6.1306953
4134498730000, 44.708546, -96.616, 6.4402294
4134503672000, 44.608963, -96.83889, 6.6713476
4134508732000, 44.49577, -97.045975, 6.890364
4134513695000, 44.384647, -97.14377, 7.0032225
4134518715000, 44.26903, -97.23009, 7.1055865
4134523700000, 44.157448, -97.198555, 7.095807
4134529650000, 44.03764, -97.15576, 7.073418
4134533688000, 43.923378, -97.041214, 6.97733
4134538696000, 43.807087, -96.913246, 6.8667746
4134543701000, 43.687565, -96.762085, 6.7294183
4134548685000, 43.570595, -96.60206, 6.581061
4134553703000, 43.457935, -96.45023, 6.43901
4134558694000, 43.356853, -96.29874, 6.294345
4134563689000, 43.263515, -96.17486, 6.17453
4134568702000, 43.19604, -83.94884, 6.050256
4134578767000, 43.1124, -84.06327, 5.913038
4134583768000, 43.10853, -84.05893, 5.88846
4134588703000, 43.135593, -84.036026, 5.8718348
4134593747000, 43.185394, -83.993744, 5.863971
4134598727000, 43.264988, -83.9396, 5.859996
4134603647000, 43.361305, -83.90871, 5.826563
4134608678000, 43.473595, -83.874374, 5.7908
4134613647000, 43.599915, -83.87738, 5.700636
4134618640000, 43.72914, -83.8805, 5.602921
4134623651000, 43.872887, -83.90836, 5.450953
4134628634000, 44.018757, -83.9351, 5.2886558
4134633639000, 44.160095, -83.96985, 5.0855403
4134638630000, 44.30487, -83.99273, 4.8763523
4134643654000, 44.449448, -84.014336, 4.6475997
4134648643000, 44.59598, -84.02904, 4.407552
4134653882000, 44.747097, -84.03961, 4.1453466
4134658721000, 44.911335, -84.03161, 3.877835
4134663722000, 45.07737, -84.00332, 3.5970929
4134668726000, 45.260914, -83.94791, 3.3233633
4134673696000, 45.45527, -83.85071, 3.05698
4134678743000, 45.65661, -83.69105, 2.820684
4134683658000, 45.867176, -83.494896, 2.594477
4134688721000, 46.083313, -83.23696, 2.411615
4134693704000, 46.307186, -82.94323, 2.2412064
4134698727000, 46.533733, -82.615326, 2.0982964
4134703655000, 46.75679, -82.26614, 1.9659381
4134708737000, 46.981762, -81.90279, 1.8593246
4134713669000, 47.206467, -81.52947, 1.7606391
4134718722000, 47.424973, -81.13691, 1.6835132
4134723678000, 47.638535, -80.73989, 1.6148295
4134729594000, 47.841015, -80.31656, 1.5656588
4134733715000, 48.040585, -79.886375, 1.5249289
4134738706000, 48.23098, -79.433846, 1.5226214
4134743761000, 48.4145, -78.96889, 1.5295582
4134748724000, 48.59796, -78.50642, 1.5951183
4134753704000, 48.76056, -78.03787, 1.6656855
4134758727000, 48.92558, -77.55188, 1.842556
4134763730000, 49.04664, -77.06641, 2.013295
4134768722000, 49.163464, -76.5373, 2.265505
4134773715000, 49.24121, -76.01885, 2.4995832
4134778732000, 49.26533, -75.56808, 2.7531989
4134783725000, 49.24377, -75.17996, 2.988297
4134788701000, 49.170036, -74.92017, 3.2534401
4134793799000, 49.098946, -74.70153, 3.4882352
4134798726000, 48.978786, -74.55955, 3.7419434
4134803719000, 48.90192, -74.43138, 3.992493
4134808731000, 48.923965, -74.22147, 4.24815
4134813736000, 48.995747, -73.9833, 4.4732404
4134818720000, 49.078762, -73.843056, 4.6171594
4134823709000, 49.167953, -73.69744, 4.728327
4134828732000, 49.22117, -73.72712, 4.808051
4134833725000, 49.250404, -73.762085, 4.8639655
4134838703000, 49.246437, -74.027275, 4.9881563
4134843761000, 49.231083, -74.28673, 5.1128745
4134848725000, 49.229443, -74.46883, 5.2823906
4134853718000, 49.251804, -74.654434, 5.4454255
4134858717000, 49.330303, -74.76296, 5.518104
4134863734000, 49.43717, -74.86854, 5.5942063
4134868720000, 49.56632, -74.941574, 5.536448
4134873705000, 49.712505, -75.02802, 5.4498577
4134878733000, 49.870766, -75.12232, 5.3533063
4134883723000, 50.022892, -75.24894, 5.212978
4134888679000, 50.17312, -75.34723, 5.1377215
4134893786000, 50.296764, -75.47708, 5.0454683
4134898732000, 50.406265, -75.54589, 5.0700445
4134903718000, 50.49287, -75.617325, 5.109673
4134908704000, 50.57414, -75.57619, 5.2763357
4134913742000, 50.627728, -75.518974, 5.4760275
4134918674000, 50.659527, -75.428215, 5.7195783
4134923704000, 50.657974, -75.31266, 5.9867
4134929594000, 50.620846, -75.24478, 6.224672
4134933725000, 50.568363, -75.16656, 6.476072
4134938724000, 50.49378, -75.166916, 6.6305857
4134943749000, 50.41853, -75.18156, 6.78075
4134948910000, 50.358463, -75.21798, 6.918748
4134953720000, 50.30288, -75.30552, 6.9462743
4134958863000, 50.262733, -75.40156, 6.9005694
4134963734000, 50.223892, -75.50755, 6.8527756
4134968902000, 50.200317, -75.588554, 6.7806945
4134973706000, 50.176956, -75.66858, 6.7069187
4134979073000, 50.160408, -75.716156, 6.650609
4134983726000, 50.14542, -75.76446, 6.5938883
4134988697000, 50.13686, -75.748634, 6.5996704
4134993760000, 50.131214, -75.73992, 6.615603
4134998658000, 50.131607, -75.715996, 6.6548204
4135003753000, 50.139187, -75.645744, 6.7564173
4135008698000, 50.14646, -75.56311, 6.884799
4135013774000, 50.141335, -75.42939, 7.0687222
4135018658000, 50.136154, -75.29276, 7.267606
4135023748000, 50.118073, -75.14839, 7.481839
4135028733000, 50.092472, -74.997734, 7.7037187
4135033763000, 50.055115, -74.862366, 7.900303
4135038727000, 50.01742, -74.72285, 8.106269
4135043790000, 49.985275, -74.621346, 8.265207
4135048736000, 49.96031, -74.52144, 8.432
4135053766000, 49.949924, -74.47155, 8.559755
4135058794000, 49.94541, -74.42533, 8.691929
4135063761000, 49.97357, -74.412575, 8.819852
4135068743000, 50.014267, -74.39879, 8.961188
4135073751000, 50.079777, -74.42744, 9.11514
4135078764000, 50.17569, -74.4526, 9.288738
4135083755000, 50.295013, -74.508095, 9.483236
4135088748000, 50.444744, -74.57254, 9.690513
4135093766000, 50.612305, -74.66448, 9.912474
4135098755000, 50.799824, -74.755714, 10.143587
4135103753000, 50.98457, -74.87573, 10.363459
4135108788000, 51.1667, -74.99019, 10.587621
4135113762000, 51.341854, -75.12043, 10.794088
4135118760000, 51.484253, -75.25357, 10.989241
4135123757000, 51.613583, -75.43932, 11.124362
4135129632000, 51.704327, -75.62869, 11.242648
4135133761000, 51.758736, -75.81938, 11.328021
4135138750000, 51.779156, -76.00627, 11.396538
4135143780000, 51.763317, -76.18079, 11.433374
4135148765000, 51.713768, -76.35299, 11.454177
4135153756000, 51.633286, -76.47035, 11.485449
4135158774000, 51.52633, -76.557526, 11.51742
4135163761000, 51.342762, -76.5478, 11.608203
4135168707000, 51.161446, -76.50518, 11.708424
4135173745000, 50.964546, -76.40625, 11.878892
4135178768000, 50.780598, -76.2899, 12.057403
4135183761000, 50.622753, -76.127884, 12.299549
4135188751000, 50.516174, -75.96826, 12.541789
4135193808000, 50.483994, -75.7797, 12.832072
4135198768000, 50.509552, -75.58382, 13.121361
4135203694000, 50.570686, -75.37131, 13.443265
4135208803000, 50.653427, -75.15882, 13.755136
4135213659000, 50.74235, -74.97365, 14.059443
4135218761000, 50.78577, -74.78579, 14.338564
4135223673000, 50.804535, -74.67536, 14.518209
4135228774000, 50.759586, -74.582924, 14.6567135
4135233660000, 50.677498, -74.60495, 14.649075
4135238751000, 50.535297, -74.65525, 14.598078
4135243804000, 50.3705, -74.79282, 14.429832
4135248765000, 50.177937, -74.95809, 14.222855
4135253732000, 49.985588, -75.17268, 13.946794
4135258773000, 49.784676, -75.40786, 13.642794
4135263772000, 49.619164, -75.65494, 13.32419
4135268742000, 49.478073, -75.91927, 12.995171
4135273741000, 49.36061, -76.1353, 12.725651
4135278772000, 49.284103, -76.346596, 12.471695
4135283717000, 49.23749, -76.45713, 12.332403
4135288739000, 49.228252, -76.54867, 12.226413
4135293982000, 49.250443, -76.481766, 12.287184
4135298761000, 49.298298, -76.38609, 12.387685
4135303919000, 49.35324, -76.14373, 12.64183
4135308777000, 49.40647, -75.87888, 12.921338
4135314018000, 49.341084, -75.61851, 13.202808
4135318760000, 49.099667, -75.398056, 13.443033
4135323725000, 48.843834, -75.458275, 13.49444
4135329617000, 48.577946, -75.561195, 13.510132
4135333661000, 48.446754, -75.69861, 13.512846
4135338754000, 48.412037, -76.168724, 13.281263
4135343732000, 48.517605, -76.571846, 13.076955
4135348763000, 48.79418, -76.65446, 13.020334
4135353653000, 49.181843, -76.69048, 12.998559
4135358765000, 49.491, -76.40986, 13.213881
4135363666000, 49.792915, -76.05576, 13.445275
4135368725000, 50.057587, -75.667, 13.663081
4135373674000, 50.31431, -75.2431, 13.872114
4135378765000, 50.57438, -74.84023, 14.057864
4135383659000, 50.811283, -74.437614, 14.21997
4135388756000, 51.042267, -74.182594, 14.303794
4135393812000, 51.22989, -73.94992, 14.368672
4135398757000, 51.39944, -73.90577, 14.366652
4135403701000, 51.526283, -73.8917, 14.3567
4135408795000, 51.641953, -74.00893, 14.342063
4135413737000, 51.73202, -74.16102, 14.31436
4135418758000, 51.813156, -74.38803, 14.27167
4135423726000, 51.902744, -74.6242, 14.221174
4135428763000, 51.99113, -74.882286, 14.1253395
4135433776000, 52.082783, -75.13576, 14.026092
4135438750000, 52.17177, -75.35696, 13.911397
4135443842000, 52.26248, -75.566696, 13.799597
4135448760000, 52.3385, -75.72256, 13.705068
4135453751000, 52.41641, -75.86015, 13.620564
4135458771000, 52.48355, -75.95214, 13.559415
4135463771000, 52.54772, -76.02797, 13.5119505
4135468722000, 52.590164, -76.02588, 13.519717
4135473749000, 52.62216, -76.01703, 13.531943
4135478760000, 52.64862, -75.98038, 13.568295
4135483757000, 52.662052, -75.94487, 13.600018
4135488750000, 52.660343, -75.8988, 13.63982
4135493795000, 52.652634, -75.85038, 13.679354
4135498758000, 52.631275, -75.808395, 13.71113
4135503754000, 52.604435, -75.76407, 13.743504
4135508781000, 52.581837, -75.72649, 13.765569
4135513738000, 52.560307, -75.69397, 13.782324
4135518724000, 52.546528, -75.68552, 13.769819
4135523716000, 52.54229, -75.684654, 13.750627
4135529561000, 52.55629, -75.72177, 13.695523
4135533690000, 52.582806, -75.7707, 13.629107
4135538697000, 52.62492, -75.852646, 13.534645
4135543696000, 52.679848, -75.94713, 13.431126
4135548685000, 52.75079, -76.060875, 13.316028
4135553695000, 52.825367, -76.181145, 13.198166
4135558681000, 52.91638, -76.30579, 13.08402
4135563701000, 53.013363, -76.429825, 12.972708
4135568694000, 53.114403, -76.54278, 12.877098
4135573699000, 53.217236, -76.651825, 12.786048
4135578706000, 53.324116, -76.74981, 12.708715
4135583731000, 53.4324, -76.83719, 12.63977
4135588724000, 53.536114, -76.909256, 12.585289
4135593837000, 53.636673, -76.97132, 12.538619
4135598760000, 53.722893, -77.00821, 12.513366
4135603721000, 53.80533, -77.04146, 12.4887705
4135608787000, 53.876358, -77.052605, 12.481549
4135613737000, 53.940235, -77.05987, 12.476685
4135618723000, 53.991188, -77.04477, 12.490485
4135623713000, 54.03454, -77.02804, 12.505785
4135628724000, 54.07242, -76.99303, 12.538372
4135633726000, 54.102596, -76.95375, 12.5747795
4135638844000, 54.128586, -76.906906, 12.624077
4135643734000, 54.148594, -76.86313, 12.669498
4135648719000, 54.165604, -76.806725, 12.733089
4135653719000, 54.176853, -76.75821, 12.789062
4135658728000, 54.187717, -76.708855, 12.848969
4135663735000, 54.194115, -76.66423, 12.9075
4135668713000, 54.198578, -76.62633, 12.958209
4135673716000, 54.200974, -76.59389, 13.004352
4135678838000, 54.206017, -76.57269, 13.038582
4135683725000, 54.20821, -76.55141, 13.071298
4135688729000, 54.214554, -76.54501, 13.086942
4135693736000, 54.22466, -76.540375, 13.100124
4135699044000, 54.234165, -76.537575, 13.111203
4135703723000, 54.251038, -76.5515, 13.102187
4135709016000, 54.27534, -76.57075, 13.087334
4135713731000, 54.302174, -76.59561, 13.066382
4135718699000, 54.332874, -76.624504, 13.0422735
4135723700000, 54.366554, -76.65185, 13.0194435
4135729499000, 54.39812, -76.68067, 12.995134
4135733725000, 54.430367, -76.71368, 12.96805
4135738687000, 54.470493, -76.74408, 12.94414
4135743733000, 54.501945, -76.77295, 12.9219
4135748661000, 54.538807, -76.80165, 12.899643
4135753721000, 54.56849, -76.82333, 12.885508
4135758709000, 54.59468, -76.845184, 12.871287
4135763737000, 54.619606, -76.86525, 12.858303
4135768657000, 54.639454, -76.88759, 12.842976
4135773708000, 54.65603, -76.91903, 12.820469
4135778669000, 54.668816, -76.949234, 12.798205
4135783727000, 54.680893, -76.99021, 12.767214
4135788672000, 54.691975, -77.03, 12.736081
4135793736000, 54.711132, -77.08029, 12.696693
4135798688000, 54.72955, -77.1269, 12.659783
4135803722000, 54.75703, -77.1785, 12.619293
4135808732000, 54.7924, -77.224525, 12.583029
4135813761000, 54.833336, -77.25538, 12.560919
4135818732000, 54.886196, -77.28163, 12.542265
4135823755000, 54.944893, -77.28748, 12.541465
4135828746000, 55.01399, -77.285, 12.548046
4135833758000, 55.09213, -77.267426, 12.568187
4135838754000, 55.173157, -77.24409, 12.593679
4135843794000, 55.25506, -77.22081, 12.620338
4135848762000, 55.33977, -77.19786, 12.645487
4135853756000, 55.4185, -77.17355, 12.671621
4135858785000, 55.497746, -77.152695, 12.694351
4135863766000, 55.57392, -77.14605, 12.706122
4135868740000, 55.646698, -77.14413, 12.713217
4135873755000, 55.720314, -77.14529, 12.719153
4135878772000, 55.788456, -77.151596, 12.719565
4135883756000, 55.852215, -77.15818, 12.7196865
4135888761000, 55.916958, -77.17138, 12.7130995
4135893873000, 55.969246, -77.18073, 12.709638
4135898764000, 56.03028, -77.19133, 12.705399
4135903756000, 56.07569, -77.19989, 12.701626
4135908777000, 56.129726, -77.20561, 12.700888
4135913731000, 56.174717, -77.20996, 12.700349
4135918725000, 56.220528, -77.21295, 12.700891
4135923711000, 56.266926, -77.21041, 12.705966
4135928841000, 56.312584, -77.20786, 12.710648
4135933724000, 56.358696, -77.20572, 12.7153425
4135938705000, 56.39697, -77.20168, 12.7209215
4135943821000, 56.447258, -77.20043, 12.723657
4135948807000, 56.489243, -77.19517, 12.730979
4135953720000, 56.535843, -77.19198, 12.735221
4135958751000, 56.577057, -77.189125, 12.739612
4135963723000, 56.626633, -77.18687, 12.743813
4135968715000, 56.676365, -77.18433, 12.748604
4135973717000, 56.72757, -77.18063, 12.754652
4135978737000, 56.77845, -77.17686, 12.760299
4135983690000, 56.82981, -77.17045, 12.768572
4135988702000, 56.879536, -77.16441, 12.776101
4135993825000, 56.935474, -77.15806, 12.784634
4135998804000, 56.986732, -77.14883, 12.795649
4136003650000, 57.04139, -77.141975, 12.804349
4136008800000, 57.093338, -77.13506, 12.813258
4136013658000, 57.149208, -77.12292, 12.8272915
4136018759000, 57.201664, -77.112495, 12.839486
4136023697000, 57.255024, -77.102684, 12.851063
4136028774000, 57.30558, -77.09425, 12.861159
4136033687000, 57.3513, -77.08133, 12.87513
4136038755000, 57.39586, -77.07015, 12.887721
4136043762000, 57.441216, -77.061775, 12.896786
4136048763000, 57.484375, -77.050385, 12.909347
4136053735000, 57.522705, -77.04272, 12.917517
4136058781000, 57.565525, -77.03622, 12.924776
4136063761000, 57.617043, -77.032036, 12.929644
4136068726000, 57.66238, -77.029945, 12.93237
4136073729000, 57.716034, -77.03195, 12.930885
4136078762000, 57.761353, -77.03534, 12.927951
4136083749000, 57.81129, -77.038124, 12.925568
4136088745000, 57.8582, -77.045166, 12.918634
4136093763000, 57.903717, -77.04961, 12.915109
4136098766000, 57.949898, -77.05963, 12.905628
4136103706000, 57.996075, -77.064865, 12.901189
4136113736000, 58.0418, -77.076164, 12.890959
4136118758000, 58.086727, -77.07724, 12.8911915
4136123806000, 58.13191, -77.07427, 12.896076
4136129626000, 58.177032, -77.06771, 12.904692
4136133943000, 58.21897, -77.06008, 12.914281
4136138745000, 58.26125, -77.046005, 12.930571
4136143723000, 58.29951, -77.03799, 12.940521
4136148758000, 58.337917, -77.02565, 12.954807
4136153657000, 58.37273, -77.01544, 12.96671
4136158791000, 58.40692, -77.00042, 12.98334
4136163665000, 58.43742, -76.984924, 13.000444
4136168723000, 58.465706, -76.97393, 13.013087
4136173684000, 58.49277, -76.959785, 13.028606
4136178767000, 58.516212, -76.952545, 13.037375
4136183661000, 58.543552, -76.94668, 13.044553
4136188732000, 58.56008, -76.93997, 13.052484
4136193707000, 58.581787, -76.93939, 13.05409
4136198727000, 58.596394, -76.93185, 13.062615
4136203653000, 58.609657, -76.923615, 13.071647
4136208752000, 58.628876, -76.91937, 13.076775
4136213734000, 58.642998, -76.917755, 13.079181
4136218721000, 58.6587, -76.91223, 13.085367
4136223729000, 58.67051, -76.90982, 13.0883465
4136228732000, 58.68737, -76.90986, 13.088896
4136233726000, 58.70019, -76.907, 13.09224
4136238725000, 58.71122, -76.906395, 13.093168
4136243738000, 58.727543, -76.905914, 13.093906
4136248722000, 58.74174, -76.90166, 13.098308
4136253717000, 58.75243, -103.10479, 13.104788
4136258713000, 58.766495, -103.1044, 13.104321
4136263766000, 58.776115, -103.10987, 13.109618
4136273709000, 58.78622, -103.11367, 13.113202
4136278743000, 58.79223, -103.11327, 13.112546
4136283750000, 58.804226, -103.1215, 13.120355
4136288720000, 58.815845, -103.12273, 13.121149
4136293741000, 58.828445, -103.12485, 13.122709
4136298721000, 58.835644, -103.127655, 13.124869
4136303719000, 58.84339, -103.13105, 13.127478
4136308700000, 58.85257, -103.13182, 13.127458
4136313736000, 58.858593, -103.1363, 13.130954
4136318709000, 58.86846, -103.13768, 13.13129
4136323710000, 58.875538, -103.14207, 13.134336
4136329584000, 58.88953, -103.14749, 13.13845
4136333726000, 58.89776, -103.152504, 13.142012
4136338751000, 58.90942, -103.15877, 13.14669
4136343739000, 58.917667, -103.163666, 13.150072
4136348720000, 58.92766, -103.17146, 13.1563225
4136353720000, 58.937893, -103.17508, 13.158486
4136358724000, 58.95042, -103.177475, 13.159556
4136363738000, 58.958687, -103.179634, 13.160389
4136368752000, 58.97045, -103.18188, 13.16135
4136373709000, 58.974365, -103.18294, 13.161113
4136378728000, 58.99281, -103.18836, 13.165194
4136383695000, 58.998222, -103.194435, 13.170104
4136388734000, 59.0103, -103.20281, 13.177449
4136393880000, 59.019432, -103.20123, 13.174824
4136398748000, 59.026672, -103.20423, 13.17648
4136403692000, 59.028774, -103.20282, 13.174119
4136408802000, 59.031578, -103.20547, 13.175646
4136413745000, 59.034702, -103.20296, 13.171924
4136418723000, 59.03851, -103.203545, 13.171377
4136423709000, 59.042362, -103.20285, 13.169449
4136428671000, 59.04992, -103.201775, 13.167336
4136433724000, 59.056667, -103.199486, 13.163951
4136438733000, 59.065224, -103.19581, 13.159114
4136443734000, 59.070835, -103.18984, 13.152329
4136448660000, 59.08024, -103.18697, 13.148553
4136453723000, 59.090714, -103.17712, 13.13769
4136458696000, 59.10035, -103.16958, 13.129318
4136463728000, 59.113995, -103.15657, 13.115506
4136468726000, 59.124226, -103.14077, 13.098977
4136473713000, 59.13686, -103.118454, 13.0761795
4136478738000, 59.153454, -103.10067, 13.057503
4136483715000, 59.16508, -103.069756, 13.02575
4136488719000, 59.179165, -103.04439, 12.999627
4136493732000, 59.196182, -103.01888, 12.972715
4136498730000, 59.21334, -102.991974, 12.944612
4136503725000, 59.22943, -102.96751, 12.919209
4136508747000, 59.245075, -102.94433, 12.895015
4136513728000, 59.26224, -102.915405, 12.865598
4136518710000, 59.279907, -102.88832, 12.837701
4136523703000, 59.29672, -102.860794, 12.808974
4136529619000, 59.31958, -102.83348, 12.780797
4136533733000, 59.33183, -102.80783, 12.753716
4136538715000, 59.349064, -102.78161, 12.72611
4136543703000, 59.36605, -102.75681, 12.699996
4136548730000, 59.37879, -102.73217, 12.673888
4136553718000, 59.39816, -102.70865, 12.648662
4136558741000, 59.415535, -102.68622, 12.624939
4136563689000, 59.43364, -102.66329, 12.6003895
4136568723000, 59.45094, -102.64252, 12.577972
4136573681000, 59.47118, -102.62299, 12.557164
4136578739000, 59.48951, -102.60238, 12.5349
4136583659000, 59.509243, -102.58676, 12.517733
4136588716000, 59.528397, -102.5721, 12.502125
4136593737000, 59.547474, -102.55468, 12.482974
4136598733000, 59.568832, -102.54237, 12.468684
4136603683000, 59.583572, -102.5263, 12.450672
4136608754000, 59.606064, -102.51322, 12.434893
4136613691000, 59.6205, -102.496, 12.415105
4136618714000, 59.64174, -102.4795, 12.395664
4136623739000, 59.657337, -102.463455, 12.376855
4136628724000, 59.67258, -102.44847, 12.3587675
4136633718000, 59.683487, -102.437225, 12.345147
4136638748000, 59.688744, -102.42972, 12.334991
4136644075000, 59.698093, -102.41556, 12.318578
4136648761000, 59.702374, -102.40657, 12.307002
4136653689000, 59.708237, -102.39925, 12.2971735
4136658763000, 59.71095, -102.389496, 12.285284
4136663670000, 59.71361, -102.38334, 12.276817
4136668724000, 59.717, -102.37551, 12.266383
4136673678000, 59.71842, -102.36528, 12.254108
4136678735000, 59.718742, -102.35721, 12.243867
4136688722000, 59.716328, -102.34953, 12.23369
4136698727000, 59.7144, -102.33816, 12.220509
4136703691000, 59.70922, -102.32785, 12.208515
4136708737000, 59.70451, -102.32032, 12.199016
4136713731000, 59.70276, -102.30964, 12.187057
4136718719000, 59.697186, -102.297966, 12.173036
4136723714000, 59.695114, -102.2882, 12.161962
4136728663000, 59.693363, -102.27191, 12.143405
4136733728000, 59.692944, -102.25539, 12.1254225
4136738706000, 59.68988, -102.242805, 12.111076
4136743741000, 59.6929, -102.22649, 12.093699
4136748726000, 59.689198, -102.21518, 12.082468
4136753718000, 59.68398, -102.20211, 12.068211
4136758731000, 59.679348, -102.18695, 12.052415
4136763731000, 59.677853, -102.17293, 12.037742
4136768727000, 59.669197, -102.16097, 12.024354
4136773703000, 59.66157, -102.15107, 12.013282
4136778730000, 59.65357, -102.13977, 12.000764
4136783727000, 59.64698, -102.13053, 11.990878
4136788718000, 59.640236, -102.117065, 11.976247
4136793753000, 59.63259, -102.10904, 11.967628
4136798727000, 59.62645, -102.09421, 11.951701
4136803721000, 59.619846, -102.08545, 11.942494
4136808750000, 59.610687, -102.064995, 11.921665
4136813738000, 59.60263, -102.0458, 11.901912
4136818720000, 59.597218, -102.022385, 11.878145
4136823702000, 59.58972, -102.00451, 11.859697
4136828729000, 59.582638, -101.9802, 11.83525
4136833726000, 59.573227, -101.96234, 11.817125
4136838719000, 59.569946, -101.94754, 11.801394
4136843735000, 59.562607, -101.93142, 11.784934
4136848659000, 59.550404, -101.92149, 11.774166
4136853757000, 59.5415, -101.912445, 11.764361
4136858704000, 59.533497, -101.899704, 11.751838
4136863771000, 59.52201, -101.88446, 11.736105
4136868661000, 59.504913, -101.86687, 11.72011
4136873741000, 59.48627, -101.84723, 11.7003565
4136878700000, 59.467316, -101.82686, 11.681587
4136883761000, 59.450447, -101.8087, 11.664636
4136888719000, 59.426186, -101.78903, 11.646046
4136893795000, 59.400223, -101.769485, 11.626658
4136898710000, 59.378857, -101.75121, 11.608828
4136903754000, 59.355568, -101.73476, 11.59258
4136908747000, 59.336098, -101.71377, 11.572119
4136913768000, 59.315502, -101.69348, 11.55241
4136918752000, 59.29724, -101.67318, 11.531942
4136923755000, 59.275623, -101.65143, 11.510861
4136929637000, 59.261078, -101.633865, 11.493271
4136933756000, 59.242558, -101.61468, 11.474362
4136938692000, 59.22599, -101.594475, 11.453851
4136943774000, 59.21384, -101.57635, 11.434961
4136948658000, 59.196293, -101.55604, 11.414225
4136953756000, 59.185947, -101.53873, 11.396578
4136958702000, 59.17452, -101.51718, 11.374376
4136963762000, 59.161575, -101.497894, 11.354483
4136968657000, 59.14802, -101.47465, 11.331952
4136973760000, 59.136284, -101.45204, 11.3091345
4136978667000, 59.12586, -101.43031, 11.287996
4136983754000, 59.121, -101.40682, 11.2647
4136988680000, 59.113255, -101.38526, 11.243592
4136993793000, 59.11308, -101.364876, 11.223485
4136998662000, 59.111626, -101.344376, 11.203367
4137003751000, 59.10836, -101.32842, 11.186423
4137008741000, 59.107353, -101.30784, 11.1659355
4137013773000, 59.105717, -101.28888, 11.145115
4137018751000, 59.108177, -101.2739, 11.130999
4137023753000, 59.1068, -101.25065, 11.106818
4137028746000, 59.10707, -101.231895, 11.087439
4137033751000, 59.11304, -101.21595, 11.070849
4137038800000, 59.11549, -101.20095, 11.05445
4137043798000, 59.12369, -101.18682, 11.038859
4137053747000, 59.126804, -101.174614, 11.025355
4137058776000, 59.134495, -101.16688, 11.01657
4137063752000, 59.143448, -101.16279, 11.012246
4137068737000, 59.14729, -101.15729, 11.006189
4137073755000, 59.154358, -101.15586, 11.004692
4137078767000, 59.156277, -101.1547, 11.003428
4137083756000, 59.15938, -101.14873, 10.997089
4137088794000, 59.16052, -101.147964, 10.9969845
4137093784000, 59.158024, -101.145966, 10.996326
4137103756000, 59.157837, -101.145805, 10.996917
4137108766000, 59.1565, -101.14234, 10.995024
4137113762000, 59.148113, -101.14087, 10.995289
4137118758000, 59.143856, -101.137024, 10.993072
4137123776000, 59.137047, -101.135635, 10.993739
4137129624000, 59.129272, -101.129234, 10.989225
4137133752000, 59.13344, -101.129166, 10.990292
4137138754000, 59.129723, -101.1256, 10.988706
4137143789000, 59.12777, -101.12238, 10.986874
4137148758000, 59.128563, -101.12093, 10.986853
4137153752000, 59.1271, -101.10938, 10.9761715
4137158779000, 59.124874, -101.09725, 10.965137
4137163754000, 59.129215, -101.085045, 10.953198
4137168739000, 59.135506, -101.072395, 10.941016
4137173731000, 59.133842, -101.06086, 10.930443
4137178766000, 59.137203, -101.04448, 10.915125
4137183692000, 59.137947, -101.031204, 10.901646
4137188760000, 59.137573, -101.01487, 10.885691
4137193712000, 59.144875, -100.99432, 10.865826
4137198751000, 59.15131, -100.97736, 10.8487835
4137203660000, 59.153732, -100.95916, 10.831023
4137208769000, 59.162678, -100.94292, 10.815113
4137213662000, 59.17223, -100.92408, 10.797119
4137218757000, 59.182213, -100.905014, 10.778415
4137223694000, 59.189037, -100.887886, 10.762079
4137228766000, 59.20479, -100.873886, 10.749206
4137233700000, 59.213554, -100.858505, 10.733831
4137238754000, 59.22556, -100.843254, 10.719547
4137243736000, 59.24848, -100.8329, 10.708682
4137248763000, 59.270393, -100.824234, 10.700048
4137253738000, 59.292507, -100.812256, 10.686978
4137258773000, 59.315525, -100.80067, 10.675166
4137263765000, 59.338795, -100.793175, 10.666305
4137268725000, 59.36198, -100.7886, 10.659961
4137273719000, 59.385387, -100.784035, 10.6538725
4137278763000, 59.40695, -100.78486, 10.652668
4137283756000, 59.429443, -100.78093, 10.647026
4137288750000, 59.45224, -100.78116, 10.645062
4137293777000, 59.466408, -100.778465, 10.640295
4137298760000, 59.476803, -100.77544, 10.6351385
4137303709000, 59.490047, -100.77473, 10.631926
4137308788000, 59.50187, -100.773575, 10.6290865
4137313722000, 59.513596, -100.77167, 10.625238
4137318760000, 59.523148, -100.77032, 10.622178
4137323730000, 59.530632, -100.76574, 10.616394
4137329636000, 59.539524, -100.76072, 10.610063
4137333740000, 59.545483, -100.75658, 10.604841
4137338754000, 59.550495, -100.75148, 10.598904
4137343840000, 59.56358, -100.74508, 10.591218
4137348765000, 59.57092, -100.744064, 10.588741
4137353804000, 59.57391, -100.73611, 10.580087
4137358765000, 59.57703, -100.72908, 10.572236
4137363935000, 59.574924, -100.716995, 10.560182
4137368722000, 59.573162, -100.70518, 10.548308
4137373724000, 59.58311, -100.6897, 10.531888
4137378756000, 59.592316, -100.675865, 10.517572
4137383703000, 59.604836, -100.66369, 10.504903
4137388762000, 59.612583, -100.645096, 10.486198
4137393712000, 59.62564, -100.62668, 10.468219
4137398755000, 59.63586, -100.60803, 10.449995
4137403653000, 59.643387, -100.58735, 10.429551
4137408781000, 59.655743, -100.5669, 10.409168
4137413666000, 59.66565, -100.54848, 10.391009
4137418756000, 59.67511, -100.52986, 10.371688
4137423676000, 59.685844, -100.51456, 10.355267
4137428766000, 59.696606, -100.49877, 10.338922
4137433660000, 59.707664, -100.4805, 10.319767
4137438763000, 59.713284, -100.47012, 10.3087015
4137443722000, 59.72067, -100.4581, 10.295896
4137448758000, 59.72939, -100.452194, 10.288808
4137453665000, 59.730957, -100.44293, 10.279429
4137458787000, 59.74035, -100.441864, 10.276314
4137463701000, 59.752235, -100.43764, 10.27189
4137468722000, 59.75116, -100.4346, 10.2681675
4137473738000, 59.75639, -100.42844, 10.262237
4137478765000, 59.75832, -100.43282, 10.266357
4137483738000, 59.765667, -100.431885, 10.266736
4137488758000, 59.760998, -100.436165, 10.271198
4137493801000, 59.75991, -100.43706, 10.273426
