#Angle around the z x y axes.
#timestamp(ns), Azimuth , Pitch, Roll (degrees)
#Datetime: 26/03/2015 12:25:23
##########################################
#Activity: 5 - STU - Stairs up - 10s
#Subject ID: 38
#First Name: sub38
#Last Name: sub38
#Age: 21
#Height(cm): 170
#Weight(kg): 88
#Gender: Female
##########################################

@DATA
6701394724000, 356.8182, -81.66517, -8.083325
6701399721000, 355.85822, -82.41812, -7.3325877
6701404727000, 356.65732, -81.57058, -8.096908
6701409708000, 354.4465, -81.12444, -8.809792
6701414766000, 354.3207, -81.12073, -8.765962
6701419707000, 354.19608, -81.10342, -8.72682
6701424703000, 354.07043, -81.08028, -8.684212
6701429743000, 353.949, -81.046036, -8.644617
6701434723000, 353.8221, -81.00315, -8.606798
6701439708000, 353.70584, -80.9566, -8.5644
6701444675000, 353.5953, -80.904015, -8.523462
6701449742000, 353.44952, -80.8557, -8.479161
6701454745000, 353.34958, -80.78037, -8.435134
6701459752000, 353.1115, -80.71023, -8.43126
6701464732000, 352.87384, -80.62737, -8.424958
6701469766000, 352.64853, -80.54436, -8.413167
6701474812000, 352.42642, -80.46302, -8.398688
6701479775000, 352.22073, -80.38288, -8.379157
6701484872000, 352.02774, -80.307655, -8.360499
6701489759000, 351.8515, -80.24344, -8.333224
6701494724000, 351.6969, -80.19071, -8.308485
6701499738000, 351.56213, -80.151726, -8.281523
6701504745000, 351.4463, -80.13057, -8.255327
6701509727000, 351.40887, -80.12248, -8.235979
6701514717000, 351.3395, -80.19237, -8.211163
6701519737000, 351.31174, -80.226006, -8.192548
6701524735000, 351.31644, -80.29399, -8.176789
6701529699000, 351.3152, -80.386986, -8.161658
6701534743000, 351.31076, -80.47293, -8.148214
6701539729000, 351.3099, -80.55261, -8.132567
6701544755000, 351.30783, -80.62879, -8.119015
6701549785000, 351.30823, -80.70144, -8.106468
6701554775000, 351.3061, -80.77198, -8.094369
6701559732000, 351.30792, -80.84031, -8.081311
6701564718000, 351.30905, -80.905426, -8.07023
6701569747000, 351.31152, -80.96682, -8.059904
6701574729000, 351.31122, -81.02678, -8.049038
6701579702000, 351.31628, -81.08567, -8.038535
6701584744000, 351.31796, -81.13753, -8.031077
6701589729000, 351.3205, -81.192635, -8.018851
6701594751000, 351.32697, -81.24128, -8.011851
6701599797000, 351.32733, -81.29079, -8.000905
6701604762000, 351.33246, -81.33741, -7.992521
6701609728000, 351.33557, -81.37967, -7.9855413
6701614713000, 351.3397, -81.42415, -7.974863
6701619747000, 351.34192, -81.463776, -7.9680133
6701624727000, 351.3478, -81.50178, -7.960509
6701629710000, 351.3507, -81.53829, -7.954357
6701634737000, 351.35605, -81.57218, -7.9475245
6701639734000, 351.36075, -81.60536, -7.9412656
6701644731000, 351.36487, -81.63605, -7.9360704
6701649771000, 351.37274, -81.66631, -7.9303355
6701654741000, 351.37726, -81.69383, -7.9244647
6701660108000, 351.26514, -81.69105, -7.9682584
6701664719000, 351.1598, -81.69101, -8.005362
6701669737000, 351.05292, -81.683136, -8.046352
6701674726000, 350.9478, -81.67972, -8.081625
6701679712000, 350.84644, -81.66986, -8.119552
6701684705000, 350.74933, -81.66087, -8.154226
6701689736000, 350.647, -81.65165, -8.187575
6701694726000, 350.5498, -81.64015, -8.219915
6701699759000, 350.45395, -81.62681, -8.252886
6701704810000, 350.3622, -81.6141, -8.2828
6701709739000, 350.26733, -81.60214, -8.310266
6701714714000, 350.17807, -81.58798, -8.338278
6701719745000, 350.09082, -81.574524, -8.364094
6701724732000, 350.00195, -81.560165, -8.389302
6701729734000, 349.91946, -81.5457, -8.413369
6701734700000, 349.83502, -81.53077, -8.436502
6701739732000, 349.75266, -81.513985, -8.460583
6701744718000, 349.67163, -81.49849, -8.481979
6701749743000, 349.5916, -81.48172, -8.503843
6701754740000, 349.51428, -81.465485, -8.52417
6701759736000, 349.43524, -81.45076, -8.542319
6701764716000, 349.35544, -81.4328, -8.562775
6701769742000, 349.2811, -81.41894, -8.57865
6701774730000, 349.20566, -81.402466, -8.596398
6701779703000, 349.13162, -81.38769, -8.612019
6701784718000, 349.05865, -81.372444, -8.627551
6701789732000, 348.98764, -98.64154, -8.641389
6701794708000, 348.91736, -98.65603, -8.655304
6701799754000, 348.8506, -98.67057, -8.668892
6701804739000, 348.78125, -98.682365, -8.679423
6701809730000, 348.71658, -98.69753, -8.692959
6701814729000, 348.6496, -98.71066, -8.704191
6701819741000, 348.58957, -98.72202, -8.713532
6701824739000, 348.52682, -98.73635, -8.725287
6701829704000, 348.46463, -98.74666, -8.733152
6701834730000, 348.41104, -98.757126, -8.740709
6701839732000, 348.3501, -98.76992, -8.7504635
6701844710000, 348.29654, -98.77723, -8.754942
6701849749000, 348.24146, -98.78942, -8.763645
6701854739000, 348.1866, -98.79924, -8.77023
6701859733000, 348.0136, -98.85598, -8.819087
6701864727000, 347.83755, -98.91268, -8.867234
6701869708000, 347.66852, -98.9666, -8.911753
6701874734000, 347.50208, -99.02077, -8.9563875
6701879706000, 347.3377, -99.071884, -8.997456
6701884747000, 347.1812, -99.12484, -9.040299
6701889731000, 347.02298, -99.17206, -9.0763855
6701894701000, 346.87384, -99.22193, -9.116382
6701899840000, 346.72638, -99.26871, -9.152187
6701904731000, 346.58124, -99.31709, -9.189547
6701909731000, 346.44156, -99.35892, -9.22195
6701914710000, 346.30453, -99.40533, -9.257364
6701919744000, 346.17136, -99.4471, -9.289604
6701924728000, 346.04102, -99.48637, -9.318684
6701934740000, 345.91467, -99.52391, -9.347145
6701939695000, 345.78662, -99.558205, -9.371778
6701944721000, 345.66495, -99.5914, -9.395465
6701949742000, 345.5407, -99.61731, -9.413594
6701954747000, 345.41885, -99.6451, -9.4332
6701959735000, 345.29584, -99.66681, -9.448366
6701964703000, 345.17386, -99.68757, -9.46348
6701969747000, 345.049, -99.70624, -9.477294
6701974734000, 344.92578, -99.7207, -9.488489
6701979721000, 344.8004, -99.73435, -9.49883
6701985165000, 344.67197, -99.74493, -9.506384
6701989737000, 344.5464, -99.75459, -9.513889
6701994725000, 344.41205, -99.761795, -9.518253
6701999747000, 344.27625, -99.76513, -9.519066
6702004737000, 344.1366, -99.77305, -9.524969
6702009734000, 343.9858, -99.77842, -9.526409
6702014723000, 343.8325, -99.78492, -9.530018
6702019771000, 343.67523, -99.79363, -9.535634
6702024764000, 343.51535, -99.804054, -9.541839
6702029750000, 343.35568, -99.81235, -9.545185
6702034772000, 343.1966, -99.824165, -9.552416
6702039758000, 343.0428, -99.83605, -9.557874
6702044725000, 342.89288, -99.84384, -9.559523
6702049807000, 342.7469, -99.85541, -9.562722
6702054713000, 342.60687, -99.86437, -9.563204
6702059753000, 342.33853, -99.88496, -9.560168
6702064758000, 342.08124, -99.90624, -9.557721
6702069778000, 341.71494, -99.96117, -9.574713
6702074761000, 341.35986, -100.01918, -9.591213
6702079747000, 340.88333, -100.12949, -9.644
6702084774000, 340.41675, -100.23629, -9.692153
6702089771000, 339.76117, -100.414406, -9.783448
6702094771000, 339.11603, -100.59049, -9.868793
6702099794000, 338.2327, -100.85819, -10.012125
6702104812000, 337.3614, -101.11771, -10.142616
6702109698000, 336.32928, -101.435936, -10.301937
6702114725000, 335.315, -101.74496, -10.448964
6702119664000, 334.14047, -102.11186, -10.622211
6702124697000, 332.98737, -102.46786, -10.779421
6702129682000, 331.6127, -102.92169, -10.98326
6702134770000, 330.27582, -103.356766, -11.167752
6702139667000, 329.0002, -103.75944, -11.323147
6702144746000, 327.75073, -104.15046, -11.467233
6702149778000, 326.78973, -104.41435, -11.544566
6702154781000, 325.8359, -104.67679, -11.616987
6702159932000, 325.04013, -104.876945, -11.659966
6702164775000, 324.2454, -105.07447, -11.700057
6702169712000, 323.5759, -105.23078, -11.718519
6702174765000, 322.90616, -105.3786, -11.730092
6702179688000, 322.31976, -105.49537, -11.732375
6702184763000, 321.72998, -105.61191, -11.734395
6702189928000, 321.1346, -105.72437, -11.728415
6702194720000, 320.5402, -105.82774, -11.716192
6702199777000, 319.93643, -105.93338, -11.699318
6702204807000, 319.3226, -106.03455, -11.678756
6702209684000, 318.71033, -106.132935, -11.65459
6702214726000, 318.0968, -106.22768, -11.632637
6702219717000, 317.48328, -106.31713, -11.607909
6702224720000, 316.86847, -106.40463, -11.581408
6702229722000, 316.25345, -106.4837, -11.555424
6702234705000, 315.64636, -106.55776, -11.528001
6702239713000, 315.03342, -106.63141, -11.500714
6702244710000, 314.4467, -106.6481, -11.464527
6702249749000, 313.8559, -106.663055, -11.43096
6702254764000, 313.26556, -106.6775, -11.399243
6702259721000, 312.67346, -106.68926, -11.370633
6702264708000, 312.07135, -106.70577, -11.355979
6702269737000, 311.46655, -106.72516, -11.345941
6702274728000, 310.8604, -106.739555, -11.336551
6702279710000, 310.24976, -106.75943, -11.336174
6702284765000, 309.624, -106.787704, -11.354932
6702289768000, 308.9995, -106.82122, -11.38369
6702294707000, 308.37402, -106.84521, -11.415442
6702299837000, 307.74728, -106.86979, -11.451556
6702304750000, 307.11914, -106.882805, -11.48966
6702310253000, 306.494, -106.890465, -11.528879
6702314714000, 305.85944, -106.90124, -11.578518
6702319733000, 305.2233, -106.90424, -11.628484
6702324728000, 304.58466, -106.89791, -11.674337
6702329709000, 303.9478, -106.894554, -11.723117
6702334724000, 303.3059, -106.88496, -11.77935
6702339736000, 302.6633, -106.87241, -11.8321495
6702344733000, 302.02075, -106.859566, -11.891048
6702349779000, 301.37643, -106.83824, -11.947834
6702354688000, 300.7297, -106.81664, -12.003977
6702359737000, 300.09067, -106.78775, -12.062091
6702364722000, 299.4477, -106.755554, -12.119503
6702369747000, 298.80728, -106.720085, -12.178919
6702374692000, 298.1765, -106.67409, -12.228154
6702379753000, 297.54764, -106.628006, -12.277694
6702384715000, 296.931, -106.56871, -12.324361
6702389777000, 296.31726, -106.50905, -12.3718195
6702394726000, 295.70728, -106.44603, -12.419725
6702399863000, 295.10077, -106.38266, -12.46948
6702404827000, 294.48105, -106.34397, -12.529453
6702409733000, 293.86465, -106.30088, -12.591229
6702414759000, 293.22217, -106.29188, -12.65956
6702419712000, 292.5814, -106.28206, -12.724604
6702424683000, 291.91217, -106.3216, -12.816295
6702429738000, 291.25092, -106.3593, -12.899297
6702434868000, 290.55753, -106.437294, -13.000955
6702439705000, 289.88272, -106.51137, -13.098812
6702444922000, 289.1791, -106.621826, -13.209989
6702449744000, 288.49548, -106.728676, -13.318754
6702454721000, 287.7688, -106.87991, -13.442031
6702459651000, 287.06873, -107.03053, -13.564666
6702464636000, 286.3293, -107.22097, -13.70213
6702469654000, 285.6233, -107.4031, -13.829583
6702474663000, 284.91113, -107.60755, -13.98186
6702479644000, 284.23492, -107.8026, -14.129639
6702484859000, 283.55603, -108.014465, -14.312551
6702489647000, 282.8957, -108.22035, -14.493572
6702494786000, 282.21005, -108.45062, -14.713003
6702499677000, 281.5329, -108.67892, -14.92783
6702504980000, 280.83353, -108.92667, -15.161506
6702509677000, 280.13983, -109.17886, -15.39918
6702514723000, 279.4791, -109.41295, -15.619018
6702519713000, 278.82306, -109.64972, -15.836557
6702524653000, 278.17184, -109.88953, -16.058193
6702529692000, 277.60413, -110.07836, -16.244085
6702534676000, 277.03845, -110.26439, -16.4304
6702539704000, 276.55432, -110.38678, -16.574333
6702544660000, 276.07178, -110.51069, -16.719557
6702549750000, 275.65662, -110.5784, -16.82579
6702554663000, 275.24408, -110.64481, -16.930754
6702559735000, 274.8731, -110.67363, -17.011723
6702564702000, 274.50635, -110.69943, -17.091679
6702569760000, 274.1336, -110.73289, -17.17188
6702574752000, 273.75595, -110.763954, -17.245674
6702579736000, 273.36652, -110.80486, -17.31983
6702584761000, 272.9721, -110.83905, -17.383213
6702589660000, 272.5635, -110.88324, -17.437654
6702594723000, 272.15405, -110.91879, -17.482916
6702599837000, 271.73386, -110.95204, -17.50818
6702604809000, 271.31134, -110.98093, -17.52408
6702609731000, 270.89206, -110.98952, -17.517242
6702614731000, 270.47888, -110.99477, -17.502464
6702619732000, 270.06293, -110.980675, -17.471657
6702624733000, 269.65515, -110.95614, -17.427872
6702629712000, 269.24878, -110.92453, -17.38145
6702635106000, 268.84717, -110.88705, -17.325914
6702639698000, 268.44427, -110.837524, -17.26701
6702644702000, 268.04938, -110.785736, -17.202581
6702649779000, 267.66156, -110.72091, -17.139061
6702654768000, 267.281, -110.64778, -17.06623
6702659660000, 266.90576, -110.58237, -17.010891
6702664721000, 266.53937, -110.5069, -16.9468
6702669696000, 266.18085, -110.428, -16.879265
6702674732000, 265.83316, -110.34711, -16.809835
6702679712000, 265.47687, -110.28682, -16.754782
6702684733000, 265.13104, -110.2236, -16.695686
6702689684000, 264.78354, -110.1728, -16.64061
6702694708000, 264.448, -110.1209, -16.58367
6702699816000, 264.09988, -110.08893, -16.524563
6702704786000, 263.75983, -110.05594, -16.462633
6702709949000, 263.4126, -110.05102, -16.41648
6702714714000, 263.06494, -110.048874, -16.367226
6702719701000, 262.70355, -110.06392, -16.3273
6702724726000, 262.3363, -110.09095, -16.296167
6702730104000, 261.9655, -110.12772, -16.270618
6702734712000, 261.5814, -110.168564, -16.246414
6702739732000, 261.20358, -110.21088, -16.22918
6702744769000, 260.82544, -110.25287, -16.212885
6702749834000, 260.46576, -110.27071, -16.192854
6702754784000, 260.11588, -110.28069, -16.169313
6702759773000, 259.78497, -110.267525, -16.133936
6702764777000, 259.46805, -110.2505, -16.105385
6702769773000, 259.16327, -110.22552, -16.072916
6702774687000, 258.87357, -110.18424, -16.033754
6702779757000, 258.5943, -110.13743, -15.99166
6702784760000, 258.33325, -110.080025, -15.950809
6702789765000, 258.0772, -110.0143, -15.902969
6702794766000, 257.82297, -109.95784, -15.855776
6702799838000, 257.57587, -109.89152, -15.801779
6702804765000, 257.31955, -109.834, -15.742205
6702809762000, 257.07147, -109.77235, -15.683259
6702814705000, 256.81427, -109.71677, -15.624459
6702819743000, 256.55518, -109.65689, -15.562243
6702824731000, 256.3006, -109.60182, -15.5062685
6702829707000, 256.04153, -109.54244, -15.4466915
6702834720000, 255.78671, -109.471924, -15.392398
6702839729000, 255.52808, -109.40591, -15.340619
6702844746000, 255.27646, -109.33646, -15.296456
6702849873000, 255.02422, -109.26607, -15.251903
6702854757000, 254.77429, -109.18683, -15.209362
6702859753000, 254.52722, -109.10559, -15.16905
6702864729000, 254.27837, -109.02014, -15.129058
6702869781000, 254.03378, -108.93489, -15.091099
6702874696000, 253.78525, -108.85205, -15.05172
6702879719000, 253.54727, -108.76744, -15.010351
6702884804000, 253.30902, -108.68271, -14.971454
6702889730000, 253.08124, -108.59946, -14.931409
6702895692000, 252.85332, -108.51835, -14.883653
6702899790000, 252.63345, -108.43534, -14.837514
6702904978000, 252.41217, -108.356285, -14.780783
6702909723000, 252.202, -108.278564, -14.7251625
6702914744000, 252.00027, -108.19934, -14.6743355
6702919736000, 251.80605, -108.12499, -14.627698
6702924711000, 251.6258, -108.047485, -14.586889
6702929699000, 251.42966, -108.004265, -14.540353
6702934688000, 251.25037, -107.96244, -14.500954
6702939731000, 251.0694, -107.92731, -14.463269
6702944730000, 250.90384, -107.897, -14.433475
6702949829000, 250.74957, -107.856155, -14.396763
6702954756000, 250.60599, -107.81273, -14.362875
6702960224000, 250.47124, -107.754364, -14.327961
6702964682000, 250.33948, -107.69722, -14.2976265
6702969742000, 250.22034, -107.6186, -14.263443
6702974664000, 250.09631, -107.53686, -14.225167
6702979721000, 249.98616, -107.45386, -14.187556
6702984691000, 249.86694, -107.37148, -14.150637
6702989733000, 249.7705, -107.21013, -14.053682
6702994738000, 249.67651, -107.057236, -13.962883
6702999717000, 249.59474, -106.85459, -13.842007
6703004755000, 249.50824, -106.66156, -13.737797
6703009726000, 249.42206, -106.43452, -13.609385
6703014716000, 249.33963, -106.20863, -13.49489
6703019739000, 249.25229, -105.98169, -13.388013
6703024728000, 249.1647, -105.74136, -13.287591
6703029784000, 249.07556, -105.50013, -13.20177
6703034717000, 248.98047, -105.25483, -13.119464
6703039725000, 248.87944, -105.00837, -13.048769
6703044737000, 248.7764, -104.76129, -12.984198
6703050266000, 248.66171, -104.5254, -12.927728
6703054741000, 248.54166, -104.29714, -12.883351
6703059660000, 248.42386, -104.06443, -12.833112
6703064702000, 248.3056, -103.85214, -12.801521
6703069674000, 248.18588, -103.651184, -12.7788925
6703074728000, 248.08165, -103.46017, -12.758696
6703079711000, 247.97983, -103.296295, -12.754267
6703084734000, 247.89017, -103.147484, -12.752036
6703089706000, 247.80862, -103.03238, -12.764489
6703094758000, 247.74042, -102.93771, -12.77617
6703099744000, 247.67786, -102.884315, -12.803077
6703104735000, 247.6243, -102.85262, -12.824993
6703109712000, 247.57346, -102.859985, -12.857809
6703114730000, 247.52818, -77.12211, -12.872638
6703119737000, 247.48419, -77.05915, -12.903276
6703124729000, 247.45198, -77.001274, -12.897435
6703129711000, 247.41452, -76.90142, -12.901301
6703134708000, 247.38208, -76.79424, -12.87535
6703139765000, 247.34198, -76.64286, -12.855996
6703144730000, 247.30635, -76.44151, -12.842426
6703149826000, 247.26503, -76.18447, -12.841054
6703154817000, 247.23508, -75.81991, -12.887784
6703159727000, 247.20819, -75.390274, -12.955237
6703164720000, 247.18877, -74.81045, -13.1037855
6703169717000, 247.18753, -74.163506, -13.274752
6703174725000, 247.17482, -73.36291, -13.544423
6703179718000, 247.17233, -72.51771, -13.82289
6703184685000, 247.17242, -71.58945, -14.145123
6703189733000, 247.17607, -70.64501, -14.464601
6703194721000, 247.17679, -69.6947, -14.782868
6703199847000, 247.18962, -68.77497, -15.076091
6703204743000, 247.20593, -67.92073, -15.333424
6703209736000, 247.22571, -67.1184, -15.569177
6703214715000, 247.27673, -66.40361, -15.740339
6703219748000, 247.35262, -65.782005, -15.878393
6703224695000, 247.45319, -65.25368, -15.958647
6703229717000, 247.5956, -64.80735, -15.9860525
6703234720000, 247.79529, -64.44828, -15.9464245
6703239737000, 248.02588, -64.16186, -15.855722
6703244737000, 248.3328, -63.935223, -15.684994
6703249858000, 248.65297, -63.75869, -15.47674
6703254788000, 249.02193, -63.58606, -15.216044
6703259735000, 249.39493, -63.43497, -14.935228
6703264725000, 249.794, -63.235764, -14.630483
6703269733000, 250.17894, -63.03694, -14.313405
6703274726000, 250.52837, -62.77216, -14.05779
6703279714000, 250.83932, -62.49379, -13.814106
6703284837000, 251.10803, -62.15557, -13.638575
6703289736000, 251.35555, -61.789616, -13.493298
6703295807000, 251.56407, -61.33886, -13.422654
6703299814000, 251.75697, -60.866096, -13.377998
6703304733000, 251.92163, -60.365524, -13.41145
6703309736000, 252.057, -59.859108, -13.472709
6703314715000, 252.19711, -59.325745, -13.592119
6703319737000, 252.2686, -58.827263, -13.796791
6703324659000, 252.34264, -58.326897, -14.044555
6703329706000, 252.3735, -57.87496, -14.348905
6703334722000, 252.40945, -57.443687, -14.676408
6703339729000, 252.47498, -57.039898, -14.977197
6703344730000, 252.5513, -56.66129, -15.279769
6703349737000, 252.72821, -56.26083, -15.48876
6703354712000, 252.90921, -55.889732, -15.6838045
6703359729000, 253.1921, -55.494347, -15.782154
6703364682000, 253.47597, -55.12725, -15.858441
6703369739000, 253.82196, -54.781815, -15.843494
6703374665000, 254.16174, -54.462215, -15.812294
6703379726000, 254.52896, -54.201103, -15.705658
6703384733000, 254.88481, -53.971806, -15.587715
6703389730000, 255.23155, -53.824017, -15.420178
6703394730000, 255.56163, -53.70753, -15.25854
6703399875000, 255.86215, -53.642994, -15.099362
6703404861000, 256.1316, -53.61181, -14.948215
6703409729000, 256.3979, -53.60551, -14.795661
6703414750000, 256.61514, -53.627777, -14.648702
6703419730000, 256.8553, -53.654476, -14.490841
6703425543000, 257.0513, -53.710094, -14.331899
6703429729000, 257.25787, -53.71101, -14.207687
6703434732000, 257.4318, -53.7319, -14.07823
6703439723000, 257.62012, -53.693474, -13.962441
6703444733000, 257.79028, -53.664364, -13.847216
6703449733000, 257.97232, -53.51182, -13.769482
6703454735000, 258.1302, -53.362366, -13.695888
6703459735000, 258.28595, -53.140198, -13.658689
6703464738000, 258.4197, -52.91986, -13.630982
6703469717000, 258.53366, -52.65319, -13.644996
6703474743000, 258.63098, -52.402977, -13.664603
6703479711000, 258.72864, -52.11916, -13.697367
6703484746000, 258.8087, -51.849106, -13.746023
6703489738000, 258.88245, -51.576687, -13.798019
6703494780000, 258.953, -51.308247, -13.867031
6703499753000, 259.01196, -51.09582, -13.92524
6703504764000, 259.07303, -50.88874, -13.999406
6703509740000, 259.11115, -50.691235, -14.092257
6703514742000, 259.16037, -50.5115, -14.205134
6703519698000, 259.17026, -50.458164, -14.293929
6703524700000, 259.17853, -50.42992, -14.394039
6703529713000, 259.1634, -50.481155, -14.460616
6703534827000, 259.15268, -50.54361, -14.532101
6703539710000, 259.13327, -50.63846, -14.55591
6703544816000, 259.1024, -50.7391, -14.575356
6703550141000, 259.06232, -50.84802, -14.577583
6703554776000, 259.0616, -51.011692, -14.317201
6703559858000, 259.07425, -51.256332, -13.867431
6703564736000, 259.0628, -51.51173, -13.418573
6703569959000, 259.02036, -51.885098, -12.866059
6703574738000, 258.9327, -52.269905, -12.344772
6703579742000, 258.77087, -52.796722, -11.896199
6703584771000, 258.55286, -53.321396, -11.5084505
6703590101000, 258.28754, -53.840725, -11.183921
6703594774000, 257.919, -54.37444, -11.129977
6703599783000, 257.47348, -54.854183, -11.358283
6703604751000, 257.01242, -55.2821, -11.618163
6703609661000, 256.5443, -55.660988, -11.932202
6703614736000, 256.054, -55.941074, -12.433304
6703619670000, 255.57153, -56.209644, -12.930455
6703624768000, 255.08102, -56.45219, -13.520724
6703629705000, 254.62296, -56.705025, -14.05964
6703634711000, 254.17957, -56.990036, -14.5469055
6703639728000, 253.75394, -57.29778, -14.973855
6703644735000, 253.35706, -57.635704, -15.293308
6703649794000, 252.96759, -57.992065, -15.556751
6703654766000, 252.59259, -58.369133, -15.720956
6703659728000, 252.21696, -58.76647, -15.838076
6703664694000, 251.83699, -59.188553, -15.8941
6703669751000, 251.44814, -59.62804, -15.91327
6703674657000, 251.04692, -60.10406, -15.900503
6703679747000, 250.64139, -60.60393, -15.853542
6703684712000, 250.23297, -61.122055, -15.787667
6703689724000, 249.84322, -61.645046, -15.691256
6703694711000, 249.46555, -62.16943, -15.595396
6703699833000, 249.10875, -62.682037, -15.485636
6703704747000, 248.77069, -63.1857, -15.399089
6703709730000, 248.43771, -63.68428, -15.303731
6703714754000, 248.11359, -64.17197, -15.260559
6703719738000, 247.80313, -64.64747, -15.210378
6703724714000, 247.49336, -65.13697, -15.201916
6703729703000, 247.18578, -65.60391, -15.195607
6703734716000, 246.85847, -66.09815, -15.196905
6703739730000, 246.52309, -66.577415, -15.200605
6703744734000, 246.20226, -67.07023, -15.191362
6703749866000, 245.8836, -67.54829, -15.181462
6703754808000, 245.54112, -68.074455, -15.128909
6703759759000, 245.2215, -68.579605, -15.078295
6703764732000, 244.91492, -69.10215, -14.994219
6703769760000, 244.62372, -69.60664, -14.914423
6703774710000, 244.32207, -70.10209, -14.8464155
6703779748000, 244.03455, -70.57387, -14.786428
6703785487000, 243.75159, -71.02775, -14.712003
6703789754000, 243.4705, -71.448, -14.65826
6703794699000, 243.17816, -71.83491, -14.633919
6703799843000, 242.87303, -72.18435, -14.631039
6703804684000, 242.57785, -72.51142, -14.633354
6703809758000, 242.2767, -72.743515, -14.711151
6703814697000, 241.96936, -72.9458, -14.794551
6703819734000, 241.62332, -73.12459, -14.893064
6703824690000, 241.26044, -73.275734, -14.99847
6703829716000, 240.86758, -73.396935, -15.120686
6703834709000, 240.45868, -73.49311, -15.247812
6703839730000, 240.0216, -73.56226, -15.388206
6703844738000, 239.56554, -73.60704, -15.531886
6703849807000, 239.08865, -73.64733, -15.659458
6703854747000, 238.60797, -73.670876, -15.783125
6703859732000, 238.09367, -73.717575, -15.86436
6703864698000, 237.58911, -73.756485, -15.933251
6703869740000, 237.06335, -73.82211, -15.956112
6703874725000, 236.55205, -73.88114, -15.967938
6703879723000, 236.04105, -73.97141, -15.931662
6703884748000, 235.55814, -74.05575, -15.886469
6703889738000, 235.10382, -74.154655, -15.814372
6703894741000, 234.69135, -74.25302, -15.733162
6703899840000, 234.27992, -74.35858, -15.637772
6703904767000, 233.94768, -74.46304, -15.536852
6703909734000, 233.64082, -105.42352, -15.42217
6703914749000, 233.38931, -105.305466, -15.299284
6703919736000, 233.17014, -105.205734, -15.188072
6703924739000, 232.9974, -105.096535, -15.062703
6703929725000, 232.8522, -104.97722, -14.923422
6703934738000, 232.73721, -104.85403, -14.775633
6703939742000, 232.64046, -104.73943, -14.628054
6703944720000, 232.56577, -104.62292, -14.472989
6703949684000, 232.48392, -104.51601, -14.318085
6703954742000, 232.41599, -104.41754, -14.166079
6703959662000, 232.32713, -104.33785, -14.019663
6703964711000, 232.23334, -104.27505, -13.88292
6703969664000, 232.11517, -104.21943, -13.743107
6703974728000, 231.9818, -104.17756, -13.608099
6703979695000, 231.82257, -104.13648, -13.468196
6703984744000, 231.64735, -104.09388, -13.3213215
6703989704000, 231.4518, -104.038185, -13.157457
6703994735000, 231.25735, -103.98471, -12.996131
6703999782000, 231.0469, -103.902596, -12.803733
6704004902000, 230.84872, -103.83095, -12.623747
6704009878000, 230.64705, -103.74036, -12.429781
6704014725000, 230.46057, -103.656784, -12.241901
6704019717000, 230.2754, -103.570274, -12.066378
6704024733000, 230.10522, -103.48704, -11.89708
6704029718000, 229.94952, -103.42697, -11.765732
6704034768000, 229.81096, -103.36988, -11.642333
6704040423000, 229.67975, -103.31897, -11.528541
6704044732000, 229.56784, -103.29488, -11.456969
6704049792000, 229.43903, -103.316444, -11.424988
6704054814000, 229.31963, -103.33949, -11.398228
6704059694000, 229.20467, -103.367386, -11.379347
6704064742000, 229.0993, -103.48442, -11.451264
6704069760000, 228.99986, -103.60416, -11.528278
6704074748000, 228.89084, -103.749466, -11.635806
6704079716000, 228.78485, -103.89624, -11.749918
6704084741000, 228.67645, -104.06, -11.892771
6704089733000, 228.56665, -104.22341, -12.039616
6704094742000, 228.44627, -104.395546, -12.209134
6704099827000, 228.32271, -104.56577, -12.378957
6704104818000, 228.19308, -104.725464, -12.562441
6704109696000, 228.06075, -104.87734, -12.7426405
6704114724000, 227.91875, -104.98943, -12.9033575
6704119740000, 227.7767, -105.082184, -13.049085
6704124729000, 227.63362, -105.13198, -13.180802
6704129696000, 227.50072, -105.173706, -13.305643
6704134807000, 227.37282, -105.17533, -13.407398
6704139735000, 227.26492, -105.17485, -13.505485
6704144719000, 227.16798, -105.15501, -13.578308
6704149744000, 227.09586, -105.13171, -13.644994
6704154734000, 227.04651, -105.081215, -13.677246
6704159733000, 227.02028, -105.02776, -13.700312
6704164719000, 227.01236, -104.94271, -13.687901
6704169747000, 227.0205, -104.85753, -13.669731
6704174731000, 227.04416, -104.75409, -13.626537
6704179714000, 227.08109, -104.65007, -13.584144
6704184716000, 227.13309, -104.53603, -13.52721
6704189721000, 227.18678, -104.420555, -13.469102
6704194732000, 227.25452, -104.27936, -13.389596
6704199795000, 227.32494, -104.14155, -13.312558
6704204806000, 227.39722, -103.973755, -13.216996
6704209730000, 227.47388, -103.80688, -13.126982
6704214727000, 227.54482, -103.64794, -13.046581
6704219749000, 227.6124, -103.487335, -12.971007
6704224729000, 227.66222, -103.33321, -12.900767
6704229719000, 227.70634, -103.18663, -12.839405
6704234749000, 227.74384, -103.03038, -12.762806
6704239738000, 227.77762, -102.887184, -12.694494
6704244707000, 227.81424, -102.72382, -12.596967
6704249835000, 227.84949, -102.57593, -12.503737
6704254724000, 227.90005, -102.41224, -12.38162
6704259735000, 227.95474, -102.271965, -12.265823
6704264693000, 228.02777, -77.87807, -12.121571
6704269752000, 228.10562, -77.990776, -11.995184
6704274719000, 228.20258, -78.10746, -11.8446
6704279713000, 228.31287, -78.191986, -11.705824
6704284735000, 228.44855, -78.24676, -11.574907
6704289734000, 228.58752, -78.28144, -11.445158
6704294776000, 228.75731, -78.286194, -11.323484
6704299844000, 228.93782, -78.27344, -11.200994
6704304766000, 229.12361, -78.246086, -11.075872
6704309732000, 229.32445, -78.197876, -10.948878
6704314760000, 229.52538, -78.12633, -10.820763
6704319743000, 229.72525, -78.02078, -10.697844
6704324945000, 229.91122, -77.86586, -10.594691
6704329848000, 230.08148, -77.66568, -10.504051
6704335169000, 230.21558, -77.34711, -10.497686
6704339733000, 230.31674, -76.97704, -10.51881
6704345136000, 230.35571, -76.45406, -10.666924
6704349755000, 230.35715, -75.87752, -10.860353
6704354806000, 230.29778, -75.13897, -11.194163
6704359730000, 230.21544, -74.342476, -11.581012
6704364711000, 230.09949, -73.49514, -12.01777
6704369768000, 229.96866, -72.49164, -12.562187
6704374666000, 229.81897, -71.45441, -13.140985
6704379738000, 229.71663, -70.22763, -13.793285
6704384712000, 229.6282, -69.00046, -14.439112
6704389769000, 229.57533, -67.811264, -15.005289
6704394678000, 229.62212, -66.65435, -15.535241
6704399816000, 229.73793, -65.62352, -15.893054
6704404708000, 229.94388, -64.704056, -16.189867
6704409750000, 230.2493, -63.994595, -16.288439
6704414725000, 230.63261, -63.39876, -16.315117
6704419731000, 231.07253, -63.047523, -16.202244
6704424730000, 231.5649, -62.809395, -16.031036
6704429737000, 232.07222, -62.7421, -15.806462
6704434755000, 232.61041, -62.761417, -15.560786
6704439731000, 233.14722, -62.83848, -15.331677
6704444768000, 233.68845, -62.96944, -15.116361
6704449761000, 234.21037, -63.04543, -14.994783
6704454768000, 234.71915, -63.134514, -14.911379
6704459663000, 235.1907, -63.073162, -14.977519
6704464652000, 235.64224, -62.975628, -15.09439
6704469668000, 236.09775, -62.689053, -15.329427
6704474644000, 236.52611, -62.341003, -15.616335
6704479639000, 236.99524, -61.821037, -15.9425125
6704484651000, 237.4489, -61.247696, -16.295727
6704489648000, 237.954, -60.58291, -16.600138
6704494659000, 238.46259, -59.904385, -16.892815
6704499681000, 239.02267, -59.23624, -17.061682
6704504700000, 239.56998, -58.59789, -17.202457
6704509705000, 240.14955, -58.030823, -17.239706
6704514700000, 240.71727, -57.490738, -17.245647
6704519713000, 241.2756, -57.010212, -17.195313
6704524708000, 241.81937, -56.558846, -17.118937
6704529689000, 242.35468, -56.168674, -16.985193
6704534715000, 242.8656, -55.811386, -16.82165
6704539710000, 243.36084, -55.53003, -16.600702
6704544694000, 243.82956, -55.279232, -16.358438
6704549713000, 244.29977, -55.075024, -16.078922
6704554735000, 244.73541, -54.89649, -15.789707
6704559689000, 245.14699, -54.733437, -15.526297
6704564736000, 245.52365, -54.589527, -15.270142
6704569698000, 245.85367, -54.473694, -15.069415
6704574733000, 246.14165, -54.371384, -14.894006
6704579691000, 246.35458, -54.3096, -14.811457
6704584738000, 246.55629, -54.265217, -14.74665
6704589717000, 246.6864, -54.243046, -14.770151
6704594753000, 246.80695, -54.240887, -14.804163
6704599742000, 246.92126, -54.24489, -14.878205
6704604747000, 247.02379, -54.267834, -14.95571
6704609689000, 247.17078, -54.239193, -15.023826
6704614739000, 247.32228, -54.24194, -15.0785
6704619738000, 247.53647, -54.15387, -15.08915
6704624726000, 247.76526, -54.08697, -15.073061
6704629982000, 248.04364, -53.923004, -15.009193
6704634804000, 248.32855, -53.78256, -14.915248
6704639739000, 248.64626, -53.556793, -14.770219
6704644763000, 248.95306, -53.356297, -14.609102
6704649755000, 249.25577, -53.13766, -14.434148
6704654958000, 249.53378, -52.93493, -14.259566
6704659708000, 249.77747, -52.75903, -14.121566
6704664723000, 249.96622, -52.60471, -14.000742
6704669753000, 250.12155, -52.462696, -13.925972
6704674733000, 250.23807, -52.33012, -13.890229
6704680387000, 250.30577, -52.237484, -13.87931
6704684787000, 250.36093, -52.14751, -13.902947
6704690524000, 250.37047, -52.06386, -13.982128
6704694741000, 250.36728, -52.000004, -14.08288
6704699776000, 250.34369, -51.944088, -14.260929
6704704775000, 250.29163, -51.93429, -14.463934
6704710073000, 250.22253, -51.931324, -14.697138
6704714723000, 250.13132, -51.950256, -14.968957
6704719737000, 250.03699, -51.99513, -15.247006
6704724747000, 249.91855, -52.060997, -15.531532
6704729716000, 249.78601, -52.151203, -15.810986
6704734760000, 249.6807, -52.232468, -15.938048
6704739711000, 249.56415, -52.345634, -16.035557
6704744756000, 249.4621, -52.510857, -15.986861
6704749777000, 249.35474, -52.689713, -15.893927
6704754735000, 249.25668, -52.928593, -15.66593
6704759702000, 249.13983, -53.17193, -15.410947
6704764722000, 248.99934, -53.48208, -15.166223
6704769683000, 248.82709, -53.780186, -14.931362
6704774752000, 248.5705, -54.17161, -14.887193
6704779692000, 248.27371, -54.554607, -14.877995
6704784817000, 247.93903, -55.019783, -15.036996
6704789769000, 247.53891, -55.475193, -15.253187
6704794757000, 247.15982, -55.92713, -15.617587
6704799773000, 246.79456, -56.36598, -15.994962
6704804760000, 246.41757, -56.694084, -16.52777
6704809719000, 246.07135, -56.99433, -17.052256
6704814714000, 245.76262, -57.257164, -17.562178
6704819774000, 245.48544, -57.50997, -18.028868
6704824756000, 245.23914, -57.808002, -18.353743
6704829684000, 245.01349, -58.12425, -18.616268
6704834755000, 244.80676, -58.46252, -18.77297
6704839769000, 244.60292, -58.82358, -18.877253
6704844767000, 244.39641, -59.241714, -18.898014
6704849772000, 244.2063, -59.678364, -18.883368
6704854765000, 244.0, -60.167427, -18.794403
6704859755000, 243.80606, -60.662643, -18.677439
6704864705000, 243.61545, -61.155483, -18.545965
6704869758000, 243.43741, -61.63998, -18.394934
6704874729000, 243.26192, -62.139698, -18.228785
6704879721000, 243.0904, -62.62776, -18.047792
6704884764000, 242.90639, -63.125645, -17.874977
6704889740000, 242.71263, -63.61219, -17.698063
6704894754000, 242.51598, -64.11008, -17.534037
6704899769000, 242.29816, -64.60361, -17.373838
6704904756000, 242.04355, -65.1519, -17.227163
6704909756000, 241.76044, -65.70054, -17.08684
6704914709000, 241.462, -66.311966, -16.94644
6704919763000, 241.14796, -66.917534, -16.809744
6704924761000, 240.84076, -67.55301, -16.669214
6704929735000, 240.54637, -68.15976, -16.538006
6704934821000, 240.2493, -68.75731, -16.409311
6704939758000, 239.9815, -69.3162, -16.295433
6704944777000, 239.74008, -69.79546, -16.210802
6704949827000, 239.52896, -70.23589, -16.140915
6704954765000, 239.33107, -70.61812, -16.097198
6704959757000, 239.15448, -70.96687, -16.063911
6704964718000, 238.98335, -71.25902, -16.068985
6704969780000, 238.81187, -71.537, -16.072348
6704974710000, 238.63304, -71.78278, -16.093403
6704979739000, 238.45372, -72.01372, -16.113768
6704984721000, 238.27234, -72.22554, -16.137896
6704989757000, 238.08383, -72.4284, -16.152035
6704994664000, 237.86304, -72.626, -16.156256
6704999748000, 237.64061, -72.81755, -16.147038
6705004667000, 237.39252, -73.01062, -16.116089
6705009728000, 237.15, -73.198265, -16.070173
6705014742000, 236.90094, -73.39757, -15.992634
6705019751000, 236.65985, -73.59329, -15.901713
6705024717000, 236.38568, -73.81218, -15.771881
6705029696000, 236.1349, -74.020256, -15.638168
6705034761000, 235.88376, -74.23502, -15.485654
6705039732000, 235.6517, -74.43441, -15.337622
6705044777000, 235.43695, -74.60623, -15.211033
6705049799000, 235.2428, -74.76791, -15.087802
6705054829000, 235.06998, -74.90118, -14.991557
6705059728000, 234.90982, -75.02278, -14.9012985
6705065087000, 234.79543, -75.09569, -14.85954
6705069823000, 234.69614, -75.15751, -14.820563
6705075037000, 234.60263, -75.209785, -14.783698
6705079764000, 234.52515, -75.25041, -14.749402
6705084757000, 234.4653, -104.731224, -14.728561
6705089764000, 234.41264, -104.72576, -14.712052
6705094744000, 234.37787, -104.729065, -14.696675
6705099788000, 234.35628, -104.74323, -14.686547
6705104668000, 234.35037, -104.76445, -14.678551
6705109765000, 234.31587, -104.786644, -14.671058
6705114677000, 234.29631, -104.81047, -14.664121
6705119711000, 234.26334, -104.83732, -14.66973
6705124665000, 234.24277, -104.85745, -14.670875
6705129704000, 234.21509, -104.86112, -14.663833
6705134725000, 234.2096, -104.85948, -14.654683
6705139762000, 234.20253, -104.8281, -14.615159
6705144665000, 234.20984, -104.79034, -14.5705805
6705149771000, 234.22928, -104.71067, -14.478597
6705154684000, 234.25371, -104.62421, -14.379624
6705159760000, 234.28644, -104.49365, -14.233167
6705164751000, 234.3226, -104.36478, -14.08819
6705169762000, 234.34692, -104.22575, -13.934361
6705174757000, 234.36768, -104.09066, -13.7866125
6705179740000, 234.38518, -103.91952, -13.603018
6705184815000, 234.38861, -103.75299, -13.425054
6705189764000, 234.39516, -103.605415, -13.264422
6705194843000, 234.39021, -103.45843, -13.104956
6705199769000, 234.38379, -103.33538, -12.967476
6705204765000, 234.37619, -103.214676, -12.83359
6705209763000, 234.36092, -103.11864, -12.72416
6705214712000, 234.3512, -103.02369, -12.617983
6705219762000, 234.33926, -102.964874, -12.549944
6705224723000, 234.32483, -102.91653, -12.491458
6705229730000, 234.31894, -102.90929, -12.476599
6705234850000, 234.31244, -102.91973, -12.476773
6705239754000, 234.3003, -102.96792, -12.509345
6705244819000, 234.29065, -103.03056, -12.555172
6705249784000, 234.27469, -103.11552, -12.617881
6705254766000, 234.25838, -103.204, -12.6826725
6705259755000, 234.2324, -103.27984, -12.738201
6705264735000, 234.20786, -103.34982, -12.788369
6705269685000, 234.17587, -103.38958, -12.816375
6705274746000, 234.14789, -103.42292, -12.8396225
6705279707000, 234.11986, -103.431786, -12.848301
6705284745000, 234.09744, -103.428345, -12.84439
6705289714000, 234.06937, -103.39975, -12.826235
6705294852000, 234.04956, -103.3609, -12.799611
6705299830000, 234.03012, -103.298035, -12.754543
6705304777000, 234.02446, -103.20947, -12.688651
6705309764000, 234.03546, -103.12659, -12.626384
6705314760000, 234.0721, -103.02957, -12.55424
6705319689000, 234.12143, -102.940254, -12.481433
6705324773000, 234.1987, -102.85368, -12.415223
6705329711000, 234.28088, -102.811455, -12.3873005
6705334802000, 234.36514, -102.7868, -12.380265
6705339725000, 234.44107, -102.76798, -12.374592
6705344843000, 234.49213, -102.76767, -12.389466
6705350110000, 234.51425, -102.76386, -12.39346
6705354757000, 234.49368, -102.768585, -12.41122
6705359724000, 234.44934, -102.72895, -12.382854
6705364749000, 234.36926, -102.686104, -12.357991
6705369866000, 234.28549, -102.5396, -12.240823
6705374811000, 234.18028, -102.39153, -12.129322
6705379857000, 234.09256, -102.06058, -11.8490095
6705384791000, 233.99883, -101.7356, -11.573231
6705390087000, 233.91177, -101.39196, -11.2813635
6705394845000, 233.83145, -101.07321, -11.007362
6705400208000, 233.74518, -100.80319, -10.774736
6705404774000, 233.67606, -100.56378, -10.558833
6705409674000, 233.6135, -79.640015, -10.358707
6705414738000, 233.55498, -79.757454, -10.21843
6705419675000, 233.50638, -79.83461, -10.085732
6705424720000, 233.45279, -79.8176, -10.007188
6705429683000, 233.39896, -79.75447, -9.933631
6705434733000, 233.34265, -79.63703, -9.870691
6705439676000, 233.27547, -79.46895, -9.815881
6705444757000, 233.18745, -79.1582, -9.866982
6705449727000, 233.09145, -78.79376, -9.937205
6705454738000, 232.97995, -78.309296, -10.095324
6705459748000, 232.87436, -77.77055, -10.282322
6705464731000, 232.75685, -77.100914, -10.574027
6705469752000, 232.6488, -76.378105, -10.896773
6705474770000, 232.54356, -75.51845, -11.321113
6705479880000, 232.45187, -74.62169, -11.778318
6705484766000, 232.3697, -73.598724, -12.294488
6705489781000, 232.30289, -72.5295, -12.8579035
6705494831000, 232.25967, -71.38463, -13.436547
6705499928000, 232.24713, -70.20479, -14.034747
6705504764000, 232.28027, -68.98872, -14.612753
6705509758000, 232.36069, -67.76559, -15.189373
6705514727000, 232.53078, -66.59842, -15.674686
6705519762000, 232.76242, -65.46783, -16.120054
6705524755000, 233.09956, -64.50141, -16.40168
6705529776000, 233.50209, -63.61535, -16.616737
6705534790000, 233.97449, -62.989853, -16.642826
6705539759000, 234.4936, -62.48373, -16.588663
6705544775000, 235.03456, -62.27146, -16.389364
6705549763000, 235.59952, -62.17241, -16.129015
6705554736000, 236.18445, -62.3003, -15.752661
6705559723000, 236.78433, -62.49951, -15.343472
6705564707000, 237.38214, -62.67696, -14.981512
6705569736000, 237.99109, -62.872272, -14.6064415
6705574766000, 238.52179, -62.903996, -14.399892
6705579742000, 239.03604, -62.93914, -14.201578
6705584793000, 239.43124, -62.777546, -14.195574
6705589755000, 239.77896, -62.595253, -14.206491
6705594749000, 240.08163, -62.19567, -14.332998
6705599754000, 240.3294, -61.75316, -14.465624
6705604736000, 240.60983, -61.135864, -14.592312
6705609727000, 240.85867, -60.486477, -14.703645
6705614731000, 241.15714, -59.772938, -14.714605
6705619730000, 241.43948, -59.05373, -14.711438
6705624724000, 241.76578, -58.313923, -14.619955
6705629744000, 242.08823, -57.587635, -14.518051
6705634725000, 242.4137, -56.915977, -14.388424
6705639739000, 242.72354, -56.27947, -14.259083
6705644684000, 243.0288, -55.75082, -14.115485
6705649767000, 243.32874, -55.267788, -13.981835
6705654722000, 243.60852, -54.896576, -13.834201
6705659727000, 243.892, -54.555466, -13.694513
6705664716000, 244.16577, -54.258217, -13.550389
6705669778000, 244.43845, -53.9892, -13.41341
6705674842000, 244.72061, -53.7235, -13.262013
6705679755000, 244.99002, -53.476074, -13.1181965
6705684745000, 245.25244, -53.28153, -12.963028
6705689731000, 245.49854, -53.09875, -12.813256
6705694704000, 245.75516, -52.930336, -12.659387
6705699909000, 246.00232, -52.780975, -12.504421
6705704682000, 246.24739, -52.659756, -12.344097
6705709755000, 246.49667, -52.574295, -12.179166
6705714709000, 246.69502, -52.544632, -12.083471
6705719783000, 246.8828, -52.548325, -11.987318
6705724885000, 247.044, -52.551716, -11.955816
6705729744000, 247.19302, -52.574787, -11.939758
6705734716000, 247.31274, -52.53797, -11.978011
6705739725000, 247.41734, -52.52786, -12.02581
6705744663000, 247.5195, -52.532684, -12.078719
6705749734000, 247.64662, -52.430534, -12.144049
6705754697000, 247.76465, -52.34308, -12.213806
6705759768000, 247.89355, -52.137226, -12.304424
6705764732000, 248.0139, -51.95723, -12.396919
6705769765000, 248.14874, -51.725502, -12.495579
6705774736000, 248.26309, -51.506485, -12.604404
6705779722000, 248.36723, -51.27745, -12.731779
6705784800000, 248.4544, -51.05646, -12.873486
6705789729000, 248.53337, -50.85006, -13.0309305
6705794760000, 248.58408, -50.659744, -13.216483
6705799746000, 248.61224, -50.498123, -13.4281
6705804691000, 248.62622, -50.35076, -13.670162
6705809726000, 248.6199, -50.19462, -13.943357
6705814708000, 248.60593, -50.04766, -14.239665
6705819742000, 248.59576, -49.91397, -14.528147
6705824730000, 248.56613, -49.79382, -14.831393
6705829699000, 248.54507, -49.7009, -15.107667
6705834734000, 248.51157, -49.625717, -15.389384
6705839668000, 248.4797, -49.606136, -15.619886
6705844729000, 248.4433, -49.60112, -15.84175
6705849731000, 248.41278, -49.627808, -15.981037
6705854746000, 248.3707, -49.68826, -16.089834
6705859728000, 248.3252, -49.84701, -16.02078
6705864734000, 248.2514, -50.02864, -15.911894
6705869714000, 248.13959, -50.38702, -15.680644
6705874714000, 247.93268, -50.781265, -15.420834
6705879744000, 247.66211, -51.376923, -15.133189
6705884801000, 247.30347, -51.953617, -14.86524
6705889798000, 246.85706, -52.68031, -14.71269
6705894734000, 246.36679, -53.365635, -14.584193
6705899743000, 245.84927, -54.08667, -14.566496
6705904732000, 245.33665, -54.77276, -14.549179
6705909716000, 244.84161, -55.462353, -14.667948
6705914738000, 244.38109, -56.109127, -14.7985525
6705919709000, 243.91241, -56.76681, -15.036184
6705924734000, 243.4957, -57.420807, -15.241952
6705929721000, 243.11774, -57.983627, -15.45445
6705934780000, 242.77707, -58.5464, -15.627582
6705939737000, 242.51509, -59.048782, -15.709771
6705944762000, 242.28012, -59.549526, -15.743691
6705949741000, 242.04398, -59.993687, -15.7476015
6705954752000, 241.83359, -60.44058, -15.710115
6705959775000, 241.61124, -60.838036, -15.665321
6705964735000, 241.39906, -61.237732, -15.59403
6705969862000, 241.20872, -61.622677, -15.514783
6705974733000, 241.0224, -62.0054, -15.419662
6705979711000, 240.81549, -62.42894, -15.306249
6705984808000, 240.61288, -62.854305, -15.176705
6705990410000, 240.42023, -63.277313, -15.030388
6705994730000, 240.24362, -63.807293, -14.858977
6705999739000, 240.0532, -64.39894, -14.676941
6706004740000, 239.8581, -64.98546, -14.501845
6706009703000, 239.66512, -65.56857, -14.325737
6706014706000, 239.42506, -66.22178, -14.159982
6706019692000, 239.18576, -66.85867, -14.009857
6706024726000, 238.96388, -67.52462, -13.853948
6706029722000, 238.74359, -68.166245, -13.711092
6706034715000, 238.50685, -68.79826, -13.572657
6706039662000, 238.28793, -69.39819, -13.449174
6706044723000, 238.09048, -69.95386, -13.334056
6706049744000, 237.9107, -70.48281, -13.2365055
6706054747000, 237.7178, -70.97291, -13.149803
6706059680000, 237.53647, -71.4364, -13.0816345
6706064729000, 237.35371, -71.86062, -13.03275
6706069749000, 237.17477, -72.26874, -12.989318
6706074737000, 236.987, -72.65536, -12.967258
6706079738000, 236.79529, -73.01996, -12.949724
6706084738000, 236.56516, -73.351845, -12.961531
6706089760000, 236.32632, -73.66087, -12.98192
6706094731000, 236.06432, -73.953636, -12.998964
6706099761000, 235.78409, -74.223785, -13.023088
6706104740000, 235.48328, -74.49411, -13.022521
6706109695000, 235.16039, -74.746346, -13.019529
6706114707000, 234.78645, -74.99694, -12.995309
6706119739000, 234.39194, -75.242195, -12.9550295
6706124714000, 233.9682, -75.48171, -12.899945
6706130118000, 233.5325, -75.715294, -12.828638
6706134796000, 233.08118, -75.938484, -12.749875
6706139735000, 232.64272, -76.150505, -12.664635
6706144726000, 232.19423, -76.37973, -12.543981
6706149728000, 231.7776, -76.591125, -12.42742
6706154775000, 231.40742, -76.77756, -12.323933
6706159765000, 231.08253, -76.95325, -12.221701
6706164746000, 230.76103, -77.125946, -12.129395
6706169760000, 230.50717, -77.28788, -12.037468
6706174753000, 230.25728, -77.44553, -11.96018
6706179753000, 230.0516, -77.59632, -11.882992
6706184769000, 229.89091, -77.73627, -11.815095
6706189760000, 229.77652, -77.86687, -11.749899
6706194719000, 229.6723, -77.99627, -11.687636
6706199771000, 229.61641, -78.114136, -11.629877
6706204717000, 229.58438, -78.23158, -11.57156
6706209772000, 229.59097, -78.34304, -11.510582
6706214707000, 229.60934, -78.432434, -11.468608
6706219767000, 229.64734, -78.51251, -11.425568
6706224685000, 229.6835, -78.58038, -11.386312
6706229752000, 229.71855, -78.63012, -11.355783
6706234778000, 229.73897, -78.68292, -11.313851
6706239763000, 229.74628, -101.27522, -11.275219
6706244710000, 229.732, -101.22783, -11.224805
6706249804000, 229.70177, -101.18891, -11.17745
6706254737000, 229.65555, -101.15133, -11.128161
6706259759000, 229.60573, -101.122406, -11.083561
6706264729000, 229.53679, -101.1002, -11.045465
6706269770000, 229.46512, -101.075935, -11.00363
6706274725000, 229.35696, -101.039055, -10.945894
6706279763000, 229.25023, -100.99847, -10.88428
6706284744000, 229.1297, -100.91768, -10.790066
6706289760000, 229.02165, -100.82911, -10.690578
6706294750000, 228.93063, -100.70158, -10.553529
6706299787000, 228.86195, -100.56637, -10.411331
6706304782000, 228.81161, -100.42897, -10.267479
6706309768000, 228.78487, -100.28923, -10.125189
6706314697000, 228.79039, -100.16481, -9.985686
6706319698000, 228.80508, -100.04094, -9.848394
6706325071000, 228.83469, -99.9145, -9.711281
6706329712000, 228.85596, -99.81147, -9.588661
6706334765000, 228.87846, -99.73415, -9.489996
6706339731000, 228.89359, -99.6699, -9.404842
6706344698000, 228.90195, -99.62696, -9.34292
6706349734000, 228.89058, -99.634186, -9.331115
6706354671000, 228.8766, -99.66582, -9.345503
6706359749000, 228.84877, -99.73729, -9.403317
6706364693000, 228.80693, -99.81724, -9.468995
6706369767000, 228.75589, -99.922935, -9.572503
6706374664000, 228.70169, -100.02981, -9.678982
6706379724000, 228.6442, -100.13493, -9.799539
6706384713000, 228.59285, -100.23826, -9.920704
6706389763000, 228.54942, -100.348015, -10.047905
6706394713000, 228.52539, -100.45341, -10.172491
6706399841000, 228.49718, -100.53586, -10.293453
6706404754000, 228.48802, -100.61419, -10.407715
6706409764000, 228.49539, -100.66702, -10.497823
6706414765000, 228.51924, -100.7155, -10.579695
6706419816000, 228.58276, -100.72569, -10.619104
6706424793000, 228.65709, -100.727974, -10.6479025
6706429752000, 228.77238, -100.709175, -10.64941
6706434776000, 228.90988, -100.68399, -10.642675
6706439728000, 229.06981, -100.65143, -10.623089
6706444740000, 229.23387, -100.60979, -10.592934
6706449723000, 229.4049, -100.58998, -10.581072
6706455123000, 229.54974, -100.55549, -10.552693
6706459753000, 229.68785, -100.5453, -10.545188
6706464810000, 229.78287, -79.468575, -10.530417
6706469818000, 229.8581, -79.46722, -10.526325
6706474717000, 229.89964, -79.453636, -10.529684
6706479751000, 229.90775, -79.41628, -10.550307
6706484753000, 229.89435, -79.35425, -10.587986
6706489721000, 229.88295, -79.29912, -10.60821
6706494734000, 229.86551, -79.226295, -10.635515
6706499774000, 229.86974, -79.17819, -10.620909
6706504754000, 229.8882, -79.11111, -10.611233
6706509687000, 229.95357, -79.090965, -10.532883
6706514722000, 230.03899, -79.043495, -10.463073
6706519690000, 230.1819, -79.03653, -10.331692
6706524729000, 230.35115, -79.00199, -10.204438
6706529712000, 230.58144, -78.958015, -10.050659
6706534760000, 230.84233, -78.88445, -9.899553
6706539691000, 231.13934, -78.7582, -9.75568
6706544727000, 231.46172, -78.59947, -9.613338
6706549746000, 231.79327, -78.394394, -9.477505
6706554737000, 232.1325, -78.159935, -9.341667
6706559716000, 232.471, -77.89277, -9.215517
6706564726000, 232.79987, -77.60444, -9.094899
6706569742000, 233.11815, -77.25786, -8.998775
6706574727000, 233.43057, -76.87456, -8.917318
6706579761000, 233.71857, -76.390785, -8.902826
6706584791000, 233.99866, -75.8586, -8.916409
6706589816000, 234.23178, -75.16223, -9.057963
6706594765000, 234.44463, -74.416, -9.246293
6706599830000, 234.60474, -73.490845, -9.597122
6706604866000, 234.74715, -72.513756, -10.003901
6706609762000, 234.8399, -71.38093, -10.550943
6706614722000, 234.93292, -70.20184, -11.137145
6706619912000, 235.04932, -68.8864, -11.789121
6706624768000, 235.18933, -67.56254, -12.4411
6706630108000, 235.40707, -66.31816, -12.985811
6706634832000, 235.67352, -65.12087, -13.480413
6706640117000, 236.03348, -64.1138, -13.794467
6706644767000, 236.44821, -63.205055, -14.025903
6706649786000, 236.91586, -62.58823, -14.061505
6706654841000, 237.39543, -62.10943, -14.023325
6706659723000, 237.93333, -61.75695, -13.923745
6706664765000, 238.46304, -61.663002, -13.661771
6706669701000, 239.01411, -61.74257, -13.379903
6706674771000, 239.57257, -61.881355, -13.088807
6706679712000, 240.13553, -62.110073, -12.788455
6706684802000, 240.71866, -62.271408, -12.577794
6706689692000, 241.2804, -62.466587, -12.393017
6706694767000, 241.85008, -62.505993, -12.34615
6706699901000, 242.37341, -62.532356, -12.33759
6706704772000, 242.86404, -62.37237, -12.443107
6706709737000, 243.31905, -62.156174, -12.575987
6706714724000, 243.66772, -61.77838, -12.769712
6706719744000, 243.99525, -61.334305, -12.970231
6706724770000, 244.3454, -60.7072, -13.14877
6706729754000, 244.68808, -60.045547, -13.306047
6706734843000, 245.11526, -59.32424, -13.3612795
6706739755000, 245.5354, -58.60453, -13.387167
6706744768000, 245.98708, -57.94839, -13.313426
6706749881000, 246.42093, -57.322426, -13.216282
6706754773000, 246.87456, -56.805237, -13.036067
6706759773000, 247.31007, -56.310783, -12.845845
6706764759000, 247.75577, -55.913513, -12.608718
6706769776000, 248.18538, -55.542538, -12.371577
6706774767000, 248.62793, -55.232468, -12.116163
6706779748000, 249.05078, -54.95924, -11.875292
6706784812000, 249.45987, -54.73305, -11.645484
6706789772000, 249.84329, -54.53964, -11.43762
6706794765000, 250.19168, -54.400757, -11.256129
6706799875000, 250.49728, -54.2911, -11.107799
6706804772000, 250.79532, -54.21415, -10.965026
6706809770000, 251.04123, -54.14889, -10.8497505
6706814713000, 251.26703, -54.099552, -10.757486
6706819777000, 251.47195, -54.065918, -10.667039
6706824769000, 251.65349, -54.04625, -10.597919
6706829745000, 251.81317, -54.05087, -10.527277
6706834835000, 251.9751, -54.0304, -10.458378
6706839774000, 252.12039, -54.044346, -10.378549
6706844765000, 252.26877, -54.03647, -10.295007
6706849836000, 252.4146, -54.066715, -10.189121
6706854763000, 252.55276, -54.057156, -10.110588
6706859762000, 252.68968, -54.06363, -10.006321
6706864697000, 252.82683, -54.045776, -9.920107
6706869771000, 252.95956, -54.04441, -9.821556
6706874739000, 253.0597, -53.945866, -9.787701
6706879766000, 253.14944, -53.877163, -9.750797
6706884796000, 253.2359, -53.73505, -9.754767
6706889770000, 253.30191, -53.630672, -9.762829
6706894717000, 253.33896, -53.515743, -9.806392
6706899783000, 253.34995, -53.434124, -9.861171
6706904734000, 253.33661, -53.37324, -9.957145
6706909767000, 253.28363, -53.33782, -10.077731
6706914688000, 253.19937, -53.326866, -10.219282
6706919787000, 253.07965, -53.331867, -10.396466
6706924733000, 252.94022, -53.331062, -10.602644
6706929791000, 252.77278, -53.33489, -10.841165
6706935104000, 252.58435, -53.300602, -11.103071
6706939709000, 252.3771, -53.26788, -11.385666
6706944745000, 252.16183, -53.200844, -11.668388
6706949809000, 251.94327, -53.13383, -11.952312
6706954874000, 251.74918, -53.090244, -12.147713
6706959717000, 251.5614, -53.08149, -12.333605
6706964748000, 251.40427, -53.24638, -12.387002
6706969751000, 251.2325, -53.474625, -12.434714
6706975104000, 251.03043, -53.73556, -12.474005
6706979720000, 250.82536, -54.23047, -12.487049
6706984748000, 250.59845, -54.842228, -12.557698
6706989732000, 250.35367, -55.44864, -12.6087265
6706994685000, 250.10292, -56.034447, -12.641231
6706999738000, 249.88208, -56.563374, -12.694729
6707004745000, 249.6906, -57.046432, -12.745901
6707009736000, 249.50739, -57.553864, -12.830385
6707014715000, 249.3428, -58.03475, -12.912418
6707019740000, 249.15765, -58.54824, -13.096189
6707024685000, 248.991, -59.063858, -13.262911
6707029728000, 248.83673, -59.596535, -13.394037
6707034795000, 248.68262, -60.12678, -13.510293
6707039728000, 248.56796, -60.609905, -13.538858
6707044713000, 248.46329, -61.094753, -13.546479
6707049729000, 248.33945, -61.563637, -13.517623
6707054744000, 248.21838, -62.02358, -13.48078
6707059723000, 248.05206, -62.45787, -13.449109
6707064692000, 247.88617, -62.8793, -13.414038
6707069739000, 247.72614, -63.25786, -13.386421
6707074725000, 247.55649, -63.63042, -13.344594
6707079765000, 247.33861, -64.00604, -13.310127
6707084807000, 247.11996, -64.37343, -13.254855
6707089771000, 246.86981, -64.80222, -13.166086
6707094757000, 246.60858, -65.22692, -13.057872
6707099785000, 246.31909, -65.72953, -12.907412
6707104775000, 246.0252, -66.23064, -12.738258
6707109759000, 245.75989, -66.77902, -12.553669
6707114712000, 245.48688, -67.332634, -12.353886
6707119769000, 245.24527, -67.917946, -12.187433
6707124760000, 245.01204, -68.50334, -12.009192
6707129767000, 244.78986, -69.11967, -11.854632
6707134792000, 244.587, -69.720146, -11.699065
6707139760000, 244.36674, -70.33569, -11.567959
6707144759000, 244.17831, -70.92004, -11.450988
6707149757000, 243.9814, -71.46924, -11.356062
6707154742000, 243.82538, -71.97325, -11.2988
6707159726000, 243.6036, -72.431816, -11.272255
6707164703000, 243.40189, -72.86445, -11.264617
6707169737000, 243.17935, -73.240875, -11.288092
6707174729000, 242.95825, -73.59593, -11.321978
6707179722000, 242.7193, -73.93864, -11.359726
6707184721000, 242.4748, -74.25396, -11.403189
6707189696000, 242.19997, -74.57681, -11.429004
6707194725000, 241.91876, -74.87705, -11.454445
6707199718000, 241.61366, -75.16994, -11.471184
6707204740000, 241.29758, -75.455635, -11.474785
6707209660000, 240.97212, -75.742455, -11.454194
6707214720000, 240.64774, -76.01206, -11.429433
6707219671000, 240.35712, -76.2725, -11.379793
6707224727000, 240.07602, -76.51382, -11.326279
6707229748000, 239.78204, -76.76267, -11.2461
6707234735000, 239.51163, -76.99672, -11.1625185
6707239696000, 239.19919, -77.23619, -11.062819
6707244727000, 238.90915, -77.46127, -10.962633
6707249755000, 238.6174, -77.675064, -10.86548
6707254744000, 238.35059, -77.87103, -10.776908
6707259734000, 238.11885, -78.06482, -10.688958
6707264710000, 237.91504, -78.24528, -10.60662
6707269725000, 237.7357, -78.431114, -10.536914
6707274731000, 237.58669, -78.61204, -10.4658375
6707279828000, 237.42957, -78.812805, -10.408131
6707284790000, 237.29886, -79.00417, -10.347962
6707289733000, 237.18011, -79.18468, -10.296702
6707294725000, 237.08572, -79.3488, -10.247091
6707299744000, 236.9898, -79.48758, -10.2086525
6707304741000, 236.91074, -79.6034, -10.176746
6707309689000, 236.82426, -79.69722, -10.145385
6707314707000, 236.74478, -79.781105, -10.110293
6707319831000, 236.64502, -79.83629, -10.08499
6707324734000, 236.55678, -79.89141, -10.052266
6707329716000, 236.45172, -79.94548, -10.009795
6707334752000, 236.35742, -79.99721, -9.9665785
6707339923000, 236.27881, -80.047066, -9.922683
6707344729000, 236.18512, -80.10477, -9.86687
6707349882000, 236.09584, -80.177505, -9.794651
6707354739000, 236.0149, -80.24089, -9.730538
6707359981000, 235.9484, -80.332794, -9.639377
6707364708000, 235.90202, -80.42852, -9.543826
6707370097000, 235.8783, -80.55656, -9.417827
6707374732000, 235.86597, -80.6943, -9.28139
6707379721000, 235.85417, -80.86334, -9.115398
6707384729000, 235.85405, -81.02779, -8.95276
6707389708000, 235.8449, -81.19734, -8.784594
6707394726000, 235.84192, -81.36554, -8.619444
6707399706000, 235.83127, -81.529434, -8.457744
6707404718000, 235.81181, -81.67228, -8.318354
6707409728000, 235.79323, -81.81061, -8.18264
6707414712000, 235.77316, -81.92741, -8.068118
6707419695000, 235.75699, -82.03206, -7.965144
6707424683000, 235.74199, -82.117355, -7.880978
6707429731000, 235.73169, -82.183716, -7.8153763
6707434728000, 235.72003, -82.21676, -7.7828574
6707439696000, 235.7045, -82.23053, -7.7693877
6707444703000, 235.66052, -97.781975, -7.781949
6707449708000, 235.60724, -97.824135, -7.823798
6707454693000, 235.54349, -97.90292, -7.9018106
6707459709000, 235.46921, -97.99667, -7.9944177
6707464705000, 235.37488, -98.11779, -8.11383
6707469691000, 235.27638, -98.2436, -8.23743
6707474705000, 235.16327, -98.37394, -8.366156
6707479782000, 235.04822, -98.5037, -8.494048
6707484713000, 234.91583, -98.61428, -8.603939
6707489733000, 234.7851, -98.71904, -8.707904
6707494694000, 234.63979, -98.790665, -8.780048
6707499732000, 234.50937, -98.84877, -8.838982
6707504666000, 234.39471, -98.825676, -8.8167715
6707509710000, 234.30377, -98.80095, -8.793888
6707514682000, 234.2608, -98.716446, -8.710602
6707519727000, 234.2393, -98.61322, -8.609253
6707524653000, 234.25055, -98.49373, -8.491065
6707529710000, 234.27649, -98.37394, -8.372716
6707534727000, 234.30342, -98.26383, -8.263374
6707539736000, 234.33359, -98.16153, -8.161519
6707544683000, 234.35904, -81.94209, -8.057723
6707549754000, 234.38629, -82.02735, -7.971597
6707554701000, 234.39044, -82.1126, -7.8846607
6707559729000, 234.38406, -82.17938, -7.8149667
6707564693000, 234.36502, -82.22606, -7.763417
6707569744000, 234.32957, -82.25549, -7.7260156
6707574735000, 234.27621, -82.27424, -7.693913
6707579705000, 234.20586, -82.281425, -7.6657815
6707584715000, 234.15173, -82.30128, -7.6127477
6707589735000, 234.08728, -82.30388, -7.562601
6707594722000, 234.0852, -82.38359, -7.4147906
6707599726000, 234.09058, -82.43428, -7.273941
6707604714000, 234.11238, -82.44427, -7.146855
6707609731000, 234.16174, -82.40976, -7.034789
6707614704000, 234.25081, -82.33922, -6.9134426
6707619729000, 234.37247, -82.22289, -6.7995396
6707624680000, 234.51791, -82.0341, -6.715426
6707629713000, 234.67938, -81.80737, -6.635317
6707635070000, 234.8413, -81.540436, -6.5809755
6707639729000, 235.00775, -81.240234, -6.528107
6707644914000, 235.16254, -80.9256, -6.492159
6707649720000, 235.30696, -80.55905, -6.4530387
6707655080000, 235.42752, -80.15125, -6.4553742
6707659722000, 235.53792, -79.68751, -6.467014
6707664712000, 235.61472, -79.11383, -6.547494
6707669725000, 235.67471, -78.501785, -6.6544356
6707674690000, 235.7218, -77.85502, -6.7957373
6707679787000, 235.70844, -77.064865, -7.060444
6707684735000, 235.67743, -76.239204, -7.3714004
6707689765000, 235.58676, -75.26365, -7.8125
6707694654000, 235.48358, -74.24804, -8.299613
6707699776000, 235.36491, -73.091324, -8.887215
6707704667000, 235.22435, -71.89788, -9.514041
6707709753000, 235.10614, -70.61092, -10.186902
6707714687000, 234.99742, -69.309135, -10.877264
6707719767000, 234.94276, -68.011856, -11.5412655
6707724679000, 234.93689, -66.76213, -12.163895
6707729761000, 235.02426, -65.64095, -12.669423
6707734759000, 235.18845, -64.62579, -13.091559
6707739766000, 235.39145, -63.861046, -13.359008
6707744728000, 235.74348, -63.162212, -13.5292425
6707749786000, 236.07858, -62.856594, -13.513747
6707754761000, 236.47424, -62.630463, -13.428852
6707759756000, 236.94087, -62.687763, -13.174654
6707764769000, 237.42775, -62.86542, -12.864964
6707769769000, 238.04791, -63.15923, -12.420803
6707774760000, 238.6741, -63.525635, -11.95114
6707779769000, 239.3472, -63.84362, -11.478994
6707784793000, 239.99054, -64.18447, -11.010424
6707789762000, 240.56995, -64.39267, -10.648462
6707794760000, 241.10373, -64.57265, -10.312911
6707799794000, 241.52014, -64.576195, -10.110279
6707804772000, 241.88611, -64.51541, -9.941126
6707809756000, 242.20506, -64.18067, -9.900139
6707814715000, 242.48636, -63.776306, -9.871817
6707819757000, 242.76408, -63.110886, -9.932526
6707824759000, 243.01685, -62.392673, -9.994956
6707829758000, 243.31189, -61.57967, -10.011837
6707834784000, 243.60132, -60.760277, -10.02359
6707839765000, 243.92352, -59.952618, -9.98175
6707844760000, 244.24573, -59.157642, -9.945594
6707849789000, 244.57666, -58.48734, -9.871908
6707854760000, 244.89734, -57.844833, -9.807016
6707859744000, 245.23276, -57.325687, -9.698645
6707864754000, 245.5562, -56.85063, -9.599394
6707869770000, 245.89844, -56.45935, -9.47266
6707874761000, 246.22543, -56.105495, -9.3659115
6707879776000, 246.55869, -55.81732, -9.235182
6707884797000, 246.87889, -55.554497, -9.124175
6707889697000, 247.21358, -55.354504, -8.994429
6707894759000, 247.52795, -55.16922, -8.891457
6707899696000, 247.82175, -55.033913, -8.8118305
6707904770000, 248.09032, -54.921997, -8.753241
6707909657000, 248.34505, -54.834576, -8.714753
6707914708000, 248.58142, -54.7751, -8.677498
6707919665000, 248.81436, -54.72199, -8.646439
6707924759000, 249.0275, -54.70529, -8.614963
6707929693000, 249.23627, -54.68333, -8.56146
6707934797000, 249.42435, -54.695377, -8.505412
6707939699000, 249.63835, -54.629433, -8.429883
6707944754000, 249.82584, -54.587936, -8.329261
6707949767000, 250.00992, -54.49262, -8.227395
6707954770000, 250.19592, -54.409542, -8.102994
6707959703000, 250.35526, -54.23337, -8.014657
6707964763000, 250.51346, -54.082584, -7.9069757
6707969727000, 250.65176, -53.865997, -7.8444753
6707974761000, 250.78824, -53.674686, -7.774155
6707980101000, 250.90524, -53.47172, -7.7439375
6707984768000, 251.01279, -53.292187, -7.721379
6707989765000, 251.08655, -53.117466, -7.7717075
6707994759000, 251.14056, -52.97239, -7.837547
6707999818000, 251.17194, -52.85081, -7.9342585
6708004768000, 251.16782, -52.74731, -8.089166
6708009758000, 251.13403, -52.65679, -8.275098
6708014712000, 251.07416, -52.583164, -8.500434
6708019760000, 250.97856, -52.52253, -8.757691
6708024760000, 250.8651, -52.481716, -9.051265
6708029752000, 250.72452, -52.44954, -9.372148
6708034773000, 250.58575, -52.437744, -9.727197
6708039764000, 250.406, -52.428123, -10.106051
6708044759000, 250.23459, -52.413605, -10.504569
6708049803000, 250.04822, -52.39742, -10.90302
6708054756000, 249.86353, -52.39235, -11.289693
6708059745000, 249.6876, -52.37788, -11.653432
6708064725000, 249.53622, -52.335026, -11.934379
6708069770000, 249.42899, -52.28932, -12.13921
6708074730000, 249.35974, -52.225067, -12.1399765
6708079758000, 249.28864, -52.163887, -12.07731
6708084770000, 249.21777, -52.22227, -11.829155
6708089688000, 249.1177, -52.296535, -11.5491905
6708094681000, 248.98334, -52.650764, -11.241975
6708099770000, 248.75848, -53.022793, -11.013657
6708104767000, 248.51837, -53.59618, -10.927859
6708109765000, 248.25014, -54.14441, -10.931307
6708114800000, 248.05106, -54.752716, -11.112682
6708119774000, 247.89337, -55.328335, -11.328697
6708124962000, 247.71312, -55.93595, -11.664401
6708129763000, 247.5604, -56.528507, -11.985443
6708134789000, 247.36513, -57.01931, -12.488001
6708139769000, 247.20703, -57.507656, -12.927687
6708145117000, 247.06232, -58.00941, -13.312308
6708149757000, 247.00491, -58.43088, -13.535032
6708154669000, 247.02106, -58.81115, -13.613394
6708159724000, 247.07138, -59.19562, -13.65982
6708164688000, 247.11333, -59.586353, -13.663835
6708169737000, 247.08636, -59.96118, -13.648604
6708174661000, 247.05597, -60.33838, -13.608891
6708179713000, 246.95987, -60.751656, -13.527494
6708184732000, 246.8523, -61.171455, -13.417085
6708189734000, 246.71439, -61.635036, -13.25772
6708194664000, 246.57089, -62.09835, -13.063851
6708199733000, 246.38864, -62.65192, -12.8198
6708204714000, 246.19485, -63.20404, -12.545039
6708209724000, 246.00595, -63.824883, -12.253248
6708214738000, 245.808, -64.44576, -11.950365
6708219734000, 245.64987, -65.135025, -11.666384
6708224717000, 245.48517, -65.81822, -11.391286
6708229725000, 245.35802, -66.55834, -11.169428
6708234787000, 245.22086, -67.28544, -10.957822
6708239735000, 245.12271, -67.99913, -10.800565
6708244750000, 245.04015, -68.6796, -10.662756
6708249757000, 244.95415, -69.28025, -10.5619
6708254746000, 244.8923, -69.84929, -10.482646
6708259733000, 244.79613, -70.32942, -10.435344
6708264711000, 244.72578, -70.78225, -10.412282
6708269779000, 244.62634, -71.16303, -10.41977
6708274735000, 244.5388, -71.53075, -10.440333
6708279757000, 244.43443, -71.84233, -10.493109
6708284740000, 244.34006, -72.13591, -10.562113
6708289736000, 244.20184, -72.42524, -10.647998
6708294730000, 244.07217, -72.69847, -10.743036
6708299753000, 243.92249, -72.97284, -10.850993
6708304739000, 243.76572, -73.22468, -10.971836
6708309726000, 243.58578, -73.48256, -11.095559
6708314710000, 243.40224, -73.71874, -11.221935
6708319714000, 243.19476, -73.979095, -11.339831
6708324752000, 242.96704, -74.22344, -11.457216
6708329724000, 242.7225, -74.477646, -11.555749
6708334727000, 242.43869, -74.72364, -11.650539
6708339725000, 242.1531, -74.9662, -11.717596
6708344730000, 241.84616, -75.197624, -11.77997
6708349719000, 241.54329, -75.43143, -11.805804
6708354745000, 241.2434, -75.64652, -11.827798
6708359736000, 240.95178, -75.857025, -11.826765
6708364738000, 240.6656, -76.04686, -11.822474
6708369730000, 240.37555, -76.2174, -11.822964
6708374736000, 240.10892, -76.36762, -11.824707
6708379673000, 239.8367, -76.51302, -11.827727
6708384752000, 239.58737, -76.6389, -11.832633
6708389706000, 239.35706, -76.74846, -11.851979
6708394723000, 239.15765, -76.843475, -11.868914
6708399708000, 238.95924, -76.94287, -11.887997
6708404720000, 238.80042, -77.03135, -11.902164
6708409660000, 238.65976, -77.11567, -11.910689
6708414720000, 238.55264, -77.19259, -11.914279
6708419677000, 238.45721, -77.25544, -11.924424
6708424693000, 238.37732, -77.310585, -11.933133
6708429704000, 238.30994, -77.36429, -11.938529
6708434722000, 238.2533, -77.41326, -11.942463
6708439696000, 238.19221, -77.44981, -11.955739
6708444706000, 238.14926, -77.48091, -11.969164
6708449708000, 238.11305, -77.50314, -11.986671
6708454716000, 238.08978, -77.52314, -12.00109
6708459706000, 238.05849, -77.54889, -12.006429
6708464689000, 238.03325, -77.582115, -12.000541
6708469714000, 238.01332, -77.63715, -11.972878
6708474699000, 238.00455, -77.694046, -11.940482
6708479733000, 237.99783, -77.7825, -11.875367
6708484790000, 237.99095, -77.87474, -11.804249
6708489747000, 238.00471, -77.98554, -11.712232
6708494759000, 238.01389, -78.09168, -11.622531
6708499769000, 238.00078, -78.21565, -11.516728
6708504767000, 237.98755, -78.335175, -11.412839
6708509978000, 237.96304, -78.473206, -11.291339
6708514721000, 237.94206, -78.599434, -11.179359
6708520135000, 237.91283, -78.722145, -11.070341
6708524768000, 237.88055, -78.83522, -10.968683
6708529731000, 237.86868, -78.92859, -10.884129
6708534789000, 237.86057, -79.01569, -10.805367
6708539662000, 237.86127, -79.100395, -10.726112
6708544760000, 237.87212, -79.15841, -10.671339
6708549736000, 237.89365, -79.21833, -10.613321
6708554770000, 237.88235, -79.263916, -10.56992
6708559655000, 237.88394, -79.30141, -10.534181
6708564760000, 237.89456, -79.337715, -10.499135
6708569726000, 237.91202, -79.369385, -10.468575
6708574694000, 237.93658, -79.39796, -10.443603
6708579766000, 237.97406, -79.42754, -10.418202
6708584840000, 238.02173, -79.465515, -10.389202
6708589759000, 238.07748, -79.49846, -10.366429
6708594706000, 238.14532, -79.54507, -10.334253
6708599778000, 238.21104, -79.59359, -10.300734
6708604684000, 238.28903, -79.645134, -10.265291
6708609714000, 238.35565, -79.6954, -10.231113
6708614723000, 238.39764, -79.7501, -10.191588
6708619770000, 238.42761, -79.79945, -10.155024
6708624765000, 238.44653, -79.84683, -10.119401
6708629749000, 238.44052, -79.88974, -10.086306
6708634774000, 238.40996, -79.91535, -10.067443
6708639767000, 238.3693, -79.94387, -10.044228
6708644760000, 238.31474, -79.97129, -10.019967
6708649811000, 238.25964, -80.000534, -9.993354
6708654727000, 238.19, -80.04232, -9.952618
6708659728000, 238.13422, -80.089005, -9.906603
6708664716000, 238.08353, -80.14378, -9.852311
6708669743000, 238.05177, -80.20706, -9.789076
6708674661000, 238.03441, -80.27938, -9.716424
6708679707000, 238.02545, -80.36263, -9.632588
6708684760000, 238.0261, -80.45312, -9.541341
6708689769000, 238.03653, -80.55191, -9.441568
6708694710000, 238.03622, -80.66143, -9.330636
6708699775000, 238.02856, -80.779915, -9.210897
6708704723000, 238.02742, -80.897804, -9.09225
6708709768000, 238.02414, -81.01027, -8.97902
6708714715000, 238.00705, -81.12112, -8.867121
6708719774000, 238.01633, -81.219475, -8.766972
6708724735000, 238.0423, -81.29233, -8.694273
6708729776000, 238.12436, -81.35209, -8.633991
6708734710000, 238.21649, -81.38376, -8.600785
6708739749000, 238.33437, -81.40929, -8.573661
6708744726000, 238.45114, -81.415016, -8.562038
6708749816000, 238.58014, -81.418106, -8.551727
6708754914000, 238.71014, -81.41781, -8.5445595
6708759771000, 238.83499, -81.41497, -8.539524
6708765122000, 238.96356, -81.43989, -8.508007
6708769776000, 239.0801, -81.459305, -8.482646
6708774732000, 239.20529, -81.51854, -8.420625
6708779769000, 239.31943, -81.57616, -8.360571
6708784727000, 239.4219, -81.63175, -8.303992
6708789771000, 239.52237, -81.73503, -8.20087
6708794689000, 239.61877, -81.83133, -8.104208
6708799774000, 239.73392, -81.96268, -7.9717627
6708804692000, 239.84645, -82.08598, -7.845136
6708809770000, 239.97992, -82.22802, -7.70208
6708814717000, 240.10422, -82.359825, -7.5673394
6708819778000, 240.24638, -82.508644, -7.418585
6708824693000, 240.38293, -82.64702, -7.278306
6708829762000, 240.5186, -82.79833, -7.127192
6708834787000, 240.66518, -82.94239, -6.9804997
6708839761000, 240.805, -83.09116, -6.8313994
6708844731000, 240.9481, -83.23203, -6.687946
6708849767000, 241.08203, -83.37478, -6.5386395
6708854750000, 241.21759, -83.51202, -6.3940344
6708859758000, 241.34286, -83.64045, -6.253605
6708864767000, 241.46497, -83.757774, -6.1223116
6708869778000, 241.57977, -83.8678, -5.9918065
6708874792000, 241.69174, -83.96437, -5.87139
6708879770000, 241.79735, -84.04435, -5.757836
6708884799000, 241.90143, -84.10498, -5.657656
6708889769000, 242.00107, -84.1489, -5.564171
6708894771000, 242.09335, -84.16833, -5.486923
6708899778000, 242.18143, -84.155235, -5.4286346
6708904770000, 242.271, -84.111305, -5.3884983
6708909770000, 242.36508, -84.020164, -5.3801894
6708914730000, 242.45879, -83.899025, -5.386126
6708919775000, 242.55617, -83.728455, -5.419013
6708924770000, 242.66434, -83.53362, -5.456467
6708929758000, 242.76968, -83.28799, -5.525084
6708934788000, 242.88239, -83.01909, -5.589464
6708939771000, 243.0047, -82.706, -5.6802993
6708944771000, 243.13304, -82.37869, -5.769102
6708949778000, 243.27057, -82.02629, -5.8553863
6708954771000, 243.41756, -81.663284, -5.9433737
6708959769000, 243.58325, -81.288086, -6.027674
6708964759000, 243.75597, -80.92088, -6.103139
6708969779000, 243.93146, -80.57828, -6.1704865
6708974771000, 244.10443, -80.25013, -6.228494
6708979760000, 244.30435, -79.96208, -6.2636805
6708984797000, 244.50381, -79.69511, -6.290438
6708989762000, 244.70166, -79.48592, -6.290171
6708994757000, 244.89642, -79.293335, -6.2821274
6708999740000, 245.09666, -79.15743, -6.241351
6709004772000, 245.2985, -79.04615, -6.190541
6709009765000, 245.54338, -78.96461, -6.1053367
6709014726000, 245.79575, -78.907104, -6.014627
6709019747000, 246.07565, -78.86237, -5.910275
6709024766000, 246.35999, -78.83578, -5.795396
6709029728000, 246.65451, -78.81703, -5.675329
6709034769000, 246.95236, -78.80765, -5.5513077
6709039691000, 247.26346, -78.79902, -5.417347
6709044770000, 247.57303, -78.8027, -5.2833095
6709049727000, 247.88113, -78.807205, -5.1506143
6709054762000, 248.18042, -78.81679, -5.0196996
6709059705000, 248.49513, -78.82183, -4.8897805
6709064761000, 248.79578, -78.83386, -4.7667294
6709069734000, 249.0795, -78.84809, -4.656967
6709074768000, 249.34988, -78.86642, -4.5540266
6709079740000, 249.62024, -78.883156, -4.4599504
6709084820000, 249.87402, -78.90473, -4.372335
6709089745000, 250.13971, -78.903435, -4.3000336
6709094765000, 250.39444, -78.90237, -4.2301097
6709099774000, 250.65442, -78.90926, -4.162856
6709104772000, 250.90872, -78.91683, -4.1025605
6709110148000, 251.18509, -78.905426, -4.051886
6709114735000, 251.468, -78.89381, -4.00949
6709120112000, 251.75043, -78.867165, -3.98782
6709124774000, 252.01424, -78.84506, -3.9660115
6709129769000, 252.32666, -78.816826, -3.931387
6709134816000, 252.62201, -78.78448, -3.9168658
6709139693000, 252.92874, -78.75753, -3.8992207
6709144769000, 253.33435, -78.75826, -3.854517
6709149767000, 253.65451, -78.795074, -3.8385134
6709154770000, 254.06345, -78.708664, -3.7884514
6709159701000, 254.45683, -78.66307, -3.7340326
6709164779000, 254.84055, -78.61798, -3.6892064
6709169696000, 255.18109, -78.59142, -3.6500108
6709174768000, 255.48396, -78.59037, -3.6124144
6709179716000, 255.75543, -78.57987, -3.5839822
6709184756000, 256.0035, -78.58777, -3.5489538
6709189688000, 256.2268, -78.6012, -3.5213332
6709194766000, 256.46826, -78.59225, -3.4911754
6709199719000, 256.69632, -78.587326, -3.470278
6709204769000, 256.92398, -78.57324, -3.449805
6709209710000, 257.14368, -78.56374, -3.4366703
6709214726000, 257.3561, -78.54687, -3.4283292
6709219744000, 257.55606, -78.53241, -3.422968
6709224769000, 257.776, -78.49897, -3.4212472
6709229746000, 257.98767, -78.46568, -3.4206285
6709234786000, 258.1962, -78.42468, -3.4334676
6709239761000, 258.40833, -78.39878, -3.4456787
6709244768000, 258.62054, -78.35653, -3.464641
6709249771000, 258.83643, -78.33243, -3.485476
6709254762000, 259.04022, -78.3055, -3.5215378
6709259759000, 259.244, -78.288284, -3.562133
6709264743000, 259.43686, -78.29842, -3.613374
6709269865000, 259.62396, -78.3169, -3.672704
6709274764000, 259.8155, -78.31704, -3.7630706
6709279765000, 260.00598, -78.32846, -3.8645232
6709284759000, 260.2012, -78.34445, -3.9712505
6709289784000, 260.39026, -78.36775, -4.0876946
6709294775000, 260.57605, -78.38768, -4.2511754
6709299786000, 260.7521, -78.415085, -4.42066
6709304774000, 260.93533, -78.43379, -4.603988
6709309767000, 261.11853, -78.46174, -4.786621
6709314729000, 261.29422, -78.50636, -4.960979
6709319773000, 261.47827, -78.55102, -5.134247
6709324768000, 261.6813, -78.59345, -5.2908306
6709329763000, 261.88962, -78.638725, -5.444587
6709334758000, 262.10013, -78.67964, -5.5838957
6709339758000, 262.3152, -78.72849, -5.7163453
6709344760000, 262.53192, -78.763466, -5.8363786
6709349777000, 262.7495, -78.80689, -5.9497614
6709354770000, 262.96515, -78.862404, -6.0477595
6709359765000, 263.1866, -78.92353, -6.1399145
6709364762000, 263.4077, -78.976944, -6.2194858
6709369773000, 263.63147, -79.03634, -6.287653
6709374769000, 263.86652, -79.10856, -6.349967
6709379765000, 264.1059, -79.18054, -6.402282
6709384736000, 264.34955, -79.27375, -6.452524
6709389795000, 264.60297, -79.3692, -6.495213
6709394753000, 264.87238, -79.472305, -6.5415645
6709399787000, 265.14526, -79.5786, -6.5851064
6709404723000, 265.44067, -79.701256, -6.62166
6709409763000, 265.73956, -79.826385, -6.65909
6709414715000, 266.04486, -79.959114, -6.696834
6709419743000, 266.36935, -80.08804, -6.730042
6709424699000, 266.69772, -80.22482, -6.7565002
6709429756000, 267.03915, -80.35611, -6.78123
6709434724000, 267.38748, -80.46958, -6.7960486
6709439747000, 267.7463, -80.57573, -6.8033166
6709444736000, 268.11084, -80.67715, -6.803526
6709449743000, 268.48303, -80.758835, -6.800885
6709454726000, 268.82916, -80.80426, -6.7864385
6709459750000, 269.1601, -80.837204, -6.770869
6709464733000, 269.47607, -80.82405, -6.77397
6709469742000, 269.76566, -80.79963, -6.773927
6709474758000, 270.02905, -80.76548, -6.7708416
6709479720000, 270.2892, -80.70738, -6.8033485
6709485001000, 270.53387, -80.643234, -6.84279
6709489727000, 270.7693, -80.57872, -6.8792167
6709494734000, 270.99634, -80.5265, -6.9004354
6709499742000, 271.2066, -80.47847, -6.9147487
6709504671000, 271.4238, -80.44658, -6.918421
6709509724000, 271.63477, -80.422844, -6.90858
6709514990000, 271.8271, -80.39079, -6.898254
6709519739000, 272.04056, -80.34152, -6.8952494
6709524660000, 272.23047, -80.29916, -6.8700824
6709529711000, 272.4067, -80.24965, -6.837867
6709534716000, 272.5896, -80.191956, -6.81117
6709539737000, 272.7524, -80.14177, -6.76758
6709544676000, 272.9084, -80.0843, -6.7255425
6709549725000, 273.0667, -80.01398, -6.678266
6709554673000, 273.21902, -79.942665, -6.631572
6709559727000, 273.36398, -79.86794, -6.57848
6709564676000, 273.51337, -79.789154, -6.5324764
6709569696000, 273.67316, -79.71777, -6.486454
6709574681000, 273.833, -79.64861, -6.4470205
6709579715000, 273.9962, -79.603424, -6.413371
6709584795000, 274.1528, -79.57116, -6.387415
6709589723000, 274.33026, -79.561775, -6.369231
6709594696000, 274.50153, -79.57097, -6.3589783
6709599768000, 274.67007, -79.60981, -6.365565
6709604742000, 274.83124, -79.67128, -6.37531
6709609726000, 275.02637, -79.76546, -6.401409
6709614735000, 275.213, -79.86349, -6.4339542
6709619731000, 275.42474, -80.00109, -6.491877
6709624725000, 275.62845, -80.13599, -6.5522895
6709629703000, 275.84158, -80.28035, -6.641197
6709634737000, 276.0454, -80.42365, -6.732489
6709639763000, 276.26526, -80.56084, -6.839898
6709644759000, 276.47415, -80.69255, -6.944169
6709649778000, 276.6764, -80.816864, -7.0457864
6709654760000, 276.87067, -80.930786, -7.1436496
6709659753000, 277.07208, -81.04894, -7.218701
6709664763000, 277.26614, -81.16633, -7.2791615
6709669802000, 277.45776, -81.27976, -7.3245854
6709674768000, 277.65845, -81.38879, -7.358679
6709679777000, 277.86658, -81.50227, -7.3783083
6709684785000, 278.08786, -81.59887, -7.399096
6709689764000, 278.31934, -81.70868, -7.4049983
6709694760000, 278.56152, -81.80544, -7.4179993
6709699779000, 278.82028, -81.90672, -7.4260607
6709704768000, 279.0831, -82.00387, -7.4319057
6709709762000, 279.3664, -82.08895, -7.436203
6709714717000, 279.64752, -82.16778, -7.4403033
6709719770000, 279.92566, -82.24855, -7.431801
6709724762000, 280.19315, -82.32142, -7.421556
6709729774000, 280.45706, -82.39707, -7.4001713
6709734792000, 280.71326, -82.467094, -7.376164
6709739764000, 280.96027, -82.53591, -7.342617
6709744761000, 281.2023, -82.61155, -7.297407
6709749765000, 281.43228, -82.68136, -7.2475276
6709754767000, 281.66766, -82.75711, -7.18865
6709759750000, 281.88757, -82.83774, -7.120099
6709764760000, 282.1098, -82.921555, -7.045899
6709769727000, 282.33484, -83.00878, -6.966979
6709774764000, 282.55826, -83.09468, -6.8881187
6709779675000, 282.7992, -83.17754, -6.8117814
6709784783000, 283.03937, -83.25862, -6.7359195
6709789661000, 283.2909, -83.32764, -6.6706715
6709794758000, 283.54572, -83.387596, -6.612371
6709799701000, 283.8059, -96.55784, -6.5566983
6709804768000, 284.06506, -96.51804, -6.5124536
6709809693000, 284.32346, -96.49169, -6.477081
6709814715000, 284.5727, -96.47532, -6.4474506
6709819728000, 284.82617, -96.47462, -6.4278274
6709824763000, 285.06705, -96.48443, -6.4146338
6709829722000, 285.312, -96.51459, -6.4157195
6709834790000, 285.53223, -96.55922, -6.4261746
6709839699000, 285.7682, -96.65096, -6.473235
6709844758000, 285.98727, -96.75815, -6.5301776
6709849714000, 286.20956, -96.909996, -6.6175404
6709854753000, 286.42175, -97.080376, -6.7162833
6709860103000, 286.62823, -97.26011, -6.8230534
6709864781000, 286.82578, -97.44824, -6.932093
6709869781000, 287.0229, -97.625374, -7.042078
6709874766000, 287.2224, -97.81229, -7.1607914
6709879680000, 287.42496, -97.99307, -7.276005
6709884796000, 287.62634, -98.15452, -7.3816323
6709889665000, 287.84952, -98.310104, -7.488133
6709894756000, 288.07346, -98.46078, -7.5905695
6709899698000, 288.32077, -98.599365, -7.6881304
6709904767000, 288.5418, -98.67798, -7.744364
6709909663000, 288.78372, -98.75241, -7.8001056
6709914715000, 289.0421, -98.77608, -7.814077
6709919673000, 289.3026, -98.804504, -7.83687
6709924755000, 289.57672, -98.81269, -7.8297443
6709929740000, 289.841, -98.82445, -7.827072
6709934782000, 290.11835, -98.83216, -7.8116355
6709939717000, 290.38815, -98.84427, -7.800212
6709944762000, 290.6746, -98.882065, -7.7914057
6709949781000, 290.94995, -98.9199, -7.782231
6709954768000, 291.2346, -98.9858, -7.7827682
6709959760000, 291.50464, -99.04758, -7.77595
6709964759000, 291.79077, -99.12583, -7.7731776
6709969768000, 292.0711, -99.20457, -7.769468
6709974761000, 292.33786, -99.28448, -7.763614
6709979774000, 292.59747, -99.3682, -7.7589064
6709984766000, 292.85034, -99.43409, -7.748056
6709989759000, 293.10022, -99.49413, -7.734603
6709994760000, 293.34058, -99.53718, -7.7162004
6709999830000, 293.57056, -99.57348, -7.6968193
6710004768000, 293.7957, -99.58477, -7.6641254
6710009765000, 294.0072, -99.5992, -7.640146
6710014715000, 294.2119, -99.58939, -7.6044946
6710019771000, 294.41156, -99.57892, -7.566899
6710024763000, 294.60617, -99.56114, -7.5268297
6710029751000, 294.79016, -99.54389, -7.482546
6710034763000, 294.9682, -99.52767, -7.4375443
6710039773000, 295.13956, -99.51394, -7.390786
6710044760000, 295.3232, -99.50272, -7.34919
6710049773000, 295.50247, -99.49886, -7.3092318
6710054753000, 295.687, -99.493195, -7.2714877
6710059750000, 295.87775, -99.49587, -7.2468386
6710064762000, 296.07834, -99.498245, -7.2260046
6710069768000, 296.28607, -99.506996, -7.2127047
6710074757000, 296.498, -99.52012, -7.208523
6710079765000, 296.71854, -99.531815, -7.2083015
6710084749000, 296.93555, -99.541115, -7.2138658
6710089762000, 297.1464, -99.55121, -7.2255
6710094714000, 297.36465, -99.55064, -7.2261777
6710099772000, 297.57553, -99.555435, -7.2375407
6710104688000, 297.78342, -99.565094, -7.2433443
6710109758000, 297.99057, -99.57398, -7.2550063
6710114690000, 298.19202, -99.59835, -7.27362
6710119762000, 298.39252, -99.623055, -7.2909408
6710124677000, 298.59634, -99.645065, -7.308758
6710129773000, 298.7917, -99.673386, -7.327402
6710134801000, 298.99258, -99.69037, -7.3393917
6710139778000, 299.1792, -99.70951, -7.3529105
6710144715000, 299.37592, -99.72345, -7.3624988
6710149774000, 299.5526, -99.73067, -7.363818
6710154728000, 299.72787, -99.737755, -7.3684907
6710159762000, 299.88882, -99.74414, -7.3656917
6710164726000, 300.05008, -99.74437, -7.364094
6710169760000, 300.20105, -99.744354, -7.3571873
6710174724000, 300.34592, -99.741516, -7.345857
6710179759000, 300.482, -99.73487, -7.3308344
6710184745000, 300.6143, -99.72697, -7.3121867
6710189779000, 300.73767, -99.71715, -7.293555
6710194747000, 300.86157, -99.70682, -7.270519
6710199812000, 300.975, -99.69677, -7.246463
6710204745000, 301.08798, -99.68038, -7.2216854
6710209763000, 301.18796, -99.66371, -7.192575
6710214719000, 301.2844, -99.63841, -7.1625776
6710219771000, 301.36752, -99.61329, -7.130107
6710224781000, 301.44455, -99.59332, -7.100581
6710229736000, 301.51126, -99.56819, -7.065309
6710234851000, 301.58078, -99.52946, -7.027558
6710239742000, 301.6431, -99.48886, -6.987418
6710244915000, 301.69077, -99.42504, -6.937136
6710249712000, 301.73984, -99.362236, -6.8873315
6710255092000, 301.77606, -99.29438, -6.832931
6710259728000, 301.80804, -99.22651, -6.7783365
6710264700000, 301.82602, -99.15379, -6.725788
6710269691000, 301.8393, -99.078896, -6.671753
6710274729000, 301.8463, -99.00969, -6.62107
6710279727000, 301.87192, -98.92686, -6.5645785
6710284776000, 301.89185, -98.85181, -6.5143194
6710289690000, 301.91718, -98.77346, -6.46493
6710294730000, 301.94247, -98.69947, -6.4212003
6710299700000, 301.97507, -98.63278, -6.38211
6710304739000, 302.01187, -98.56964, -6.3474245
6710309661000, 302.0511, -98.513695, -6.3213
6710314701000, 302.09232, -98.46498, -6.296984
6710319679000, 302.14948, -98.41431, -6.2735395
6710324727000, 302.20898, -98.37567, -6.258255
6710329702000, 302.26407, -98.33825, -6.234003
6710334758000, 302.32565, -98.30905, -6.2188654
6710339715000, 302.37936, -98.28673, -6.199177
6710344725000, 302.4366, -98.280174, -6.191985
6710349733000, 302.49106, -98.2761, -6.1790643
6710354714000, 302.53708, -98.28269, -6.174027
6710359699000, 302.6054, -98.27916, -6.1622787
6710364711000, 302.64792, -98.27781, -6.148202
6710369739000, 302.7002, -98.28956, -6.146748
6710374733000, 302.75677, -98.29322, -6.1450305
6710379719000, 302.78918, -98.3055, -6.1467996
6710384721000, 302.81375, -98.30365, -6.143644
6710389765000, 302.85602, -98.29574, -6.1356072
6710394742000, 302.90018, -98.30512, -6.133777
6710399798000, 302.9481, -98.31051, -6.1285167
6710404652000, 302.9968, -98.316505, -6.1257834
6710409919000, 303.04935, -98.32986, -6.114703
6710414631000, 303.09952, -98.34616, -6.1110597
6710419715000, 303.15637, -98.36595, -6.0999985
6710424656000, 303.20657, -98.387566, -6.091188
6710430030000, 303.252, -98.40997, -6.0787544
6710434680000, 303.29382, -98.43223, -6.067559
6710439810000, 303.3265, -98.44882, -6.045839
6710444641000, 303.35162, -98.46719, -6.0224185
6710450045000, 303.36847, -98.48784, -6.0033355
6710454729000, 303.38022, -98.50367, -5.979654
6710459665000, 303.38797, -98.51745, -5.954588
6710464712000, 303.39664, -98.52194, -5.9271145
6710469728000, 303.40186, -98.52574, -5.896352
6710474731000, 303.39468, -98.5009, -5.8553905
6710479713000, 303.39273, -98.470566, -5.810923
6710484804000, 303.37943, -98.419014, -5.7597895
6710489726000, 303.36438, -98.36495, -5.7070456
6710494726000, 303.34882, -98.302444, -5.6533313
6710499696000, 303.33456, -98.23426, -5.598337
6710504735000, 303.3177, -98.15886, -5.535955
6710509664000, 303.29965, -98.08988, -5.4768023
6710514717000, 303.292, -98.0284, -5.424601
6710519691000, 303.28137, -97.97102, -5.371292
6710524726000, 303.27432, -97.9219, -5.3207836
6710529722000, 303.26184, -97.87409, -5.2736144
6710534794000, 303.24503, -97.845604, -5.2352467
6710539821000, 303.2179, -97.81561, -5.196553
6710544727000, 303.1893, -97.791405, -5.1587725
6710549748000, 303.1506, -97.77249, -5.123251
6710554732000, 303.10345, -97.75392, -5.0897603
6710559732000, 303.04797, -97.74381, -5.056331
6710564709000, 302.9788, -97.73453, -5.022701
6710569776000, 302.90472, -97.72325, -4.9891334
6710574729000, 302.81244, -97.71028, -4.94917
6710579728000, 302.7105, -97.68818, -4.902756
6710584795000, 302.6025, -97.65643, -4.8507233
6710589760000, 302.48392, -97.61875, -4.790971
6710594727000, 302.36783, -97.57297, -4.7314878
6710599735000, 302.24335, -97.53051, -4.6717954
6710604736000, 302.10635, -97.46252, -4.595199
6710609730000, 301.96884, -97.392654, -4.5181556
6710614703000, 301.82254, -97.313705, -4.4276886
6710619743000, 301.67487, -97.234184, -4.3368154
6710624725000, 301.52148, -97.14278, -4.2374806
6710629731000, 301.3651, -97.05061, -4.141138
6710634809000, 301.21045, -96.96004, -4.0457964
6710639768000, 301.05392, -96.87347, -3.9563146
6710644718000, 300.89084, -96.793045, -3.8692057
6710649741000, 300.72598, -96.71557, -3.7873785
6710654734000, 300.56152, -96.64642, -3.7159798
6710659722000, 300.38916, -96.580536, -3.6452222
6710664698000, 300.22443, -96.52863, -3.591963
6710669699000, 300.05576, -96.47889, -3.5377665
6710674679000, 299.8862, -96.439674, -3.49776
6710679721000, 299.71432, -96.4021, -3.459925
6710684748000, 299.54803, -96.36344, -3.428557
6710689794000, 299.38348, -96.32772, -3.3988166
6710694658000, 299.2222, -96.29391, -3.3698351
6710699724000, 299.06384, -96.25896, -3.341508
6710704673000, 298.8974, -96.229935, -3.3259685
6710709728000, 298.73676, -96.19751, -3.3087275
6710714728000, 298.57034, -96.1594, -3.2962828
6710719742000, 298.4143, -96.118004, -3.2815018
6710724706000, 298.23615, -96.07809, -3.2766428
6710729727000, 298.06683, -96.039154, -3.269767
6710734778000, 297.89456, -95.99396, -3.269223
6710739789000, 297.72812, -95.949585, -3.266668
6710744744000, 297.56177, -95.90733, -3.2649388
6710749705000, 297.40616, -95.8619, -3.2640567
6710754730000, 297.24725, -95.82086, -3.268551
6710759729000, 297.09442, -95.78037, -3.2719874
6710764698000, 296.9485, -95.73887, -3.277279
6710769741000, 296.80887, -95.70072, -3.2819893
6710774704000, 296.66037, -95.66885, -3.2907825
6710779737000, 296.52222, -95.6326, -3.294926
6710784843000, 296.37192, -95.60421, -3.311156
6710789752000, 296.23007, -95.57252, -3.3216312
6710794727000, 296.0983, -95.5491, -3.341939
6710799738000, 295.9697, -95.52067, -3.3579316
6710804703000, 295.84506, -95.49786, -3.3783724
6710809729000, 295.72577, -95.47275, -3.3933291
6710814973000, 295.6159, -95.45223, -3.419412
6710819739000, 295.51398, -95.42895, -3.443824
6710824754000, 295.4142, -95.41169, -3.4747887
6710829726000, 295.3235, -95.39531, -3.5027406
6710835282000, 295.2376, -95.377495, -3.5313818
6710839776000, 295.16223, -95.36314, -3.5621123
6710845083000, 295.08105, -95.354095, -3.5926218
6710849726000, 295.00583, -95.346275, -3.624692
6710854717000, 294.9469, -95.35076, -3.66469
6710859728000, 294.88892, -95.35922, -3.7052705
6710864695000, 294.843, -95.36271, -3.7419982
6710869686000, 294.7956, -95.36997, -3.781054
6710874734000, 294.76767, -95.3767, -3.8148124
6710879708000, 294.73843, -95.38482, -3.8533425
6710884826000, 294.7279, -95.394554, -3.886269
6710889721000, 294.71576, -95.404205, -3.9197438
6710894728000, 294.7292, -95.40731, -3.9496245
6710899673000, 294.73315, -95.40158, -3.9740477
6710904739000, 294.75427, -95.394905, -3.9984918
6710909661000, 294.76605, -95.37715, -4.02821
6710914720000, 294.76917, -95.35511, -4.059277
6710919680000, 294.73566, -95.32096, -4.084353
6710924724000, 294.6819, -95.29804, -4.123225
6710929716000, 294.6551, -95.33321, -4.1754236
6710934771000, 294.6023, -95.367615, -4.223167
6710939714000, 294.59802, -95.47729, -4.2929354
6710944728000, 294.6081, -95.58513, -4.354427
6710949749000, 294.62122, -95.65702, -4.3856025
6710954736000, 294.65845, -95.73337, -4.4114532
6710959970000, 294.68268, -95.76028, -4.415195
6710964715000, 294.72314, -95.78948, -4.414821
6710970053000, 294.73468, -95.76232, -4.4042597
6710974721000, 294.75336, -95.73629, -4.3959365
6710979692000, 294.76932, -95.715355, -4.394328
6710984744000, 294.78113, -95.689514, -4.3941627
6710989667000, 294.78906, -95.65704, -4.3932257
6710994726000, 294.78546, -95.63472, -4.394305
6710999686000, 294.78152, -95.60299, -4.3942432
6711004735000, 294.7751, -95.59057, -4.3978157
6711009662000, 294.76822, -95.569885, -4.3964796
6711014719000, 294.76532, -95.5677, -4.4017186
6711019673000, 294.76566, -95.562904, -4.4066086
6711024722000, 294.76837, -95.5627, -4.408305
6711029711000, 294.7709, -95.5644, -4.409937
6711034739000, 294.78113, -95.56687, -4.40632
6711039706000, 294.79535, -95.57388, -4.4044313
6711044724000, 294.80954, -95.58162, -4.3994184
6711049744000, 294.83524, -95.58473, -4.3912697
6711054733000, 294.84485, -95.58216, -4.3814726
6711059704000, 294.86078, -95.57774, -4.373338
6711064702000, 294.8757, -95.572815, -4.3668666
6711069704000, 294.89093, -95.56938, -4.3655148
6711074732000, 294.89905, -95.558014, -4.361996
6711079717000, 294.9074, -95.545006, -4.3597975
6711084789000, 294.91602, -95.53254, -4.353471
6711089796000, 294.92508, -95.520645, -4.3502154
6711094727000, 294.94055, -95.51686, -4.351426
6711099708000, 294.9593, -95.51031, -4.349993
6711104733000, 294.98224, -95.50855, -4.353045
6711109729000, 295.00616, -95.50539, -4.3537264
6711114699000, 295.03113, -95.50011, -4.35332
6711119735000, 295.06155, -95.50041, -4.357463
6711124722000, 295.09152, -95.495575, -4.3538017
6711129709000, 295.12265, -95.492065, -4.350863
6711134762000, 295.15414, -95.48789, -4.347644
6711139797000, 295.18222, -95.48396, -4.3438573
6711144714000, 295.21252, -95.47628, -4.340752
6711149703000, 295.24228, -95.4667, -4.3335447
6711154704000, 295.26996, -95.45627, -4.3281984
6711159763000, 295.29688, -95.44156, -4.317378
6711164675000, 295.32324, -95.42763, -4.3126407
6711169753000, 295.3479, -95.41531, -4.307481
6711174665000, 295.37164, -95.40178, -4.3016596
6711179750000, 295.39197, -95.39406, -4.3020387
6711184786000, 295.41113, -95.38875, -4.3051105
6711189827000, 295.43307, -95.38249, -4.311261
6711194703000, 295.45526, -95.37883, -4.316297
6711199764000, 295.47897, -95.37508, -4.322623
6711204735000, 295.50092, -95.36211, -4.327738
6711209763000, 295.5209, -95.34939, -4.333252
6711214696000, 295.53598, -95.33138, -4.3384485
6711219799000, 295.54596, -95.317856, -4.346801
6711224763000, 295.56384, -95.30558, -4.353661
6711229746000, 295.5796, -95.299, -4.3638177
6711234784000, 295.59033, -95.28928, -4.3714557
6711239803000, 295.59988, -95.282585, -4.3766627
6711244721000, 295.61462, -95.274506, -4.383728
6711249756000, 295.6259, -95.271545, -4.390618
6711254737000, 295.65173, -95.27275, -4.3901505
6711259751000, 295.6814, -95.275154, -4.3920937
6711264994000, 295.71423, -95.27101, -4.388314
6711269768000, 295.75043, -95.266426, -4.382714
6711274725000, 295.79297, -95.26228, -4.381762
6711279728000, 295.83783, -95.257225, -4.3796124
6711284958000, 295.87683, -95.25012, -4.3800426
6711289758000, 295.91217, -95.24133, -4.3789515
6711294806000, 295.94507, -95.22291, -4.3712883
6711299710000, 295.97217, -95.20825, -4.364909
6711304671000, 296.00595, -95.18798, -4.3552327
6711309728000, 296.03445, -95.169586, -4.344828
6711314710000, 296.0583, -95.15634, -4.33855
6711319738000, 296.08768, -95.14045, -4.327046
6711325071000, 296.11273, -95.12871, -4.32122
6711329720000, 296.13553, -95.11862, -4.312974
6711334709000, 296.1626, -95.10728, -4.3077717
6711339742000, 296.18906, -95.097435, -4.302725
6711344656000, 296.2165, -95.08898, -4.2986317
6711349708000, 296.24863, -95.07934, -4.2944493
6711354738000, 296.28015, -95.06785, -4.289031
6711359722000, 296.31174, -95.05862, -4.284223
6711364716000, 296.3419, -95.04899, -4.2813663
6711369697000, 296.3765, -95.041916, -4.278644
6711379724000, 296.4082, -95.03421, -4.2752337
6711384815000, 296.43903, -95.026985, -4.27575
