#Rate of rotation around the x y z axes (Angular velocity).
#timestamp(ns),x,y,z(rad/s)
#Datetime: 17/12/2015 14:24:10
##########################################
#Activity: 5 - STU - Stairs up - 10s
#Subject ID: 64
#First Name: sub64
#Last Name: sub64
#Age: 26
#Height(cm): 181
#Weight(kg): 70
#Gender: Male
##########################################

@DATA
6796289012000, -0.05681047, -6.1086525E-4, 0.020158553
6796293993000, -0.06169739, -0.0030543262, 0.016187929
6796298998000, -0.0571159, 0.0036651916, 0.013133603
6796303995000, -0.058948494, 0.0061086523, 0.016493361
6796308998000, -0.048258353, 0.0012217305, 0.011301007
6796313986000, -0.052534413, 0.0018325958, 0.01282817
6796318963000, -0.050701816, -0.009773844, 0.017715093
6796323997000, -0.04428773, -0.008246681, 0.018325957
6796328990000, -0.03604105, -0.010995574, 0.021685716
6796333984000, -0.04428773, -0.008246681, 0.016798794
6796339002000, -0.042760566, -0.01160644, 0.015577064
6796344002000, -0.043676864, -0.014966198, 0.021380283
6796349001000, -0.03726278, 3.0543262E-4, 0.017715093
6796354035000, -0.03940081, 0.00580322, 0.019547688
6796359029000, -0.036651913, 0.00580322, 0.010995574
6796364021000, -0.032070424, 0.0018325958, 0.013439035
6796368980000, -0.028710667, 0.0067195175, 0.014049901
6796374000000, -0.03940081, 6.1086525E-4, 0.0125227375
6796378991000, -0.031154128, 0.010079277, 0.01740966
6796383975000, -0.03848451, -0.004581489, 0.007941248
6796389791000, -0.032375857, 0.0018325958, 0.013439035
6796394059000, -0.038789943, 0.017104227, 0.01282817
6796398983000, -0.03940081, -0.004276057, 0.010079277
6796403986000, -0.035430185, 9.162979E-4, 0.009468411
6796408999000, -0.042455133, 0.0021380284, 0.01863139
6796413961000, -0.040317107, 0.0018325958, 0.018936822
6796418979000, -0.03634648, -3.0543262E-4, 0.01038471
6796424002000, -0.03756821, -3.0543262E-4, 0.009162978
6796428989000, -0.038789943, -6.1086525E-4, 0.010079277
6796434002000, -0.036651913, -0.0036651916, 0.01282817
6796439003000, -0.035430185, -0.003970624, 0.0076358155
6796443999000, -0.027488936, 0.0018325958, 0.010995574
6796448987000, -0.040317107, 0.0012217305, 0.01160644
6796454008000, -0.033292156, 0.008857546, 0.019242255
6796459654000, -0.033292156, 0.0061086523, 0.018936822
6796463994000, -0.03604105, 0.006414085, 0.015882496
6796468985000, -0.039095376, -0.004276057, 0.014660766
6796474001000, -0.03359759, -0.0143553335, 0.008857546
6796478987000, -0.030543262, -0.011301007, 0.0061086523
6796483980000, -0.032375857, -0.011301007, 0.010995574
6796489065000, -0.03481932, -0.01160644, 0.009468411
6796494030000, -0.036957346, -0.014660766, 0.01160644
6796498982000, -0.03145956, 3.0543262E-4, 0.015577064
6796503981000, -0.04153884, -0.0076358155, 0.013133603
6796509224000, -0.029321533, -0.005192355, 0.008857546
6796513988000, -0.025961773, -0.0070249503, 0.011911872
6796518979000, -0.04184427, -0.005497787, 0.019242255
6796524001000, -0.03634648, -0.005497787, 0.015271631
6796528957000, -0.034208454, 0.008857546, 0.013744468
6796533984000, -0.033292156, -0.00580322, 0.009468411
6796539035000, -0.032070424, -0.0012217305, 0.016798794
6796544064000, -0.039095376, -0.003970624, 0.014660766
6796548986000, -0.036957346, 0.00580322, 0.015882496
6796553992000, -0.03756821, 0.01038471, 0.012217305
6796558998000, -0.036957346, 0.0033597588, 0.016798794
6796563988000, -0.042760566, 0.005192355, 0.01160644
6796568975000, -0.040317107, 0.004581489, 0.02107485
6796573999000, -0.03756821, 0.0027488936, 0.015271631
6796578997000, -0.038789943, -0.0015271631, 0.009773844
6796583979000, -0.025961773, 9.162979E-4, 0.0125227375
6796589006000, -0.030848695, 0.003970624, 0.013133603
6796593991000, -0.03726278, 0.0067195175, 0.016187929
6796599129000, -0.038789943, 0.0061086523, 0.012217305
6796603992000, -0.03604105, 0.0012217305, 0.01160644
6796609030000, -0.028099801, 0.005192355, 0.010079277
6796614968000, -0.03573562, 0.01038471, 0.0076358155
6796619027000, -0.044593163, 0.013439035, 0.01160644
6796624016000, -0.04795292, 0.010079277, 0.01038471
6796629024000, -0.042760566, 0.010079277, 0.009468411
6796634014000, -0.040011674, 0.027794369, 0.012217305
6796639074000, -0.054367006, 0.028710667, 0.009468411
6796644095000, -0.044898596, 0.0421497, 0.013133603
6796648997000, -0.04550946, 0.03359759, 0.0125227375
6796654105000, -0.052534413, 0.036651913, 0.004886922
6796659025000, -0.047647487, 0.03970624, 0.004886922
6796664027000, -0.040317107, 0.043982297, 3.0543262E-4
6796669000000, -0.05009095, 0.04642576, 0.0021380284
6796674014000, -0.059864793, 0.04428773, 0.002443461
6796679027000, -0.04734206, 0.03481932, 0.002443461
6796684020000, -0.042760566, 0.039095376, 0.0036651916
6796689099000, -0.045814894, 0.040011674, 0.004886922
6796694048000, -0.043066, 0.045814894, 0.003970624
6796699007000, -0.053450707, 0.03145956, 3.0543262E-4
6796704006000, -0.045814894, 0.031154128, 0.0018325958
6796709329000, -0.05589417, 0.036651913, 9.162979E-4
6796714727000, -0.05681047, 0.03726278, -0.002443461
6796718984000, -0.050701816, 0.03634648, -0.002443461
6796723994000, -0.05681047, 0.043982297, -0.00580322
6796728990000, -0.04917465, 0.05009095, -0.004581489
6796733975000, -0.048563786, 0.05100725, -0.003970624
6796739119000, -0.050701816, 0.055283304, -0.004886922
6796744077000, -0.054367006, 0.04642576, -0.01160644
6796748985000, -0.041233405, 0.049480084, -0.009773844
6796753993000, -0.051618114, 0.0580322, -0.00580322
6796759021000, -0.03573562, 0.058948494, -0.01985312
6796764030000, -0.038789943, 0.064751714, -0.014966198
6796769033000, -0.03634648, 0.059253927, -0.02076942
6796774029000, -0.03390302, 0.064446285, -0.025045475
6796779024000, -0.02687807, 0.06261369, -0.023823744
6796784803000, -0.030848695, 0.06536258, -0.03023783
6796789126000, -0.021380283, 0.06078109, -0.026267206
6796794121000, -0.020158553, 0.07086037, -0.022296581
6796799022000, -0.028405234, 0.063224554, -0.023518313
6796804102000, -0.01863139, 0.080634214, -0.025045475
6796809038000, -0.022907447, 0.09162979, -0.026267206
6796814962000, -0.020158553, 0.102319926, -0.03604105
6796819027000, -0.009468411, 0.118507855, -0.03268129
6796824034000, -0.009162978, 0.13072516, -0.03481932
6796829024000, -0.016798794, 0.13897185, -0.03604105
6796834031000, -0.018325957, 0.14844026, -0.036957346
6796839129000, -0.014660766, 0.15302174, -0.053145275
6796844083000, -0.023518313, 0.16035213, -0.050396383
6796849006000, -0.03145956, 0.14538592, -0.057421334
6796853982000, -0.028405234, 0.13439035, -0.06719518
6796859046000, -0.03634648, 0.11148291, -0.06536258
6796864024000, -0.03970624, 0.10934488, -0.06688975
6796868979000, -0.05131268, 0.098043874, -0.07544186
6796874000000, -0.058337633, 0.08582657, -0.07391469
6796878997000, -0.0720821, 0.09285152, -0.08002335
6796883959000, -0.06261369, 0.07452556, -0.09315695
6796889069000, -0.06780604, 0.07360926, -0.09773844
6796894079000, -0.06780604, 0.08399397, -0.10476339
6796898987000, -0.05955936, 0.11056661, -0.10995574
6796903990000, -0.06505715, 0.14477506, -0.10995574
6796908930000, -0.067500606, 0.20250183, -0.11484267
6796913988000, -0.0729984, 0.25961772, -0.12217305
6796918951000, -0.06169739, 0.28008172, -0.1160644
6796924278000, -0.065973446, 0.3109304, -0.111177474
6796928926000, -0.065973446, 0.30451632, -0.105068825
6796934000000, -0.06658431, 0.28955013, -0.09743301
6796939010000, -0.08307768, 0.24129178, -0.07971791
6796943990000, -0.09865474, 0.21105394, -0.06811147
6796948951000, -0.109650314, 0.18020524, -0.04886922
6796953973000, -0.12980886, 0.16615535, -0.0290161
6796959012000, -0.14660765, 0.1740966, -0.024129177
6796964022000, -0.16523905, 0.18142697, -0.015271631
6796969007000, -0.18448131, 0.19456059, -0.008552114
6796974009000, -0.21197024, 0.20433442, 6.1086525E-4
6796979029000, -0.23365596, 0.20922135, 0.007330383
6796984002000, -0.25350907, 0.21319197, 0.012217305
6796989084000, -0.27885997, 0.19822577, 0.0076358155
6796993987000, -0.31398472, 0.1863139, 0.0125227375
6796999015000, -0.34483343, 0.17348573, 0.015577064
6797004025000, -0.3662137, 0.17256944, 0.016493361
6797009040000, -0.42119157, 0.16310102, 0.017715093
6797014962000, -0.46792278, 0.1441642, 0.008552114
6797018997000, -0.5299256, 0.13927728, 0.00580322
6797023958000, -0.5891795, 0.13530666, -0.0027488936
6797028958000, -0.61636305, 0.13988814, -0.0061086523
6797034020000, -0.6759224, 0.14905111, -0.0030543262
6797038992000, -0.7504479, 0.15241088, 0.0027488936
6797043959000, -0.8008443, 0.1740966, -0.006414085
6797048947000, -0.87872964, 0.1704314, 0.0106901415
6797053960000, -0.9401216, 0.18661933, 0.01863139
6797058955000, -1.0161743, 0.17806722, 0.025350908
6797063976000, -1.1090258, 0.19425514, 0.036957346
6797068982000, -1.1749994, 0.2012801, 0.05009095
6797073979000, -1.2586879, 0.22632557, 0.051618114
6797078960000, -1.3338243, 0.25045475, 0.059864793
6797084023000, -1.4181237, 0.27916542, 0.07391469
6797089160000, -1.4975362, 0.31490102, 0.0983493
6797094060000, -1.572978, 0.34605515, 0.12767084
6797099024000, -1.6673567, 0.3585779, 0.15760323
6797104013000, -1.7531832, 0.35094208, 0.19822577
6797109820000, -1.8664987, 0.34483343, 0.22143865
6797114024000, -1.997224, 0.37568212, 0.2678644
6797119018000, -2.1261165, 0.40133846, 0.29565877
6797123976000, -2.1734586, 0.45845437, 0.31673363
6797129022000, -2.25562, 0.5225952, 0.37415496
6797133951000, -2.3463335, 0.57910025, 0.42180246
6797139074000, -2.4303274, 0.59895337, 0.44837508
6797143959000, -2.5189028, 0.589485, 0.4596761
6797149006000, -2.6166413, 0.5766568, 0.45753807
6797153988000, -2.7351491, 0.5687156, 0.45478916
6797159030000, -2.871983, 0.5720753, 0.46486846
6797163923000, -3.0256155, 0.52748215, 0.45448375
6797169023000, -3.1505375, 0.18051068, 0.46792278
6797173929000, -3.1881058, -0.24678956, 0.4822781
6797179383000, -3.195436, -0.3472769, 0.4978552
6797183969000, -3.2223141, -0.37415496, 0.52015173
6797189140000, -3.248276, -0.3707952, 0.57451874
6797194061000, -3.2724051, -0.27977628, 0.6414085
6797199028000, -3.3197472, -0.18997909, 0.7049385
6797204131000, -3.3667839, -0.043982297, 0.7467828
6797208997000, -3.379612, 0.25809056, 0.8081747
6797214913000, -3.4006867, 0.32436943, 0.8155051
6797218986000, -3.2965343, 0.29535335, 0.8194757
6797224003000, -3.2082644, 0.50823987, 0.86467975
6797228991000, -3.1108313, 0.6957755, 0.90041536
6797233978000, -3.0656273, 1.1383474, 0.9251554
6797239011000, -3.179248, 1.4559973, 0.8750645
6797243993000, -3.3228016, 1.3979651, 0.8038987
6797249066000, -3.3429601, 1.1551461, 0.7476991
6797253978000, -3.2204816, 0.93767816, 0.66950834
6797258994000, -3.0662382, 0.81061816, 0.5864306
6797263989000, -2.9361238, 0.8063421, 0.5180137
6797268965000, -2.8435776, 0.8170323, 0.45142943
6797274014000, -2.7635543, 0.8570439, 0.39736784
6797279038000, -2.728735, 1.0009027, 0.3359759
6797283964000, -2.777299, 1.2522738, 0.27855456
6797289023000, -2.925739, 1.5238034, 0.22266038
6797293999000, -3.030808, 1.6917913, 0.15424347
6797298990000, -3.048523, 1.6728544, 0.12186762
6797303980000, -3.009733, 1.5018122, 0.11148291
6797308996000, -2.9837713, 1.1908818, 0.11178834
6797314027000, -2.9761355, 1.001819, 0.118202426
6797319044000, -2.9003882, 0.6383542, 0.11209377
6797323993000, -2.8469374, 0.47678033, 0.100792766
6797328991000, -2.7840183, 0.4266894, 0.08124508
6797334001000, -2.7574458, 0.45662177, 0.048563786
6797338995000, -2.6911669, 0.5833763, 0.025350908
6797344004000, -2.6209173, 0.7131852, 0.015882496
6797348964000, -2.5864034, 0.82558435, 0.019547688
6797354021000, -2.5809057, 0.8741482, 0.027794369
6797358924000, -2.5751023, 0.82833326, 0.02443461
6797364023000, -2.528066, 0.7486154, 0.025350908
6797368941000, -2.4770586, 0.6927212, 0.006414085
6797374034000, -2.4129176, 0.64934975, -0.03176499
6797378924000, -2.3457224, 0.6258314, -0.07086037
6797383983000, -2.2800546, 0.61911196, -0.09407325
6797389006000, -2.2321017, 0.6075055, -0.10567969
6797394008000, -2.1862867, 0.5684101, -0.09437868
6797398922000, -2.1248949, 0.53786683, -0.089186326
6797404087000, -2.0613647, 0.5348125, -0.0983493
6797409003000, -1.9996674, 0.5384777, -0.10445796
6797413993000, -1.9428569, 0.54519725, -0.12461651
6797418979000, -1.9025398, 0.5558874, -0.13255776
6797424134000, -1.8212948, 0.57879484, -0.15271631
6797428992000, -1.7489072, 0.6020077, -0.16371189
6797434834000, -1.6514742, 0.58032197, -0.18448131
6797439157000, -1.509448, 0.56688297, -0.1872302
6797443996000, -1.4611896, 0.5329799, -0.17348573
6797448987000, -1.353372, 0.49296826, -0.17898351
6797453941000, -1.2382239, 0.48502702, -0.15851954
6797459004000, -1.1285735, 0.4801401, -0.14263703
6797463924000, -1.0345002, 0.4859433, -0.12034045
6797468980000, -0.9275989, 0.462425, -0.10445796
6797473933000, -0.83291477, 0.44623706, -0.0711658
6797479019000, -0.71868294, 0.42058071, -0.051923547
6797484087000, -0.59131753, 0.36254853, -0.04153884
6797489147000, -0.46517387, 0.2669481, -0.035124753
6797494040000, -0.3381139, 0.15363261, -0.028099801
6797499009000, -0.18417588, 0.021380283, -0.021380283
6797504524000, -0.021685716, -0.101098195, -0.0143553335
6797509030000, 0.09437868, -0.16829337, -0.017104227
6797514023000, 0.21685717, -0.30085114, -0.012217305
6797519032000, 0.2773328, -0.41996986, 0.019242255
6797524031000, 0.39278635, -0.46303585, 0.043066
6797529036000, 0.48380527, -0.44684792, 0.06841691
6797534009000, 0.5491679, -0.41722095, 0.09712757
6797539082000, 0.6059783, -0.38789943, 0.12492194
6797544035000, 0.6560693, -0.39003745, 0.15974127
6797548990000, 0.6750061, -0.3998113, 0.1957823
6797554025000, 0.6872234, -0.40561453, 0.23273966
6797559029000, 0.7104363, -0.40133846, 0.28771752
6797564011000, 0.76052725, -0.3915646, 0.35460728
6797568978000, 0.84329945, -0.4111123, 0.42119157
6797574538000, 0.93737274, -0.40866885, 0.46181414
6797578983000, 1.031446, -0.46303585, 0.5112942
6797583968000, 1.0903945, -0.5751296, 0.5458081
6797588977000, 1.1233811, -0.65393126, 0.5491679
6797593991000, 1.1117748, -0.73975784, 0.5103779
6797598945000, 1.1230757, -0.82253003, 0.46914452
6797604009000, 1.2024882, -0.8353582, 0.43188173
6797608957000, 1.3222178, -0.8371908, 0.4089743
6797614935000, 1.3811663, -0.98715824, 0.3726278
6797619009000, 1.4608842, -1.0650436, 0.34391713
6797623990000, 1.4462235, -1.180497, 0.2883284
6797628976000, 1.3955216, -1.2373075, 0.22235495
6797633974000, 1.391551, -1.2657127, 0.17165314
6797638969000, 1.4752395, -1.2385293, 0.12797627
6797644200000, 1.636508, -1.2596041, 0.08674286
6797648916000, 1.8787161, -1.3582588, 0.09407325
6797653986000, 2.0925188, -1.5125023, 0.111177474
6797658929000, 2.1981986, -1.6423112, 0.172264
6797663985000, 2.221106, -1.593442, 0.18784106
6797668955000, 2.1927009, -1.5048665, 0.19120082
6797673966000, 2.169488, -1.4752395, 0.19700404
6797678940000, 2.1749856, -1.5054774, 0.20708331
6797683992000, 2.19209, -1.5308284, 0.22876903
6797689024000, 2.2073615, -1.5592335, 0.22540927
6797694058000, 2.248595, -1.6029104, 0.22143865
6797698976000, 2.287385, -1.6557503, 0.17501289
6797703978000, 2.352442, -1.7424932, 0.12644911
6797709005000, 2.402533, -1.7687603, 0.059864793
6797713989000, 2.435825, -1.8203784, 0.031154128
6797718978000, 2.5192082, -1.8686367, -0.043066
6797723972000, 2.5653286, -1.8637499, -0.109650314
6797728990000, 2.59465, -1.8338175, -0.15760323
6797733990000, 2.6041186, -1.8054122, -0.22235495
6797739012000, 2.6074784, -1.7611245, -0.29626966
6797743998000, 2.6212227, -1.7314975, -0.34300083
6797748990000, 2.6371052, -1.7629571, -0.35705075
6797753979000, 2.665205, -1.7910569, -0.36285394
6797759746000, 2.6920831, -1.785559, -0.36071593
6797763985000, 2.7079656, -1.8228219, -0.36957347
6797768975000, 2.7210991, -1.8655825, -0.44440445
6797773965000, 2.7076602, -1.9010127, -0.5305365
6797778989000, 2.6719246, -1.9260582, -0.6545421
6797783970000, 2.6218336, -1.8887954, -0.76144356
6797789014000, 2.5720482, -1.7718146, -0.8179486
6797793990000, 2.5201247, -1.5781704, -0.8399397
6797798986000, 2.4825563, -1.3753631, -0.8381071
6797803966000, 2.4853053, -1.2904528, -0.8344419
6797809003000, 2.4923303, -1.1801916, -0.82344633
6797813958000, 2.4981334, -1.1032226, -0.79168135
6797819022000, 2.5051584, -1.0567969, -0.7440339
6797823994000, 2.5127943, -1.0781772, -0.70096785
6797829740000, 2.5347853, -1.1520919, -0.6637051
6797833980000, 2.6132815, -1.1640037, -0.65118235
6797839061000, 2.6426032, -1.1572843, -0.63224554
6797844075000, 2.6951375, -1.0754282, -0.6236934
6797848994000, 2.7033842, -0.9575313, -0.61911196
6797854003000, 2.6786442, -0.7770206, -0.6075055
6797859002000, 2.63344, -0.552833, -0.5910121
6797864006000, 2.5604417, -0.3268129, -0.5684101
6797868983000, 2.479502, -0.08827003, -0.5500842
6797873978000, 2.39337, 0.12858713, -0.5626069
6797878991000, 2.2727242, 0.30665436, -0.5699373
6797884772000, 2.1856759, 0.47403142, -0.56779927
6797889095000, 2.0983222, 0.61758476, -0.5729916
6797894408000, 2.0305161, 0.7254025, -0.5726862
6797898968000, 1.9752327, 0.78954333, -0.57604593
6797904666000, 1.924531, 0.79901177, -0.5647449
6797909005000, 1.890628, 0.7699956, -0.537256
6797913920000, 1.8967366, 0.7593055, -0.50793445
6797918982000, 1.8701639, 0.80573124, -0.4999932
6797923941000, 1.815186, 0.8353582, -0.48563787
6797928990000, 1.779145, 0.80756384, -0.46303585
6797933957000, 1.767844, 0.7067711, -0.44990227
6797939124000, 1.7736472, 0.55863625, -0.45051312
6797943963000, 1.7959439, 0.42119157, -0.44806966
6797948993000, 1.8121318, 0.31642818, -0.4370741
6797954001000, 1.8255708, 0.25381452, -0.42577308
6797958995000, 1.8270979, 0.22540927, -0.40439278
6797963987000, 1.8164078, 0.22266038, -0.38881573
6797969171000, 1.7928895, 0.21624629, -0.36926803
6797974014000, 1.788308, 0.15454891, -0.33658674
6797978989000, 1.7831156, 0.034208454, -0.31490102
6797983963000, 1.7959439, -0.081855945, -0.28130344
6797989098000, 1.8035797, -0.17470746, -0.25289822
6797994093000, 1.790446, -0.22143865, -0.21563543
6797998988000, 1.7687603, -0.24740042, -0.17562376
6798004005000, 1.7647897, -0.24709499, -0.15149458
6798009002000, 1.7577647, -0.25045475, -0.13988814
6798014318000, 1.7256943, -0.27550024, -0.14049901
6798018989000, 1.6997325, -0.3145956, -0.13316862
6798023965000, 1.6533068, -0.3866777, -0.11728613
6798028945000, 1.5995506, -0.4288274, -0.10720685
6798033965000, 1.5033394, -0.43004912, -0.115453534
6798038938000, 1.4181237, -0.3979787, -0.1432479
6798043947000, 1.3075571, -0.3839288, -0.16371189
6798048922000, 1.2266175, -0.39706242, -0.20189096
6798053954000, 1.1679744, -0.43982297, -0.24648413
6798058939000, 1.1307116, -0.48808134, -0.2843578
6798063975000, 1.1191051, -0.5137377, -0.29229903
6798068955000, 1.1148291, -0.5140431, -0.30665436
6798073973000, 1.1111639, -0.44898596, -0.30298916
6798078966000, 1.0735956, -0.31306845, -0.28619036
6798084797000, 1.0381655, -0.13316862, -0.28771752
6798089036000, 1.0146471, 0.03145956, -0.2648101
6798093974000, 0.9914343, 0.16829337, -0.2648101
6798098950000, 1.001819, 0.22113322, -0.2950479
6798103937000, 0.99204516, 0.24281894, -0.312763
6798108909000, 0.9651671, 0.16982053, -0.31856623
6798113945000, 0.94042706, 0.014049901, -0.30390546
6798118901000, 0.8940013, -0.18417588, -0.27580565
6798123913000, 0.82802784, -0.4007276, -0.24923302
6798128853000, 0.77121735, -0.5537493, -0.22418754
6798133886000, 0.679893, -0.6591236, -0.21868975
6798139035000, 0.57635134, -0.6789767, -0.21868975
6798143909000, 0.4538729, -0.63621616, -0.23365596
6798149055000, 0.31978795, -0.56199604, -0.25686884
6798154027000, 0.17623462, -0.4700608, -0.27855456
6798158902000, 0.028099801, -0.37323865, -0.25259277
6798163932000, -0.14110987, -0.3036, -0.21899518
6798168921000, -0.3231477, -0.24129178, -0.2098322
6798173940000, -0.5323691, -0.17928895, -0.18295415
6798178877000, -0.7733554, -0.11728613, -0.15699236
6798183909000, -1.0430524, -0.036957346, -0.14996742
6798189410000, -1.3106114, 0.03268129, -0.12461651
6798193927000, -1.543351, 0.04337143, -0.060170226
6798198871000, -1.7519615, 0.02076942, -0.019242255
6798203971000, -1.8380935, -0.061086524, 0.057421334
6798209013000, -2.0363193, -0.15607607, 0.13072516
6798214464000, -2.2531765, -0.3200934, 0.20433442
6798218980000, -2.5998425, -0.36010507, 0.22968534
6798224018000, -2.7311785, -0.3979787, 0.26816985
6798228999000, -3.0094275, -0.44409904, 0.30818152
6798233989000, -3.2882876, -0.5204572, 0.3359759
6798239067000, -3.565315, -0.64812803, 0.34880406
6798243992000, -3.8368447, -0.870483, 0.3567453
6798248988000, -4.0811906, -1.0735956, 0.33414328
6798253970000, -4.322788, -1.2202033, 0.40286562
6798259338000, -4.5271225, -1.3179418, 0.5849035
6798263987000, -4.6520443, -1.3573426, 0.79473567
6798268982000, -4.5912633, -1.4953982, 1.0503827
6798273986000, -4.3240094, -1.6994271, 1.2559389
6798278992000, -3.945884, -1.8848248, 1.3793337
6798284002000, -3.5289686, -1.9361374, 1.4419475
6798289084000, -3.1719177, -1.8023579, 1.466382
6798294020000, -2.9202414, -1.5060883, 1.4935656
6798298989000, -2.787378, -1.3112222, 1.5085317
6798303969000, -2.7776043, -0.89888823, 1.5442673
6798308997000, -2.8829784, -0.39461896, 1.5916094
6798314001000, -3.0369165, 0.23090707, 1.5968018
6798319054000, -3.1926873, 0.93828905, 1.568702
6798324064000, -3.4193182, 1.6331482, 1.4410311
6798329215000, -3.676187, 2.1539109, 1.2724323
6798334045000, -3.8249328, 2.5360072, 1.1175779
6798339005000, -3.7772853, 2.8414397, 1.0064005
6798344215000, -3.664886, 2.9944615, 0.91324353
6798348998000, -3.630983, 2.92299, 0.83260936
6798353984000, -3.8041632, 2.590374, 0.754724
6798358991000, -4.151746, 2.1178699, 0.66920286
6798363928000, -4.41961, 1.5580118, 0.602924
6798368980000, -4.448015, 1.0574077, 0.5546656
6798373939000, -4.2336016, 0.6954701, 0.53878313
6798378990000, -3.9217548, 0.5513059, 0.50762904
6798384016000, -3.7314703, 0.6627888, 0.49205196
6798388998000, -3.7736201, 0.92149025, 0.50793445
6798394000000, -3.976122, 1.0586295, 0.5448918
6798398992000, -4.1877866, 1.2965615, 0.5674938
6798403975000, -4.2271876, 1.4257594, 0.6056729
6798409132000, -4.2201624, 1.3607023, 0.627664
6798414968000, -4.1465535, 1.0732902, 0.61758476
6798418974000, -3.8615847, 0.9841039, 0.6035349
6798424029000, -3.7577376, 0.9025534, 0.56382865
6798428991000, -3.5958583, 0.9831876, 0.5045747
6798433998000, -3.5359936, 1.0381655, 0.4196644
6798439088000, -3.4953709, 1.144456, 0.34574974
6798444632000, -3.5085046, 1.3026701, 0.2828306
6798448986000, -3.5445457, 1.3643675, 0.24556783
6798453983000, -3.523776, 1.4721853, 0.18478674
6798458992000, -3.4278703, 1.5604553, 0.13561209
6798463990000, -3.2861495, 1.5143349, 0.09193522
6798468934000, -3.0735686, 1.4520267, 0.07238753
6798474025000, -2.8732047, 1.4825699, 0.06841691
6798478983000, -2.6627617, 1.6145169, 0.006414085
6798484007000, -2.4990497, 1.6410894, -0.026267206
6798489006000, -2.2864685, 1.6780468, -0.036651913
6798494023000, -2.085494, 1.7223345, -0.03481932
6798499028000, -1.9150625, 1.8060231, -0.026267206
6798503976000, -1.8173242, 1.8521434, -0.0106901415
6798508965000, -1.643533, 1.8509218, -0.010079277
6798514616000, -1.426065, 1.8011361, -0.054367006
6798518948000, -1.1236867, 1.7525724, -0.058948494
6798523999000, -0.99021256, 1.6242907, -0.061391957
6798528972000, -0.74281216, 1.4312572, -0.04428773
6798534003000, -0.49846604, 1.1337659, 0.009773844
6798539177000, -0.2602286, 0.7644979, 0.05100725
6798544000000, -0.02565634, 0.410196, 0.09682214
6798548994000, 0.1695151, 0.10445796, 0.14844026
6798553973000, 0.3576616, -0.11759156, 0.20769419
6798559000000, 0.50762904, -0.23823744, 0.27763826
6798563993000, 0.62858033, -0.24617869, 0.38056904
6798568977000, 0.711658, -0.18112154, 0.48533243
6798574057000, 0.7968737, -0.0106901415, 0.5717699
6798578991000, 0.9104946, 0.19181168, 0.6646214
6798584508000, 1.056186, 0.32253686, 0.75991637
6798589087000, 1.2140946, 0.34055737, 0.8689558
6798594053000, 1.4016303, 0.31978795, 0.95905846
6798598982000, 1.609019, 0.19028452, 0.9810496
6798603972000, 1.72264, 0.0070249503, 1.0122037
6798609005000, 1.9590448, -0.12675454, 1.0134255
6798614891000, 2.1847596, -0.41416663, 0.9859365
6798618970000, 2.607173, -0.52931476, 0.97035944
6798624250000, 2.7678304, -0.93676186, 0.9117164
6798628985000, 3.1300735, -1.5812247, 0.8179486
6798634002000, 3.4330628, -2.2391264, 0.68203104
6798639018000, 3.5304956, -2.6719246, 0.5222898
6798643972000, 3.4174857, -2.7727172, 0.40561453
6798648989000, 3.2388074, -2.5167649, 0.33628133
6798654076000, 3.186884, -2.0894647, 0.30482176
6798659004000, 3.259577, -1.8564194, 0.33658674
6798664321000, 3.4584136, -1.9798143, 0.3643811
6798668978000, 3.6990945, -2.146275, 0.40591997
6798673964000, 3.8014145, -2.16399, 0.43096542
6798678993000, 3.7100902, -2.0237966, 0.40561453
6798683958000, 3.5289686, -1.858252, 0.37018433
6798689034000, 3.3594534, -1.7989981, 0.34025195
6798693970000, 3.1884112, -1.765706, 0.32742378
6798698991000, 3.0821207, -1.6132951, 0.32253686
6798703951000, 2.8667905, -1.4046847, 0.32284227
6798708990000, 2.6639833, -1.1114693, 0.29077184
6798713977000, 2.4920247, -0.80909103, 0.25289822
6798718978000, 2.3747387, -0.5235115, 0.22113322
6798723994000, 2.368019, -0.35705075, 0.14538592
6798728992000, 2.4297166, -0.32406402, 0.042760566
6798733996000, 2.5179865, -0.40622538, -0.08307768
6798738993000, 2.6141977, -0.6536258, -0.17898351
6798744000000, 2.6838365, -0.9627236, -0.2660318
6798748985000, 2.7598891, -1.1902709, -0.34972036
6798753985000, 2.81334, -1.2779301, -0.41172317
6798758997000, 2.8249464, -1.3182472, -0.48838675
6798763991000, 2.8570168, -1.2147056, -0.5338962
6798769670000, 2.8790078, -1.0619892, -0.5888741
6798774003000, 2.8890872, -0.88117313, -0.6597345
6798778987000, 2.8270843, -0.7733554, -0.7315111
6798783986000, 2.6957483, -0.9242391, -0.816116
6798789064000, 2.6218336, -1.074512, -0.86834496
6798794003000, 2.6639833, -1.4288138, -0.8762862
6798798987000, 2.7046058, -1.6792686, -0.8961393
6798803994000, 2.8283062, -1.8231273, -0.88147855
6798808990000, 3.0045407, -1.9419407, -0.8918633
6798814935000, 3.1661146, -1.9645426, -0.91415983
6798818961000, 3.3014212, -1.9364429, -0.91904676
6798824020000, 3.33227, -1.7550159, -0.95630956
6798829032000, 3.3512068, -1.4312572, -0.9981538
6798833987000, 3.2754595, -1.0543534, -1.0216721
6798839895000, 3.1722233, -0.65118235, -0.9859365
6798843998000, 3.0503557, -0.21685717, -0.9147707
6798849223000, 2.9245174, 0.22082779, -0.82558435
6798853984000, 2.791654, 0.5571091, -0.74097955
6798858967000, 2.6569583, 0.7654142, -0.68111473
6798863992000, 2.5097399, 0.9260717, -0.63163465
6798868948000, 2.3536637, 1.0525209, -0.59956425
6798874085000, 2.1896465, 1.151481, -0.5681047
6798878964000, 2.0292943, 1.2003502, -0.5448918
6798883974000, 1.9000963, 1.2140946, -0.5363397
6798889121000, 1.7959439, 1.1563679, -0.5476407
6798894006000, 1.7568485, 1.0207558, -0.54733527
6798898988000, 1.7394388, 0.8246681, -0.56230146
6798903976000, 1.7201965, 0.6047566, -0.55833083
6798909530000, 1.738217, 0.34483343, -0.5354234
6798913987000, 1.7938058, 0.08674286, -0.5174029
6798918966000, 1.863139, -0.18997909, -0.4718934
6798923986000, 1.9660698, -0.44257188, -0.41630468
6798928989000, 2.0711386, -0.6252206, -0.36102137
6798933998000, 2.111761, -0.73975784, -0.3359759
6798939090000, 2.096184, -0.85918194, -0.31031954
6798944016000, 2.0308216, -0.95203346, -0.28252518
6798948986000, 1.9300288, -1.0280862, -0.25870144
6798953972000, 1.8191566, -1.0977248, -0.2687807
6798958996000, 1.7076738, -1.104139, -0.2837469
6798963986000, 1.6001616, -1.070236, -0.2919936
6798968973000, 1.5176947, -1.022283, -0.27275133
6798973983000, 1.4459181, -1.0170907, -0.24190263
6798979010000, 1.4129313, -0.96761054, -0.23609942
6798984016000, 1.3784174, -0.93645644, -0.2648101
6798989159000, 1.3500122, -0.8888089, -0.27183503
6798994053000, 1.3020593, -0.87995136, -0.26511553
6798999018000, 1.2782356, -0.86620694, -0.25137106
6799004009000, 1.1988231, -0.84238315, -0.22266038
6799009026000, 1.1148291, -0.8136725, -0.19547687
6799014980000, 1.0531317, -0.76052725, -0.16676621
6799019029000, 0.96669424, -0.75502944, -0.15668693
6799023935000, 0.9392053, -0.7669413, -0.15271631
6799029000000, 0.8894198, -0.8081747, -0.15363261
6799034012000, 0.8228355, -0.86406887, -0.14385876
6799039014000, 0.7507534, -0.9059132, -0.122783914
6799044019000, 0.67103547, -0.87964594, -0.07574729
6799048963000, 0.591623, -0.7706065, -0.035124753
6799053913000, 0.52595496, -0.634689, -0.0036651916
6799058919000, 0.43157628, -0.52320606, 0.016187929
6799063905000, 0.33567044, -0.42730024, 0.030848695
6799068922000, 0.21777347, -0.36163223, 0.03145956
6799073934000, 0.09682214, -0.32406402, 0.04917465
6799078929000, -0.014049901, -0.31245756, 0.04550946
6799083937000, -0.070249505, -0.2864958, 0.032070424
6799088957000, -0.09193522, -0.20525073, -0.005497787
6799093920000, -0.11728613, -0.12308934, -0.054367006
6799098927000, -0.11056661, -0.06780604, -0.10751228
6799103976000, -0.08552113, -0.05131268, -0.12614368
6799108972000, -0.069027774, -0.06383542, -0.1160644
6799113973000, -0.046731193, -0.073303826, -0.08368854
6799118969000, -0.04428773, -0.04337143, -0.043676864
6799123978000, -0.057726767, 0.007941248, -0.0015271631
6799128971000, -0.099571034, 0.051923547, 0.0290161
6799133996000, -0.14355333, 0.05467244, 0.044593163
6799139027000, -0.22785273, 0.034208454, 0.057726767
6799143975000, -0.34880406, -0.0076358155, 0.056505036
6799148945000, -0.50488013, -0.06536258, 0.050701816
6799154002000, -0.6747007, -0.14782938, 0.047647487
6799159024000, -0.82833326, -0.17745635, 0.04153884
6799164494000, -0.96791595, -0.15699236, 0.04337143
6799169012000, -1.1178834, -0.074830994, 0.03726278
6799174040000, -1.2504412, 0.005497787, 0.07422013
6799179019000, -1.4046847, 0.084910266, 0.12095132
6799184065000, -1.5864171, 0.12217305, 0.172264
6799189090000, -1.74738, 0.18478674, 0.19425514
6799194031000, -1.8442022, 0.2098322, 0.24190263
6799199040000, -2.0317378, 0.19639318, 0.28955013
6799204042000, -2.2495112, 0.12522738, 0.3286455
6799209017000, -2.4923303, 0.016493361, 0.3622431
6799214958000, -2.7501154, -0.22204952, 0.3866777
6799218980000, -3.1881058, -0.30543262, 0.38881573
6799224104000, -3.3454034, -0.45814893, 0.39920044
6799228971000, -3.6792414, -0.5225952, 0.46609017
6799234715000, -3.997502, -0.5326745, 0.5687156
6799238989000, -4.283387, -0.75900006, 0.7144069
6799244037000, -4.4119744, -0.8854492, 0.91599244
6799248921000, -4.3725734, -1.0354166, 1.1582005
6799254049000, -4.2684207, -1.1801916, 1.3374895
6799258943000, -4.1242566, -1.2944235, 1.4367551
6799264028000, -3.9730675, -1.4083499, 1.4990633
6799268965000, -3.7711766, -1.5653422, 1.4810427
6799273971000, -3.5005634, -1.6166549, 1.4401149
6799278974000, -3.3151658, -1.5858061, 1.4077389
6799284076000, -3.2360587, -1.4581354, 1.3723087
6799289019000, -3.2232304, -1.2180653, 1.3778065
6799294001000, -3.2140675, -0.8671232, 1.4056009
6799298978000, -3.198185, -0.38728857, 1.4376713
6799304312000, -3.1309898, 0.13836098, 1.5008959
6799308986000, -3.0634892, 0.59589905, 1.5778649
6799314027000, -3.0353894, 0.83169305, 1.6190983
6799318995000, -3.0812044, 0.9602802, 1.6282613
6799324048000, -3.1850514, 1.2000448, 1.6523905
6799329132000, -3.374725, 1.50731, 1.6398678
6799334083000, -3.601356, 1.8634444, 1.5827519
6799339066000, -3.7394116, 2.2446244, 1.4590516
6799344030000, -3.8133264, 2.5244007, 1.2932017
6799348960000, -3.8353174, 2.6597073, 1.112691
6799354022000, -3.901291, 2.5906794, 0.97524637
6799359032000, -4.048815, 2.235767, 0.8197812
6799364025000, -4.219857, 1.7589865, 0.6542367
6799369015000, -4.3059893, 1.3161092, 0.55680364
6799374058000, -4.2244387, 1.065349, 0.5458081
6799379022000, -4.0289617, 1.0433578, 0.57543504
6799384093000, -3.92542, 1.2339478, 0.59559363
6799389096000, -3.9104538, 1.4340062, 0.64873886
6799394121000, -3.9073997, 1.7571539, 0.675617
6799399027000, -4.0081925, 2.2033908, 0.6429357
6799404025000, -4.1786237, 2.3964243, 0.5867361
6799409034000, -4.254982, 2.336865, 0.5332854
6799414934000, -4.211305, 2.19209, 0.45173484
6799418986000, -4.0375137, 2.1300871, 0.41050145
6799424117000, -3.9785655, 2.1041253, 0.32834008
6799429031000, -3.8615847, 2.0476203, 0.23365596
6799434074000, -3.7501018, 2.0201313, 0.13927728
6799439135000, -3.623958, 1.881465, 0.07422013
6799444040000, -3.4568865, 1.7082846, 0.027794369
6799449013000, -3.2992833, 1.6872098, 0.009773844
6799454051000, -3.2036827, 1.7311921, -0.006414085
6799459032000, -3.1441233, 1.7272215, -0.023518313
6799463922000, -3.008206, 1.6756034, -0.03604105
6799469025000, -2.840218, 1.5409076, -0.032070424
6799473965000, -2.624888, 1.5030339, -0.01038471
6799479028000, -2.4248295, 1.5060883, -0.009162978
6799483987000, -2.3417518, 1.5216653, -0.015577064
6799489629000, -2.144748, 1.5128077, -0.0290161
6799493962000, -1.9135354, 1.4999796, -0.060170226
6799499030000, -1.6869044, 1.4697418, -0.09865474
6799504008000, -1.4969252, 1.4187346, -0.14049901
6799509033000, -1.3038919, 1.310306, -0.16523905
6799513992000, -1.0995574, 1.2064588, -0.17348573
6799519015000, -0.90194255, 1.1346822, -0.17134771
6799524059000, -0.72051555, 1.0629056, -0.15088372
6799529028000, -0.54428095, 0.97433007, -0.09437868
6799533928000, -0.37995818, 0.8426886, -0.036651913
6799539068000, -0.1908954, 0.6899723, 0.022602014
6799544108000, -0.015271631, 0.50793445, 0.079107046
6799548991000, 0.17134771, 0.3381139, 0.16462818
6799553994000, 0.364992, 0.19730948, 0.2452624
6799559660000, 0.52564955, 0.098043874, 0.33658674
6799563990000, 0.67011917, 0.03390302, 0.45570546
6799568963000, 0.7996226, 0.01985312, 0.5494733
6799573985000, 0.93431836, 0.02076942, 0.6609562
6799578980000, 1.0613784, 0.06536258, 0.70463306
6799584006000, 1.1304061, 0.1282817, 0.79045963
6799589011000, 1.2614367, 0.20433442, 0.8503244
6799593999000, 1.3933836, 0.26419923, 0.8940013
6799598988000, 1.5128077, 0.30787608, 0.91996306
6799603990000, 1.6462818, 0.3381139, 0.9184359
6799608990000, 1.7614299, 0.31642818, 0.90469146
6799615079000, 1.9511036, 0.2556471, 0.8552113
6799618988000, 2.331978, 0.06261369, 0.82986045
6799623971000, 2.4840834, -0.27855456, 0.75655663
6799629338000, 2.7779098, -0.72692966, 0.677755
6799633970000, 2.9000828, -1.2476922, 0.5714644
6799639003000, 2.765387, -1.7299703, 0.46486846
6799644003000, 2.4871378, -1.990199, 0.39950588
6799648986000, 2.300213, -1.8732183, 0.40866885
6799653991000, 2.3796256, -1.3347405, 0.41050145
6799658989000, 2.5717428, -0.782213, 0.39370266
6799663990000, 2.7641652, -0.6444628, 0.32375857
6799668958000, 2.869845, -1.0268645, 0.23487769
6799674013000, 2.8997774, -1.2333369, 0.21746802
6799679023000, 2.8362474, -1.4587462, 0.23243423
6799684037000, 2.7934868, -1.3967434, 0.2770274
6799689036000, 2.7311785, -1.1496484, 0.31948254
6799694088000, 2.706744, -1.0552697, 0.312763
6799698968000, 2.7644706, -1.1230757, 0.30176744
6799704028000, 2.8041768, -1.2840388, 0.28771752
6799708984000, 2.7736337, -1.5103643, 0.24312437
6799714031000, 2.7479773, -1.6154331, 0.17562376
6799719005000, 2.7116308, -1.6282613, 0.04550946
6799724105000, 2.7235427, -1.5570955, -0.063224554
6799729014000, 2.7617218, -1.4966198, -0.1777618
6799734036000, 2.8053987, -1.4828753, -0.28069258
6799739151000, 2.8389962, -1.5763378, -0.3371976
6799744042000, 2.8631253, -1.7391334, -0.41386122
6799749000000, 2.881146, -1.7345519, -0.49388456
6799754033000, 2.878397, -1.6395624, -0.54733527
6799759019000, 2.8255572, -1.5741998, -0.6249151
6799764024000, 2.7635543, -1.4541647, -0.6805039
6799768945000, 2.692694, -1.3817772, -0.70524395
6799774076000, 2.6621506, -1.2938126, -0.7470882
6799779010000, 2.64749, -1.2327261, -0.7742717
6799784029000, 2.6459627, -1.244638, -0.8170323
6799789042000, 2.6621506, -1.2947289, -0.8378017
6799794039000, 2.6331346, -1.2654073, -0.91813046
6799799027000, 2.5271494, -1.0940597, -1.0192287
6799804010000, 2.3167064, -1.0311406, -1.0693196
6799809028000, 2.1826215, -1.0873401, -1.0983357
6799815668000, 2.1413882, -1.2675453, -1.0870347
6799819021000, 2.225993, -1.2880094, -1.0842859
6799824029000, 2.2650883, -1.2968669, -1.0503827
6799829035000, 2.3142629, -1.2867876, -1.001819
6799834033000, 2.3603833, -1.2131784, -0.9764681
6799839129000, 2.4077253, -1.142318, -0.9211848
6799844109000, 2.4623978, -1.0177015, -0.8402451
6799849122000, 2.5121834, -0.9053023, -0.7480045
6799854027000, 2.5259278, -0.7837401, -0.65026605
6799859032000, 2.5781567, -0.6383542, -0.5726862
6799864022000, 2.634662, -0.49571714, -0.535118
6799869011000, 2.6960537, -0.41599923, -0.49541172
6799874030000, 2.7128525, -0.25900686, -0.47555858
6799879024000, 2.7091873, -0.08093964, -0.4266894
6799884712000, 2.6731462, 0.13561209, -0.37598756
6799889132000, 2.5460863, 0.20250183, -0.36651915
6799893998000, 2.4984388, 0.30298916, -0.34025195
6799899024000, 2.4217753, 0.38881573, -0.32070425
6799903989000, 2.3503041, 0.42455134, -0.30695978
6799909039000, 2.3096814, 0.41325033, -0.28710666
6799913919000, 2.262034, 0.36010507, -0.29565877
6799919012000, 2.2534819, 0.28924468, -0.30879238
6799924000000, 2.2278256, 0.19822577, -0.31581733
6799929011000, 2.2101104, 0.09773844, -0.34513888
6799933974000, 2.1847596, 0.014966198, -0.37598756
6799939119000, 2.13925, -0.05955936, -0.3979787
6799944040000, 2.0873265, -0.14202617, -0.4083634
6799948978000, 2.0341814, -0.20555615, -0.4129449
6799954460000, 1.9706513, -0.26206118, -0.4016439
6799959009000, 1.9126191, -0.38362336, -0.40133846
6799963998000, 1.8408424, -0.5476407, -0.3933972
6799968951000, 1.7971655, -0.6435465, -0.38728857
6799974058000, 1.7800614, -0.8536842, -0.38881573
6799978973000, 1.7290541, -1.0659598, -0.3979787
6799983982000, 1.6496416, -1.2907583, -0.39950588
6799988976000, 1.5809193, -1.4575244, -0.38606682
6799993958000, 1.5195273, -1.5986344, -0.37018433
6799998955000, 1.4584408, -1.6355917, -0.3866777
6800003985000, 1.3888022, -1.5131133, -0.40103304
6800008980000, 1.3374895, -1.2837334, -0.3857614
6800014971000, 1.2522738, -1.0555751, -0.364992
6800018997000, 1.1435398, -0.8885035, -0.38973203
6800024203000, 0.98440933, -0.8063421, -0.4129449
6800028980000, 0.84329945, -0.743423, -0.42638394
6800034050000, 0.70341134, -0.6301075, -0.4392121
6800038986000, 0.6056729, -0.45570546, -0.4269948
6800044043000, 0.5537493, -0.30909783, -0.42149702
6800048976000, 0.5540548, -0.22479841, -0.3998113
6800054029000, 0.5876524, -0.18203785, -0.3744604
6800059106000, 0.63285637, -0.17165314, -0.3200934
6800064004000, 0.68569624, -0.13805555, -0.26236662
6800069114000, 0.74067414, -0.112704635, -0.20341812
6800078964000, 0.8023715, -0.14966199, -0.113926366
6800084046000, 0.80970186, -0.25900686, -0.07422013
6800088990000, 0.7993172, -0.3707952, -0.056199603
6800094039000, 0.768163, -0.46731192, -0.04520403
6800098918000, 0.7287622, -0.52320606, -0.047647487
6800104182000, 0.6942484, -0.51007247, -0.06688975
6800108934000, 0.6227771, -0.4569272, -0.09468412
6800114021000, 0.5488624, -0.364992, -0.13805555
6800118981000, 0.462425, -0.25809056, -0.17806722
6800124082000, 0.38331795, -0.160963, -0.21594086
6800128922000, 0.312763, -0.046120327, -0.24740042
6800134028000, 0.2501493, 0.073303826, -0.26908615
6800139879000, 0.21410827, 0.1908954, -0.27488935
6800144108000, 0.1908954, 0.29810223, -0.28405234
6800149006000, 0.14263703, 0.36285394, -0.2855795
6800154036000, 0.10934488, 0.39675698, -0.2959642
6800159016000, 0.08399397, 0.36560285, -0.2950479
6800164026000, 0.044898596, 0.3381139, -0.28771752
6800169016000, -0.0290161, 0.27122417, -0.28344148
6800174206000, -0.0693332, 0.18387043, -0.28038713
6800179028000, -0.14202617, 0.09101892, -0.28099802
6800184033000, -0.23793201, -0.008857546, -0.28710666
6800189064000, -0.3481932, -0.09590584, -0.29016098
6800194030000, -0.48716503, -0.18142697, -0.29168814
6800199026000, -0.6789767, -0.18417588, -0.27275133
6800204028000, -0.89949906, -0.116675265, -0.22693644
6800209697000, -1.1560625, -0.022296581, -0.1600467
6800214931000, -1.4269812, 0.058337633, -0.0571159
6800219014000, -1.6982054, 0.14660765, 0.1001819
6800224033000, -1.9724839, 0.22052236, 0.27214047
6800229030000, -2.2339342, 0.2602286, 0.43004912
6800234031000, -2.488054, 0.28008172, 0.58368176
6800239149000, -2.7217102, 0.2706133, 0.7131852
6800244123000, -2.9290988, 0.23151793, 0.8167268
6800249008000, -3.1236594, 0.1572978, 0.88331115
6800254021000, -3.2675183, 0.04550946, 0.9221011
6800259038000, -3.4238997, -0.083383106, 0.9459248
6800264009000, -3.5876117, -0.17623462, 0.95417154
6800269020000, -3.6532795, -0.38423425, 0.96669424
6800274002000, -3.8090503, -0.61911196, 1.0079277
6800278925000, -4.0268235, -0.8323039, 1.1047498
6800283987000, -4.2485676, -1.0424415, 1.2974777
6800289155000, -4.3832636, -1.3035865, 1.4886786
6800293922000, -4.3661594, -1.5534303, 1.5354098
6800299026000, -4.1593814, -1.772731, 1.4645494
6800303944000, -3.8499782, -1.9468275, 1.3649784
6800309030000, -3.49476, -2.1184807, 1.2831224
6800313955000, -3.1166344, -2.1132884, 1.3063353
6800319009000, -2.8221974, -1.6972891, 1.3765849
6800324047000, -2.6471846, -0.7263188, 1.4114041
6800329036000, -2.6734517, 0.38728857, 1.3435981
6800334003000, -2.86282, 1.1624765, 1.2556335
6800339053000, -3.0940325, 1.416902, 1.1652255
6800343966000, -3.2620203, 1.3848315, 1.0867293
6800348997000, -3.3921347, 1.2999213, 1.0604621
6800354029000, -3.477045, 1.4013249, 1.0900891
6800359034000, -3.5338554, 1.7773124, 1.1053606
6800364247000, -3.6367862, 2.2699752, 1.0638218
6800368989000, -3.7571268, 2.4874432, 1.0308352
6800374039000, -3.808745, 2.8200593, 0.95417154
6800379026000, -3.9263363, 3.004846, 0.8729264
6800383957000, -4.0986004, 2.966056, 0.7611381
6800389079000, -4.2723913, 2.6062565, 0.6301075
6800393928000, -4.3197336, 2.1206186, 0.5152648
6800399026000, -4.284609, 1.6044376, 0.4560109
6800404036000, -4.10868, 1.2928963, 0.4831944
6800409033000, -3.8869355, 1.0195341, 0.5329799
6800414940000, -3.6639698, 0.8063421, 0.59315014
6800419002000, -3.4538321, 1.0323622, 0.636827
6800424105000, -3.4547484, 1.3927728, 0.66523224
6800429029000, -3.5228598, 1.6841555, 0.70738196
6800434054000, -3.5763106, 2.1285598, 0.7290677
6800439055000, -3.709479, 2.296548, 0.743423
6800444043000, -3.7647624, 2.1734586, 0.75777835
6800448985000, -3.677714, 2.0790799, 0.7293731
6800454032000, -3.6163223, 1.947133, 0.6881397
6800459033000, -3.5430183, 1.8451185, 0.63224554
6800464011000, -3.4257324, 1.6352862, 0.6093381
6800469006000, -3.3771684, 1.5760323, 0.5479461
6800474058000, -3.318831, 1.5784758, 0.47342056
6800479021000, -3.2754595, 1.5372424, 0.40775254
6800484029000, -3.2268956, 1.4776831, 0.37018433
6800489041000, -3.1532865, 1.4636332, 0.3555236
6800494033000, -3.0995302, 1.4483615, 0.32162055
6800498994000, -3.0335567, 1.2547172, 0.30543262
6800504030000, -2.8426614, 1.196685, 0.31031954
6800509027000, -2.706744, 1.2226468, 0.32345316
6800514029000, -2.6025913, 1.1829406, 0.3210097
6800519029000, -2.439185, 1.1817188, 0.34147367
6800524082000, -2.2751677, 1.2507466, 0.3387248
6800529029000, -2.1465805, 1.3014483, 0.3286455
6800534594000, -2.0363193, 1.2916746, 0.3032946
6800539028000, -1.9004018, 1.2538009, 0.28038713
6800544033000, -1.7424932, 1.2370021, 0.27091873
6800548985000, -1.6059648, 1.2366967, 0.25289822
6800554024000, -1.4694363, 1.2082914, 0.25503623
6800559015000, -1.3264939, 1.1945469, 0.2648101
6800564027000, -1.251052, 1.1420126, 0.27305678
6800569078000, -1.0983357, 1.0601566, 0.2938262
6800574098000, -0.956615, 0.8717047, 0.32895094
6800578919000, -0.766025, 0.63132924, 0.37018433
6800584051000, -0.539394, 0.43096542, 0.4007276
6800588973000, -0.29626966, 0.27885997, 0.41050145
6800594035000, -0.089186326, 0.18784106, 0.4392121
6800598924000, 0.086132, 0.15607607, 0.4728097
6800604617000, 0.2489276, 0.18234327, 0.52473325
6800608942000, 0.38912117, 0.24129178, 0.5757405
6800615125000, 0.51068336, 0.2938262, 0.64812803
6800618987000, 0.6197228, 0.32834008, 0.71776664
6800624057000, 0.73914695, 0.3484986, 0.79320854
6800629266000, 0.8604037, 0.33750305, 0.86742866
6800634057000, 1.0302242, 0.28802297, 0.93951076
6800639418000, 1.20371, 0.16829337, 0.9786061
6800644048000, 1.3939945, 0.0012217305, 1.0274754
6800648917000, 1.5827519, -0.18325958, 1.0558805
6800654040000, 1.7898352, -0.33383787, 1.0564915
6800658930000, 2.005165, -0.39522982, 1.0497719
6800664024000, 2.1077905, -0.54183745, 1.0323622
6800668938000, 2.3310618, -0.72173727, 0.99173975
6800674201000, 2.5799894, -0.9098838, 0.91599244
6800678920000, 2.8341093, -1.1157454, 0.838718
6800684038000, 3.0812044, -1.3472633, 0.7556403
6800688978000, 3.2348368, -1.6933185, 0.6612616
6800694030000, 3.2143729, -1.964848, 0.56291234
6800698990000, 3.0250046, -1.9865338, 0.52320606
6800703980000, 2.7809641, -1.6594155, 0.54702985
6800709002000, 2.6966646, -1.0873401, 0.5665775
6800713987000, 2.7534752, -0.6957755, 0.52412236
6800718967000, 2.83808, -0.86559606, 0.42180246
6800724008000, 2.8777862, -1.4352279, 0.32375857
6800729027000, 2.8738155, -1.9062049, 0.2761111
6800734052000, 2.8307495, -1.883603, 0.22235495
6800739094000, 2.7339275, -1.464244, 0.20066923
6800744126000, 2.6120598, -1.0894781, 0.18295415
6800749007000, 2.568383, -0.9605856, 0.20861048
6800754024000, 2.5894578, -0.96852684, 0.28802297
6800759038000, 2.5647178, -1.0836749, 0.31764993
6800764022000, 2.5567765, -1.2009611, 0.3268129
6800769014000, 2.563496, -1.1618657, 0.24953845
6800774029000, 2.5900686, -0.96761054, 0.17348573
6800779030000, 2.5809057, -0.766025, 0.129198
6800784020000, 2.5879307, -0.65668017, 0.04520403
6800789033000, 2.6401596, -0.68233645, -0.056505036
6800794023000, 2.718045, -0.7965683, -0.14263703
6800799022000, 2.8002062, -0.95325524, -0.24831672
6800804012000, 2.8518243, -1.0393872, -0.38240165
6800809033000, 2.855795, -1.087951, -0.50854534
6800815178000, 2.8393016, -1.0626001, -0.5742133
6800819001000, 2.8093693, -0.9987647, -0.6032294
6800824052000, 2.7721064, -1.03786, -0.66248333
6800829026000, 2.7571404, -1.0552697, -0.73914695
6800834321000, 2.727208, -1.0381655, -0.7837401
6800838990000, 2.6645942, -1.039998, -0.83169305
6800844315000, 2.6010642, -1.2880094, -0.93462384
6800848990000, 2.5857925, -1.6664404, -0.9947941
6800853970000, 2.6789496, -1.8017471, -1.01312
6800859509000, 2.7241535, -1.9110919, -1.0644327
6800863949000, 2.7757716, -1.9013181, -1.0858129
6800868964000, 2.808453, -1.8628336, -1.1221595
6800873990000, 2.8188376, -1.8115209, -1.1682798
6800878987000, 2.8307495, -1.7800614, -1.2296717
6800883945000, 2.8701503, -1.7397442, -1.2678508
6800889061000, 2.89825, -1.6145169, -1.2840388
6800893987000, 2.831055, -1.359786, -1.2519683
6800899019000, 2.6801713, -1.0283916, -1.1640037
6800903940000, 2.5329528, -0.66767573, -1.0274754
6800909032000, 2.4614816, -0.3173445, -0.87872964
6800914016000, 2.4208589, -0.115453534, -0.7480045
6800919002000, 2.3881776, 0.1160644, -0.698219
6800924050000, 2.3719897, 0.40042216, -0.6575964
6800928926000, 2.346028, 0.60903263, -0.6221663
6800934017000, 2.3173172, 0.7131852, -0.5919284
6800939043000, 2.2693644, 0.7443393, -0.5479461
6800944035000, 2.201253, 0.7535023, -0.50976706
6800948986000, 2.1255057, 0.7507534, -0.47647488
6800954031000, 2.0650299, 0.7266242, -0.4392121
6800959032000, 2.0390682, 0.68386364, -0.4343252
6800964026000, 1.9996674, 0.605062, -0.4297437
6800969002000, 1.971873, 0.5006041, -0.44501534
6800974056000, 1.96271, 0.35796702, -0.46792278
6800979023000, 1.947133, 0.20799962, -0.48838675
6800984035000, 1.9428569, 0.067500606, -0.50885075
6800989049000, 1.9303342, -0.0421497, -0.5131268
6800994038000, 1.9113973, -0.15515977, -0.49541172
6800998972000, 1.8796324, -0.22540927, -0.4804455
6801003999000, 1.8390098, -0.20341812, -0.45540005
6801008982000, 1.7852536, -0.14782938, -0.44593164
6801015158000, 1.7363845, -0.1554652, -0.44135013
6801019018000, 1.6982054, -0.22296582, -0.4392121
6801024064000, 1.649947, -0.3304781, -0.43463063
6801029037000, 1.6099354, -0.4474588, -0.44012842
6801034060000, 1.5470163, -0.602924, -0.42210788
6801039006000, 1.5225816, -0.7296785, -0.38728857
6801044002000, 1.5088371, -0.8011498, -0.39920044
6801048950000, 1.4740179, -0.8136725, -0.40744713
6801054008000, 1.4581354, -0.7987063, -0.4025602
6801059000000, 1.3924674, -0.75533485, -0.40011674
6801064005000, 1.3304645, -0.7171558, -0.41905355
6801068947000, 1.2605205, -0.6771441, -0.41722095
6801078958000, 1.1386528, -0.68203104, -0.410196
6801084052000, 1.0824533, -0.69913524, -0.3924809
6801088954000, 1.0488557, -0.7254025, -0.3830125
6801094056000, 1.0033462, -0.77366084, -0.36193767
6801098924000, 0.947452, -0.84940815, -0.33017266
6801103983000, 0.8604037, -0.8872818, -0.2828306
6801108924000, 0.7678576, -0.8384125, -0.22021692
6801113994000, 0.68661255, -0.81336707, -0.14844026
6801118970000, 0.6169739, -0.70952, -0.10323623
6801124018000, 0.58276546, -0.5326745, -0.102319926
6801128964000, 0.57360244, -0.30604348, -0.13133603
6801134082000, 0.5888741, -0.10934488, -0.15271631
6801139043000, 0.634689, 0.0015271631, -0.1572978
6801144022000, 0.66798115, 0.05497787, -0.16432275
6801148997000, 0.6951646, 0.0720821, -0.160963
6801154031000, 0.6942484, 0.07727446, -0.17715092
6801159004000, 0.66950834, 0.032375857, -0.21074851
6801164023000, 0.63804877, -0.03023783, -0.22937989
6801168997000, 0.6075055, -0.09437868, -0.2452624
6801174063000, 0.5742133, -0.13500121, -0.25320363
6801179002000, 0.56199604, -0.16707164, -0.2452624
6801184088000, 0.5222898, -0.15210545, -0.2415972
6801189111000, 0.4605924, -0.09101892, -0.22540927
6801194028000, 0.35308012, 0.024740042, -0.23090707
6801199356000, 0.21563543, 0.18784106, -0.24190263
6801204025000, 0.086132, 0.36346483, -0.25534168
6801208992000, -0.059253927, 0.4569272, -0.24831672
6801214981000, -0.19364429, 0.48197266, -0.23151793
6801218953000, -0.29352075, 0.44806966, -0.19547687
6801224045000, -0.36285394, 0.37201694, -0.13439035
6801228923000, -0.4334089, 0.24984388, -0.09437868
6801234011000, -0.49602258, 0.1441642, -0.06719518
6801238981000, -0.5992588, 0.07238753, -0.037873644
6801244080000, -0.72051555, 0.052839845, -0.0143553335
6801248960000, -0.86345804, 0.053450707, -0.0033597588
6801253983000, -0.9407325, 0.099265605, 0.025045475
6801258999000, -1.1136073, 0.1423316, 0.077579886
6801263986000, -1.3078625, 0.19211712, 0.13897185
6801268998000, -1.5088371, 0.23854288, 0.20647246
6801274034000, -1.7101172, 0.24678956, 0.27488935
6801278996000, -1.926669, 0.23762658, 0.34422258
6801284013000, -2.1453588, 0.1572978, 0.41996986
6801289004000, -2.3671029, 0.06566802, 0.47739118
6801293992000, -2.604424, -0.06963864, 0.5177083
6801298987000, -2.8316658, -0.26145032, 0.5513059
6801303963000, -3.0619621, -0.5012149, 0.57818395
6801309000000, -3.2494977, -0.77824235, 0.5900958
6801313989000, -3.44528, -0.98715824, 0.59773165
6801319024000, -3.6346483, -1.0338894, 0.5925393
6801324056000, -3.83715, -0.91874135, 0.63621616
6801329054000, -4.0814962, -0.7644979, 0.7189884
6801334111000, -4.2919393, -0.7125743, 0.84116143
6801339047000, -4.338976, -0.6783658, 0.95203346
6801344025000, -4.2164974, -0.68661255, 1.0626001
6801348990000, -4.0002513, -0.74372846, 1.1273518
6801354008000, -3.8786888, -0.86101454, 1.248914
6801359030000, -3.578754, -0.9999864, 1.319469
6801364018000, -3.2760704, -1.2043208, 1.3353515
6801369016000, -3.0744848, -1.2174544, 1.2663237
6801374031000, -2.9513955, -0.90316427, 1.1774428
6801379026000, -2.7934868, -0.4538729, 1.1994339
6801383956000, -2.6090055, 0.030543262, 1.2788464
6801389074000, -2.52043, 0.4382958, 1.3402383
6801393918000, -2.4672847, 0.7318166, 1.387275
6801399027000, -2.4614816, 0.872621, 1.423316
6801403933000, -2.5054638, 0.88147855, 1.4291192
6801409030000, -2.6062565, 0.7825184, 1.3860532
6801414928000, -2.7452285, 0.68233645, 1.3356569
6801419005000, -2.8835895, 0.7302894, 1.3240504
6801424333000, -3.0213394, 0.8790351, 1.3048081
6801429025000, -3.1386256, 1.1142182, 1.2962561
6801433995000, -3.193909, 1.4440855, 1.2776246
6801439062000, -3.22995, 1.7803668, 1.2476922
6801444030000, -3.255301, 1.9456058, 1.1786644
6801448987000, -3.3261611, 2.1978931, 1.131017
6801454241000, -3.366173, 2.2892175, 0.93767816
6801459028000, -3.4556646, 2.2812762, 0.88422745
6801463979000, -3.5231652, 2.2342396, 0.7779369
6801469001000, -3.5472944, 2.0934353, 0.7086037
6801474061000, -3.5515707, 1.844813, 0.6398814
6801479027000, -3.5188892, 1.5180001, 0.59589905
6801483920000, -3.426954, 0.9755518, 0.61819565
6801489080000, -3.2204816, 0.68233645, 0.6462954
6801493927000, -3.0537155, 0.7528914, 0.6563747
6801499021000, -3.0433307, 0.87781334, 0.65179324
6801503944000, -3.0586023, 1.1814134, 0.66645396
6801509028000, -3.1676416, 1.5393804, 0.6569856
6801513925000, -3.2598825, 1.7318029, 0.65209866
6801519003000, -3.2556064, 1.7705929, 0.6392705
6801523969000, -3.241251, 1.7311921, 0.6047566
6801529025000, -3.2253685, 1.6297885, 0.57940567
6801533965000, -3.1740558, 1.5454891, 0.5519168
6801539062000, -3.1050282, 1.5482379, 0.49021935
6801544005000, -3.073263, 1.5598444, 0.45051312
6801548988000, -3.0567696, 1.6093245, 0.37598756
6801554011000, -3.0619621, 1.600467, 0.27947086
6801559026000, -2.9895744, 1.5647314, 0.20799962
6801564051000, -2.903748, 1.6698002, 0.15515977
6801569013000, -2.8481593, 1.6044376, 0.129198
6801574074000, -2.68628, 1.4840971, 0.09468412
6801579020000, -2.509129, 1.5063937, 0.04886922
6801584029000, -2.4165828, 1.5066991, 0.014049901
6801589042000, -2.293188, 1.4779885, -0.009162978
6801594026000, -2.1520782, 1.4672983, -0.003970624
6801599026000, -2.0271564, 1.4721853, -0.025350908
6801604011000, -1.8903224, 1.5085317, -0.044593163
6801608991000, -1.7534887, 1.4700472, -0.057726767
6801615141000, -1.5903877, 1.4162911, -0.056505036
6801619002000, -1.4257594, 1.3662001, -0.03634648
6801624029000, -1.2855659, 1.2596041, -0.03268129
6801629014000, -1.1462886, 1.1273518, -0.013439035
6801633957000, -0.98624194, 1.0051788, -0.011911872
6801639075000, -0.84391034, 0.8885035, -0.007330383
6801644036000, -0.6954701, 0.8170323, -0.008246681
6801648988000, -0.6246097, 0.66889745, 0.02076942
6801654029000, -0.4633413, 0.54519725, 0.07513642
6801659014000, -0.30848694, 0.4636467, 0.116675265
6801664027000, -0.16523905, 0.4550946, 0.17898351
6801669015000, -0.04428773, 0.5030475, 0.25289822
6801674077000, 0.04917465, 0.5290093, 0.31948254
6801679024000, 0.15393804, 0.5015204, 0.3979787
6801684026000, 0.28069258, 0.42180246, 0.4636467
6801689044000, 0.42180246, 0.38759398, 0.54275376
6801694025000, 0.5693264, 0.3436117, 0.6068946
6801698981000, 0.75777835, 0.3182608, 0.6585127
6801704041000, 0.9841039, 0.2883284, 0.6985244
6801708958000, 1.2070698, 0.2134974, 0.7244862
6801714024000, 1.4101825, 0.11759156, 0.74220127
6801718947000, 1.5897768, 0.032070424, 0.763887
6801724108000, 1.7592919, -0.054061573, 0.7724391
6801728920000, 1.969735, -0.11575896, 0.7669413
6801734024000, 2.239432, -0.23090707, 0.74464476
6801739060000, 2.568383, -0.3555236, 0.6960809
6801744025000, 2.8435776, -0.7959574, 0.65270954
6801748940000, 2.9205468, -1.4807373, 0.5516113
6801754017000, 2.8292224, -2.2327125, 0.43463063
6801758965000, 2.5192082, -2.7140744, 0.37018433
6801763990000, 2.271197, -2.4297166, 0.33200526
6801768988000, 2.302962, -1.4963144, 0.32925636
6801774056000, 2.5121834, -0.8918633, 0.2919936
6801778975000, 2.6557367, -1.1578951, 0.22632557
6801784022000, 2.7097983, -1.8225164, 0.16920967
6801789081000, 2.6621506, -2.098933, 0.16126843
6801794026000, 2.538145, -1.8686367, 0.1826487
6801798994000, 2.4107797, -1.3860532, 0.21074851
6801804013000, 2.339614, -1.0577132, 0.25473082
6801808979000, 2.3252585, -1.0036516, 0.28680122
6801814938000, 2.2989914, -1.0934488, 0.27397305
6801818946000, 2.2791383, -1.1716396, 0.22479841
6801824076000, 2.300824, -1.1530081, 0.15271631
6801828923000, 2.3576343, -1.1068878, 0.050396383
6801834027000, 2.4162774, -0.9825767, -0.06383542
6801838964000, 2.4526238, -0.90377516, -0.10048734
6801844068000, 2.4651468, -0.86590147, -0.13652839
6801849028000, 2.5158484, -0.98746365, -0.23854288
6801854024000, 2.6032023, -1.1194105, -0.35277468
6801859035000, 2.6441302, -1.2278391, -0.4184427
6801864026000, 2.653904, -1.314582, -0.49480084
6801869028000, 2.6685648, -1.248914, -0.54000485
6801874074000, 2.6233609, -1.1447614, -0.58459806
6801879027000, 2.6062565, -1.1029172, -0.63255095
6801884021000, 2.5970936, -1.1588113, -0.6774496
6801889129000, 2.6316075, -1.2425, -0.7275405
6801894105000, 2.663067, -1.3182472, -0.7489208
6801899031000, 2.6459627, -1.3952162, -0.8008443
6801904016000, 2.5870142, -1.4538593, -0.82986045
6801909032000, 2.4770586, -1.4694363, -0.8384125
6801914023000, 2.3487768, -1.5558738, -0.8680395
6801919039000, 2.3011293, -1.6291776, -0.8897252
6801923951000, 2.3096814, -1.599856, -0.9053023
6801929033000, 2.3371704, -1.5238034, -0.9166033
6801933984000, 2.3545802, -1.5161675, -0.93737274
6801939014000, 2.3649647, -1.5079209, -0.9468411
6801943963000, 2.3854287, -1.4712689, -0.9755518
6801949005000, 2.4327707, -1.462106, -0.97066486
6801953936000, 2.461787, -1.5121969, -0.92057395
6801959033000, 2.4718661, -1.4978416, -0.8790351
6801963920000, 2.4740043, -1.4205672, -0.8323039
6801969021000, 2.4871378, -1.2672399, -0.7812967
6801973981000, 2.4856107, -1.0641272, -0.7131852
6801979031000, 2.4651468, -0.7993172, -0.6243043
6801983949000, 2.4208589, -0.569021, -0.52564955
6801989154000, 2.3817637, -0.37812558, -0.4841107
6801993965000, 2.3341162, -0.23457226, -0.49693888
6801999027000, 2.2748623, -0.089491755, -0.5177083
6802003985000, 2.1978931, 0.04520403, -0.52290064
6802009033000, 2.090381, 0.15454891, -0.5128214
6802014979000, 2.0069978, 0.25045475, -0.50915617
6802018977000, 1.9147571, 0.34330627, -0.5015204
6802024033000, 1.8460348, 0.4633413, -0.49663344
6802029001000, 1.8017471, 0.5900958, -0.5039638
6802033933000, 1.7424932, 0.6398814, -0.5131268
6802039009000, 1.7244726, 0.6933321, -0.52473325
6802043981000, 1.7037032, 0.6545421, -0.5366451
6802048949000, 1.6920967, 0.5546656, -0.54550266
6802053910000, 1.7110336, 0.42546764, -0.539394
6802058925000, 1.7489072, 0.30482176, -0.52381694
6802063908000, 1.7742581, 0.16126843, -0.52534413
6802068916000, 1.8148806, -0.0125227375, -0.5140431
6802073933000, 1.8445076, -0.18936823, -0.5045747
6802078926000, 1.8829921, -0.3408628, -0.48655418
6802083934000, 1.9071213, -0.42943826, -0.4596761
6802088940000, 1.9071213, -0.46273044, -0.39614612
6802093931000, 1.9098701, -0.45020768, -0.35521814
6802098924000, 1.8826867, -0.43127087, -0.35033122
6802103925000, 1.8509218, -0.43493605, -0.33261612
6802108943000, 1.8106046, -0.47250426, -0.31856623
6802113931000, 1.7498235, -0.54519725, -0.29077184
6802118914000, 1.7168368, -0.6536258, -0.27030787
6802123934000, 1.6588045, -0.75869465, -0.25686884
6802128931000, 1.6178766, -0.79779, -0.2593123
6802133931000, 1.575116, -0.8744536, -0.27305678
6802139162000, 1.5439619, -0.9147707, -0.31673363
6802144106000, 1.4999796, -0.91446525, -0.34025195
6802148989000, 1.430341, -0.8781188, -0.36010507
6802154027000, 1.3677273, -0.8032878, -0.37384954
6802159034000, 1.2776246, -0.8170323, -0.37232238
6802164030000, 1.1817188, -0.8051204, -0.3585779
6802169008000, 1.0604621, -0.7651087, -0.3387248
6802174041000, 0.9101892, -0.7141015, -0.31612277
6802179025000, 0.75747293, -0.69974613, -0.28588495
6802184016000, 0.6203337, -0.6908886, -0.25167647
6802189049000, 0.5131268, -0.68661255, -0.22724187
6802194028000, 0.43890667, -0.6533204, -0.2012801
6802199022000, 0.37812558, -0.6105598, -0.1704314
6802204025000, 0.3213151, -0.56382865, -0.12583824
6802209026000, 0.28221974, -0.5140431, -0.06841691
6802213921000, 0.2302962, -0.45998153, -0.01740966
6802219058000, 0.1957823, -0.42119157, 0.030543262
6802224061000, 0.17898351, -0.40439278, 0.03726278
6802228969000, 0.17195857, -0.38331795, 0.038179077
6802234026000, 0.16554448, -0.31245756, 0.03176499
6802238988000, 0.16646078, -0.25442538, 0.019242255
6802244031000, 0.1591304, -0.19975294, 0.017715093
6802248921000, 0.14844026, -0.18417588, 0.004581489
6802253979000, 0.14477506, -0.16982053, 9.162979E-4
6802258972000, 0.14630222, -0.14844026, 0.014660766
6802264027000, 0.15057829, -0.12705997, 0.003970624
6802268996000, 0.15851954, -0.082161374, -0.029321533
6802274078000, 0.13408493, -0.015271631, -0.058643065
6802278951000, 0.09560041, 0.0711658, -0.08277224
6802284024000, 0.029932396, 0.1600467, -0.110872045
6802289017000, -0.03023783, 0.24190263, -0.13103059
6802294029000, -0.082161374, 0.2919936, -0.16371189
6802298938000, -0.18234327, 0.27763826, -0.1826487
6802304033000, -0.2837469, 0.20097467, -0.2003638
6802308931000, -0.41172317, 0.093767814, -0.20616703
6802314024000, -0.5589417, -0.014660766, -0.19394971
6802318948000, -0.72173727, -0.056199603, -0.18112154
6802324097000, -0.88514376, -0.048258353, -0.15118915
6802328924000, -1.0644327, -0.028405234, -0.13469578
6802334022000, -1.1588113, 0.027794369, -0.08399397
6802338963000, -1.3371841, 0.082161374, -0.018020526
6802344028000, -1.518611, 0.1386664, 0.06963864
6802348967000, -1.6954565, 0.17195857, 0.15210545
6802354007000, -1.885741, 0.17104226, 0.2171626
6802358979000, -2.0680842, 0.1423316, 0.2779437
6802363972000, -2.2632558, 0.0842994, 0.32498032
6802369029000, -2.473088, -0.0061086523, 0.3744604
6802374091000, -2.7156014, -0.10323623, 0.39767328
6802379133000, -2.9767463, -0.23945917, 0.39675698
6802383978000, -3.2656856, -0.35460728, 0.40317106
6802389130000, -3.58303, -0.41233405, 0.410196
6802393987000, -3.8857138, -0.36010507, 0.41630468
6802398996000, -4.160603, -0.30940324, 0.45081854
6802403980000, -4.3175955, -0.37507126, 0.5815437
6802409049000, -4.3090434, -0.5552765, 0.7648033
6802415102000, -4.096157, -0.82344633, 0.97585726
6802419060000, -3.8127155, -1.1187997, 1.1786644
6802424576000, -3.536299, -1.3732251, 1.314582
6802429089000, -3.2895093, -1.4871514, 1.3695599
6802433988000, -3.1716123, -1.6132951, 1.45783
6802439012000, -2.9651399, -1.5491543, 1.45783
6802443984000, -2.8322768, -1.3316863, 1.3322971
6802448985000, -2.8108964, -1.1129965, 1.0995574
6802453934000, -2.955977, -0.7324274, 1.0012082
6802458906000, -2.97583, -0.21135938, 1.1206323
6802463908000, -2.8695395, 0.19364429, 1.2834278
6802468907000, -2.7641652, 0.38087448, 1.3946054
6802473937000, -2.7690523, 0.41691554, 1.3952162
6802478900000, -2.8756483, 0.3827071, 1.328021
6802483910000, -3.0326405, 0.37812558, 1.2617421
6802488934000, -3.170696, 0.6462954, 1.2327261
6802493897000, -3.2803464, 1.1374311, 1.1930199
6802498893000, -3.3625078, 1.6823229, 1.1249083
6802503919000, -3.4504724, 2.2049181, 1.0534371
6802508956000, -3.520722, 2.6487117, 0.95569867
6802513893000, -3.613268, 2.9113839, 0.8561276
6802518869000, -3.7183368, 2.9743028, 0.75716746
6802523955000, -3.856087, 2.9373455, 0.66859204
6802528868000, -3.9309177, 2.6939158, 0.6252206
6802533899000, -4.022853, 2.3402247, 0.5519168
6802538901000, -4.0579777, 1.8500054, 0.5366451
6802543891000, -4.0063596, 1.3286319, 0.5317582
6802548879000, -3.8902953, 0.83016586, 0.5299256
6802553925000, -3.6499197, 0.58246, 0.52870387
6802558949000, -3.407101, 0.8744536, 0.5299256
6802563922000, -3.4370334, 1.2092078, 0.5311473
6802568917000, -3.5479054, 1.4950926, 0.5390886
6802573968000, -3.6541958, 1.8316795, 0.5519168
6802578898000, -3.8084393, 1.949271, 0.5580254
6802583919000, -3.866777, 1.8839084, 0.5467244
6802588949000, -3.813021, 1.8497, 0.5180137
6802593906000, -3.7705657, 1.7333301, 0.47219884
6802598890000, -3.7302487, 1.6111571, 0.4373795
6802603918000, -3.673438, 1.5677856, 0.3930918
6802608928000, -3.626096, 1.6059648, 0.35277468
6802614456000, -3.5976908, 1.5467108, 0.310625
6802618888000, -3.5182784, 1.4563028, 0.27183503
6802623896000, -3.3939674, 1.4385877, 0.2565634
6802628896000, -3.3585372, 1.3775011, 0.24404067
6802633890000, -3.2449162, 1.2791518, 0.21105394
6802638922000, -3.0524936, 1.3686435, 0.16737708
6802643892000, -2.958726, 1.4391985, 0.09468412
6802648893000, -2.8447995, 1.5125023, 0.031154128
6802653904000, -2.7519479, 1.6007724, -0.018936822
6802658899000, -2.7189612, 1.6728544, -0.050701816
6802663891000, -2.658791, 1.7400496, -0.0580322
6802668888000, -2.5830436, 1.8005253, -0.04917465
6802673896000, -2.4831672, 1.8216002, -0.032375857
6802678976000, -2.362216, 1.7965547, -0.0021380284
6802683896000, -2.2424862, 1.7650951, 0.040317107
6802688905000, -2.1154263, 1.7293595, 0.06688975
6802693899000, -1.9734001, 1.6982054, 0.08399397
6802699129000, -1.8264871, 1.6487253, 0.09865474
6802703960000, -1.6844609, 1.5583172, 0.10140363
6802708949000, -1.5418239, 1.4801265, 0.093462385
6802713964000, -1.4074335, 1.4340062, 0.08979719
6802718956000, -1.2702943, 1.4065173, 0.10262536
6802724031000, -1.1267409, 1.3093897, 0.110872045
6802728902000, -1.047023, 1.1924089, 0.14110987
6802733963000, -0.88178396, 1.072374, 0.19181168
6802739009000, -0.7107417, 0.9410379, 0.23945917
6802744034000, -0.54305923, 0.77854776, 0.27672195
6802748961000, -0.3830125, 0.57971114, 0.2941316
6802753973000, -0.23762658, 0.36896262, 0.30695978
6802759002000, -0.106595986, 0.129198, 0.32986724
6802763986000, 0.022602014, -0.08399397, 0.3659083
6802769002000, 0.16035213, -0.23671028, 0.37415496
6802773988000, 0.27672195, -0.29077184, 0.3866777
6802778993000, 0.36132678, -0.3323107, 0.4071417
6802783955000, 0.44990227, -0.32498032, 0.4297437
6802788991000, 0.5403103, -0.3390302, 0.46303585
6802793943000, 0.6423248, -0.35338554, 0.47983465
6802798988000, 0.7501425, -0.41355577, 0.5109888
6802803936000, 0.86254174, -0.5039638, 0.53878313
6802809001000, 0.97494096, -0.6047566, 0.61178154
6802814933000, 1.0757337, -0.6478226, 0.6872234
6802818995000, 1.1695015, -0.6579019, 0.75991637
6802824016000, 1.2611313, -0.6429357, 0.8042041
6802828989000, 1.310306, -0.5684101, 0.8717047
6802833922000, 1.4208726, -0.4361578, 0.9315695
6802839030000, 1.5610662, -0.30695978, 0.97433007
6802843931000, 1.7214183, -0.26145032, 0.98868537
6802848986000, 1.7467692, -0.36713, 0.90041536
6802853959000, 1.4727961, -0.61391956, 0.713796
6802858999000, 0.9092729, -0.8918633, 0.5164866
6802863953000, 0.36896262, -0.8762862, 0.45753807
6802868992000, 0.30909783, -0.42180246, 0.5946773
6802874020000, 0.7504479, 0.062002823, 0.75991637
6802878991000, 1.205848, 0.32406402, 0.8362745
6802883953000, 1.3494014, 0.44990227, 0.7632761
6802889052000, 1.2965615, 0.45234573, 0.539394
6802894025000, 1.2522738, 0.1414153, 0.34605515
6802898987000, 1.2235631, -0.3555236, 0.26145032
6802903974000, 1.1545353, -0.57910025, 0.18417588
6802908998000, 1.0906999, -0.36774087, 0.05497787
6802913989000, 1.2046263, -0.00580322, -0.0720821
6802918982000, 1.4446963, 0.09468412, -0.11453723
6802924003000, 1.5671748, 0.015271631, -0.13836098
6802928984000, 1.7406605, -0.24953845, -0.07147124
6802933990000, 1.7971655, -0.52534413, -0.03634648
6802939001000, 1.7675385, -0.6600399, -0.0033597588
6802943995000, 1.7623463, -0.76052725, 0.027794369
6802948985000, 1.8274034, -0.8426886, 0.009162978
6802953973000, 1.858252, -0.9440922, -0.025045475
6802958998000, 1.8463402, -0.98532563, -0.04428773
6802963990000, 1.7788396, -0.958753, -0.07452556
6802968978000, 1.7553213, -0.91965765, -0.09437868
6802974024000, 1.7800614, -0.8720101, -0.08827003
6802979024000, 1.8234328, -0.86834496, -0.12156218
6802984015000, 1.8738291, -0.8970556, -0.14202617
6802988980000, 1.8674151, -0.9831876, -0.16554448
6802994005000, 1.8854356, -1.1136073, -0.1826487
6802998989000, 1.9220876, -1.251052, -0.22266038
6803003971000, 1.9740111, -1.3741413, -0.27030787
6803009003000, 2.0430388, -1.4388931, -0.3136793
6803014350000, 2.072971, -1.4990633, -0.3481932
6803018989000, 2.1242838, -1.5192219, -0.3491095
6803023996000, 2.1551325, -1.5625933, -0.35888332
6803028950000, 2.191479, -1.5836681, -0.3652974
6803033948000, 2.2128594, -1.6084082, -0.36896262
6803038954000, 2.2418754, -1.6337591, -0.36896262
6803043956000, 2.2522602, -1.6624697, -0.3475823
6803048942000, 2.2904391, -1.7415768, -0.32070425
6803053965000, 2.325564, -1.8234328, -0.32284227
6803058926000, 2.3518312, -1.8860464, -0.3032946
6803063959000, 2.3640485, -1.8686367, -0.28405234
6803068938000, 2.3380868, -1.7895297, -0.28496864
6803073971000, 2.3133466, -1.7479908, -0.26328292
6803078924000, 2.2919664, -1.750129, -0.2321288
6803084016000, 2.282498, -1.7095064, -0.20280726
6803088976000, 2.2919664, -1.6368134, -0.16615535
6803094006000, 2.3047945, -1.6087136, -0.11362094
6803098987000, 2.3203716, -1.5543466, -0.049480084
6803103981000, 2.3359487, -1.4395039, 0.047036625
6803108974000, 2.284636, -1.4703526, 0.07849618
6803113990000, 2.2962425, -1.5180001, 0.032070424
6803119124000, 2.3005185, -1.5005904, -0.0143553335
6803124001000, 2.2840252, -1.3796391, -0.04337143
6803129149000, 2.2623394, -1.2538009, -0.12461651
6803133984000, 2.2592852, -1.1114693, -0.26206118
6803139169000, 2.2348504, -0.89552844, -0.35613444
6803143994000, 2.1966715, -0.70188415, -0.38759398
6803149316000, 2.155438, -0.6579019, -0.36926803
6803154019000, 2.1508565, -0.7144069, -0.3555236
6803158980000, 2.157576, -0.8035932, -0.38240165
6803164026000, 2.1783454, -0.86162543, -0.3943135
6803169000000, 2.1746802, -0.8524625, -0.4089743
6803174068000, 2.1707096, -0.7663304, -0.45112398
6803178927000, 2.1707096, -0.6239988, -0.50823987
6803184018000, 2.1499403, -0.48075095, -0.54275376
6803188976000, 2.1300871, -0.3830125, -0.5335908
6803194029000, 2.0864103, -0.2764165, -0.49266282
6803198921000, 2.0497584, -0.2770274, -0.45265114
6803204020000, 2.0635028, -0.2003638, -0.4352415
6803208927000, 2.0088303, -0.16035213, -0.4279111
6803214968000, 1.9254472, -0.043066, -0.42119157
6803218946000, 1.8710803, 0.019547688, -0.43493605
6803224040000, 1.8487836, 0.16371189, -0.43371433
6803228967000, 1.7983873, 0.24953845, -0.40133846
6803234023000, 1.7889189, 0.30390546, -0.38759398
6803238992000, 1.7815884, 0.35521814, -0.40042216
6803244005000, 1.7690657, 0.40744713, -0.42363504
6803248996000, 1.7540996, 0.44043383, -0.4361578
6803253974000, 1.7486018, 0.46609017, -0.43066
6803258997000, 1.7385225, 0.4596761, -0.41783184
6803263990000, 1.7464638, 0.4361578, -0.40408736
6803269010000, 1.7400496, 0.42302418, -0.39522982
6803273995000, 1.720502, 0.43004912, -0.37415496
6803279019000, 1.6887369, 0.46792278, -0.3481932
6803284019000, 1.6581937, 0.52015173, -0.3210097
6803289140000, 1.6410894, 0.57360244, -0.2996294
6803294022000, 1.6206255, 0.59681535, -0.28130344
6803299048000, 1.5735888, 0.5729916, -0.2761111
6803303991000, 1.5280794, 0.50488013, -0.27305678
6803308959000, 1.4724907, 0.4636467, -0.26389378
6803313950000, 1.4110987, 0.3885103, -0.26145032
6803319012000, 1.3869696, 0.32895094, -0.25992316
6803324131000, 1.3118331, 0.3109304, -0.2519819
6803329003000, 1.2208142, 0.32253686, -0.25411993
6803333941000, 1.1355985, 0.38026363, -0.25900686
6803339094000, 1.0748174, 0.42760566, -0.27000242
6803344012000, 1.0180069, 0.42546764, -0.2910773
6803348986000, 0.9633345, 0.39400807, -0.30940324
6803353987000, 0.89949906, 0.34055737, -0.31764993
6803359036000, 0.83291477, 0.27091873, -0.32253686
6803363975000, 0.7849618, 0.19822577, -0.32162055
6803369007000, 0.73884153, 0.124311075, -0.31948254
6803374070000, 0.68600166, 0.050396383, -0.31673363
6803379027000, 0.66645396, -0.0021380284, -0.30482176
6803383983000, 0.63621616, -0.05467244, -0.30543262
6803388999000, 0.6081163, -0.09101892, -0.31856623
6803393931000, 0.5852089, -0.1151481, -0.32467487
6803398989000, 0.5644395, -0.13683382, -0.32436943
6803403947000, 0.54336464, -0.1563815, -0.3173445
6803409002000, 0.4999932, -0.16920967, -0.31215215
6803414925000, 0.4642576, -0.20861048, -0.30757064
6803418995000, 0.4147775, -0.22143865, -0.28924468
6803424022000, 0.38240165, -0.21930063, -0.24617869
6803428984000, 0.30665436, -0.19517145, -0.20463985
6803433951000, 0.23884831, -0.1777618, -0.1563815
6803439002000, 0.16523905, -0.15454891, -0.11636983
6803443999000, 0.1337795, -0.1386664, -0.083383106
6803448980000, 0.10293079, -0.0983493, -0.04337143
6803453981000, 0.07880162, -0.0720821, -0.016187929
6803459002000, 0.07238753, -0.03023783, -0.003970624
6803463988000, 0.0693332, 0.01985312, -0.010995574
6803469016000, 0.07147124, 0.08674286, -0.019242255
6803474007000, 0.067500606, 0.14508049, -0.029626964
6803478988000, 0.082161374, 0.14752395, -0.046731193
6803483981000, 0.086437434, 0.14446963, -0.06994407
6803488984000, 0.093767814, 0.1142318, -0.07819075
6803494003000, 0.10781772, 0.09712757, -0.062308256
6803498986000, 0.12889257, 0.059864793, -0.037873644
6803503972000, 0.118507855, -0.022602014, -0.029626964
6803509001000, 0.07513642, -0.06261369, -0.029321533
6803513987000, 0.05100725, -0.14844026, -0.030543262
6803518985000, 0.014966198, -0.22235495, -0.0143553335
6803523996000, -0.02321288, -0.26083946, 0.01038471
6803528980000, -0.061086524, -0.22021692, 0.04795292
6803533982000, -0.08552113, -0.14110987, 0.07941248
6803538982000, -0.0870483, -0.08307768, 0.09896017
6803544003000, -0.07574729, -0.022602014, 0.11362094
6803548988000, -0.04886922, 0.040927973, 0.09560041
6803553976000, -6.1086525E-4, 0.0888809, 0.07941248
6803558998000, 0.073303826, 0.12522738, 0.047647487
6803563985000, 0.12767084, 0.14202617, 0.010995574
6803568980000, 0.18234327, 0.129198, -0.043982297
6803573994000, 0.23548855, 0.10842858, -0.096516706
6803578985000, 0.2846632, 0.0983493, -0.15118915
6803583979000, 0.30787608, 0.09315695, -0.19211712
6803588987000, 0.3475823, 0.08857546, -0.23640485
6803593995000, 0.3820962, 0.1001819, -0.29840767
6803598984000, 0.4129449, 0.08827003, -0.33353242
6803603979000, 0.43127087, 0.08460484, -0.35918877
6803608986000, 0.45753807, 0.06352998, -0.36926803
6803614924000, 0.47708577, 0.049785517, -0.3912592
6803618992000, 0.48563787, 0.025961773, -0.3915646
6803624010000, 0.4810564, -0.017104227, -0.39675698
6803628923000, 0.4783075, -0.047647487, -0.39492437
6803633986000, 0.47983465, -0.099265605, -0.38515055
6803638970000, 0.46211955, -0.14385876, -0.3662137
6803644006000, 0.4560109, -0.18295415, -0.33200526
6803648918000, 0.45540005, -0.19914207, -0.3005457
6803653972000, 0.44898596, -0.1966986, -0.2706133
6803658925000, 0.44868052, -0.1863139, -0.23976462
6803663989000, 0.45081854, -0.16646078, -0.21930063
6803669011000, 0.43890667, -0.13530666, -0.20769419
6803674003000, 0.43218717, -0.08857546, -0.18387043
6803678979000, 0.43004912, -0.027794369, -0.16187929
6803683983000, 0.42302418, 0.04917465, -0.14874569
6803688982000, 0.4184427, 0.1459968, -0.12583824
6803694008000, 0.4465425, 0.24831672, -0.09560041
6803698987000, 0.46028697, 0.32345316, -0.07513642
6803703975000, 0.4914411, 0.35002577, -0.06414085
6803708998000, 0.4896085, 0.38698313, -0.06811147
6803713988000, 0.5109888, 0.4156938, -0.07666359
6803719180000, 0.5213735, 0.41141775, -0.08307768
6803724115000, 0.5354234, 0.39675698, -0.076358154
6803729060000, 0.5140431, 0.35827246, -0.071776666
6803733983000, 0.5006041, 0.27763826, -0.0729984
6803738980000, 0.46853364, 0.19303341, -0.07574729
6803744001000, 0.41325033, 0.08735373, -0.07696902
6803748983000, 0.3662137, -0.027183503, -0.06994407
6803753982000, 0.31978795, -0.118202426, -0.06780604
6803759180000, 0.28527406, -0.19242255, -0.06383542
6803763990000, 0.2611449, -0.23396139, -0.06536258
6803769026000, 0.2443461, -0.24923302, -0.07452556
6803774010000, 0.22999077, -0.25167647, -0.086437434
6803778930000, 0.20525073, -0.22968534, -0.098043874
6803783989000, 0.18203785, -0.20158553, -0.11362094
6803788994000, 0.16371189, -0.16798794, -0.1142318
6803793995000, 0.15057829, -0.11178834, -0.1337795
6803798918000, 0.13836098, -0.0888809, -0.12889257
6803803970000, 0.110872045, -0.04642576, -0.13103059
6803808972000, 0.10781772, -0.0106901415, -0.11942416
6803814951000, 0.11026118, 0.038179077, -0.10598512
6803818990000, 0.10629055, 0.050701816, -0.10170906
6803824005000, 0.10262536, 0.064446285, -0.08460484
6803828964000, 0.10995574, 0.07941248, -0.086132
6803834023000, 0.10262536, 0.06994407, -0.08093964
6803839021000, 0.094989546, 0.054061573, -0.076052725
6803844004000, 0.084910266, 0.04917465, -0.06536258
6803848996000, 0.06994407, 0.040927973, -0.054061573
6803853979000, 0.076052725, 0.039095376, -0.04795292
6803858968000, 0.07147124, 0.02107485, -0.061391957
6803863988000, 0.07147124, -0.028099801, -0.056505036
6803868983000, 0.059253927, -0.07666359, -0.052534413
6803874051000, 0.05589417, -0.14294247, -0.047036625
6803878996000, 0.06383542, -0.17745635, -0.035430185
6803883981000, 0.06719518, -0.19486602, -0.024129177
6803889022000, 0.06383542, -0.20280726, -0.023518313
6803893998000, 0.056199603, -0.19364429, -0.026267206
6803898990000, 0.046731193, -0.18478674, -0.021991149
6803903980000, 0.055283304, -0.15271631, -0.019242255
6803909003000, 0.04337143, -0.12767084, -0.01985312
6803913992000, 0.03176499, -0.10140363, -0.015577064
6803918961000, 0.026267206, -0.08093964, -0.014049901
6803924100000, 0.019242255, -0.056199603, -0.01740966
6803929020000, 0.0033597588, -0.03970624, -0.018020526
6803934017000, -0.013439035, -0.035430185, -0.01038471
6803939061000, -0.023823744, -0.02565634, -0.008857546
6803944026000, -0.028099801, -0.021685716, 6.1086525E-4
6803949001000, -0.035430185, -0.013439035, 3.0543262E-4
6803954006000, -0.044593163, -0.010079277, 0.009162978
6803959037000, -0.05009095, -0.019242255, 0.005497787
6803964023000, -0.049480084, -0.052839845, 0.007941248
6803968982000, -0.05131268, -0.084910266, 0.0027488936
6803973989000, -0.04642576, -0.10354166, 0.011911872
6803979002000, -0.042455133, -0.116980694, 0.013439035
6803983939000, -0.04734206, -0.13164146, 0.017104227
6803989042000, -0.054367006, -0.13041973, 0.020158553
6803993965000, -0.05131268, -0.12767084, 0.032986723
6803999026000, -0.046120327, -0.12675454, 0.029321533
6804003975000, -0.046120327, -0.11026118, 0.03268129
6804009002000, -0.04917465, -0.099571034, 0.038789943
6804014928000, -0.043066, -0.08857546, 0.044593163
6804018982000, -0.05375614, -0.07788532, 0.045814894
6804024024000, -0.046731193, -0.06383542, 0.050396383
6804028958000, -0.056505036, -0.05955936, 0.048563786
6804033955000, -0.049480084, -0.04734206, 0.0421497
6804038965000, -0.04734206, -0.028405234, 0.0421497
6804043963000, -0.063224554, -0.00580322, 0.031154128
6804048947000, -0.056505036, 0.0125227375, 0.02565634
6804053975000, -0.07360926, 0.03359759, 0.02443461
6804058958000, -0.076052725, 0.032375857, 0.020158553
6804063963000, -0.08093964, 0.020463986, 0.018325957
6804068973000, -0.070554934, -0.015882496, 0.010995574
6804073990000, -0.0720821, -0.045814894, 0.020158553
6804078987000, -0.09743301, -0.06688975, 0.025961773
6804084032000, -0.09773844, -0.099571034, 0.03848451
6804089038000, -0.098043874, -0.11362094, 0.04917465
6804094030000, -0.106901415, -0.11911872, 0.049480084
6804099025000, -0.11301007, -0.115453534, 0.051923547
6804104027000, -0.12034045, -0.116675265, 0.055588737
6804109027000, -0.12492194, -0.12980886, 0.064446285
6804114027000, -0.11789699, -0.1301143, 0.06994407
6804119040000, -0.12034045, -0.14538592, 0.076052725
6804124067000, -0.1133155, -0.14935656, 0.07727446
6804129027000, -0.10354166, -0.14813483, 0.07788532
6804134028000, -0.10323623, -0.14630222, 0.08674286
6804139039000, -0.09712757, -0.14477506, 0.08674286
6804144031000, -0.101098195, -0.13713925, 0.08155051
6804148987000, -0.10445796, -0.11759156, 0.07238753
6804154023000, -0.08735373, -0.11056661, 0.06994407
6804158989000, -0.09254608, -0.092240654, 0.06536258
6804164029000, -0.0852157, -0.08979719, 0.057726767
6804169038000, -0.08002335, -0.087659165, 0.05375614
6804174046000, -0.07422013, -0.07574729, 0.04337143
6804178921000, -0.06047566, -0.09315695, 0.03634648
6804184029000, -0.04642576, -0.11759156, 0.03848451
6804188961000, -0.03573562, -0.12461651, 0.03023783
6804194030000, -0.046731193, -0.12186762, 0.034208454
6804198951000, -0.052534413, -0.12950343, 0.037873644
6804204035000, -0.04153884, -0.13500121, 0.027794369
6804208963000, -0.04550946, -0.11453723, 0.023518313
6804214951000, -0.03634648, -0.10629055, 0.013744468
6804219031000, -0.036651913, -0.09560041, 0.011301007
6804224048000, -0.03176499, -0.090713486, 0.009468411
6804229012000, -0.03268129, -0.074830994, 0.011911872
6804234028000, -0.036651913, -0.05955936, 0.015882496
6804239002000, -0.032986723, -0.04734206, 0.003970624
6804244031000, -0.027183503, -0.036957346, -6.1086525E-4
6804248963000, -0.02321288, -0.024740042, -0.0021380284
6804254035000, -0.015271631, -0.017104227, -0.01160644
6804259255000, -0.0076358155, 0.003970624, -0.020158553
6804264027000, -0.0027488936, 0.007941248, -0.017104227
6804269032000, 0.006414085, 0.03145956, -0.018020526
6804274041000, -0.0012217305, 0.025961773, -0.018020526
6804278927000, 0.0033597588, 0.028710667, -0.021380283
6804284021000, 0.01282817, 0.022907447, -0.019242255
6804288972000, 0.01282817, 0.03145956, -0.016493361
6804294028000, 0.004276057, 0.033292156, -0.013439035
6804298923000, 0.0012217305, 0.034513887, -0.011301007
6804304020000, 3.0543262E-4, 0.04062254, -0.008246681
6804308934000, 0.009773844, 0.056505036, -0.006414085
6804314025000, 0.0061086523, 0.07574729, -0.005192355
6804318952000, 0.0061086523, 0.065973446, -0.0076358155
6804324056000, 0.004276057, 0.07696902, -0.002443461
6804328959000, 0.004886922, 0.07696902, 0.0015271631
6804334020000, 6.1086525E-4, 0.07360926, 6.1086525E-4
6804339026000, -0.002443461, 0.070249505, 0.0067195175
6804344026000, -0.00580322, 0.056505036, 0.01038471
6804349008000, -0.0106901415, 0.04917465, 0.01160644
6804354026000, -0.009773844, 0.050701816, 0.01863139
6804359036000, -0.017104227, 0.054061573, 0.026572637
6804364021000, -0.019547688, 0.046120327, 0.025350908
6804369030000, -0.021685716, 0.043982297, 0.0290161
6804374049000, -0.025961773, 0.04153884, 0.027794369
6804379104000, -0.023823744, 0.027183503, 0.028099801
6804384023000, -0.03145956, 0.01863139, 0.0290161
6804389064000, -0.027488936, 0.010079277, 0.025045475
6804394036000, -0.04062254, 0.005192355, 0.028099801
6804399028000, -0.031154128, -0.00580322, 0.02687807
6804404021000, -0.029626964, -0.013744468, 0.023518313
6804409038000, -0.03359759, -0.028405234, 0.029626964
6804414949000, -0.03390302, -0.032986723, 0.02107485
6804419058000, -0.03145956, -0.042760566, 0.023518313
6804424028000, -0.029932396, -0.03176499, 0.025961773
6804429033000, -0.034208454, -0.040317107, 0.018936822
6804434019000, -0.03145956, -0.031154128, 0.016493361
6804439082000, -0.035430185, -0.028710667, 0.018020526
6804444027000, -0.030543262, -0.017715093, 0.018020526
6804449000000, -0.01985312, -0.004276057, 0.02321288
6804454006000, -0.027183503, -0.004886922, 0.023518313
6804459034000, -0.027794369, -0.009773844, 0.020463986
6804464025000, -0.01985312, -0.0067195175, 0.024129177
6804468983000, -0.029626964, -0.01160644, 0.02321288
6804473983000, -0.02076942, -0.013133603, 0.016187929
6804479006000, -0.02443461, -0.03023783, 0.017715093
6804483933000, -0.017715093, -0.0290161, 0.0070249503
6804489007000, -0.021685716, -0.029932396, 0.007330383
6804493954000, -0.027488936, -0.030543262, 0.008552114
6804498991000, -0.019242255, -0.026267206, 0.00580322
6804503991000, -0.017104227, -0.035124753, 0.002443461
6804509026000, -0.016493361, -0.036957346, 0.004276057
6804514032000, -0.017104227, -0.035124753, 0.004276057
6804518960000, -0.007941248, -0.032070424, -0.004581489
6804524048000, -0.00580322, -0.030543262, 0.0015271631
6804529066000, -0.009468411, -0.0143553335, 0.0027488936
6804533963000, -0.0070249503, -0.0070249503, 6.1086525E-4
6804539008000, 0.002443461, 9.162979E-4, 0.0030543262
6804543997000, -9.162979E-4, 0.006414085, -9.162979E-4
6804548993000, -0.008246681, 0.008552114, -0.004886922
6804555644000, -0.013439035, 0.02107485, -0.005497787
6804558965000, -0.014660766, 0.023518313, -0.004581489
6804563924000, -0.014049901, 0.03604105, -0.004276057
6804568998000, -0.02321288, 0.028405234, -0.017715093
6804574016000, -0.02565634, 0.00580322, -0.0125227375
6804579048000, -0.03176499, -0.009162978, -0.009773844
6804583921000, -0.027488936, -0.0125227375, -0.010995574
6804588994000, -0.03176499, -0.027183503, -0.009162978
6804593959000, -0.04184427, -0.047036625, -0.002443461
6804598988000, -0.03726278, -0.049785517, -0.002443461
6804603965000, -0.03268129, -0.048258353, 0.004886922
6804609004000, -0.028710667, -0.051923547, 0.0125227375
6804614945000, -0.038789943, -0.04428773, 0.011911872
6804619047000, -0.027488936, -0.044898596, 0.01038471
6804624026000, -0.040927973, -0.039095376, 0.014660766
6804628987000, -0.03726278, -0.040011674, 0.01282817
6804634007000, -0.044593163, -0.049785517, 0.013439035
6804639059000, -0.04886922, -0.04886922, 0.013133603
6804644049000, -0.062002823, -0.051618114, 0.008246681
6804648986000, -0.06688975, -0.049785517, 0.008857546
6804654058000, -0.08002335, -0.03634648, 0.003970624
6804659033000, -0.08277224, -0.039095376, 0.0018325958
6804664024000, -0.08979719, -0.04337143, 0.0018325958
6804669028000, -0.09132435, -0.044898596, 0.0015271631
6804674120000, -0.098043874, -0.035430185, -0.0018325958
6804679063000, -0.08246681, -0.03726278, 0.0033597588
6804684021000, -0.09682214, -0.03604105, 0.008857546
6804689051000, -0.09040806, -0.04642576, 0.0076358155
6804694037000, -0.086132, -0.062002823, 0.0125227375
6804699024000, -0.08124508, -0.0693332, 0.022907447
6804704025000, -0.07086037, -0.07666359, 0.022602014
6804709031000, -0.07880162, -0.080634214, 0.022296581
6804714026000, -0.086437434, -0.073303826, 0.022907447
6804719007000, -0.07971791, -0.07452556, 0.026267206
6804724100000, -0.077579886, -0.058337633, 0.027183503
6804729039000, -0.07849618, -0.051618114, 0.024740042
6804734027000, -0.09254608, -0.0421497, 0.0290161
6804739042000, -0.089186326, -0.03481932, 0.025961773
6804744038000, -0.08155051, -0.023518313, 0.020158553
6804748989000, -0.08002335, -0.024129177, 0.025350908
6804754031000, -0.076358154, -0.0070249503, 0.02321288
6804759034000, -0.077579886, -0.0021380284, 0.028710667
6804764028000, -0.067500606, 0.008246681, 0.023518313
6804769031000, -0.07727446, 0.014049901, 0.025045475
6804774055000, -0.06688975, 0.0125227375, 0.022602014
6804778992000, -0.06688975, 0.022602014, 0.018325957
6804784031000, -0.06414085, 0.017715093, 0.017715093
6804789046000, -0.05222898, 0.01038471, 0.015271631
6804794038000, -0.06261369, 0.0027488936, 0.010079277
6804798979000, -0.05131268, -0.011911872, 0.015271631
6804804034000, -0.055283304, -0.0125227375, 0.01282817
6804808954000, -0.04795292, -0.008552114, 0.012217305
6804814959000, -0.045814894, -0.013439035, 0.0125227375
6804818948000, -0.052534413, -0.011301007, 0.0125227375
6804824074000, -0.04917465, -0.003970624, 0.008857546
6804828925000, -0.04734206, 0.007941248, 0.019547688
6804834024000, -0.050701816, 0.016798794, 0.01985312
6804838955000, -0.04917465, 0.016493361, 0.01160644
6804844034000, -0.049785517, 0.020463986, 0.019242255
6804848986000, -0.046120327, 0.01160644, 0.013744468
6804853985000, -0.049785517, 0.015882496, 0.011301007
6804858960000, -0.03726278, 0.021685716, 0.016798794
6804863989000, -0.03940081, 0.02321288, 0.010079277
6804868997000, -0.040011674, 0.016493361, 0.004581489
6804874078000, -0.027183503, 0.010995574, 0.010079277
6804878994000, -0.03634648, 0.0125227375, 0.0027488936
6804884014000, -0.027183503, 0.009162978, 3.0543262E-4
6804888973000, -0.032375857, 3.0543262E-4, 9.162979E-4
6804894033000, -0.02687807, -6.1086525E-4, -6.1086525E-4
6804898996000, -0.027183503, -0.0067195175, -0.0067195175
6804904029000, -0.020463986, 3.0543262E-4, -0.01038471
6804909010000, -0.02107485, -0.0012217305, -0.008857546
6804914021000, -0.031154128, -0.009468411, -0.007941248
6804919010000, -0.0290161, -0.009773844, -9.162979E-4
6804924056000, -0.02443461, -0.007941248, -0.0018325958
6804929008000, -0.026267206, -0.00580322, 3.0543262E-4
6804934024000, -0.039095376, 0.00580322, -0.004886922
6804939071000, -0.034513887, 0.0018325958, -0.008246681
6804944030000, -0.025045475, 0.017104227, 0.0012217305
6804948992000, -0.02321288, 0.029932396, -0.007941248
6804954026000, -0.03023783, 0.03390302, -0.009773844
6804959034000, -0.022907447, 0.029626964, -0.01038471
6804964020000, -0.03145956, 0.020463986, -0.008552114
6804969022000, -0.018936822, 0.021685716, -0.005192355
6804974049000, -0.022907447, 0.011911872, -0.00580322
6804979026000, -0.013133603, 0.014966198, 0.002443461
6804984019000, -0.015882496, 0.012217305, 0.0027488936
6804989053000, -0.022907447, 0.00580322, -0.0061086523
6804994027000, -0.011911872, 9.162979E-4, -0.010079277
6804999013000, -0.010079277, 0.0036651916, 3.0543262E-4
6805004019000, -0.016187929, 0.01160644, -6.1086525E-4
6805009033000, -0.020463986, 0.015882496, 0.004581489
6805013988000, -0.02321288, 0.026267206, 0.004276057
6805019023000, -0.031154128, 0.024129177, 0.0012217305
6805024058000, -0.02687807, 0.021380283, 0.002443461
6805029023000, -0.038179077, 0.029321533, -0.002443461
6805034021000, -0.034513887, 0.034208454, 6.1086525E-4
6805039049000, -0.04337143, 0.029626964, 0.0021380284
6805043983000, -0.038789943, 0.030543262, 0.004276057
6805048989000, -0.04184427, 0.03359759, 0.008552114
6805053984000, -0.042760566, 0.029321533, 0.0012217305
6805059032000, -0.057421334, 0.027488936, 0.005497787
6805063949000, -0.047036625, 0.026267206, 0.0027488936
6805069030000, -0.03359759, 0.028405234, 0.005192355
6805073983000, -0.04550946, 0.019242255, 0.008246681
6805079013000, -0.04184427, 0.017104227, 0.0067195175
6805083982000, -0.04062254, 0.0076358155, 0.008552114
6805089030000, -0.04153884, 0.0036651916, 0.011301007
6805093994000, -0.04062254, -0.0061086523, 0.003970624
6805099023000, -0.042455133, -0.0070249503, 0.0021380284
6805104001000, -0.03359759, -0.005192355, 0.006414085
6805109027000, -0.037873644, 0.0015271631, 0.007330383
6805114007000, -0.042455133, -0.005192355, 0.0076358155
6805119030000, -0.040927973, 0.0125227375, 0.014049901
6805124050000, -0.0421497, 0.009773844, 0.009468411
6805129019000, -0.04520403, 0.017715093, 0.01038471
6805134238000, -0.04550946, 0.016187929, 0.011911872
6805139058000, -0.035124753, 0.027183503, 0.0106901415
6805144392000, -0.046731193, 0.021991149, 0.01160644
6805148991000, -0.046120327, 0.025350908, 0.011911872
6805153992000, -0.038179077, 0.029932396, 0.0033597588
6805159028000, -0.040011674, 0.0143553335, 0.004276057
6805163920000, -0.048258353, 0.016493361, 0.01160644
6805169029000, -0.05497787, 0.005192355, 0.008857546
6805173962000, -0.049785517, 0.0061086523, 0.0106901415
6805179025000, -0.050396383, 0.007941248, 0.009162978
6805183920000, -0.051618114, -0.004886922, 0.011301007
6805189097000, -0.049480084, -0.003970624, 0.004581489
6805193998000, -0.054061573, -0.013744468, 0.0021380284
6805198969000, -0.05009095, -0.014966198, 0.0061086523
6805203987000, -0.050396383, -0.015577064, 0.007330383
6805208961000, -0.051923547, -0.008552114, 0.005192355
6805213964000, -0.049480084, -0.005497787, 0.01038471
6805218997000, -0.04428773, -0.0030543262, 0.008552114
6805224036000, -0.044593163, 0.0021380284, 0.01282817
6805228960000, -0.044898596, 0.002443461, 0.011301007
6805233953000, -0.04642576, 0.0012217305, 0.01038471
6805238996000, -0.043066, 0.01038471, 0.014660766
6805244000000, -0.034208454, 0.01160644, 0.010079277
6805248985000, -0.03634648, 0.021380283, 0.013744468
6805253901000, -0.04917465, 0.015577064, 0.013133603
6805258910000, -0.03481932, 0.01740966, 0.0106901415
6805263907000, -0.029321533, 0.019547688, 0.010995574
6805268901000, -0.03359759, 0.008552114, 0.011911872
6805273950000, -0.03023783, 0.007941248, 0.013439035
6805278907000, -0.030543262, 0.006414085, 0.013744468
6805283903000, -0.03573562, 0.006414085, 0.0033597588
6805288947000, -0.03145956, -0.005497787, 0.007330383
6805293910000, -0.031154128, -0.010995574, 0.0061086523
6805298906000, -0.035430185, -0.016798794, 0.01038471
6805304028000, -0.034513887, -0.01985312, 0.012217305
6805309033000, -0.043066, -0.0143553335, 0.009468411
6805314027000, -0.035124753, -0.018020526, 0.0033597588
6805319010000, -0.04184427, -0.012217305, 0.010079277
6805324132000, -0.032070424, -0.011911872, 0.013744468
6805329030000, -0.03634648, -6.1086525E-4, 0.0143553335
6805334026000, -0.03756821, -6.1086525E-4, 0.014660766
6805338976000, -0.040317107, 0.006414085, 0.015271631
6805344033000, -0.03726278, 0.016493361, 0.018325957
6805348930000, -0.042455133, 0.012217305, 0.013439035
6805354035000, -0.03940081, 0.013439035, 0.015271631
6805358920000, -0.03634648, 0.015271631, 0.005497787
6805364027000, -0.04337143, 0.016798794, 0.013133603
6805368951000, -0.039095376, 0.009468411, 0.013744468
6805374069000, -0.04337143, 0.010995574, 0.010079277
6805378929000, -0.05955936, 0.009773844, 0.014049901
6805384025000, -0.04917465, -0.0021380284, 0.013133603
6805389039000, -0.04886922, -0.009162978, 0.022296581
6805394030000, -0.049480084, -0.016798794, 0.010995574
6805398993000, -0.049480084, -0.019242255, 0.015271631
6805404022000, -0.058337633, -0.01985312, 0.01863139
6805409004000, -0.061086524, -0.013133603, 0.018325957
6805414951000, -0.04642576, -0.015271631, 0.01740966
6805418991000, -0.060170226, -0.015577064, 0.01863139
6805424051000, -0.055588737, -0.0067195175, 0.018020526
6805429212000, -0.052839845, 0.0030543262, 0.022602014
6805434019000, -0.047036625, -0.0036651916, 0.020463986
6805439028000, -0.0421497, -0.0036651916, 0.018020526
6805444025000, -0.050396383, -3.0543262E-4, 0.016493361
6805448970000, -0.042760566, 0.005497787, 0.015271631
6805454033000, -0.057421334, -6.1086525E-4, 0.016187929
6805458929000, -0.044593163, -0.007941248, 0.0106901415
6805464021000, -0.050701816, -0.0061086523, 0.01160644
6805468945000, -0.05100725, -0.01282817, 0.009162978
6805474116000, -0.05009095, -0.016798794, 0.020158553
6805478977000, -0.05100725, -0.022296581, 0.01985312
6805484022000, -0.04337143, -0.018020526, 0.014966198
6805488963000, -0.04520403, -0.015271631, 0.01740966
6805494033000, -0.047647487, -0.01282817, 0.0125227375
6805498928000, -0.04642576, -0.010995574, 0.008246681
6805503977000, -0.045814894, -0.004886922, 0.011301007
6805508951000, -0.04337143, 0.0061086523, 0.017715093
6805513989000, -0.032375857, 0.017104227, 0.011911872
6805518980000, -0.032986723, 0.011911872, 0.011301007
6805524064000, -0.025045475, 0.018936822, 0.013133603
6805529064000, -0.029321533, 0.019547688, 0.011301007
6805534023000, -0.029626964, 0.022602014, 0.0070249503
6805539070000, -0.030543262, 0.01282817, 0.003970624
6805543993000, -0.025961773, 0.0061086523, 0.009773844
6805548990000, -0.029932396, -6.1086525E-4, 0.0106901415
6805553976000, -0.020463986, 0.004276057, 0.01038471
6805558979000, -0.018020526, -6.1086525E-4, 0.008246681
6805563991000, -0.018325957, 0.008552114, 0.009162978
6805568976000, -0.03023783, 0.0021380284, 0.0067195175
6805574018000, -0.031154128, 0.006414085, 0.010079277
6805578989000, -0.026572637, 0.007330383, 0.013439035
6805583989000, -0.0290161, 0.00580322, 0.008246681
6805588996000, -0.023518313, 0.0015271631, 0.008857546
6805593991000, -0.030543262, 0.008246681, 0.0061086523
6805599025000, -0.027183503, 0.0067195175, 0.0061086523
6805604021000, -0.021685716, 0.01038471, 0.005192355
6805609027000, -0.027794369, 0.004581489, 0.0106901415
6805614960000, -0.021380283, 9.162979E-4, 0.01160644
6805619025000, -0.029626964, -0.0018325958, 0.01160644
6805624105000, -0.026572637, -0.0030543262, 0.016187929
6805629129000, -0.0290161, 9.162979E-4, 0.009468411
6805634023000, -0.022907447, -0.0067195175, 0.01282817
6805639001000, -0.028099801, -0.01038471, 0.020158553
6805643995000, -0.03268129, -0.016798794, 0.016187929
6805648989000, -0.027488936, -0.021380283, 0.014966198
6805653975000, -0.022602014, -0.019547688, 0.012217305
6805658998000, -0.03176499, -0.008246681, 0.0061086523
6805663984000, -0.027488936, -0.017715093, 0.015577064
6805668971000, -0.029626964, -0.016493361, 0.014049901
6805673995000, -0.026267206, -0.009468411, 0.0143553335
6805679005000, -0.021380283, -0.016493361, 0.013133603
6805683946000, -0.027488936, -0.02443461, 0.009162978
6805688999000, -0.02565634, -0.016493361, 0.005497787
6805693927000, -0.02076942, -0.017104227, 0.006414085
6805698992000, -0.018020526, -0.02076942, 0.008552114
6805703947000, -0.027488936, -0.022296581, 0.009162978
6805709001000, -0.0125227375, -0.016493361, 0.0061086523
6805713918000, -0.020463986, -0.0030543262, 0.009468411
6805718987000, -0.0143553335, -0.01160644, 0.009162978
6805723995000, -0.025045475, -3.0543262E-4, 0.014049901
6805729029000, -0.018936822, 0.002443461, 0.009468411
6805733972000, -0.023823744, 0.004581489, 0.014966198
6805739104000, -0.035124753, 0.0106901415, 0.0106901415
6805744008000, -0.03023783, 0.020463986, 0.005497787
6805748987000, -0.031154128, 0.028099801, 0.009162978
6805754010000, -0.02687807, 0.020463986, 0.013744468
6805759032000, -0.0290161, 0.020463986, 0.01282817
6805763969000, -0.032986723, 0.0125227375, 0.0106901415
6805769020000, -0.029321533, 9.162979E-4, 0.015577064
6805774237000, -0.02443461, 0.004581489, 0.020463986
6805779094000, -0.020463986, 0.0033597588, 0.02076942
6805783999000, -0.02321288, -0.0027488936, 0.01038471
6805789097000, -0.02107485, -9.162979E-4, 0.012217305
6805793974000, -0.023518313, 0.013439035, 0.014966198
6805799024000, -0.04337143, 0.008246681, 0.01740966
6805803985000, -0.031154128, -6.1086525E-4, 0.019547688
6805808969000, -0.024129177, 0.009468411, 0.015271631
6805814629000, -0.0290161, 0.0012217305, 0.019547688
6805818974000, -0.035124753, 0.0067195175, 0.01985312
6805824037000, -0.03634648, 0.00580322, 0.0125227375
6805829094000, -0.032070424, 0.013133603, 0.016798794
6805833964000, -0.032986723, 0.01863139, 0.016798794
6805839022000, -0.03023783, 0.02321288, 0.019242255
6805843972000, -0.04337143, 0.01863139, 0.01282817
6805848990000, -0.03634648, 0.009773844, 0.005192355
6805854032000, -0.03573562, 0.016798794, 0.015577064
6805859029000, -0.038179077, 0.0106901415, 0.008246681
6805864008000, -0.03145956, 0.018020526, 0.018020526
6805869027000, -0.032375857, 0.01160644, 0.0106901415
6805874076000, -0.026572637, -0.008552114, 0.0106901415
6805879022000, -0.025961773, -0.01160644, 0.0067195175
6805884042000, -0.010079277, -0.01160644, 0.015882496
6805889022000, -0.01740966, -0.0106901415, 0.016798794
6805894028000, -0.015577064, -0.011911872, 0.017715093
6805899013000, -0.012217305, -0.004581489, 0.016798794
6805904031000, -0.017104227, 0.005497787, 0.014966198
6805909026000, -0.023823744, 9.162979E-4, 0.018325957
6805914014000, -0.014966198, 0.004276057, 0.015577064
6805919035000, -0.018020526, 0.014660766, 0.023823744
6805924073000, -0.021991149, 0.019547688, 0.013133603
6805929024000, -0.01985312, 0.016493361, 0.0076358155
6805934024000, -0.021991149, 0.021685716, 0.013439035
6805939018000, -0.03176499, 0.01985312, 0.012217305
6805944032000, -0.030848695, 0.016493361, 0.0061086523
6805948989000, -0.02687807, 0.016493361, 0.009162978
6805954024000, -0.02565634, 0.014660766, 0.004886922
6805959026000, -0.030848695, 0.012217305, 0.0106901415
6805964020000, -0.03481932, 0.013744468, 0.007941248
6805969015000, -0.029932396, 0.01160644, 0.004581489
6805974059000, -0.026267206, 0.0036651916, 0.008857546
6805979032000, -0.022602014, -0.009162978, 0.0021380284
6805984027000, -0.016187929, -0.008246681, 0.003970624
6805989013000, -0.021685716, -3.0543262E-4, 0.006414085
