#Rate of rotation around the x y z axes (Angular velocity).
#timestamp(ns),x,y,z(rad/s)
#Datetime: 22/04/2015 16:29:18
##########################################
#Activity: 5 - STU - Stairs up - 10s
#Subject ID: 47
#First Name: sub47
#Last Name: sub47
#Age: 21
#Height(cm): 180
#Weight(kg): 85
#Gender: Male
##########################################

@DATA
14123434217000, -0.046120327, -0.05100725, 0.015271631
14123439199000, -0.03756821, -0.03940081, 0.014966198
14123444194000, -0.04795292, -0.04734206, 0.01740966
14123449240000, -0.04428773, -0.036957346, 0.016798794
14123454210000, -0.05131268, -0.039095376, 0.013744468
14123459196000, -0.04642576, -0.038789943, 0.01863139
14123464193000, -0.04428773, -0.03023783, 0.013744468
14123469201000, -0.05681047, -0.03573562, 0.017715093
14123474859000, -0.04520403, -0.040011674, 0.01863139
14123479179000, -0.04337143, -0.039095376, 0.016493361
14123484223000, -0.041233405, -0.04642576, 0.02076942
14123489195000, -0.04428773, -0.04520403, 0.021991149
14123494210000, -0.044593163, -0.037873644, 0.015882496
14123499213000, -0.047647487, -0.040317107, 0.021380283
14123504182000, -0.047647487, -0.032070424, 0.025961773
14123509135000, -0.057726767, -0.03481932, 0.029932396
14123514193000, -0.056199603, -0.027183503, 0.024129177
14123519136000, -0.06078109, -0.024740042, 0.02321288
14123524209000, -0.05589417, -0.029626964, 0.02443461
14123529120000, -0.0580322, -0.020463986, 0.02321288
14123534217000, -0.06841691, -0.019242255, 0.025045475
14123539099000, -0.058337633, -0.0143553335, 0.023823744
14123544451000, -0.06078109, -0.009162978, 0.021991149
14123549143000, -0.05375614, -0.0125227375, 0.021991149
14123554294000, -0.061391957, -0.0033597588, 0.024129177
14123559123000, -0.054367006, -0.008246681, 0.02687807
14123564201000, -0.055283304, -0.01863139, 0.0290161
14123569144000, -0.054367006, -0.014049901, 0.029626964
14123574203000, -0.05100725, -0.013439035, 0.032986723
14123579155000, -0.05681047, -0.014660766, 0.029932396
14123584158000, -0.052839845, -0.013744468, 0.029626964
14123589177000, -0.054061573, -0.016493361, 0.034513887
14123594195000, -0.055588737, -0.008552114, 0.025961773
14123599506000, -0.059253927, -0.0027488936, 0.027488936
14123604224000, -0.058643065, -0.004276057, 0.018020526
14123609154000, -0.059253927, 0.005497787, 0.021685716
14123614314000, -0.06780604, -0.002443461, 0.019242255
14123619113000, -0.081855945, -0.00580322, 0.02321288
14123624166000, -0.0720821, -0.009162978, 0.01740966
14123629117000, -0.08368854, 3.0543262E-4, 0.016493361
14123634198000, -0.07941248, 0.010079277, 0.016798794
14123639188000, -0.08277224, 0.01985312, 0.013744468
14123644170000, -0.092240654, 0.010995574, 0.013744468
14123649188000, -0.09010262, 0.028405234, 0.019242255
14123654168000, -0.09621128, 0.02687807, 0.013744468
14123659145000, -0.09987647, 0.02565634, 0.018325957
14123664206000, -0.0983493, 0.033292156, 0.021991149
14123669205000, -0.11484267, 0.039095376, 0.024740042
14123674196000, -0.11178834, 0.036651913, 0.027183503
14123679197000, -0.115453534, 0.03176499, 0.0290161
14123684175000, -0.116675265, 0.03145956, 0.029626964
14123689204000, -0.12644911, 0.023823744, 0.032375857
14123694150000, -0.12583824, 0.028710667, 0.03359759
14123699215000, -0.13500121, 0.04917465, 0.024740042
14123704202000, -0.14080444, 0.05497787, 0.026267206
14123709176000, -0.1572978, 0.05681047, 0.028405234
14123714215000, -0.16249016, 0.06414085, 0.027488936
14123719213000, -0.17501289, 0.076052725, 0.015882496
14123724197000, -0.19547687, 0.09132435, 0.016798794
14123729935000, -0.21410827, 0.09682214, 0.012217305
14123734200000, -0.22327125, 0.09987647, 0.010995574
14123739202000, -0.24770586, 0.1001819, 0.0033597588
14123744188000, -0.2657264, 0.11575896, 0.019547688
14123749222000, -0.28160888, 0.11362094, 0.03268129
14123754113000, -0.30848694, 0.11789699, 0.030848695
14123759205000, -0.3368922, 0.12614368, 0.043676864
14123764142000, -0.35888332, 0.13225232, 0.058643065
14123769207000, -0.37690386, 0.14446963, 0.07269296
14123774097000, -0.3930918, 0.1554652, 0.07544186
14123779164000, -0.40439278, 0.16218472, 0.0852157
14123784102000, -0.42730024, 0.17745635, 0.10476339
14123789168000, -0.43982297, 0.18967366, 0.113926366
14123794204000, -0.44593164, 0.20219639, 0.1301143
14123800089000, -0.46975538, 0.21563543, 0.13622294
14123804171000, -0.4804455, 0.21074851, 0.14355333
14123809161000, -0.4886922, 0.22357668, 0.14538592
14123814166000, -0.5149594, 0.23701571, 0.1572978
14123819180000, -0.5369505, 0.23976462, 0.17073683
14123824311000, -0.5647449, 0.23793201, 0.16829337
14123829155000, -0.5839872, 0.24953845, 0.18570304
14123834172000, -0.61361414, 0.2666427, 0.18600847
14123839169000, -0.64751714, 0.2855795, 0.19608775
14123844353000, -0.6753115, 0.29046643, 0.20158553
14123849243000, -0.68844515, 0.30665436, 0.2125811
14123854236000, -0.71685034, 0.3136793, 0.22449298
14123859164000, -0.7266242, 0.3286455, 0.24190263
14123864145000, -0.7452556, 0.3359759, 0.26358834
14123869400000, -0.7678576, 0.34972036, 0.28038713
14123874144000, -0.78984874, 0.35643986, 0.28924468
14123879156000, -0.79534656, 0.36071593, 0.30695978
14123884521000, -0.8032878, 0.36774087, 0.34269542
14123889169000, -0.83169305, 0.3680463, 0.37690386
14123894173000, -0.8356637, 0.37782016, 0.40378192
14123899183000, -0.8573494, 0.3903429, 0.43554693
14123904107000, -0.8866709, 0.40500367, 0.47494772
14123909162000, -0.9034697, 0.41630468, 0.52442783
14123914162000, -0.9095783, 0.42180246, 0.5656612
14123919183000, -0.9260717, 0.43768495, 0.6044512
14123924132000, -0.93859446, 0.44868052, 0.634689
14123929151000, -0.9459248, 0.47128254, 0.66828656
14123934112000, -0.9560041, 0.47861293, 0.70646566
14123939304000, -0.98532563, 0.46944994, 0.73914695
14123944162000, -1.0070114, 0.45845437, 0.7644979
14123949233000, -1.0256428, 0.44715336, 0.7858781
14123954198000, -1.0433578, 0.43860126, 0.81397796
14123959161000, -1.0586295, 0.43676865, 0.8268061
14123964194000, -1.073901, 0.4437936, 0.84574294
14123969180000, -1.0824533, 0.45204028, 0.8536842
14123974170000, -1.0800097, 0.47036624, 0.87017757
14123979151000, -1.0833695, 0.4981606, 0.88178396
14123984176000, -1.094976, 0.53023106, 0.89736104
14123989169000, -1.0974194, 0.55924714, 0.9062186
14123994183000, -1.0965031, 0.6047566, 0.9129381
14123999285000, -1.0916162, 0.6301075, 0.9166033
14124004273000, -1.108415, 0.657291, 0.91690874
14124009136000, -1.1117748, 0.6927212, 0.93370754
14124014185000, -1.1178834, 0.7318166, 0.9450085
14124019173000, -1.1355985, 0.75991637, 0.94897914
14124024165000, -1.1462886, 0.7840455, 0.95142263
14124029148000, -1.1725558, 0.7974846, 0.97005403
14124034183000, -1.2177598, 0.79198676, 0.9783007
14124039151000, -1.2464706, 0.7837401, 0.9990701
14124044205000, -1.2947289, 0.77946407, 1.0186177
14124049218000, -1.3396275, 0.7678576, 1.0421361
14124054943000, -1.3927728, 0.7651087, 1.0555751
14124059123000, -1.4752395, 0.7528914, 1.0528263
14124064185000, -1.541213, 0.7449502, 1.047023
14124069235000, -1.6194037, 0.7119634, 1.0409144
14124074158000, -1.6664404, 0.66767573, 1.0341948
14124079156000, -1.7379116, 0.602924, 1.0198395
14124084164000, -1.8133535, 0.5360342, 1.006095
14124089328000, -1.8915442, 0.47342056, 0.9954049
14124094188000, -1.9590448, 0.43096542, 0.98899084
14124099517000, -2.0179935, 0.41996986, 0.98715824
14124104145000, -2.0350976, 0.44776422, 0.9944886
14124109548000, -2.0454822, 0.50701815, 1.0024298
14124114166000, -2.0228803, 0.5983425, 1.0134255
14124119147000, -1.9883664, 0.7104363, 1.0363328
14124124910000, -1.9489655, 0.8344419, 1.0558805
14124129156000, -1.8713857, 0.9578367, 1.0867293
14124134183000, -1.8261817, 1.0671816, 1.1123856
14124139143000, -1.7800614, 1.153619, 1.1374311
14124144184000, -1.7318029, 1.1985176, 1.1585059
14124149234000, -1.7110336, 1.2021828, 1.1795808
14124154177000, -1.6786577, 1.17897, 1.1930199
14124159159000, -1.6639969, 1.1468995, 1.1979067
14124164168000, -1.6566665, 1.1242975, 1.1841623
14124169179000, -1.6664404, 1.1010846, 1.176221
14124174169000, -1.68385, 1.0891727, 1.1517864
14124179181000, -1.7165314, 1.0864239, 1.128879
14124184175000, -1.7443258, 1.0809261, 1.0986412
14124189161000, -1.7654005, 1.0748174, 1.074512
14124194537000, -1.7788396, 1.0827587, 1.0458013
14124199181000, -1.7880026, 1.1438452, 1.0103711
14124204088000, -1.7803668, 1.251052, 0.979217
14124209101000, -1.779756, 1.3625349, 0.9477574
14124214095000, -1.7537941, 1.4309518, 0.91904676
14124219095000, -1.7006488, 1.42973, 0.9104946
14124224085000, -1.6300939, 1.3750577, 0.8897252
14124229098000, -1.5867225, 1.3038919, 0.8732319
14124234103000, -1.5534303, 1.217149, 0.86437434
14124239083000, -1.5354098, 1.1398746, 0.8509353
14124244093000, -1.5253305, 1.070236, 0.84391034
14124249172000, -1.5128077, 1.026559, 0.8127562
14124254151000, -1.5152513, 0.9944886, 0.77213365
14124259150000, -1.5036448, 0.9645562, 0.7458665
14124264357000, -1.496009, 0.8872818, 0.7189884
14124269159000, -1.4715744, 0.88514376, 0.7049385
14124274149000, -1.4657712, 0.89919364, 0.6808093
14124279147000, -1.4410311, 0.92271197, 0.6579019
14124284151000, -1.4117095, 0.93737274, 0.6469063
14124289156000, -1.3863586, 0.93523467, 0.6258314
14124294140000, -1.3732251, 0.9251554, 0.5992588
14124299188000, -1.3475688, 0.9147707, 0.58062744
14124304148000, -1.3365731, 0.893085, 0.5546656
14124309153000, -1.3063353, 0.88147855, 0.548557
14124314206000, -1.2864822, 0.87109387, 0.5290093
14124319205000, -1.2562444, 0.84696466, 0.5128214
14124324186000, -1.2339478, 0.8268061, 0.48716503
14124329188000, -1.2089024, 0.8078693, 0.46486846
14124334193000, -1.1829406, 0.7825184, 0.43066
14124339201000, -1.1542299, 0.7654142, 0.39522982
14124344125000, -1.1273518, 0.7495316, 0.35827246
14124349226000, -1.1081096, 0.7305948, 0.31703907
14124354097000, -1.0888673, 0.7107417, 0.29168814
14124359210000, -1.0522153, 0.70402217, 0.26908615
14124364138000, -1.0100657, 0.6783658, 0.25442538
14124369207000, -0.99173975, 0.64996064, 0.24129178
14124374114000, -0.95447695, 0.61727935, 0.22266038
14124379995000, -0.9071349, 0.593761, 0.21166481
14124384140000, -0.8671232, 0.57360244, 0.204029
14124389196000, -0.8219192, 0.5503896, 0.19975294
14124394162000, -0.77824235, 0.54367006, 0.1994475
14124399185000, -0.73884153, 0.5421429, 0.19761491
14124404146000, -0.6966918, 0.54733527, 0.2049453
14124409163000, -0.66614854, 0.5531385, 0.20005837
14124414176000, -0.63224554, 0.5564982, 0.20891592
14124419175000, -0.6041457, 0.5476407, 0.20250183
14124424148000, -0.56107974, 0.5314528, 0.19730948
14124429164000, -0.52290064, 0.50915617, 0.19822577
14124434494000, -0.48716503, 0.46700647, 0.1881465
14124439171000, -0.44868052, 0.43127087, 0.17715092
14124444167000, -0.41538838, 0.39553526, 0.1740966
14124450167000, -0.36132678, 0.38545597, 0.16462818
14124454139000, -0.32711834, 0.37598756, 0.17684549
14124459160000, -0.29168814, 0.36682457, 0.16707164
14124464178000, -0.28619036, 0.3622431, 0.15943582
14124469174000, -0.24465153, 0.34697145, 0.16554448
14124474108000, -0.20616703, 0.33964106, 0.16707164
14124479163000, -0.17715092, 0.3313944, 0.17165314
14124484110000, -0.14630222, 0.32436943, 0.18173242
14124489164000, -0.0983493, 0.33108896, 0.18570304
14124494145000, -0.071776666, 0.32375857, 0.19394971
14124499274000, -0.03359759, 0.32467487, 0.19120082
14124504219000, -0.014049901, 0.3118467, 0.20891592
14124509158000, 0.016187929, 0.29565877, 0.20952678
14124514195000, 0.054061573, 0.28160888, 0.2180789
14124519552000, 0.064751714, 0.2574797, 0.23182335
14124524174000, 0.100792766, 0.22907446, 0.23793201
14124529156000, 0.112704635, 0.19425514, 0.2489276
14124534179000, 0.14660765, 0.18325958, 0.25228736
14124539161000, 0.17989981, 0.17379116, 0.26267207
14124544181000, 0.21288654, 0.18051068, 0.2687807
14124549171000, 0.2565634, 0.17928895, 0.26633725
14124554171000, 0.29779682, 0.1777618, 0.2687807
14124559160000, 0.3454443, 0.18692477, 0.26328292
14124564202000, 0.37048978, 0.18692477, 0.26511553
14124569122000, 0.4156938, 0.18020524, 0.25503623
14124574167000, 0.4541783, 0.1563815, 0.2648101
14124579114000, 0.49235737, 0.13103059, 0.25870144
14124584181000, 0.54244834, 0.09590584, 0.2565634
14124589570000, 0.56596667, 0.053450707, 0.25595254
14124594158000, 0.59223384, 0.004886922, 0.24862215
14124599176000, 0.59315014, -0.010995574, 0.24556783
14124604171000, 0.59131753, -0.014049901, 0.24923302
14124609121000, 0.573297, 0.02107485, 0.2519819
14124614173000, 0.5207626, 0.03756821, 0.25350907
14124619163000, 0.45204028, 0.04550946, 0.2687807
14124624167000, 0.3830125, 0.046731193, 0.29810223
14124629155000, 0.3222314, 0.058643065, 0.3390302
14124634179000, 0.27763826, 0.04917465, 0.37904188
14124639181000, 0.28405234, 0.038179077, 0.40317106
14124644184000, 0.3200934, 0.01038471, 0.4382958
14124649241000, 0.40561453, -0.048563786, 0.46731192
14124654167000, 0.49602258, -0.06688975, 0.48563787
14124659233000, 0.5549711, -0.16768251, 0.4896085
14124664171000, 0.6600399, -0.24312437, 0.49266282
14124669110000, 0.72418076, -0.2959642, 0.4886922
14124674165000, 0.7431176, -0.30879238, 0.47036624
14124679165000, 0.7257079, -0.29626966, 0.45112398
14124684178000, 0.72356987, -0.2910773, 0.43279803
14124689169000, 0.7654142, -0.2938262, 0.41783184
14124694159000, 0.84482664, -0.31887165, 0.40469822
14124699190000, 0.9242391, -0.39675698, 0.41599923
14124704145000, 0.98654735, -0.48166725, 0.4392121
14124709176000, 1.0326678, -0.5717699, 0.47342056
14124714164000, 1.1246029, -0.6169739, 0.48533243
14124719173000, 1.244638, -0.5739079, 0.48472157
14124724145000, 1.3466524, -0.48441613, 0.47036624
14124729167000, 1.4092661, -0.47403142, 0.46822822
14124734123000, 1.4202617, -0.56321776, 0.45845437
14124739167000, 1.4388931, -0.7098254, 0.43310347
14124744160000, 1.4966198, -0.852157, 0.39064834
14124749178000, 1.5800029, -0.96852684, 0.31123585
14124754169000, 1.6313156, -1.0070114, 0.28252518
14124759160000, 1.6603317, -1.0326678, 0.22052236
14124764193000, 1.711339, -1.0567969, 0.160963
14124769176000, 1.7666223, -1.0503827, 0.11362094
14124774777000, 1.8139644, -0.9807441, 0.043066
14124779157000, 1.8368717, -0.86926126, -0.038789943
14124784446000, 1.829236, -0.786489, -0.12370021
14124789169000, 1.7959439, -0.7852673, -0.22143865
14124794157000, 1.736079, -0.8597928, -0.32650748
14124799236000, 1.6807957, -0.9822713, -0.40530908
14124804436000, 1.6526959, -1.1166617, -0.47128254
14124809163000, 1.6438384, -1.2046263, -0.5540548
14124814598000, 1.640784, -1.2275337, -0.6310238
14124819178000, 1.6285667, -1.2217305, -0.70402217
14124824123000, 1.6212363, -1.2281445, -0.7641924
14124829159000, 1.6175711, -1.2483032, -0.81153446
14124834130000, 1.6053538, -1.2965615, -0.8582657
14124839169000, 1.5882497, -1.3625349, -0.8918633
14124844599000, 1.5894713, -1.4187346, -0.9221011
14124849185000, 1.5699236, -1.4480561, -0.93523467
14124854177000, 1.5619824, -1.5118915, -0.9416488
14124859163000, 1.5522085, -1.5674802, -0.9465357
14124864226000, 1.5439619, -1.6145169, -0.9294315
14124869173000, 1.5482379, -1.6649132, -0.92087936
14124874166000, 1.5424347, -1.7217237, -0.883922
14124879147000, 1.5580118, -1.7742581, -0.86467975
14124884172000, 1.5705346, -1.8008307, -0.82772243
14124889163000, 1.577254, -1.8402315, -0.78984874
14124894149000, 1.591304, -1.88849, -0.7461719
14124899173000, 1.6203201, -1.9263636, -0.70157874
14124904181000, 1.649947, -1.9691241, -0.65270954
14124909152000, 1.6933185, -2.0179935, -0.61391956
14124914185000, 1.7128662, -2.0589213, -0.5849035
14124919132000, 1.7183639, -2.1108449, -0.56169057
14124924167000, 1.7241671, -2.1679606, -0.5510005
14124929136000, 1.720502, -2.2247713, -0.5375614
14124934179000, 1.7137824, -2.2858577, -0.5332854
14124939138000, 1.7220291, -2.3484714, -0.5546656
14124944157000, 1.7168368, -2.3872614, -0.59437186
14124949140000, 1.6801848, -2.4086416, -0.6536258
14124954168000, 1.6581937, -2.4223862, -0.6814202
14124959111000, 1.6120734, -2.3805418, -0.72601336
14124964159000, 1.5635096, -2.3051, -0.77549344
14124969121000, 1.4969252, -2.2159138, -0.8338311
14124974168000, 1.4181237, -2.1242838, -0.8875872
14124979141000, 1.3326025, -2.0100522, -0.9398162
14124984351000, 1.269378, -1.8753563, -0.99021256
14124989148000, 1.2223413, -1.7602082, -1.0384709
14124994208000, 1.1878275, -1.6536123, -1.0940597
14124999223000, 1.1407908, -1.5262468, -1.1163563
14125004207000, 1.1212431, -1.4016303, -1.1325442
14125009227000, 1.0919216, -1.3051136, -1.1484267
14125014228000, 1.0638218, -1.2250903, -1.1441506
14125019200000, 1.0626001, -1.1071932, -1.1322387
14125024194000, 1.0537425, -0.99173975, -1.1230757
14125029228000, 1.0161743, -0.90194255, -1.1032226
14125034208000, 1.003957, -0.820392, -1.0684034
14125039101000, 1.0045679, -0.7498371, -1.03786
14125044210000, 1.0030408, -0.66706485, -1.0057896
14125049178000, 1.0033462, -0.6239988, -0.9914343
14125054179000, 1.0048733, -0.5369505, -0.9584476
14125059137000, 1.0341948, -0.44776422, -0.93645644
14125064181000, 1.0516045, -0.38789943, -0.9108001
14125069182000, 1.0815369, -0.37873647, -0.86132
14125074199000, 1.1151345, -0.38789943, -0.8185594
14125079215000, 1.1520919, -0.46273044, -0.77121735
14125084206000, 1.1838568, -0.59040123, -0.74128497
14125089202000, 1.1921035, -0.68630713, -0.7189884
14125094205000, 1.1682798, -0.7583892, -0.7031059
14125099671000, 1.1490375, -0.89888823, -0.6914995
14125104202000, 1.1447614, -0.9963212, -0.6649268
14125109202000, 1.1148291, -1.070236, -0.6221663
14125114216000, 1.0763446, -1.1129965, -0.5858198
14125119220000, 1.0381655, -1.1426234, -0.54305923
14125124208000, 1.0134255, -1.1334605, -0.5039638
14125129163000, 0.9896017, -1.0638218, -0.46028697
14125134175000, 0.95386606, -0.9969321, -0.42760566
14125139166000, 0.90102625, -0.9651671, -0.39461896
14125144155000, 0.8567385, -0.9584476, -0.36896262
14125149282000, 0.81581056, -0.9419542, -0.34574974
14125154260000, 0.79717916, -0.90194255, -0.34391713
14125159170000, 0.7528914, -0.8445212, -0.34208453
14125164225000, 0.72326446, -0.788627, -0.32436943
14125169894000, 0.70188415, -0.7626653, -0.29565877
14125174120000, 0.625526, -0.752586, -0.27977628
14125179143000, 0.589485, -0.7293731, -0.23243423
14125184132000, 0.52534413, -0.68844515, -0.20616703
14125189121000, 0.50823987, -0.6105598, -0.17654006
14125194136000, 0.51068336, -0.53878313, -0.1423316
14125199134000, 0.5216789, -0.48075095, -0.10262536
14125204072000, 0.5027421, -0.40530908, -0.06352998
14125209076000, 0.45998153, -0.3368922, -0.04062254
14125214076000, 0.36987892, -0.24862215, -0.015882496
14125219119000, 0.27183503, -0.20555615, -0.002443461
14125224085000, 0.18936823, -0.22876903, 0.006414085
14125229082000, 0.12705997, -0.2602286, 9.162979E-4
14125234086000, 0.0870483, -0.27672195, -0.015271631
14125239238000, 0.098043874, -0.33078352, -0.044593163
14125244065000, 0.13347405, -0.34147367, -0.07238753
14125249118000, 0.13500121, -0.37293324, -0.12370021
14125254100000, 0.10842858, -0.42913285, -0.17165314
14125259116000, 0.059253927, -0.5009095, -0.2098322
14125264154000, -0.01282817, -0.5815437, -0.2593123
14125269183000, -0.057726767, -0.66675943, -0.29840767
14125274259000, -0.070249505, -0.73639804, -0.33475417
14125279113000, -0.03023783, -0.7651087, -0.3662137
14125284120000, 0.01038471, -0.75991637, -0.37965274
14125289122000, 0.067500606, -0.7244862, -0.40378192
14125294119000, 0.103847094, -0.6936375, -0.4269948
14125299161000, 0.11728613, -0.6646214, -0.4578435
14125304159000, 0.10293079, -0.6478226, -0.47708577
14125309163000, 0.094989546, -0.6203337, -0.4999932
14125314226000, 0.09712757, -0.6093381, -0.5332854
14125319176000, 0.10842858, -0.60994893, -0.5571091
14125324519000, 0.12736541, -0.6203337, -0.57940567
14125329157000, 0.1301143, -0.65484756, -0.5876524
14125334137000, 0.1328632, -0.70738196, -0.59131753
14125339170000, 0.1386664, -0.729984, -0.59956425
14125344279000, 0.14660765, -0.7602218, -0.60994893
14125349237000, 0.13713925, -0.7415904, -0.61636305
14125354171000, 0.1337795, -0.65148777, -0.6337727
14125359162000, 0.14202617, -0.5674938, -0.6462954
14125364207000, 0.15057829, -0.48197266, -0.6542367
14125369173000, 0.18051068, -0.4636467, -0.61086524
14125374165000, 0.22876903, -0.5510005, -0.5708536
14125379150000, 0.3032946, -0.6462954, -0.5235115
14125384177000, 0.35979962, -0.68630713, -0.50701815
14125389167000, 0.36835176, -0.68966687, -0.4886922
14125394156000, 0.35796702, -0.6750061, -0.49938235
14125399190000, 0.30176744, -0.6789767, -0.5009095
14125404175000, 0.22999077, -0.6872234, -0.49266282
14125409162000, 0.13072516, -0.66798115, -0.49113566
14125414210000, 0.03176499, -0.6282749, -0.45570546
14125419169000, -0.052839845, -0.5687156, -0.41263947
14125424261000, -0.14110987, -0.52381694, -0.35277468
14125429146000, -0.20708331, -0.48899764, -0.29260445
14125434181000, -0.30207285, -0.45112398, -0.22968534
14125439505000, -0.3726278, -0.40042216, -0.16371189
14125444153000, -0.47647488, -0.3747658, -0.12950343
14125449159000, -0.5384777, -0.31642818, -0.062002823
14125454167000, -0.6844745, -0.28496864, 0.0027488936
14125459737000, -0.8344419, -0.24587326, 0.086437434
14125464166000, -1.0094548, -0.21227567, 0.18509217
14125469179000, -1.1640037, -0.15882497, 0.28008172
14125474163000, -1.3158038, -0.10323623, 0.398895
14125479157000, -1.4269812, -0.047647487, 0.5036584
14125484128000, -1.5351044, 0.003970624, 0.6243043
14125489168000, -1.6261233, 0.03726278, 0.7492262
14125494248000, -1.7058412, 0.05681047, 0.8720101
14125499188000, -1.7708983, 0.07269296, 0.9984592
14125504423000, -1.808772, 0.08124508, 1.1194105
14125509169000, -1.8622227, 0.087964594, 1.2351695
14125514251000, -1.9098701, 0.09682214, 1.3335189
14125519174000, -1.947133, 0.11148291, 1.4361442
14125524115000, -1.9825631, 0.1337795, 1.5344934
14125529765000, -2.0088303, 0.17012598, 1.6184875
14125534111000, -2.035403, 0.19608775, 1.6927075
14125539166000, -2.0451767, 0.26511553, 1.7617353
14125544158000, -2.0460932, 0.3555236, 1.7977765
14125549172000, -2.044566, 0.4700608, 1.8637499
14125554106000, -2.0295997, 0.59864795, 1.9113973
14125559167000, -2.0073032, 0.74006325, 1.9498819
14125564151000, -1.9996674, 0.9071349, 1.9712621
14125569170000, -1.9630154, 1.0809261, 1.9758437
14125574165000, -1.9272798, 1.2275337, 1.9443841
14125579140000, -1.8729129, 1.3918564, 1.887879
14125584186000, -1.8344283, 1.5586227, 1.8185458
14125589165000, -1.7666223, 1.7721201, 1.752267
14125594159000, -1.7214183, 2.0060816, 1.6844609
14125599780000, -1.6471981, 2.1927009, 1.63437
14125604208000, -1.5803084, 2.3441954, 1.6200147
14125609195000, -1.5311338, 2.4581218, 1.606881
14125614254000, -1.5146403, 2.482251, 1.6163495
14125619206000, -1.5317446, 2.3839016, 1.6383406
14125624201000, -1.5650368, 2.221106, 1.6777414
14125629192000, -1.5858061, 2.051591, 1.7256943
14125634209000, -1.6242907, 1.9098701, 1.752267
14125639142000, -1.6621643, 1.8420641, 1.7660115
14125644187000, -1.6762142, 1.7009543, 1.7935003
14125649155000, -1.7259997, 1.570229, 1.8096883
14125654170000, -1.7916678, 1.4718798, 1.8035797
14125659098000, -1.8643607, 1.4227052, 1.8115209
14125664184000, -1.9242256, 1.5173893, 1.8353447
14125669198000, -1.9193386, 1.5683966, 1.8469511
14125674167000, -1.9559906, 1.6120734, 1.8463402
14125679141000, -1.953547, 1.7308867, 1.8613064
14125684194000, -1.9520199, 1.8463402, 1.8713857
14125689144000, -1.9572122, 1.9068159, 1.8723019
14125694163000, -1.9914207, 1.9691241, 1.8756617
14125699471000, -2.0100522, 1.9941696, 1.8695531
14125704174000, -2.0164661, 1.9932534, 1.8335121
14125709160000, -2.03693, 1.9932534, 1.7916678
14125714166000, -2.05098, 1.9960022, 1.7507398
14125719166000, -2.0549507, 2.0454822, 1.7107282
14125724169000, -2.0705278, 2.182316, 1.6676621
14125729188000, -2.1044307, 2.3289237, 1.6142114
14125734177000, -2.1649065, 2.3970351, 1.5534303
14125739150000, -2.1972823, 2.4740043, 1.5396858
14125744150000, -2.189341, 2.4914138, 1.5265522
14125749379000, -2.1227567, 2.4840834, 1.4679092
14125754171000, -2.0668626, 2.634662, 1.3759739
14125759124000, -2.1025982, 2.7146852, 1.3161092
14125764163000, -2.115121, 2.7754662, 1.2156218
14125769176000, -2.10046, 2.7433958, 1.0965031
14125774168000, -2.0836613, 2.6435194, 1.0064005
14125779124000, -2.0433443, 2.5195136, 0.93615097
14125784812000, -2.0060816, 2.372906, 0.87017757
14125789101000, -1.9358319, 2.2412646, 0.7828238
14125794155000, -1.8683313, 2.1203132, 0.70188415
14125799230000, -1.7956384, 2.0332649, 0.62980205
14125804211000, -1.6939293, 1.9633209, 0.58093286
14125809133000, -1.5971072, 1.9028453, 0.5714644
14125814153000, -1.4865406, 1.8454239, 0.5503896
14125819276000, -1.3591752, 1.7867808, 0.5540548
14125824167000, -1.2357804, 1.752267, 0.5543602
14125829166000, -1.1081096, 1.7082846, 0.5476407
14125834172000, -0.9746355, 1.6939293, 0.5500842
14125839167000, -0.91782504, 1.640784, 0.54458636
14125844157000, -0.79351395, 1.5662584, 0.5448918
14125849228000, -0.67256266, 1.5005904, 0.54550266
14125854899000, -0.5540548, 1.3771957, 0.5296202
14125859161000, -0.39461896, 1.3387111, 0.52106804
14125864159000, -0.34116822, 1.25319, 0.50579643
14125869184000, -0.2507602, 1.1597277, 0.49632803
14125874163000, -0.14385876, 1.0708468, 0.47800204
14125879156000, -0.025350908, 0.99204516, 0.45998153
14125884171000, 0.07269296, 0.88453287, 0.44501534
14125889171000, 0.1685988, 0.7684685, 0.43035457
14125894149000, 0.2489276, 0.6435465, 0.4196644
14125899229000, 0.3277292, 0.516792, 0.40378192
14125904196000, 0.39492437, 0.3921755, 0.40194935
14125909199000, 0.45081854, 0.267559, 0.38331795
14125914174000, 0.48472157, 0.15088372, 0.37659842
14125919182000, 0.52748215, 0.043676864, 0.37720928
14125924133000, 0.57971114, -0.05100725, 0.37201694
14125929156000, 0.64599, -0.09773844, 0.3707952
14125934178000, 0.68416905, -0.16340645, 0.364992
14125939217000, 0.70524395, -0.21471913, 0.3717115
14125944150000, 0.7724391, -0.24617869, 0.37323865
14125949207000, 0.83291477, -0.26236662, 0.38728857
14125954158000, 0.91538155, -0.29657507, 0.40378192
14125959155000, 1.0125091, -0.3494149, 0.419359
14125964137000, 1.1172725, -0.38453966, 0.42210788
14125969172000, 1.201572, -0.42332962, 0.40866885
14125974114000, 1.2330315, -0.4361578, 0.37323865
14125979172000, 1.1753048, -0.41813725, 0.34025195
14125984181000, 0.9819659, -0.32253686, 0.30634892
14125989162000, 0.6783658, -0.11301007, 0.27763826
14125994221000, 0.3943135, 0.18112154, 0.23823744
14125999172000, 0.3378085, 0.5021312, 0.20830505
14126004040000, 0.5369505, 0.79381937, 0.18784106
14126009083000, 0.7266242, 0.8857546, 0.22602014
14126014068000, 0.8378017, 0.5195409, 0.26542094
14126019088000, 0.98563105, -0.011301007, 0.25411993
14126024080000, 1.2055426, -0.19822577, 0.1441642
14126029074000, 1.3741413, -0.29016098, 0.06811147
14126034045000, 1.421178, -0.17959438, -0.052534413
14126039083000, 1.3741413, -0.23548855, -0.089491755
14126044094000, 1.3298537, -0.45234573, -0.07941248
14126049114000, 1.46852, -0.57848936, -0.04520403
14126054164000, 1.6905695, -0.57818395, -0.0018325958
14126059161000, 1.8139644, -0.589485, 0.036651913
14126064155000, 1.9052887, -0.6392705, 0.051618114
14126069169000, 1.9559906, -0.7247916, 0.03268129
14126074165000, 1.9614882, -0.82344633, -0.007330383
14126079155000, 1.9388863, -0.9932669, -0.040317107
14126084176000, 1.9480493, -1.1921035, -0.061391957
14126089164000, 1.9614882, -1.3429873, -0.10445796
14126094146000, 1.9822577, -1.3903292, -0.17104226
14126099219000, 1.9795089, -1.4199562, -0.26419923
14126104217000, 1.9727893, -1.459357, -0.35888332
14126109161000, 1.9462167, -1.4966198, -0.4538729
14126114160000, 1.9065105, -1.536326, -0.5338962
14126119152000, 1.8545868, -1.6035212, -0.61453044
14126124170000, 1.8286251, -1.6658295, -0.6899723
14126129150000, 1.7983873, -1.6859881, -0.7302894
14126134184000, 1.7767016, -1.736079, -0.8081747
14126139117000, 1.7534887, -1.7794504, -0.8717047
14126144156000, 1.7107282, -1.7898352, -0.93554014
14126149206000, 1.6698002, -1.8023579, -0.9981538
14126154251000, 1.6441438, -1.8219056, -1.0384709
14126159097000, 1.6120734, -1.8527542, -1.0598512
14126164174000, 1.5925257, -1.8869628, -1.0680978
14126169102000, 1.563815, -1.9214766, -1.0705414
14126174118000, 1.5653422, -1.9639318, -1.0705414
14126179838000, 1.565953, -2.0222695, -1.0677924
14126184137000, 1.5543466, -2.083356, -1.0699304
14126189130000, 1.5732834, -2.143526, -1.071763
14126194144000, 1.5806139, -2.208278, -1.0705414
14126199135000, 1.5824465, -2.2678373, -1.0677924
14126204136000, 1.5833627, -2.2974641, -1.0629056
14126209150000, 1.5824465, -2.2953262, -1.0519099
14126214242000, 1.5766432, -2.2968533, -1.0403035
14126219145000, 1.5946637, -2.3005185, -1.0198395
14126224141000, 1.6145169, -2.2983804, -0.99021256
14126229496000, 1.6218473, -2.3112087, -0.97494096
14126234177000, 1.598329, -2.3243423, -0.96761054
14126239126000, 1.5986344, -2.3787093, -0.96577793
14126244146000, 1.6123788, -2.4642303, -0.9773844
14126249967000, 1.5778649, -2.5405886, -1.033584
14126254176000, 1.4978416, -2.526844, -1.0586295
14126259100000, 1.4709635, -2.4654522, -1.1148291
14126264159000, 1.4398094, -2.363743, -1.1743884
14126269203000, 1.3903292, -2.251344, -1.2220359
14126274169000, 1.3271047, -2.1184807, -1.2470814
14126279159000, 1.2791518, -2.051591, -1.2617421
14126284176000, 1.2266175, -1.9407189, -1.2757921
14126289168000, 1.174083, -1.7699821, -1.2864822
14126294152000, 1.119716, -1.575116, -1.2977833
14126299235000, 1.0726794, -1.3677273, -1.2928963
14126304171000, 1.02717, -1.1972959, -1.2956452
14126309168000, 0.9896017, -0.9896017, -1.3106114
14126314173000, 0.9251554, -0.88239485, -1.2983941
14126319388000, 0.9230174, -0.82894415, -1.2757921
14126324163000, 0.95539325, -0.8145888, -1.2672399
14126329154000, 0.97127575, -0.77763146, -1.2589933
14126334171000, 0.98349303, -0.782213, -1.2238685
14126339166000, 0.99204516, -0.7797695, -1.1817188
14126344151000, 0.9877691, -0.7174612, -1.1459832
14126349206000, 0.98471475, -0.6026186, -1.1139128
14126354168000, 0.98563105, -0.505491, -1.0839803
14126359164000, 0.98532563, -0.42638394, -1.0363328
14126364147000, 1.0106765, -0.38912117, -0.97219205
14126369174000, 1.0958922, -0.3484986, -0.89919364
14126374168000, 1.1786644, -0.4089743, -0.8368854
14126379157000, 1.2324207, -0.52534413, -0.77854776
14126384165000, 1.2718215, -0.62949663, -0.7174612
14126389171000, 1.3011429, -0.6844745, -0.6649268
14126394140000, 1.2935071, -0.7473936, -0.6224717
14126399231000, 1.2886202, -0.7993172, -0.60048056
14126404135000, 1.2745703, -0.8378017, -0.5748242
14126409203000, 1.2592987, -0.87598073, -0.56046885
14126414150000, 1.2342533, -0.8713993, -0.55863625
14126419206000, 1.2125676, -0.8445212, -0.57451874
14126424114000, 1.1979067, -0.820392, -0.58001655
14126429145000, 1.1982121, -0.7892379, -0.61575216
14126434100000, 1.180497, -0.7492262, -0.64568454
14126439184000, 1.1414018, -0.73761976, -0.6737844
14126444203000, 1.0998629, -0.73364913, -0.70280045
14126449186000, 1.0601566, -0.73426, -0.7171558
14126454143000, 1.0051788, -0.7296785, -0.72601336
14126459169000, 0.9627236, -0.6960809, -0.7281514
14126464188000, 0.9108001, -0.62980205, -0.72692966
14126469185000, 0.8527679, -0.58459806, -0.71776664
14126474267000, 0.81000733, -0.5467244, -0.70280045
14126479157000, 0.7690793, -0.5112942, -0.6921103
14126484329000, 0.7254025, -0.46822822, -0.6759224
14126489176000, 0.6908886, -0.4007276, -0.6563747
14126494134000, 0.64934975, -0.34055737, -0.6420194
14126499184000, 0.60139686, -0.29718593, -0.6252206
14126504158000, 0.57726765, -0.25381452, -0.5983425
14126509167000, 0.5332854, -0.24037547, -0.5699373
14126514133000, 0.51007247, -0.24831672, -0.537256
14126519186000, 0.47616947, -0.25442538, -0.49205196
14126524102000, 0.4370741, -0.26633725, -0.47067168
14126529182000, 0.41691554, -0.28313604, -0.42852196
14126534181000, 0.36041048, -0.31520647, -0.37934732
14126539288000, 0.30268374, -0.3390302, -0.33017266
14126544171000, 0.22449298, -0.34147367, -0.2855795
14126549186000, 0.18112154, -0.32467487, -0.24098633
14126554151000, 0.1572978, -0.32406402, -0.22357668
14126559162000, 0.13897185, -0.32498032, -0.21013765
14126564184000, 0.11484267, -0.33536503, -0.21227567
14126569175000, 0.10262536, -0.32834008, -0.21899518
14126574809000, 0.103847094, -0.33567044, -0.22571471
14126579139000, 0.10781772, -0.34208453, -0.2434298
14126584168000, 0.105068825, -0.37110063, -0.2501493
14126589166000, 0.11759156, -0.38606682, -0.27152961
14126594186000, 0.11636983, -0.3998113, -0.29901853
14126599183000, 0.13439035, -0.42088616, -0.30757064
14126604178000, 0.13713925, -0.43310347, -0.30879238
14126609169000, 0.1572978, -0.45173484, -0.3051272
14126614159000, 0.16279559, -0.44593164, -0.29565877
14126619169000, 0.16035213, -0.42271876, -0.27947086
14126624172000, 0.1337795, -0.35124752, -0.2724459
14126629137000, 0.0888809, -0.310625, -0.26206118
14126634169000, 0.067500606, -0.34605515, -0.24587326
14126639166000, 0.06414085, -0.43279803, -0.21533
14126644171000, 0.09987647, -0.5338962, -0.19303341
14126649170000, 0.124311075, -0.6093381, -0.18295415
14126654207000, 0.11209377, -0.64812803, -0.17592919
14126659179000, 0.071776666, -0.6536258, -0.16890424
14126664155000, 0.006414085, -0.6453791, -0.15577064
14126669145000, -0.05100725, -0.61208695, -0.12950343
14126674197000, -0.122478485, -0.5546656, -0.106901415
14126679119000, -0.20066923, -0.45998153, -0.0852157
14126684203000, -0.27275133, -0.35155296, -0.059864793
14126689098000, -0.3454443, -0.2938262, -0.04886922
14126694188000, -0.3979787, -0.23945917, -0.009773844
14126699213000, -0.46486846, -0.17959438, 0.02107485
14126704268000, -0.5467244, -0.1459968, 0.049785517
14126709155000, -0.65393126, -0.1151481, 0.09896017
14126714146000, -0.7828238, -0.10170906, 0.14782938
14126719147000, -0.9056077, -0.07880162, 0.17348573
14126724168000, -0.97341377, -0.06536258, 0.22999077
14126729170000, -1.099252, -0.0290161, 0.28955013
14126734175000, -1.2241739, 0.015271631, 0.35643986
14126739187000, -1.3228287, 0.07727446, 0.419359
14126744148000, -1.4046847, 0.1591304, 0.4978552
14126749184000, -1.4957036, 0.22510384, 0.5674938
14126754217000, -1.5613716, 0.2910773, 0.6606508
14126759389000, -1.6334536, 0.344528, 0.75625116
14126764167000, -1.7030923, 0.3924809, 0.84940815
14126769183000, -1.779756, 0.44837508, 0.9584476
14126774202000, -1.8548924, 0.49541172, 1.0699304
14126779162000, -1.9343048, 0.51923543, 1.1927143
14126784200000, -2.0146337, 0.5177083, 1.314582
14126789148000, -2.0836613, 0.5158757, 1.4450017
14126794287000, -2.150551, 0.5128214, 1.5683966
14126799250000, -2.1875083, 0.505491, 1.6798794
14126804205000, -2.1948388, 0.5021312, 1.7660115
14126809410000, -2.1911736, 0.4972443, 1.8457294
14126814196000, -2.2049181, 0.49754974, 1.9040669
14126819391000, -2.2119431, 0.5345071, 1.9666806
14126824197000, -2.2293527, 0.56688297, 1.9947804
14126830065000, -2.2482896, 0.711658, 2.0341814
14126834190000, -2.3084598, 0.7657196, 2.0491474
14126839152000, -2.3258693, 0.8390234, 2.0479257
14126844171000, -2.3393085, 0.92485, 2.0522017
14126849135000, -2.329229, 1.0207558, 2.0292943
14126854179000, -2.3011293, 1.1255192, 1.9932534
14126859100000, -2.2773056, 1.1930199, 1.922393
14126864227000, -2.2467623, 1.2186762, 1.8374827
14126869111000, -2.20278, 1.1927143, 1.7321084
14126874168000, -2.1410828, 1.0861185, 1.6670512
14126879121000, -2.076331, 0.9816604, 1.6227635
14126884150000, -2.0393736, 0.94989544, 1.5662584
14126889101000, -2.0118847, 0.96791595, 1.5183055
14126894171000, -1.9996674, 1.0442741, 1.4682146
14126899990000, -1.9840903, 1.1679744, 1.427592
14126904166000, -1.9617938, 1.2825116, 1.3961325
14126909151000, -1.928807, 1.459968, 1.3793337
14126914205000, -1.8979583, 1.539075, 1.3521502
14126919216000, -1.885741, 1.6933185, 1.3429873
14126924201000, -1.894904, 1.7800614, 1.3286319
14126929197000, -1.9058995, 1.8497, 1.3359623
14126934178000, -1.9172006, 1.9007072, 1.3747523
14126939200000, -1.9049833, 1.9388863, 1.4520267
14126944193000, -1.8658879, 1.883603, 1.5244142
14126949304000, -1.8570304, 1.8347337, 1.5992452
14126954295000, -1.863139, 1.7434094, 1.6423112
14126959200000, -1.8939877, 1.6514742, 1.6865989
14126964151000, -1.9162843, 1.6169603, 1.6988163
14126969576000, -1.9211712, 1.6539177, 1.6978999
14126974194000, -1.9520199, 1.6655241, 1.6664404
14126979190000, -1.9706513, 1.6911805, 1.6331482
14126984188000, -1.9727893, 1.7440202, 1.5870279
14126989198000, -1.9538525, 1.7889189, 1.5778649
14126994196000, -1.9159788, 1.9062049, 1.565953
14126999262000, -1.921782, 2.0054705, 1.5250251
14127004294000, -1.9355265, 2.0769417, 1.4758505
14127009197000, -1.9043725, 2.1093178, 1.4404203
14127014165000, -1.8338175, 2.1398609, 1.412015
14127019213000, -1.8026633, 2.1777346, 1.3628404
14127024198000, -1.7302758, 2.2366831, 1.349096
14127029206000, -1.676825, 2.3215933, 1.3478742
14127034199000, -1.6010778, 2.4019222, 1.3087788
14127039229000, -1.5522085, 2.4306328, 1.2556335
14127044197000, -1.527774, 2.4049764, 1.1844677
14127049298000, -1.5045611, 2.395508, 1.1301007
14127054301000, -1.4764613, 2.3796256, 1.0812315
14127059203000, -1.4306464, 2.3393085, 1.0458013
14127064163000, -1.3909402, 2.2806654, 1.0054842
14127069212000, -1.357648, 2.2256875, 0.9605856
14127074164000, -1.3008375, 2.1762075, 0.93401295
14127079206000, -1.2571607, 2.1346686, 0.92271197
14127084101000, -1.1921035, 2.087021, 0.9062186
14127089207000, -1.1294898, 2.028378, 0.8900307
14127094122000, -1.0482447, 1.9462167, 0.88025683
14127099305000, -0.95172805, 1.8377881, 0.874759
14127104170000, -0.84116143, 1.7269161, 0.8622363
14127109200000, -0.72387534, 1.6612481, 0.84879726
14127114112000, -0.61117065, 1.5375478, 0.8341365
14127119301000, -0.5555819, 1.4004086, 0.799928
14127124120000, -0.45204028, 1.2614367, 0.7620544
14127129160000, -0.3744604, 1.1230757, 0.71929383
14127134199000, -0.33169982, 0.99082345, 0.67347896
14127139172000, -0.28160888, 0.8857546, 0.6209445
14127144155000, -0.25992316, 0.7849618, 0.57726765
14127149233000, -0.22204952, 0.6960809, 0.54275376
14127154837000, -0.19639318, 0.60139686, 0.52564955
14127159170000, -0.15149458, 0.52534413, 0.50793445
14127164325000, -0.116980694, 0.46731192, 0.4981606
14127169137000, -0.055283304, 0.41996986, 0.4972443
14127174465000, 0.020158553, 0.3933972, 0.49205196
14127179155000, 0.0842994, 0.3744604, 0.4978552
14127184164000, 0.14538592, 0.3707952, 0.50426924
14127189294000, 0.20158553, 0.3652974, 0.5152648
14127194141000, 0.25900686, 0.36254853, 0.5128214
14127199127000, 0.3191771, 0.33658674, 0.5198463
14127204115000, 0.3744604, 0.3100141, 0.5180137
14127209156000, 0.43676865, 0.26725355, 0.5119051
14127214149000, 0.47616947, 0.22143865, 0.4886922
14127219233000, 0.5500842, 0.160963, 0.46792278
14127224739000, 0.6273586, 0.056199603, 0.4297437
14127229152000, 0.75777835, 0.015882496, 0.40561453
14127234122000, 0.8051204, -0.0842994, 0.36377025
14127239166000, 0.89552844, -0.20005837, 0.33078352
14127244169000, 0.9669997, -0.33322698, 0.2733622
14127249257000, 1.0412198, -0.48747048, 0.2144137
14127254187000, 1.135904, -0.6444628, 0.13927728
14127259165000, 1.1969905, -0.75533485, 0.079107046
14127264182000, 1.2617421, -0.83260936, -0.003970624
14127269168000, 1.2574661, -0.8671232, -0.06505715
14127274169000, 1.2034045, -0.8542951, -0.10567969
14127279139000, 1.0412198, -0.76174897, -0.0852157
14127284180000, 0.82558435, -0.6209445, -0.053450707
14127289153000, 0.71593404, -0.44532076, -0.004886922
14127294721000, 0.8179486, -0.14630222, 0.022907447
14127299225000, 0.9896017, 0.04520403, 0.0580322
14127304176000, 1.0442741, 0.0106901415, 0.10842858
14127309118000, 1.078788, -0.36651915, 0.12767084
14127314149000, 1.1139128, -0.80970186, 0.087659165
14127319108000, 1.2348641, -0.9993755, -0.03359759
14127324166000, 1.3332134, -0.9550878, -0.15699236
14127329112000, 1.3521502, -0.8677341, -0.24617869
14127334157000, 1.3918564, -0.81000733, -0.2996294
14127339099000, 1.4969252, -0.7189884, -0.31642818
14127344204000, 1.5735888, -0.6792821, -0.31215215
14127349174000, 1.6181821, -0.7690793, -0.310625
14127354186000, 1.6664404, -0.91629785, -0.35033122
14127359122000, 1.6927075, -1.0299188, -0.41386122
14127364274000, 1.6942347, -1.1533136, -0.50946164
14127369141000, 1.6963727, -1.3261884, -0.58276546
14127374172000, 1.7183639, -1.5357152, -0.65087694
14127379150000, 1.7540996, -1.67316, -0.70249504
14127384142000, 1.813659, -1.7125608, -0.77274454
14127389169000, 1.840537, -1.677436, -0.8677341
14127394190000, 1.8231273, -1.6597209, -0.9450085
14127399188000, 1.815186, -1.6847663, -1.0009027
14127404183000, 1.8048013, -1.6991217, -1.044885
14127409161000, 1.806634, -1.7116444, -1.065349
14127414159000, 1.8032742, -1.6756034, -1.094976
14127419144000, 1.7870862, -1.6310102, -1.1117748
14127424167000, 1.7941113, -1.6340646, -1.1148291
14127429162000, 1.783421, -1.6325374, -1.1178834
14127434149000, 1.7690657, -1.6362026, -1.1111639
14127439158000, 1.7531832, -1.6523905, -1.1010846
14127444387000, 1.7458528, -1.6811012, -1.0894781
14127449170000, 1.7266107, -1.7208074, -1.0812315
14127454182000, 1.7131716, -1.7650951, -1.0650436
14127459147000, 1.7033978, -1.8032742, -1.0567969
14127464172000, 1.6814066, -1.8176296, -1.0442741
14127469253000, 1.6496416, -1.8121318, -1.0451905
14127474167000, 1.616044, -1.7910569, -1.0262536
14127479919000, 1.5845845, -1.7983873, -1.0024298
14127484141000, 1.5674802, -1.8594738, -0.9850202
14127489101000, 1.5558738, -1.9370537, -0.96761054
14127494259000, 1.5512923, -1.9941696, -0.9618073
14127499222000, 1.541213, -2.0751092, -0.96944314
14127504254000, 1.509448, -2.117259, -0.98654735
14127509145000, 1.475545, -2.1697934, -1.001819
14127514215000, 1.4541647, -2.2434027, -1.0345002
14127519187000, 1.3976597, -2.289523, -1.058324
14127524198000, 1.3607023, -2.2837198, -1.0665708
14127529185000, 1.3417655, -2.2779164, -1.0864239
14127534191000, 1.325883, -2.2360723, -1.1224649
14127539190000, 1.2910637, -2.146275, -1.1523973
14127544205000, 1.2412782, -2.0207422, -1.1835514
14127550078000, 1.2064588, -1.8585575, -1.1765264
14127554169000, 1.1792754, -1.7553213, -1.187522
14127559164000, 1.1502593, -1.5754215, -1.1759156
14127564153000, 1.1096367, -1.426065, -1.1658363
14127569179000, 1.0842859, -1.368949, -1.1630874
14127574167000, 1.073901, -1.3741413, -1.1640037
14127579153000, 1.0848967, -1.3762794, -1.1410962
14127584228000, 1.0708468, -1.3338243, -1.1301007
14127589166000, 1.0332786, -1.2614367, -1.1242975
14127594173000, 0.98929626, -1.1630874, -1.1163563
14127599275000, 0.9593639, -1.0552697, -1.1114693
14127604189000, 0.9224065, -1.0005972, -1.1078042
14127609163000, 0.904386, -0.9071349, -1.1093313
14127614145000, 0.8765916, -0.8594874, -1.1044444
14127619664000, 0.8732319, -0.83658, -1.0882565
14127624161000, 0.87017757, -0.8179486, -1.0690142
14127629157000, 0.8573494, -0.7556403, -1.0393872
14127634188000, 0.8961393, -0.70921457, -0.9923506
14127639168000, 0.95478237, -0.689056, -0.92179567
14127644172000, 1.0079277, -0.7330383, -0.8344419
14127649259000, 1.061073, -0.7076874, -0.7672467
14127654257000, 1.0522153, -0.6417139, -0.72082096
14127659178000, 1.0317514, -0.6554584, -0.67164636
14127664157000, 1.0348058, -0.68233645, -0.6188065
14127669150000, 1.044885, -0.7174612, -0.559858
14127674152000, 1.0436633, -0.7635816, -0.51343226
14127679173000, 1.0332786, -0.8060367, -0.47800204
14127684137000, 1.0012082, -0.8542951, -0.4550946
14127689385000, 0.9776898, -0.90224797, -0.43463063
14127694196000, 0.9593639, -0.9251554, -0.41080686
14127699265000, 0.94959, -0.93676186, -0.3998113
14127704047000, 0.9370673, -0.93554014, -0.38820487
14127709082000, 0.91629785, -0.9434814, -0.37415496
14127714069000, 0.8732319, -0.93554014, -0.35827246
14127719086000, 0.84207773, -0.91232723, -0.34147367
14127724042000, 0.7892379, -0.8695667, -0.3408628
14127729086000, 0.7464773, -0.7874053, -0.33964106
14127734049000, 0.70463306, -0.6942484, -0.33414328
14127739086000, 0.64751714, -0.6038403, -0.34391713
14127744075000, 0.5934556, -0.5305365, -0.35246924
14127749119000, 0.52503866, -0.4728097, -0.3463606
14127754163000, 0.45814893, -0.419359, -0.3387248
14127759168000, 0.41630468, -0.3640757, -0.33567044
14127764157000, 0.37140608, -0.31856623, -0.32528573
14127769179000, 0.344528, -0.24709499, -0.3115413
14127774362000, 0.30818152, -0.2003638, -0.30390546
14127779157000, 0.27397305, -0.19853121, -0.29626966
14127784203000, 0.25595254, -0.20311269, -0.28985557
14127789170000, 0.26450464, -0.22204952, -0.29932398
14127795146000, 0.2706133, -0.28496864, -0.30848694
14127799242000, 0.2932153, -0.32528573, -0.32345316
14127804168000, 0.30024028, -0.3903429, -0.32528573
14127809165000, 0.30390546, -0.45998153, -0.32742378
14127814169000, 0.301462, -0.5103779, -0.32589662
14127819169000, 0.28924468, -0.5723807, -0.312763
14127824168000, 0.26450464, -0.6227771, -0.30482176
14127829158000, 0.24129178, -0.65301496, -0.29626966
14127834219000, 0.20158553, -0.6759224, -0.27855456
14127839159000, 0.19425514, -0.6713409, -0.26389378
14127844158000, 0.17073683, -0.63499445, -0.25809056
14127849210000, 0.1563815, -0.5888741, -0.24923302
14127854220000, 0.14813483, -0.5317582, -0.24495697
14127859174000, 0.14935656, -0.47586402, -0.25167647
14127864155000, 0.13744467, -0.41416663, -0.25503623
14127869180000, 0.13561209, -0.36254853, -0.25870144
14127874634000, 0.12767084, -0.3472769, -0.26328292
14127879152000, 0.12217305, -0.3594942, -0.26206118
14127884232000, 0.09682214, -0.4089743, -0.27000242
14127889342000, 0.07544186, -0.46028697, -0.25595254
14127894159000, 0.04734206, -0.4831944, -0.25411993
14127899241000, 0.03359759, -0.5027421, -0.2519819
14127904182000, -0.008552114, -0.50426924, -0.22968534
14127909137000, -0.05955936, -0.5002986, -0.2144137
14127914197000, -0.105374254, -0.5170974, -0.20525073
14127919112000, -0.15515977, -0.5696318, -0.17104226
14127924196000, -0.18661933, -0.65393126, -0.1469131
14127929206000, -0.19822577, -0.72326446, -0.105374254
14127934209000, -0.20189096, -0.75747293, -0.058643065
14127939203000, -0.22113322, -0.75869465, -0.018020526
14127944420000, -0.2519819, -0.73731434, 0.01863139
14127949305000, -0.3036, -0.6985244, 0.05222898
14127954249000, -0.3744604, -0.6588182, 0.09010262
14127959200000, -0.44073927, -0.59315014, 0.12614368
14127964154000, -0.52687126, -0.51893, 0.16249016
14127969185000, -0.61269784, -0.44868052, 0.20219639
14127974158000, -0.69027776, -0.39858958, 0.2415972
14127979148000, -0.77732605, -0.37018433, 0.2846632
14127984227000, -0.86926126, -0.3436117, 0.33750305
14127989191000, -0.9816604, -0.3268129, 0.4016439
14127994223000, -1.1129965, -0.3203988, 0.46731192
14127999275000, -1.1856894, -0.29840767, 0.49968776
14128004301000, -1.3472633, -0.2669481, 0.56016344
14128009180000, -1.4746287, -0.21655174, 0.63194007
14128014455000, -1.5809193, -0.14508049, 0.70341134
14128019174000, -1.6875153, -0.07849618, 0.7770206
14128024165000, -1.781894, -0.0290161, 0.8426886
14128029155000, -1.8619173, 0.03481932, 0.9285152
14128034189000, -1.9425515, 0.07513642, 1.0118983
14128039205000, -2.0069978, 0.10170906, 1.1096367
14128044224000, -2.058616, 0.14874569, 1.221425
14128049332000, -2.080607, 0.21013765, 1.3423764
14128054233000, -2.0842721, 0.2761111, 1.4514158
14128059174000, -2.068695, 0.3484986, 1.559539
14128064152000, -2.042428, 0.4111123, 1.6673567
14128069210000, -2.0158553, 0.46822822, 1.7669277
14128074151000, -1.9816469, 0.5311473, 1.8280143
14128079224000, -1.9553796, 0.571159, 1.8674151
14128084372000, -1.9248364, 0.6261369, 1.8915442
14128089264000, -1.9037615, 0.6808093, 1.9062049
14128094299000, -1.9068159, 0.7113526, 1.9269744
14128099148000, -1.928807, 0.77579886, 1.9361374
14128104117000, -1.9449949, 0.8246681, 1.9608774
14128109208000, -1.9642372, 0.86834496, 1.9795089
14128114200000, -1.9782871, 0.8933904, 1.9926424
14128119213000, -1.9727893, 0.9080512, 1.997224
14128124207000, -1.9685133, 0.9627236, 1.994475
14128129167000, -1.9575176, 1.0629056, 1.9859229
14128134207000, -1.96271, 1.1850786, 1.9651535
14128139200000, -1.9642372, 1.3567317, 1.9428569
14128144228000, -1.9416351, 1.5387696, 1.9297233
14128149326000, -1.9004018, 1.7308867, 1.9083431
14128154202000, -1.8383989, 1.9547688, 1.885741
14128159185000, -1.7635679, 2.119397, 1.8738291
14128164262000, -1.7012597, 2.2391264, 1.8713857
14128169209000, -1.6523905, 2.324953, 1.8591684
14128174225000, -1.6377298, 2.3212879, 1.8399261
14128179221000, -1.6581937, 2.2800546, 1.8090774
14128184156000, -1.6786577, 2.228131, 1.7788396
14128189143000, -1.7366899, 2.1991148, 1.7440202
14128194236000, -1.7696766, 2.1297817, 1.7363845
14128199720000, -1.8304577, 2.0879374, 1.7299703
14128204091000, -1.8829921, 2.005165, 1.7162259
14128209063000, -1.9043725, 2.0412061, 1.7333301
14128214114000, -1.885741, 2.1679606, 1.7669277
14128219049000, -1.8451185, 2.2128594, 1.7776178
14128224088000, -1.8246545, 2.1740694, 1.7559321
14128229052000, -1.8212948, 2.19209, 1.7269161
14128234125000, -1.8252654, 2.2635612, 1.7037032
14128239034000, -1.8347337, 2.2928827, 1.6924021
14128244098000, -1.8408424, 2.271808, 1.6639969
14128249091000, -1.8503108, 2.2748623, 1.6096299
14128254124000, -1.8756617, 2.2941043, 1.568091
14128259096000, -1.8942931, 2.2779164, 1.50731
14128264123000, -1.8881844, 2.3188446, 1.4309518
14128269103000, -1.8967366, 2.3811526, 1.3548992
14128274123000, -1.8823812, 2.4666739, 1.3121386
14128279272000, -1.8506162, 2.5784621, 1.2498302
14128284132000, -1.8185458, 2.6374106, 1.1569787
14128289125000, -1.8096883, 2.7232373, 1.1108584
14128294143000, -1.8167132, 2.7708848, 1.0421361
14128299431000, -1.7938058, 2.7052166, 0.95356065
14128304168000, -1.7046194, 2.737287, 0.90285885
14128309519000, -1.6612481, 2.855795, 0.7779369
14128314161000, -1.6954565, 2.917187, 0.6637051
14128319154000, -1.6823229, 2.8942795, 0.573297
14128324164000, -1.6288722, 2.8225029, 0.48288897
14128329138000, -1.5415184, 2.7403414, 0.39095375
14128334181000, -1.4462235, 2.6569583, 0.30176744
14128339188000, -1.3478742, 2.5540276, 0.21868975
14128344207000, -1.2428054, 2.4037547, 0.16310102
14128349235000, -1.1322387, 2.2226331, 0.12308934
14128354172000, -1.0183123, 2.021964, 0.0870483
14128359166000, -0.90102625, 1.8069394, 0.06566802
14128364155000, -0.782213, 1.5855007, 0.046120327
14128369182000, -0.6740898, 1.3753631, 0.027488936
14128374165000, -0.5513059, 1.1945469, 0.018936822
14128379143000, -0.441961, 1.0268645, 0.009773844
14128384163000, -0.32650748, 0.9669997, 0.01160644
14128389164000, -0.22510384, 0.8689558, 0.013744468
14128394237000, -0.17348573, 0.8151997, 0.023823744
14128399179000, -0.0888809, 0.7825184, 0.049480084
14128404166000, -0.026267206, 0.7449502, 0.09468412
14128409192000, 0.03970624, 0.69058317, 0.13072516
14128414142000, 0.08552113, 0.6417139, 0.18509217
14128419179000, 0.14294247, 0.5833763, 0.24281894
14128424107000, 0.21288654, 0.5140431, 0.30024028
14128429144000, 0.27885997, 0.43066, 0.34605515
14128434187000, 0.35094208, 0.35979962, 0.39736784
14128439182000, 0.42546764, 0.3118467, 0.4437936
14128444201000, 0.4972443, 0.2660318, 0.4877759
14128449172000, 0.57818395, 0.21166481, 0.52503866
14128454100000, 0.65118235, 0.13561209, 0.56779927
14128459165000, 0.71685034, 0.03573562, 0.6038403
14128464123000, 0.78801614, -0.07544186, 0.6218608
14128469151000, 0.8512407, -0.19364429, 0.6243043
14128474164000, 0.8924741, -0.30085114, 0.60994893
14128479148000, 0.9370673, -0.40378192, 0.5888741
14128484149000, 0.95081174, -0.44898596, 0.55680364
14128489183000, 0.9440922, -0.52687126, 0.5500842
14128494221000, 0.8720101, -0.59131753, 0.52503866
14128499171000, 0.7244862, -0.6426302, 0.4999932
14128504164000, 0.51923543, -0.68477994, 0.4859433
14128509163000, 0.35308012, -0.66431594, 0.46731192
14128514167000, 0.37812558, -0.537256, 0.42424592
14128519176000, 0.5653558, -0.3491095, 0.35827246
14128524138000, 0.8176431, -0.16768251, 0.28955013
14128529157000, 1.0598512, -0.102319926, 0.25809056
14128534152000, 1.2339478, -0.20433442, 0.2657264
14128539183000, 1.3503176, -0.37690386, 0.2666427
14128544266000, 1.425454, -0.45356745, 0.19181168
14128549195000, 1.391551, -0.44593164, 0.07452556
14128554195000, 1.2586879, -0.47678033, -0.0421497
14128559163000, 1.1511755, -0.54336464, -0.15332718
14128564164000, 1.1481212, -0.6001751, -0.22968534
14128569184000, 1.2269229, -0.6951646, -0.2706133
14128574168000, 1.346347, -0.8390234, -0.27580565
14128579170000, 1.4895949, -0.9984592, -0.28955013
14128584184000, 1.6279559, -1.0604621, -0.301462
14128589170000, 1.6850718, -1.1151345, -0.31245756
14128594229000, 1.765706, -1.1371256, -0.33383787
14128599174000, 1.820073, -1.1820242, -0.3463606
14128604174000, 1.8759671, -1.2825116, -0.36285394
14128609165000, 1.9168952, -1.3881912, -0.39614612
14128614166000, 1.9410243, -1.4123205, -0.45845437
14128619152000, 1.9459113, -1.4040737, -0.5143485
14128624170000, 1.9477439, -1.4434745, -0.54000485
14128629145000, 1.9248364, -1.5216653, -0.5674938
14128634154000, 1.9129245, -1.5867225, -0.59681535
14128639243000, 1.8918496, -1.6481144, -0.6160576
14128644242000, 1.8747455, -1.6960673, -0.63621616
14128649622000, 1.8533652, -1.7162259, -0.65057147
14128654190000, 1.8399261, -1.7125608, -0.66553766
14128659099000, 1.7886134, -1.7192802, -0.6789767
14128664164000, 1.7568485, -1.7449366, -0.6942484
14128669196000, 1.7373008, -1.7962493, -0.6979135
14128674164000, 1.7192802, -1.8435913, -0.7131852
14128679162000, 1.6872098, -1.8628336, -0.7425067
14128684194000, 1.6694947, -1.8585575, -0.75136423
14128689194000, 1.6749926, -1.8231273, -0.78954333
14128694182000, 1.6536123, -1.8203784, -0.8188649
14128699314000, 1.6291776, -1.8365663, -0.8371908
14128704193000, 1.6157386, -1.8545868, -0.8567385
14128709162000, 1.616044, -1.8955148, -0.8576548
14128714164000, 1.6032158, -1.9425515, -0.8720101
14128719171000, 1.5968018, -1.9807305, -0.8790351
14128724168000, 1.593442, -2.012801, -0.89858276
14128729150000, 1.606881, -1.9917262, -0.9120218
14128734206000, 1.600467, -1.9517145, -0.91721416
14128739168000, 1.6029104, -1.8945986, -0.9297369
14128744152000, 1.598329, -1.8567249, -0.9443977
14128749185000, 1.5241088, -1.8454239, -0.9578367
14128754195000, 1.4972308, -1.8493946, -0.9837985
14128759160000, 1.5088371, -1.9025398, -1.0186177
14128764152000, 1.4822645, -1.9297233, -1.0800097
14128769171000, 1.421178, -1.9248364, -1.1600331
14128774164000, 1.3267993, -1.9031507, -1.2183707
14128779139000, 1.3096951, -1.8747455, -1.2321151
14128784195000, 1.3121386, -1.8148806, -1.2330315
14128789204000, 1.2938126, -1.7794504, -1.2235631
14128794206000, 1.2730432, -1.6997325, -1.2040154
14128799290000, 1.2522738, -1.5482379, -1.1911873
14128804203000, 1.2043208, -1.459357, -1.2082914
14128809205000, 1.128879, -1.3353515, -1.2198979
14128814167000, 1.0800097, -1.2464706, -1.2147056
14128819204000, 1.042747, -1.1603385, -1.1927143
14128824168000, 1.0253373, -1.144456, -1.1429288
14128829188000, 1.0067059, -1.1261301, -1.1001683
14128834141000, 1.0280862, -1.0867293, -1.065349
14128839204000, 1.0228939, -1.0742066, -1.02717
14128844126000, 1.0158689, -1.02717, -0.99021256
14128849319000, 1.0042624, -0.91782504, -0.95630956
14128854154000, 0.95814216, -0.7877107, -0.9370673
14128859202000, 0.9101892, -0.6957755, -0.91965765
14128864122000, 0.89736104, -0.63621616, -0.8927795
14128869207000, 0.91324353, -0.6084218, -0.86620694
14128874126000, 0.95172805, -0.6035349, -0.84788096
14128879182000, 0.9822713, -0.59315014, -0.84116143
14128884209000, 0.9957104, -0.5815437, -0.8304713
14128889202000, 1.0332786, -0.54702985, -0.79809546
14128894197000, 1.0503827, -0.51923543, -0.7993172
14128899281000, 1.054048, -0.52656585, -0.7825184
14128904266000, 1.0512991, -0.5317582, -0.75625116
14128909203000, 1.0341948, -0.49357912, -0.72601336
14128914168000, 1.0259482, -0.4831944, -0.7089091
14128919206000, 0.9966267, -0.50976706, -0.6936375
14128924133000, 0.97341377, -0.5516113, -0.67073005
14128929190000, 0.92149025, -0.63041294, -0.6637051
14128934304000, 0.9034697, -0.7147123, -0.6563747
14128939201000, 0.88789266, -0.77274454, -0.63804877
14128944326000, 0.85154617, -0.8151997, -0.6249151
14128949270000, 0.83016586, -0.86315256, -0.6072
14128954712000, 0.8029824, -0.8756753, -0.5842926
14128959193000, 0.7828238, -0.88331115, -0.5681047
14128964161000, 0.768163, -0.89369583, -0.5589417
14128969201000, 0.7476991, -0.8680395, -0.54367006
14128974113000, 0.70463306, -0.86651236, -0.5329799
14128979191000, 0.6899723, -0.8341365, -0.5320636
14128984153000, 0.6640105, -0.7669413, -0.51923543
14128989197000, 0.6273586, -0.7058548, -0.50793445
14128994126000, 0.573297, -0.6407976, -0.48808134
14128999184000, 0.52015173, -0.56046885, -0.48258355
14129004107000, 0.48197266, -0.44409904, -0.4718934
14129009196000, 0.44929138, -0.34208453, -0.43982297
14129014131000, 0.4184427, -0.2452624, -0.41233405
14129019203000, 0.3894266, -0.15241088, -0.39553526
14129024172000, 0.36743546, -0.06261369, -0.36987892
14129029191000, 0.355829, 0.025350908, -0.3387248
14129034216000, 0.33964106, 0.09132435, -0.32589662
14129039204000, 0.31764993, 0.11789699, -0.30695978
14129044196000, 0.30207285, 0.11911872, -0.29840767
14129049183000, 0.2843578, 0.08093964, -0.29077184
14129054182000, 0.2846632, 0.02321288, -0.29749137
14129059167000, 0.3032946, -0.038179077, -0.32528573
14129064166000, 0.31581733, -0.10354166, -0.33322698
14129069177000, 0.30268374, -0.17928895, -0.3484986
14129074165000, 0.30207285, -0.20799962, -0.36682457
14129079142000, 0.2959642, -0.2687807, -0.376293
14129084252000, 0.28099802, -0.33536503, -0.3924809
14129089171000, 0.26816985, -0.3811799, -0.40011674
14129094200000, 0.24129178, -0.4129449, -0.40378192
14129099298000, 0.21930063, -0.43157628, -0.40591997
14129104285000, 0.20189096, -0.43463063, -0.3943135
14129109194000, 0.19058995, -0.4428773, -0.37843102
14129114208000, 0.17440203, -0.43004912, -0.36865717
14129119202000, 0.15974127, -0.4269948, -0.35369098
14129124198000, 0.14630222, -0.41538838, -0.35033122
14129129191000, 0.14660765, -0.42180246, -0.3436117
14129134302000, 0.13255776, -0.43004912, -0.35277468
14129139199000, 0.124311075, -0.45356745, -0.35796702
14129144193000, 0.108123146, -0.47158796, -0.3744604
14129149256000, 0.08552113, -0.4841107, -0.4007276
14129154287000, 0.053145275, -0.48808134, -0.39522982
14129159195000, -0.016798794, -0.46517387, -0.39736784
14129164163000, -0.0870483, -0.44776422, -0.39706242
14129169156000, -0.14813483, -0.45845437, -0.37690386
14129174183000, -0.16768251, -0.5119051, -0.36163223
14129179166000, -0.1777618, -0.6081163, -0.3191771
14129184190000, -0.18173242, -0.6988298, -0.27366763
14129189148000, -0.183565, -0.7806858, -0.22235495
14129194194000, -0.21044308, -0.8008443, -0.17745635
14129199136000, -0.25809056, -0.77396625, -0.12492194
14129204188000, -0.32406402, -0.7067711, -0.082161374
14129209107000, -0.39003745, -0.6420194, -0.03573562
14129214194000, -0.4569272, -0.57635134, 0.0061086523
14129219111000, -0.5338962, -0.50518554, 0.05589417
14129224206000, -0.61727935, -0.43463063, 0.0852157
14129229112000, -0.6933321, -0.3735441, 0.12186762
14129234267000, -0.7669413, -0.33353242, 0.15454891
14129239140000, -0.84635377, -0.30757064, 0.19211712
14129244188000, -0.95142263, -0.28527406, 0.2321288
14129249372000, -1.0656544, -0.27091873, 0.28344148
14129254109000, -1.1979067, -0.25259277, 0.33108896
14129259046000, -1.3292428, -0.22724187, 0.39278635
14129264099000, -1.455081, -0.20525073, 0.47067168
14129269073000, -1.5613716, -0.18784106, 0.5131268
14129274104000, -1.6181821, -0.1459968, 0.6062838
14129279094000, -1.709201, -0.095294975, 0.70921457
14129284107000, -1.7925841, -0.059864793, 0.8219192
14129289065000, -1.8500054, -0.0021380284, 0.91507614
14129294094000, -1.8936822, 0.05497787, 1.0424415
14129299068000, -1.92392, 0.129198, 1.1676689
14129304105000, -1.9495764, 0.21991149, 1.29198
14129309032000, -1.9559906, 0.3231477, 1.4147639
14129314116000, -1.969735, 0.42119157, 1.5259414
14129319035000, -1.9843957, 0.5204572, 1.6316211
14129324103000, -1.9960022, 0.627664, 1.7302758
14129329055000, -2.0176878, 0.74189585, 1.8219056
14129334196000, -2.0412061, 0.84482664, 1.8866574
14129339136000, -2.0683897, 0.93676186, 1.9385809
14129344194000, -2.10046, 1.0091494, 1.9743165
14129349234000, -2.1303926, 1.0641272, 2.0054705
14129354198000, -2.1401663, 1.0839803, 2.0152445
14129359206000, -2.1450534, 1.0867293, 2.0066924
14129364146000, -2.1401663, 1.0833695, 1.9935588
14129369227000, -2.0952678, 1.0934488, 1.9767599
14129374196000, -2.0525072, 1.1297953, 1.960572
14129379203000, -1.9834795, 1.1713341, 1.9315559
14129384282000, -1.9428569, 1.2666291, 1.8842138
14129389201000, -1.9453003, 1.4355333, 1.8084666
14129394177000, -1.9859229, 1.6316211, 1.7293595
14129399326000, -1.9996674, 1.890017, 1.6722436
14129404207000, -1.9758437, 2.130698, 1.598329
14129409181000, -1.9168952, 2.3011293, 1.5476271
14129414189000, -1.8383989, 2.3829854, 1.5204436
14129419205000, -1.752267, 2.381458, 1.5253305
14129424183000, -1.6865989, 2.3765712, 1.5467108
14129429242000, -1.6673567, 2.262034, 1.5531249
14129434250000, -1.7027869, 2.0592268, 1.5497651
14129439189000, -1.7348573, 1.8994855, 1.568091
14129444171000, -1.781283, 1.7479908, 1.5894713
14129449172000, -1.8044959, 1.6780468, 1.6383406
14129454179000, -1.8246545, 1.6484199, 1.6859881
14129459151000, -1.8402315, 1.6484199, 1.7369953
14129464179000, -1.8325957, 1.6694947, 1.781894
14129469212000, -1.8512272, 1.7314975, 1.8008307
14129474175000, -1.8671097, 1.7938058, 1.813659
14129479190000, -1.9052887, 1.8765781, 1.8289305
14129484205000, -1.9376645, 1.9220876, 1.8219056
14129489201000, -2.0100522, 1.9226984, 1.8329011
14129494428000, -2.048842, 1.9086485, 1.840537
14129499234000, -2.0650299, 1.9504927, 1.8252654
14129504408000, -2.1077905, 1.9938642, 1.7928895
14129509197000, -2.1432207, 2.0011945, 1.754405
14129514126000, -2.130698, 1.9917262, 1.7055358
14129519203000, -2.0992384, 2.0347922, 1.6548339
14129524168000, -2.0851886, 2.1481075, 1.6209309
14129529189000, -2.0980167, 2.2489004, 1.5534303
14129534238000, -2.1126773, 2.3802364, 1.4816537
14129539201000, -2.121535, 2.4904976, 1.4187346
14129544200000, -2.1184807, 2.5576928, 1.3509285
14129549244000, -2.1022928, 2.6367998, 1.2797627
14129554180000, -2.084883, 2.7159069, 1.2003502
14129559198000, -2.053118, 2.7711902, 1.0986412
14129564193000, -2.0189097, 2.7785206, 0.9789116
14129569204000, -1.9788979, 2.7763824, 0.9211848
14129574197000, -1.9569068, 2.7375927, 0.79290307
14129579188000, -1.92392, 2.6358836, 0.66798115
14129584225000, -1.8674151, 2.5561657, 0.55924714
14129589194000, -1.8139644, 2.5109615, 0.48075095
14129594211000, -1.7443258, 2.445599, 0.42210788
14129599225000, -1.6609426, 2.3704627, 0.3631594
14129604189000, -1.5781704, 2.284636, 0.32070425
14129609198000, -1.4880677, 2.1875083, 0.28527406
14129614210000, -1.3729197, 2.074193, 0.26542094
14129619201000, -1.2495248, 1.9556851, 0.24220806
14129624196000, -1.1093313, 1.8472565, 0.22815818
14129629181000, -0.9575313, 1.7348573, 0.21166481
14129634264000, -0.795652, 1.640784, 0.21044308
14129639152000, -0.6478226, 1.5491543, 0.2098322
14129644193000, -0.5015204, 1.4538593, 0.20616703
14129649319000, -0.37568212, 1.368949, 0.2125811
14129654198000, -0.24648413, 1.2699889, 0.20677789
14129659168000, -0.1414153, 1.1691961, 0.2180789
14129664154000, -0.05497787, 1.1145236, 0.22357668
14129669217000, -0.0033597588, 0.97402465, 0.23090707
14129674196000, 0.07819075, 0.8268061, 0.24770586
14129679169000, 0.15760323, 0.6872234, 0.26206118
14129684249000, 0.24404067, 0.5299256, 0.28099802
14129689196000, 0.34605515, 0.37659842, 0.30543262
14129694200000, 0.45173484, 0.23640485, 0.32406402
14129699373000, 0.5390886, 0.10598512, 0.3481932
14129704198000, 0.634689, -0.01038471, 0.38362336
14129709442000, 0.70402217, -0.101098195, 0.40561453
14129714211000, 0.7684685, -0.16310102, 0.43860126
14129719414000, 0.8237518, -0.20219639, 0.46609017
14129724199000, 0.8744536, -0.23609942, 0.48472157
14129729531000, 0.9266826, -0.24862215, 0.51007247
14129734238000, 1.0036516, -0.25259277, 0.5329799
14129739163000, 1.0638218, -0.25534168, 0.56291234
14129744175000, 1.1239921, -0.2828306, 0.5839872
14129749149000, 1.1872166, -0.29810223, 0.59620446
14129754280000, 1.2327261, -0.34788775, 0.59986967
14129759100000, 1.258077, -0.38331795, 0.5842926
14129764154000, 1.2513574, -0.4868596, 0.57940567
14129769108000, 1.2082914, -0.6282749, 0.5491679
14129774196000, 1.1136073, -0.75686204, 0.52473325
14129779109000, 0.9483683, -0.84116143, 0.5002986
14129784265000, 0.72326446, -0.8671232, 0.4877759
14129789102000, 0.47158796, -0.75686204, 0.46181414
14129794188000, 0.34880406, -0.48472157, 0.38912117
14129799280000, 0.45173484, -0.12308934, 0.2910773
14129804291000, 0.72082096, 0.18784106, 0.21563543
14129809160000, 0.9654725, 0.29901853, 0.18967366
14129814198000, 1.104139, 0.094989546, 0.17440203
14129819215000, 1.1563679, -0.29993483, 0.14202617
14129824170000, 1.2131784, -0.5821546, 0.039095376
14129829146000, 1.2791518, -0.5696318, -0.124005646
14129834217000, 1.319469, -0.3707952, -0.28985557
14129839181000, 1.2980887, -0.29993483, -0.40225476
14129844177000, 1.2574661, -0.50243664, -0.46120325
14129849314000, 1.2834278, -0.8167268, -0.48380527
14129854188000, 1.3778065, -1.1236867, -0.4728097
14129859165000, 1.4776831, -1.2831224, -0.42943826
14129864148000, 1.5378532, -1.541213, -0.40378192
14129869180000, 1.6615535, -1.704314, -0.35369098
14129874167000, 1.7760907, -1.7880026, -0.34208453
14129879159000, 1.8677205, -1.8493946, -0.3472769
14129884198000, 1.9269744, -1.9147571, -0.3567453
14129889172000, 1.956296, -2.0042489, -0.37415496
14129894183000, 1.9529362, -2.098933, -0.4196644
14129899235000, 1.9300288, -2.151162, -0.46578476
14129904169000, 1.8912388, -2.2149973, -0.5345071
14129909164000, 1.8396207, -2.278833, -0.6062838
14129914143000, 1.8142698, -2.2956316, -0.64751714
14129919176000, 1.8112154, -2.2602015, -0.69974613
14129924166000, 1.779756, -2.189952, -0.77182823
14129929146000, 1.7464638, -2.1584923, -0.8210029
14129934185000, 1.7241671, -2.1456642, -0.8561276
14129939168000, 1.704925, -2.13925, -0.883922
14129944172000, 1.6881261, -2.111761, -0.93218035
14129949191000, 1.6716328, -2.0882428, -0.95905846
14129954136000, 1.6581937, -2.085494, -0.9828822
14129959162000, 1.6520851, -2.058005, -0.9978484
14129964114000, 1.6520851, -2.0216584, -1.0256428
14129969179000, 1.6517797, -1.992337, -1.0467176
14129974099000, 1.641395, -1.9685133, -1.0647382
14129979146000, 1.638646, -1.9346102, -1.0626001
14129984165000, 1.6438384, -1.9095647, -1.0668762
14129989167000, 1.6581937, -1.8909334, -1.0595458
14129994163000, 1.6698002, -1.8573358, -1.0451905
14129999189000, 1.6972891, -1.8197676, -1.0290025
14130004124000, 1.7192802, -1.7794504, -1.0082331
14130009163000, 1.7311921, -1.7348573, -0.9819659
14130014138000, 1.7299703, -1.7217237, -0.9505063
14130019176000, 1.7376062, -1.6948457, -0.91354895
14130024148000, 1.7171422, -1.6627752, -0.8958339
14130029145000, 1.6468927, -1.5940529, -0.8927795
14130034219000, 1.5635096, -1.5387696, -0.9202685
14130039164000, 1.5015068, -1.5366315, -0.94897914
14130044186000, 1.4627168, -1.5900823, -0.9804387
14130049251000, 1.4239268, -1.6734654, -1.0341948
14130054376000, 1.3836098, -1.7314975, -1.0800097
14130059164000, 1.3191634, -1.7510452, -1.10139
14130064366000, 1.2922854, -1.7571539, -1.1389582
14130069177000, 1.2608259, -1.7464638, -1.1841623
14130074487000, 1.2263119, -1.6826283, -1.1960741
14130079148000, 1.1976013, -1.5442673, -1.1957687
14130084182000, 1.1771374, -1.3952162, -1.1749994
14130089191000, 1.1685852, -1.3286319, -1.174083
14130094162000, 1.0965031, -1.1863003, -1.1869112
14130099186000, 1.0247264, -1.1533136, -1.2024882
14130104108000, 0.9923506, -1.1927143, -1.212262
14130109165000, 0.97127575, -1.2379184, -1.2174544
14130114124000, 0.97402465, -1.2483032, -1.210124
14130119176000, 0.9831876, -1.2064588, -1.2000448
14130124098000, 0.96883225, -1.1597277, -1.1768318
14130129147000, 1.0009027, -1.1252137, -1.1429288
14130134185000, 1.0155635, -1.040609, -1.119716
14130139168000, 0.9966267, -0.9428705, -1.0806206
14130144093000, 0.96974856, -0.8567385, -1.0369438
14130149185000, 0.9611965, -0.80573124, -0.98807454
14130154139000, 0.96669424, -0.77946407, -0.9596693
14130159163000, 0.9636399, -0.7263188, -0.9120218
14130164153000, 0.9737192, -0.6435465, -0.8594874
14130169139000, 0.9950995, -0.5519168, -0.78801614
14130174140000, 1.0354166, -0.46211955, -0.7104363
14130179145000, 1.0812315, -0.3943135, -0.6337727
14130184187000, 1.0815369, -0.33567044, -0.5558874
14130189126000, 1.0943651, -0.2919936, -0.48441613
14130194161000, 1.0864239, -0.28802297, -0.42760566
14130199135000, 1.0659598, -0.32834008, -0.3979787
14130204146000, 1.0467176, -0.37904188, -0.36926803
14130209149000, 1.0311406, -0.42913285, -0.35338554
14130214148000, 1.0064005, -0.47158796, -0.34483343
14130219138000, 0.9850202, -0.5006041, -0.32895094
14130224140000, 0.9621128, -0.5357288, -0.32589662
14130229154000, 0.93737274, -0.573297, -0.33017266
14130234248000, 0.90041536, -0.60231316, -0.34055737
14130239163000, 0.8729264, -0.6221663, -0.3576616
14130244238000, 0.82924956, -0.63041294, -0.37568212
14130249174000, 0.77946407, -0.623388, -0.3866777
14130254169000, 0.7266242, -0.6068946, -0.39461896
14130259161000, 0.70554936, -0.5983425, -0.41172317
14130264151000, 0.6606508, -0.59589905, -0.42271876
14130269165000, 0.61483586, -0.6078109, -0.4202753
14130274165000, 0.57360244, -0.61178154, -0.42852196
14130279139000, 0.54336464, -0.5867361, -0.42638394
14130284246000, 0.49968776, -0.5549711, -0.42271876
14130289098000, 0.45173484, -0.5036584, -0.41722095
14130294238000, 0.40317106, -0.45173484, -0.41416663
14130299142000, 0.3622431, -0.39461896, -0.4016439
14130304174000, 0.33841935, -0.34574974, -0.3912592
14130309107000, 0.32498032, -0.27397305, -0.3848451
14130314153000, 0.32436943, -0.19608775, -0.38423425
14130319121000, 0.3173445, -0.11484267, -0.39187005
14130324165000, 0.31429017, -0.060170226, -0.39095375
14130329140000, 0.3118467, -0.025045475, -0.3933972
14130334210000, 0.29840767, -0.005192355, -0.39675698
14130339147000, 0.29932398, -0.01038471, -0.38453966
14130344183000, 0.29535335, -0.03390302, -0.3848451
14130349236000, 0.30970868, -0.05589417, -0.37659842
14130354172000, 0.3203988, -0.0720821, -0.36926803
14130359182000, 0.32620203, -0.11759156, -0.3680463
14130364142000, 0.344528, -0.14996742, -0.36468655
14130369159000, 0.35796702, -0.17959438, -0.364992
14130374162000, 0.3484986, -0.21899518, -0.355829
14130379158000, 0.33261612, -0.2724459, -0.3454443
14130384186000, 0.31703907, -0.2996294, -0.34422258
14130389420000, 0.29840767, -0.33383787, -0.3408628
14130394186000, 0.2883284, -0.34147367, -0.3399465
14130399185000, 0.2556471, -0.35888332, -0.35094208
14130404176000, 0.2519819, -0.3539964, -0.35460728
14130409154000, 0.2611449, -0.3368922, -0.3659083
14130414156000, 0.25992316, -0.3295618, -0.37751472
14130419143000, 0.26419923, -0.31123585, -0.39370266
14130424165000, 0.24587326, -0.30176744, -0.40683624
14130429120000, 0.21471913, -0.30787608, -0.4129449
14130434184000, 0.18295415, -0.32253686, -0.4175264
14130439101000, 0.16646078, -0.344528, -0.419359
14130444158000, 0.1469131, -0.36132678, -0.41599923
14130449172000, 0.12614368, -0.3659083, -0.41141775
14130454169000, 0.11881329, -0.38728857, -0.40469822
14130459100000, 0.096516706, -0.3933972, -0.40286562
14130464155000, 0.06872234, -0.4007276, -0.39614612
14130469181000, 0.049785517, -0.39003745, -0.39370266
14130474165000, 0.034208454, -0.41874814, -0.37843102
14130479158000, 0.034208454, -0.4615087, -0.35979962
14130484289000, 0.038179077, -0.52290064, -0.35216382
14130489183000, 0.062002823, -0.56321776, -0.33964106
14130494159000, 0.0580322, -0.6068946, -0.3200934
14130499197000, 0.052534413, -0.6068946, -0.301462
14130504175000, 0.048563786, -0.5907067, -0.27885997
14130509219000, 0.017715093, -0.57910025, -0.26389378
14130514156000, -0.014660766, -0.56321776, -0.24404067
14130519174000, -0.050701816, -0.53969944, -0.22388211
14130524166000, -0.112704635, -0.52106804, -0.20463985
14130529164000, -0.18478674, -0.48288897, -0.18081611
14130534215000, -0.23579398, -0.4361578, -0.15454891
14130539203000, -0.30970868, -0.39828414, -0.13225232
14130544218000, -0.3744604, -0.3839288, -0.10293079
14130549403000, -0.43249258, -0.34147367, -0.07269296
14130554222000, -0.49846604, -0.3277292, -0.0571159
14130559198000, -0.5335908, -0.28221974, -0.02321288
14130564149000, -0.605062, -0.21380283, 0.014049901
14130569210000, -0.68294734, -0.13988814, 0.052534413
14130574202000, -0.79045963, -0.083383106, 0.09865474
14130579181000, -0.8885035, -0.022907447, 0.15149458
14130584271000, -0.9963212, 0.018936822, 0.20952678
14130589185000, -1.0998629, 0.05375614, 0.269697
14130594223000, -1.2092078, 0.08735373, 0.33353242
14130599173000, -1.3255776, 0.1142318, 0.4111123
14130604166000, -1.459357, 0.16493362, 0.49938235
14130609162000, -1.6105462, 0.21227567, 0.59589905
14130614152000, -1.750129, 0.2761111, 0.7101309
14130619152000, -1.8955148, 0.36285394, 0.82894415
14130624165000, -2.0244074, 0.43890667, 0.9483683
14130629136000, -2.149024, 0.50335294, 1.0888673
14130634179000, -2.2632558, 0.5161811, 1.2339478
14130639204000, -2.330451, 0.47525316, 1.3799446
14130644131000, -2.3649647, 0.43127087, 1.4520267
14130649334000, -2.362216, 0.31306845, 1.599856
14130654114000, -2.3157902, 0.16432275, 1.7489072
14130659206000, -2.2180517, 0.010995574, 1.8955148
14130664116000, -2.1300871, -0.09621128, 2.0237966
14130669212000, -2.058616, -0.09987647, 2.1468859
14130674098000, -2.0054705, 0.027794369, 2.255009
14130679197000, -1.9730947, 0.24190263, 2.331978
14130684162000, -1.9721785, 0.47800204, 2.3915374
14130689189000, -1.9724839, 0.7351763, 2.4242187
14130694135000, -1.9755383, 0.9691377, 2.4098635
14130699298000, -1.9773707, 1.14018, 2.3591616
14130704245000, -1.9941696, 1.2925909, 2.2956316
14130709202000, -1.9813415, 1.4413365, 2.2174408
14130714169000, -1.9740111, 1.5427402, 2.141999
14130719203000, -1.9770653, 1.5824465, 2.0576997
14130724417000, -1.9685133, 1.6044376, 1.9596558
14130729187000, -1.9456058, 1.6542231, 1.8848248
14130734214000, -1.9226984, 1.7394388, 1.8099937
14130739199000, -1.8964312, 1.8280143, 1.7336355
14130744098000, -1.9129245, 1.8524488, 1.6975945
14130749220000, -1.9165897, 1.9572122, 1.6475036
14130754112000, -1.9260582, 2.1135938, 1.6065756
14130759201000, -1.9208658, 2.1890357, 1.564426
14130764150000, -1.9339994, 2.2284365, 1.5534303
14130769204000, -1.9272798, 2.2773056, 1.5796975
14130774206000, -1.9135354, 2.3032675, 1.6368134
14130779191000, -1.9016235, 2.3634377, 1.7006488
14130784240000, -1.9162843, 2.4092526, 1.7605137
14130789204000, -1.9792033, 2.4098635, 1.8084666
14130794205000, -2.0751092, 2.3576343, 1.8429805
14130799230000, -2.1746802, 2.3020456, 1.8732183
14130804211000, -2.2418754, 2.2708917, 1.885741
14130809197000, -2.2907448, 2.275473, 1.8781052
14130814208000, -2.3310618, 2.2876904, 1.8622227
14130819210000, -2.3952026, 2.2941043, 1.8252654
14130824204000, -2.4049764, 2.2693644, 1.7873917
14130829203000, -2.3881776, 2.2437081, 1.7660115
14130834238000, -2.368019, 2.293188, 1.7458528
14130839145000, -2.4184155, 2.327702, 1.6988163
14130844195000, -2.4446826, 2.4208589, 1.6691893
14130849173000, -2.4898868, 2.4657576, 1.6126842
14130854204000, -2.495079, 2.4788911, 1.5705346
14130859100000, -2.4828618, 2.502104, 1.5479325
14130864187000, -2.495079, 2.5314255, 1.5173893
14130869109000, -2.5207355, 2.5714374, 1.4526376
14130874203000, -2.545781, 2.586098, 1.3695599
14130879168000, -2.5738807, 2.6022859, 1.2983941
14130884257000, -2.5864034, 2.6386325, 1.2284501
14130889179000, -2.5830436, 2.680782, 1.1511755
14130894197000, -2.5763242, 2.7189612, 1.0430524
14130899234000, -2.5784621, 2.7253752, 0.9034697
14130904199000, -2.5760188, 2.6933048, 0.7684685
14130909206000, -2.5555549, 2.6410758, 0.63255095
14130914193000, -2.5167649, 2.5919013, 0.5314528
14130919207000, -2.468201, 2.5619688, 0.43860126
14130924195000, -2.3961189, 2.5014932, 0.3643811
14130929184000, -2.3197608, 2.417194, 0.30024028
14130934245000, -2.2299635, 2.3218987, 0.226631
14130939204000, -2.122146, 2.257758, 0.18203785
14130944185000, -2.0250182, 2.116648, 0.15607607
14130949229000, -1.9734001, 1.9779817, 0.10140363
14130954203000, -1.8603901, 1.822211, 0.07666359
14130959212000, -1.738217, 1.6694947, 0.043982297
14130964146000, -1.6084082, 1.5088371, 0.01160644
14130969211000, -1.4761559, 1.3332134, -0.022907447
14130974200000, -1.3588698, 1.1701124, -0.05009095
14130979192000, -1.251052, 1.0396926, -0.054367006
14130984304000, -1.135293, 0.92179567, -0.059864793
14130989206000, -1.0366384, 0.81183994, -0.069027774
14130994180000, -0.94042706, 0.7174612, -0.055283304
14130999222000, -0.8530733, 0.6545421, -0.029626964
14131004226000, -0.77640975, 0.5992588, -0.0067195175
14131009197000, -0.7104363, 0.5448918, 0.02321288
14131014136000, -0.6206391, 0.45356745, 0.046731193
14131019213000, -0.54428095, 0.36865717, 0.0852157
14131024097000, -0.4642576, 0.29352075, 0.12034045
14131029194000, -0.376293, 0.25228736, 0.13683382
14131034134000, -0.2968805, 0.22937989, 0.17073683
14131039201000, -0.22204952, 0.1957823, 0.17867808
14131044107000, -0.20005837, 0.20097467, 0.19608775
14131049292000, -0.14385876, 0.23945917, 0.20952678
14131054139000, -0.099265605, 0.27152961, 0.23518312
14131059197000, -0.08002335, 0.31429017, 0.26175576
14131064154000, -0.064446285, 0.35124752, 0.28160888
14131069209000, -0.048563786, 0.36651915, 0.29535335
14131074166000, -0.023823744, 0.36774087, 0.30970868
14131079191000, 0.024129177, 0.3436117, 0.30176744
14131084199000, 0.06658431, 0.29046643, 0.312763
14131089183000, 0.12675454, 0.22113322, 0.30390546
14131094201000, 0.19730948, 0.15149458, 0.29993483
14131099244000, 0.24862215, 0.069027774, 0.29779682
14131104388000, 0.29046643, -0.0061086523, 0.28771752
14131109195000, 0.31642818, -0.06780604, 0.28130344
14131114364000, 0.34880406, -0.105068825, 0.27397305
14131119205000, 0.38423425, -0.124005646, 0.25686884
14131124174000, 0.44806966, -0.13225232, 0.24495697
14131129194000, 0.5311473, -0.12705997, 0.23976462
14131134207000, 0.6206391, -0.124311075, 0.21930063
14131139194000, 0.7156286, -0.11362094, 0.21594086
14131144096000, 0.7742717, -0.11942416, 0.2144137
14131149217000, 0.88117313, -0.13622294, 0.2003638
14131154147000, 0.97035944, -0.16920967, 0.18081611
14131159201000, 1.0305296, -0.19975294, 0.16157386
14131164126000, 1.07665, -0.22479841, 0.15210545
14131169181000, 1.103528, -0.22785273, 0.12461651
14131174106000, 1.0864239, -0.24129178, 0.10781772
14131179199000, 0.9984592, -0.29932398, 0.093767814
14131184151000, 0.784351, -0.36377025, 0.10629055
14131189227000, 0.4202753, -0.32803464, 0.16768251
14131194228000, -0.018020526, -0.118507855, 0.24953845
14131199224000, -0.30573806, 0.22937989, 0.30390546
14131204212000, -0.24251351, 0.63499445, 0.3295618
14131209215000, 0.061086524, 0.90133166, 0.33383787
14131214212000, 0.35216382, 0.8304713, 0.36010507
14131229236000, 0.8188649, -0.0036651916, 0.41691554
14131234238000, 0.9221011, 0.031154128, 0.30970868
14131239255000, 0.9660834, 0.2565634, 0.2275473
14131244297000, 0.95569867, 0.46089783, 0.098043874
14131249267000, 0.9272934, 0.419359, 0.015271631
14131254230000, 0.9392053, 0.20280726, -0.022602014
14131259201000, 1.0329732, -0.076358154, -0.023823744
14131264148000, 1.1756102, -0.34208453, -0.015882496
14131269217000, 1.3154984, -0.5299256, 0.003970624
14131274203000, 1.3994923, -0.6291912, 0.026572637
14131279164000, 1.4941764, -0.6649268, 0.05009095
14131284188000, 1.5512923, -0.7049385, 0.05100725
14131289167000, 1.6398678, -0.72021013, 0.06963864
14131294160000, 1.7137824, -0.6933321, 0.083383106
14131299201000, 1.7849482, -0.6786713, 0.09865474
14131304182000, 1.8365663, -0.729984, 0.086437434
14131309132000, 1.9025398, -0.7867944, 0.061391957
14131314148000, 1.915368, -0.80970186, 0.023823744
14131319138000, 1.9062049, -0.8359691, -0.019547688
14131324168000, 1.894904, -0.8594874, -0.046120327
14131329215000, 1.89918, -0.85062987, -0.07880162
14131334187000, 1.8924606, -0.84635377, -0.09254608
14131339160000, 1.8832976, -0.8472701, -0.11026118
14131344162000, 1.863139, -0.8756753, -0.14935656
14131349282000, 1.853976, -0.8854492, -0.18478674
14131354166000, 1.8307631, -0.9007208, -0.2171626
14131359349000, 1.8261817, -0.91690874, -0.24587326
14131364145000, 1.8170186, -0.9410379, -0.28038713
14131369440000, 1.824349, -0.97585726, -0.3182608
14131374166000, 1.8353447, -1.0177015, -0.35613444
14131380112000, 1.8280143, -1.0772609, -0.3894266
14131384234000, 1.847562, -1.1478158, -0.41416663
14131389655000, 1.8668042, -1.2232577, -0.4373795
14131394160000, 1.8817704, -1.2797627, -0.45478916
14131399156000, 1.8753563, -1.3429873, -0.47861293
14131404174000, 1.8759671, -1.4162911, -0.48502702
14131409100000, 1.8854356, -1.4850134, -0.47586402
14131414145000, 1.8982637, -1.5628988, -0.4541783
14131419106000, 1.9074267, -1.6374242, -0.4373795
14131424195000, 1.915368, -1.7033978, -0.42760566
14131429122000, 1.9071213, -1.751656, -0.4297437
14131434234000, 1.9043725, -1.8295414, -0.43035457
14131439105000, 1.8973475, -1.8887954, -0.4251622
14131444194000, 1.8918496, -1.9523253, -0.4034765
14131449239000, 1.8698585, -1.9862283, -0.38453966
14131454183000, 1.8573358, -1.992337, -0.4025602
14131459205000, 1.8274034, -1.9911152, -0.4147775
14131464155000, 1.7968601, -1.9856175, -0.41447207
14131469212000, 1.7849482, -2.0100522, -0.42241332
14131474199000, 1.7513506, -2.032654, -0.42119157
14131479234000, 1.7272215, -2.0005836, -0.42271876
14131484228000, 1.6829338, -1.9339994, -0.4364632
14131489209000, 1.6539177, -1.8567249, -0.46181414
14131494200000, 1.6136005, -1.7922786, -0.48655418
14131499280000, 1.5543466, -1.7373008, -0.5015204
14131504203000, 1.5048665, -1.6948457, -0.5186246
14131509202000, 1.4575244, -1.6410894, -0.5366451
14131514195000, 1.421178, -1.577254, -0.5546656
14131519208000, 1.3775011, -1.5109752, -0.5842926
14131524198000, 1.3261884, -1.4443909, -0.6123924
14131529211000, 1.2840388, -1.4068227, -0.64934975
14131534267000, 1.2562444, -1.3313808, -0.66920286
14131539202000, 1.2000448, -1.2394456, -0.71837753
14131544191000, 1.151481, -1.1554517, -0.7669413
14131549305000, 1.1029172, -1.074512, -0.8231409
14131554206000, 1.071763, -0.98715824, -0.86651236
14131559203000, 1.0433578, -0.9233228, -0.9166033
14131564142000, 1.029308, -0.8713993, -0.9437868
14131569206000, 1.0219775, -0.8176431, -0.96577793
14131574199000, 1.0253373, -0.782213, -0.9654725
14131579190000, 1.0424415, -0.7461719, -0.97127575
14131584228000, 1.0790935, -0.6979135, -0.95081174
14131589206000, 1.1108584, -0.6429357, -0.9275989
14131594147000, 1.1349876, -0.58184916, -0.8863655
14131599315000, 1.1673635, -0.5335908, -0.8393288
14131604136000, 1.1863003, -0.4813618, -0.79137594
14131609200000, 1.1976013, -0.44684792, -0.7498371
14131614109000, 1.2024882, -0.40011674, -0.6966918
14131619205000, 1.2043208, -0.35521814, -0.6536258
14131624098000, 1.2449434, -0.3463606, -0.6081163
14131629195000, 1.2589933, -0.35094208, -0.5897904
14131634154000, 1.2889256, -0.3472769, -0.5510005
14131639203000, 1.31672, -0.35002577, -0.5155703
14131644127000, 1.3399329, -0.36865717, -0.5039638
14131649237000, 1.3607023, -0.40286562, -0.4783075
14131654139000, 1.3570372, -0.41630468, -0.47036624
14131659206000, 1.3310753, -0.42149702, -0.47952923
14131664157000, 1.3075571, -0.44226643, -0.4905248
14131669209000, 1.2846496, -0.46975538, -0.5140431
14131674165000, 1.2464706, -0.51007247, -0.52839845
14131679201000, 1.2183707, -0.53878313, -0.54092115
14131684199000, 1.196685, -0.54428095, -0.56138515
14131689208000, 1.1691961, -0.5561928, -0.5742133
14131694174000, 1.1459832, -0.56169057, -0.57604593
14131699294000, 1.105666, -0.5665775, -0.5708536
14131704140000, 1.069625, -0.5864306, -0.56596667
14131709196000, 1.0409144, -0.6062838, -0.5656612
14131714120000, 1.0155635, -0.61666846, -0.56138515
14131719201000, 0.99173975, -0.6206391, -0.5448918
14131724101000, 0.9560041, -0.6200282, -0.5390886
14131729196000, 0.9398162, -0.61086524, -0.5354234
14131734266000, 0.91874135, -0.6047566, -0.5164866
14131739197000, 0.8958339, -0.6093381, -0.5018258
14131744180000, 0.8729264, -0.59040123, -0.4728097
14131749276000, 0.8536842, -0.57451874, -0.43890667
14131754201000, 0.84665924, -0.5186246, -0.3998113
14131759207000, 0.8344419, -0.51893, -0.38453966
14131764161000, 0.8035932, -0.52198434, -0.3707952
14131769180000, 0.78038037, -0.50762904, -0.34972036
14131774169000, 0.7684685, -0.49541172, -0.35338554
14131779157000, 0.77518797, -0.47891834, -0.3475823
14131784181000, 0.7556403, -0.4804455, -0.35888332
14131789200000, 0.72021013, -0.46639562, -0.37843102
14131794203000, 0.68233645, -0.4728097, -0.39522982
14131799283000, 0.66675943, -0.47311515, -0.40225476
14131804206000, 0.65087694, -0.47494772, -0.4089743
14131809194000, 0.6227771, -0.46028697, -0.39736784
14131814204000, 0.5882632, -0.44226643, -0.38362336
14131819203000, 0.5687156, -0.45814893, -0.3839288
14131824199000, 0.5494733, -0.45570546, -0.38912117
14131829197000, 0.5335908, -0.46883908, -0.3915646
14131834247000, 0.4999932, -0.47403142, -0.39828414
14131839125000, 0.4792238, -0.48502702, -0.39461896
14131844197000, 0.45570546, -0.5213735, -0.3903429
14131849261000, 0.42913285, -0.5467244, -0.39614612
14131854202000, 0.4098906, -0.57543504, -0.38240165
14131859144000, 0.398895, -0.6059783, -0.38240165
14131864152000, 0.36865717, -0.6356053, -0.36774087
14131869145000, 0.35155296, -0.64904433, -0.3662137
14131874173000, 0.33414328, -0.66981375, -0.3378085
14131879149000, 0.31673363, -0.6795876, -0.3182608
14131884231000, 0.2947425, -0.66553766, -0.30543262
14131889168000, 0.28802297, -0.636827, -0.2959642
14131894162000, 0.2751948, -0.60231316, -0.28344148
14131899273000, 0.2770274, -0.55833083, -0.27763826
14131904171000, 0.28221974, -0.5012149, -0.27763826
14131909213000, 0.27763826, -0.43554693, -0.2751948
14131914193000, 0.28221974, -0.3894266, -0.29077184
14131919440000, 0.28191432, -0.35124752, -0.30115658
14131924199000, 0.26816985, -0.33933565, -0.30451632
14131929138000, 0.25961772, -0.32436943, -0.31856623
14131934225000, 0.25137106, -0.31612277, -0.32436943
14131939101000, 0.24281894, -0.32345316, -0.33292156
14131944185000, 0.23151793, -0.321926, -0.33505958
14131949170000, 0.21288654, -0.32406402, -0.32284227
14131954198000, 0.21594086, -0.310625, -0.31581733
14131959161000, 0.20341812, -0.2751948, -0.29016098
14131964150000, 0.1826487, -0.24190263, -0.2678644
14131969204000, 0.1695151, -0.20280726, -0.24281894
14131974194000, 0.15118915, -0.16615535, -0.2284636
14131979168000, 0.13775012, -0.14446963, -0.20219639
14131984212000, 0.12034045, -0.1160644, -0.17867808
14131989197000, 0.09682214, -0.115453534, -0.15607607
14131994193000, 0.084910266, -0.122478485, -0.14294247
14131999243000, 0.071776666, -0.11209377, -0.118507855
14132004200000, 0.076358154, -0.116675265, -0.10903945
14132009202000, 0.06719518, -0.116675265, -0.093462385
14132014140000, 0.050396383, -0.13103059, -0.08979719
14132019161000, 0.040927973, -0.14508049, -0.076052725
14132024163000, 0.043066, -0.15485434, -0.07391469
14132029162000, 0.02076942, -0.19608775, -0.065973446
14132034165000, 0.002443461, -0.22113322, -0.07269296
14132039182000, -0.013744468, -0.25289822, -0.06963864
14132044134000, -0.020158553, -0.28496864, -0.06261369
14132049183000, -0.032986723, -0.32895094, -0.05589417
14132054143000, -0.044898596, -0.3747658, -0.05497787
14132059201000, -0.06291912, -0.4251622, -0.049785517
14132064110000, -0.08002335, -0.47433686, -0.048258353
14132069206000, -0.1001819, -0.50854534, -0.04153884
14132074098000, -0.106901415, -0.52656585, -0.03604105
14132079217000, -0.11728613, -0.552833, -0.027488936
14132084135000, -0.12675454, -0.5564982, -0.02321288
14132089201000, -0.118507855, -0.54702985, -0.014966198
14132094117000, -0.109650314, -0.5290093, -0.022602014
14132099176000, -0.09407325, -0.48747048, -0.018936822
14132104130000, -0.096516706, -0.45631635, -0.015577064
14132109166000, -0.1001819, -0.4175264, -0.007330383
14132114141000, -0.11178834, -0.39858958, -0.009773844
14132119177000, -0.098043874, -0.3680463, -0.004886922
14132124150000, -0.101098195, -0.32650748, 0.0030543262
14132129160000, -0.11056661, -0.31031954, -0.0012217305
14132134187000, -0.108123146, -0.29016098, -0.0012217305
14132139171000, -0.10598512, -0.2782491, -0.0033597588
14132144157000, -0.10262536, -0.2574797, -0.0033597588
14132149183000, -0.10293079, -0.25992316, -0.0027488936
14132154167000, -0.103847094, -0.26542094, -0.0018325958
14132159166000, -0.09865474, -0.26236662, -3.0543262E-4
14132164141000, -0.10293079, -0.25961772, -0.0067195175
14132169178000, -0.10262536, -0.24404067, -0.004886922
14132174155000, -0.105374254, -0.23976462, -0.017715093
14132179149000, -0.09193522, -0.22418754, -0.014966198
14132184366000, -0.092240654, -0.22479841, -0.024740042
14132189204000, -0.09407325, -0.22174409, -0.024740042
14132194097000, -0.08093964, -0.2144137, -0.025045475
14132199238000, -0.0729984, -0.22174409, -0.016798794
14132204108000, -0.058337633, -0.22113322, -0.019242255
14132209200000, -0.040317107, -0.21655174, -0.018325957
14132214118000, -0.03268129, -0.21227567, -0.030848695
14132219208000, -0.03268129, -0.20830505, -0.026572637
14132224101000, -0.03023783, -0.18967366, -0.026267206
14132229216000, -0.025045475, -0.18081611, -0.036651913
14132234162000, -0.020463986, -0.1695151, -0.03176499
14132239205000, -0.030543262, -0.16829337, -0.03726278
14132244141000, -0.046120327, -0.1572978, -0.044898596
14132249249000, -0.040011674, -0.14049901, -0.046731193
14132254152000, -0.046120327, -0.12186762, -0.042760566
14132259195000, -0.058948494, -0.10720685, -0.05100725
14132264167000, -0.0571159, -0.08857546, -0.051618114
14132269205000, -0.062002823, -0.1001819, -0.053450707
14132274204000, -0.052839845, -0.10842858, -0.049785517
14132279193000, -0.049785517, -0.116980694, -0.051923547
14132284231000, -0.044593163, -0.12736541, -0.04734206
14132289203000, -0.04642576, -0.12644911, -0.053450707
14132294223000, -0.031154128, -0.11911872, -0.04550946
14132299246000, -0.021991149, -0.101098195, -0.05375614
14132304209000, -0.010079277, -0.09621128, -0.05375614
14132309198000, -0.016187929, -0.094989546, -0.05375614
14132314200000, -0.019547688, -0.09987647, -0.050396383
14132319207000, -0.016493361, -0.10995574, -0.057726767
14132324204000, -0.015271631, -0.13500121, -0.040317107
14132329190000, -0.030543262, -0.16676621, -0.026267206
14132334227000, -0.017715093, -0.16218472, -0.015882496
14132339202000, -0.019242255, -0.15332718, -0.010995574
14132344203000, -0.018936822, -0.14874569, -0.0030543262
14132349237000, -0.023518313, -0.13805555, -0.007330383
14132354202000, -0.017104227, -0.13897185, -0.0030543262
14132359196000, -0.021991149, -0.14385876, -6.1086525E-4
14132364148000, -0.034513887, -0.15760323, 0.008552114
14132369204000, -0.044593163, -0.1704314, 0.0033597588
14132374201000, -0.045814894, -0.17562376, 0.0106901415
14132379221000, -0.0580322, -0.17837265, 0.021991149
14132384247000, -0.06383542, -0.18020524, 0.02107485
14132389195000, -0.04734206, -0.16584991, 0.034208454
14132394205000, -0.06688975, -0.16126843, 0.03268129
14132399190000, -0.06505715, -0.15393804, 0.03390302
14132404183000, -0.06047566, -0.15882497, 0.03970624
14132409165000, -0.064751714, -0.15424347, 0.047036625
14132414157000, -0.07238753, -0.1554652, 0.049785517
14132419213000, -0.07269296, -0.16676621, 0.05681047
14132424215000, -0.06658431, -0.16707164, 0.05009095
14132429136000, -0.0693332, -0.16584991, 0.04642576
14132434243000, -0.06719518, -0.1591304, 0.039095376
14132439176000, -0.062002823, -0.15302174, 0.038179077
14132444166000, -0.058948494, -0.1740966, 0.0290161
14132449145000, -0.06352998, -0.1872302, 0.024129177
14132454181000, -0.055588737, -0.19517145, 0.027488936
14132459111000, -0.052839845, -0.20799962, 0.021685716
14132464154000, -0.054061573, -0.21868975, 0.01160644
14132469201000, -0.061086524, -0.22693644, 0.0015271631
14132474268000, -0.058337633, -0.22540927, -0.0067195175
14132479185000, -0.06872234, -0.22571471, -0.005497787
14132484212000, -0.054061573, -0.21838433, -0.007330383
14132489147000, -0.04795292, -0.21991149, -0.016798794
14132494170000, -0.04550946, -0.23304509, -0.01282817
14132499164000, -0.040927973, -0.24129178, -0.0125227375
14132504173000, -0.036651913, -0.25350907, -0.013133603
14132509377000, -0.03390302, -0.258396, -0.0106901415
14132514154000, -0.027488936, -0.2593123, -0.014660766
14132519351000, -0.034208454, -0.25595254, -0.003970624
14132524163000, -0.03634648, -0.2507602, -0.004276057
14132529152000, -0.025961773, -0.23304509, -0.0061086523
14132534248000, -0.03634648, -0.22021692, 0.0027488936
14132539147000, -0.025961773, -0.21197024, 0.0030543262
14132544165000, -0.023823744, -0.204029, 0.0070249503
14132549161000, -0.01740966, -0.20525073, 0.007330383
14132554181000, -0.01740966, -0.21471913, 0.014966198
14132559098000, -0.01985312, -0.23579398, 0.013439035
14132564149000, -0.021991149, -0.25289822, 0.015577064
14132569107000, -0.01740966, -0.269697, 0.025350908
14132574196000, -0.022907447, -0.27550024, 0.021380283
14132579131000, -0.03604105, -0.269697, 0.021380283
14132584165000, -0.039095376, -0.26206118, 0.026267206
14132589106000, -0.054367006, -0.24984388, 0.031154128
14132594167000, -0.05375614, -0.23884831, 0.028405234
14132599148000, -0.048258353, -0.2302962, 0.03023783
14132604192000, -0.055283304, -0.22479841, 0.038179077
14132609164000, -0.060170226, -0.22204952, 0.041233405
14132614150000, -0.06047566, -0.20616703, 0.046120327
14132619150000, -0.056505036, -0.1908954, 0.04520403
14132624196000, -0.06414085, -0.183565, 0.050396383
14132629209000, -0.07819075, -0.17592919, 0.05375614
14132634234000, -0.077579886, -0.16676621, 0.05375614
14132639201000, -0.06383542, -0.14660765, 0.056199603
14132644194000, -0.074830994, -0.1386664, 0.05955936
14132649234000, -0.07422013, -0.11728613, 0.06291912
14132654199000, -0.07238753, -0.09590584, 0.06414085
14132659199000, -0.073303826, -0.07422013, 0.06780604
14132664154000, -0.07422013, -0.052534413, 0.06688975
14132669206000, -0.070249505, -0.041233405, 0.07452556
14132674190000, -0.07086037, -0.03756821, 0.070554934
14132679206000, -0.07544186, -0.029626964, 0.06352998
14132684227000, -0.061391957, -0.024740042, 0.06627888
14132689201000, -0.06291912, -0.003970624, 0.057726767
14132694190000, -0.056199603, -0.013439035, 0.0580322
14132699187000, -0.056199603, -0.0036651916, 0.05009095
14132704168000, -0.058643065, 0.006414085, 0.05375614
14132709163000, -0.06505715, 0.021685716, 0.052839845
14132714145000, -0.058948494, 0.03359759, 0.05375614
14132719176000, -0.05131268, 0.045814894, 0.05131268
14132724161000, -0.046731193, 0.06658431, 0.046120327
14132729183000, -0.04886922, 0.08093964, 0.047036625
14132734179000, -0.043982297, 0.108123146, 0.046731193
14132739167000, -0.047647487, 0.11026118, 0.042760566
14132744160000, -0.04337143, 0.13775012, 0.039095376
14132749168000, -0.04062254, 0.14019357, 0.038179077
14132754162000, -0.03604105, 0.13591751, 0.03390302
14132759165000, -0.03023783, 0.129198, 0.02565634
14132764173000, -0.03573562, 0.11911872, 0.024129177
14132769179000, -0.042760566, 0.11209377, 0.02107485
14132774132000, -0.04062254, 0.11484267, 0.025350908
14132779168000, -0.040317107, 0.124005646, 0.022907447
14132784128000, -0.040927973, 0.12461651, 0.02321288
14132789171000, -0.05222898, 0.129198, 0.021991149
14132794100000, -0.055283304, 0.12675454, 0.024129177
14132799188000, -0.057421334, 0.14080444, 0.023518313
14132804099000, -0.062308256, 0.15027285, 0.0290161
14132809166000, -0.06261369, 0.15302174, 0.022602014
14132814162000, -0.054061573, 0.1591304, 0.0290161
14132819176000, -0.06352998, 0.17654006, 0.027183503
14132824148000, -0.059864793, 0.18173242, 0.032070424
14132829151000, -0.07422013, 0.18325958, 0.034208454
14132834348000, -0.06872234, 0.1957823, 0.032070424
14132839171000, -0.06566802, 0.20280726, 0.032070424
14132844133000, -0.06566802, 0.22143865, 0.03145956
14132849176000, -0.059864793, 0.21777347, 0.03359759
14132854349000, -0.062002823, 0.22204952, 0.027794369
14132859168000, -0.069027774, 0.22449298, 0.03268129
14132864380000, -0.070249505, 0.23335053, 0.029626964
14132869180000, -0.076052725, 0.24190263, 0.025045475
14132874100000, -0.06536258, 0.23548855, 0.023518313
14132879189000, -0.06566802, 0.23823744, 0.01863139
14132884152000, -0.059864793, 0.24404067, 0.019547688
14132889166000, -0.05222898, 0.23915374, 0.016493361
14132894093000, -0.043676864, 0.23396139, 0.0125227375
14132899180000, -0.03268129, 0.23701571, 0.0106901415
14132904171000, -0.03726278, 0.23945917, 0.0030543262
14132909165000, -0.030848695, 0.23426682, -0.008857546
14132914144000, -0.024129177, 0.23273966, -0.012217305
14132919170000, -0.02443461, 0.23671028, -0.010995574
14132924167000, -0.02321288, 0.23426682, -0.022907447
14132929176000, -0.009162978, 0.23854288, -0.02565634
14132934183000, -0.0067195175, 0.2519819, -0.026572637
14132939164000, -0.0015271631, 0.2556471, -0.0290161
14132944157000, -0.0061086523, 0.2657264, -0.019242255
14132949152000, 0.004581489, 0.26542094, -0.019547688
14132954175000, 0.005192355, 0.2565634, -0.02565634
14132959163000, 0.011301007, 0.27214047, -0.03756821
14132964154000, 0.010079277, 0.2846632, -0.03359759
14132969171000, 0.0061086523, 0.27977628, -0.03145956
14132974167000, 0.00580322, 0.27488935, -0.03573562
14132979172000, 0.004276057, 0.26847526, -0.043982297
14132984181000, -0.006414085, 0.27214047, -0.044593163
14132989165000, -0.0125227375, 0.27977628, -0.05589417
14132994164000, -0.010995574, 0.27672195, -0.05955936
14132999154000, -0.0076358155, 0.2843578, -0.05589417
14133004177000, -0.01038471, 0.28893927, -0.06047566
14133009166000, -0.008552114, 0.28313604, -0.06078109
14133014149000, -0.01038471, 0.28985557, -0.064446285
14133019159000, -0.013439035, 0.2947425, -0.0580322
14133024166000, -0.015577064, 0.2941316, -0.055283304
14133029153000, -0.009773844, 0.2950479, -0.05467244
14133034201000, -0.010079277, 0.28619036, -0.059864793
14133039165000, -0.02076942, 0.28710666, -0.056505036
14133044174000, -0.022296581, 0.28985557, -0.05009095
14133049177000, -0.022907447, 0.29901853, -0.050396383
14133054172000, -0.016798794, 0.30787608, -0.05009095
14133059142000, -0.02076942, 0.30909783, -0.048563786
14133064151000, -0.026267206, 0.30757064, -0.04886922
14133069119000, -0.015577064, 0.30451632, -0.03940081
14133074163000, -0.015882496, 0.30298916, -0.043982297
14133079160000, -0.013439035, 0.29810223, -0.037873644
14133084176000, -0.021380283, 0.29138273, -0.036651913
14133089102000, -0.022907447, 0.28191432, -0.03634648
14133094161000, -0.02687807, 0.28496864, -0.028710667
14133099170000, -0.023823744, 0.28527406, -0.025045475
14133104172000, -0.02443461, 0.28496864, -0.022602014
14133109179000, -0.02565634, 0.27977628, -0.02687807
14133114153000, -0.013744468, 0.2846632, -0.03145956
14133119177000, -0.0125227375, 0.28313604, -0.029321533
14133124164000, -0.01160644, 0.269697, -0.020158553
14133129165000, -0.02321288, 0.2556471, -0.028405234
14133134178000, -0.023823744, 0.25320363, -0.022602014
