#Rate of rotation around the x y z axes (Angular velocity).
#timestamp(ns),x,y,z(rad/s)
#Datetime: 22/12/2015 09:52:19
##########################################
#Activity: 5 - STU - Stairs up - 10s
#Subject ID: 1
#First Name: sub1
#Last Name: sub1
#Age: 32
#Height(cm): 180
#Weight(kg): 85
#Gender: Male
##########################################

@DATA
1739240783000, -0.03848451, 0.0143553335, 0.0125227375
1739245820000, -0.03359759, 0.016493361, 0.009773844
1739250796000, -0.050701816, 0.02687807, 0.01282817
1739255865000, -0.050396383, 0.0143553335, 0.010995574
1739260852000, -0.04153884, 0.01282817, 0.014966198
1739265895000, -0.040317107, 0.014966198, 0.006414085
1739270826000, -0.05131268, 0.008857546, 0.004581489
1739275803000, -0.050701816, 0.006414085, 0.004886922
1739280815000, -0.051923547, 0.008246681, 0.010079277
1739285811000, -0.048563786, 0.00580322, 0.007941248
1739291591000, -0.03634648, 0.009162978, 0.009162978
1739295743000, -0.039095376, 0.009162978, 0.01160644
1739300809000, -0.04795292, 0.005192355, 0.009773844
1739305852000, -0.04184427, 0.0027488936, 0.014049901
1739310774000, -0.046731193, -0.010079277, 0.008552114
1739315755000, -0.043676864, -0.004276057, 0.0125227375
1739320772000, -0.056505036, -0.01038471, 0.01160644
1739325738000, -0.042760566, -0.0070249503, 0.008246681
1739330775000, -0.043066, -0.0067195175, 0.0106901415
1739335767000, -0.044593163, -0.006414085, 0.013439035
1739340744000, -0.035124753, -0.004886922, 0.007941248
1739345761000, -0.05009095, -0.01038471, 0.010995574
1739350769000, -0.048563786, -0.0027488936, 0.018020526
1739355759000, -0.03970624, -0.012217305, 0.0061086523
1739361183000, -0.03604105, -0.011911872, 0.013439035
1739365776000, -0.043066, -0.007941248, 0.00580322
1739370770000, -0.04153884, -0.014660766, 0.009162978
1739375743000, -0.035430185, -0.012217305, 0.010995574
1739380778000, -0.03634648, -0.004886922, 0.008857546
1739385811000, -0.029626964, -0.0067195175, 0.003970624
1739390788000, -0.029932396, -0.011301007, 0.00580322
1739395848000, -0.043066, -0.010079277, 0.0061086523
1739400808000, -0.035430185, -0.0125227375, 0.004886922
1739405783000, -0.02565634, -0.016493361, 0.010079277
1739410829000, -0.040011674, -0.020463986, 0.009773844
1739415790000, -0.025045475, -0.01282817, 0.01038471
1739420791000, -0.034208454, -0.013744468, 0.0033597588
1739425792000, -0.03634648, -0.016493361, 0.010995574
1739430748000, -0.038789943, -0.0143553335, 0.010079277
1739435791000, -0.040011674, -0.01038471, 0.0070249503
1739440784000, -0.030848695, -0.01160644, 0.015577064
1739445806000, -0.02321288, -0.0076358155, 0.008552114
1739450794000, -0.024740042, -0.009162978, 0.0106901415
1739455837000, -0.03634648, -0.014049901, 0.009162978
1739460830000, -0.029626964, -0.009162978, 0.007330383
1739465793000, -0.027794369, -0.007941248, 0.0143553335
1739470817000, -0.037873644, -0.0018325958, 0.011301007
1739475776000, -0.030848695, 9.162979E-4, 0.014049901
1739480823000, -0.042760566, -0.006414085, 0.016798794
1739486143000, -0.03940081, -0.0012217305, 0.015882496
1739490788000, -0.042760566, 3.0543262E-4, 0.01985312
1739495758000, -0.047036625, 0.002443461, 0.016493361
1739500783000, -0.053450707, 6.1086525E-4, 0.018936822
1739506058000, -0.045814894, -0.0033597588, 0.01863139
1739510809000, -0.039095376, -0.0030543262, 0.019242255
1739516093000, -0.040927973, -0.00580322, 0.009162978
1739520807000, -0.03604105, -0.0067195175, 0.009773844
1739525772000, -0.04153884, -0.015271631, 0.01740966
1739530814000, -0.043982297, -0.01038471, 0.01985312
1739535703000, -0.032375857, 0.0018325958, 0.013133603
1739540791000, -0.036957346, -0.0018325958, 0.01863139
1739545721000, -0.050396383, -0.0036651916, 0.017104227
1739550798000, -0.03726278, -0.0061086523, 0.007941248
1739555716000, -0.038789943, 3.0543262E-4, 0.013744468
1739560866000, -0.03176499, -0.008246681, 0.0070249503
1739565733000, -0.027488936, 0.002443461, 0.005497787
1739570806000, -0.036957346, -0.0015271631, 0.013439035
1739575761000, -0.039095376, 0.0070249503, 0.016493361
1739580803000, -0.03848451, 9.162979E-4, 0.015882496
1739585791000, -0.036651913, 0.0012217305, 0.011301007
1739590804000, -0.03176499, 0.0030543262, 0.009773844
1739595839000, -0.035430185, -0.002443461, 0.016187929
1739600794000, -0.030848695, -6.1086525E-4, 0.0125227375
1739605819000, -0.0290161, 0.002443461, 0.013133603
1739610842000, -0.028710667, 6.1086525E-4, 0.013439035
1739616143000, -0.028099801, -6.1086525E-4, 0.013439035
1739620796000, -0.03726278, -6.1086525E-4, 0.01160644
1739625793000, -0.03573562, -0.0033597588, 0.013744468
1739630812000, -0.021991149, -0.0027488936, 0.010995574
1739635808000, -0.02076942, 3.0543262E-4, 0.010995574
1739640805000, -0.03604105, 0.004581489, 0.0143553335
1739645851000, -0.04734206, 0.0030543262, 0.013439035
1739650793000, -0.027183503, 0.010079277, 0.013133603
1739655832000, -0.03359759, 0.011911872, 0.021685716
1739660898000, -0.034513887, 0.026267206, 0.02076942
1739665828000, -0.035430185, 0.020463986, 0.020463986
1739670809000, -0.04337143, 0.03268129, 0.018325957
1739675816000, -0.042760566, 0.03634648, 0.022296581
1739680813000, -0.04428773, 0.04184427, 0.03268129
1739686170000, -0.05375614, 0.038179077, 0.03023783
1739690793000, -0.05100725, 0.03726278, 0.03268129
1739695889000, -0.05131268, 0.03970624, 0.0290161
1739700809000, -0.059864793, 0.034513887, 0.029932396
1739705803000, -0.06505715, 0.030848695, 0.034513887
1739710809000, -0.08277224, 0.03481932, 0.033292156
1739715797000, -0.07544186, 0.026267206, 0.030543262
1739720804000, -0.09865474, 0.013133603, 0.03145956
1739725807000, -0.09682214, 0.009468411, 0.03268129
1739730810000, -0.11209377, 0.0015271631, 0.034208454
1739735819000, -0.103847094, -0.0021380284, 0.028710667
1739740775000, -0.105068825, -0.0027488936, 0.034513887
1739745876000, -0.11881329, -0.004886922, 0.025045475
1739750733000, -0.12095132, -0.018936822, 0.02565634
1739755836000, -0.12522738, -0.018020526, 0.03023783
1739760714000, -0.13591751, -0.03268129, 0.025961773
1739765770000, -0.14202617, -0.028710667, 0.027794369
1739770698000, -0.13744467, -0.04520403, 0.025350908
1739775759000, -0.15577064, -0.058948494, 0.028710667
1739780710000, -0.13683382, -0.069027774, 0.027794369
1739785769000, -0.13897185, -0.07422013, 0.033292156
1739790729000, -0.14538592, -0.07849618, 0.03359759
1739795832000, -0.14660765, -0.09468412, 0.040317107
1739800738000, -0.13683382, -0.113926366, 0.043066
1739805777000, -0.14049901, -0.12186762, 0.040011674
1739811106000, -0.13652839, -0.12522738, 0.03970624
1739815862000, -0.13347405, -0.13500121, 0.035124753
1739820761000, -0.1328632, -0.14844026, 0.042760566
1739825931000, -0.12675454, -0.1600467, 0.044898596
1739830711000, -0.12614368, -0.16371189, 0.040317107
1739835811000, -0.1255328, -0.172264, 0.041233405
1739840725000, -0.1337795, -0.17623462, 0.043982297
1739845843000, -0.12339478, -0.18784106, 0.03970624
1739850708000, -0.118202426, -0.18875736, 0.04734206
1739855818000, -0.12614368, -0.19608775, 0.042455133
1739860816000, -0.12797627, -0.19517145, 0.044593163
1739865815000, -0.122478485, -0.20311269, 0.03756821
1739870800000, -0.1255328, -0.21013765, 0.037873644
1739875813000, -0.129198, -0.2180789, 0.046731193
1739880815000, -0.12644911, -0.21746802, 0.0421497
1739885818000, -0.13347405, -0.21685717, 0.04062254
1739890799000, -0.13683382, -0.2171626, 0.038179077
1739895843000, -0.13744467, -0.21899518, 0.034208454
1739900809000, -0.14660765, -0.22113322, 0.03970624
1739905798000, -0.14782938, -0.23732115, 0.03634648
1739910835000, -0.15454891, -0.22907446, 0.028710667
1739915864000, -0.16340645, -0.24098633, 0.034208454
1739920778000, -0.15943582, -0.23915374, 0.0290161
1739925752000, -0.16707164, -0.24220806, 0.026572637
1739930780000, -0.16493362, -0.24648413, 0.025045475
1739935742000, -0.17715092, -0.2565634, 0.030543262
1739941468000, -0.172264, -0.258396, 0.029321533
1739945756000, -0.17684549, -0.27183503, 0.030543262
1739950773000, -0.1853976, -0.28191432, 0.02687807
1739955718000, -0.1957823, -0.2959642, 0.026572637
1739960858000, -0.19394971, -0.31490102, 0.025961773
1739965832000, -0.19914207, -0.32162055, 0.02076942
1739970770000, -0.20158553, -0.34055737, 0.018936822
1739975791000, -0.2049453, -0.35643986, 0.010079277
1739980740000, -0.21410827, -0.37690386, 0.008857546
1739985735000, -0.21777347, -0.38545597, 0.0012217305
1739990748000, -0.22052236, -0.4156938, -0.0033597588
1739995741000, -0.22418754, -0.45112398, -0.012217305
1740000729000, -0.23151793, -0.46639562, -0.02107485
1740005747000, -0.23060162, -0.4886922, -0.03176499
1740011559000, -0.23487769, -0.5213735, -0.04337143
1740015760000, -0.23945917, -0.52442783, -0.049785517
1740020743000, -0.24251351, -0.54519725, -0.06780604
1740025762000, -0.24953845, -0.552833, -0.081855945
1740030785000, -0.26450464, -0.5571091, -0.08827003
1740035778000, -0.25992316, -0.54519725, -0.092240654
1740040739000, -0.2565634, -0.5412266, -0.095294975
1740046172000, -0.2678644, -0.54183745, -0.106595986
1740050773000, -0.2660318, -0.5494733, -0.119729586
1740055833000, -0.26939157, -0.5363397, -0.12339478
1740060768000, -0.26389378, -0.5363397, -0.13469578
1740066036000, -0.26939157, -0.5354234, -0.1414153
1740070770000, -0.26297748, -0.52687126, -0.13988814
1740076119000, -0.26450464, -0.5326745, -0.13897185
1740080749000, -0.27397305, -0.539394, -0.13805555
1740086131000, -0.27458394, -0.5366451, -0.15271631
1740090757000, -0.2751948, -0.5342017, -0.15149458
1740095772000, -0.28069258, -0.5195409, -0.13958271
1740100772000, -0.29260445, -0.5021312, -0.13316862
1740105752000, -0.30695978, -0.48533243, -0.13347405
1740110776000, -0.32284227, -0.49877146, -0.13591751
1740115711000, -0.3399465, -0.51893, -0.14966199
1740120768000, -0.3576616, -0.49449542, -0.13958271
1740125724000, -0.3659083, -0.4550946, -0.12308934
1740130774000, -0.36346483, -0.4129449, -0.103847094
1740135773000, -0.36987892, -0.38698313, -0.086437434
1740140734000, -0.3820962, -0.40042216, -0.09865474
1740145791000, -0.40561453, -0.41233405, -0.07422013
1740150751000, -0.43585235, -0.4334089, -0.046731193
1740155793000, -0.48655418, -0.46670106, -0.0143553335
1740160786000, -0.54336464, -0.5128214, 0.020158553
1740165778000, -0.59589905, -0.5525276, 0.051618114
1740170763000, -0.66523224, -0.57848936, 0.086132
1740175755000, -0.7330383, -0.5858198, 0.12339478
1740180777000, -0.8136725, -0.5739079, 0.15332718
1740185765000, -0.91324353, -0.56199604, 0.20738874
1740190744000, -1.0048733, -0.50793445, 0.2507602
1740195767000, -1.0512991, -0.4886922, 0.34788775
1740200772000, -1.1606439, -0.50640726, 0.4633413
1740205775000, -1.2678508, -0.6291912, 0.57818395
1740210777000, -1.3884968, -0.68416905, 0.68111473
1740215777000, -1.520749, -0.49327368, 0.81092364
1740220768000, -1.6426166, -0.36468655, 0.95356065
1740225746000, -1.7168368, -0.4089743, 1.0821478
1740230769000, -1.784032, -0.57726765, 1.1939361
1740235772000, -1.7907515, -0.8188649, 1.2486086
1740240755000, -1.8023579, -1.0054842, 1.2901474
1740245823000, -1.7846428, -1.0082331, 1.3707817
1740250769000, -1.7198911, -0.97097033, 1.4556919
1740255791000, -1.6618589, -1.0305296, 1.4856243
1740260771000, -1.6172657, -1.14018, 1.5027285
1740266658000, -1.5286902, -1.2379184, 1.4831808
1740270774000, -1.4489723, -1.2867876, 1.4526376
1740275760000, -1.3747523, -1.2687671, 1.4437801
1740280770000, -1.3121386, -1.1291844, 1.4630222
1740285770000, -1.3249667, -1.0253373, 1.5103643
1740290750000, -1.3429873, -0.8038987, 1.5366315
1740295871000, -1.3875804, -0.571159, 1.5894713
1740300744000, -1.4477507, -0.31306845, 1.6029104
1740305785000, -1.4633276, -0.09132435, 1.59558
1740310776000, -1.4886786, 0.08857546, 1.5635096
1740315776000, -1.5201381, 0.26358834, 1.5525141
1740320718000, -1.5848899, 0.44257188, 1.5396858
1740325745000, -1.6676621, 0.6392705, 1.5195273
1740330708000, -1.7256943, 0.84665924, 1.491122
1740336575000, -1.7745636, 1.0192287, 1.4333953
1740340716000, -1.7925841, 1.1829406, 1.3680327
1740345872000, -1.8170186, 1.3429873, 1.3109168
1740350705000, -1.8393153, 1.4789047, 1.2577715
1740355836000, -1.8390098, 1.541213, 1.2250903
1740360806000, -1.8286251, 1.5332718, 1.196685
1740365823000, -1.7922786, 1.4785993, 1.1902709
1740370975000, -1.7296649, 1.3918564, 1.1896601
1740375795000, -1.6395624, 1.3347405, 1.1994339
1740380751000, -1.568091, 1.3084733, 1.2125676
1740385821000, -1.4865406, 1.2819008, 1.2229522
1740390793000, -1.4679092, 1.3271047, 1.2388347
1740395855000, -1.4379768, 1.4019357, 1.2470814
1740401033000, -1.4257594, 1.4575244, 1.2522738
1740405946000, -1.4278975, 1.4749341, 1.2373075
1740410900000, -1.4489723, 1.4608842, 1.2159272
1740415796000, -1.4697418, 1.4398094, 1.196685
1740421016000, -1.4996742, 1.398576, 1.1756102
1740425797000, -1.5381587, 1.3637567, 1.1246029
1740430829000, -1.5451837, 1.3271047, 1.0680978
1740435808000, -1.5293012, 1.3051136, 1.0207558
1740440713000, -1.4957036, 1.2754866, 0.9569204
1740445810000, -1.4456125, 1.2519683, 0.8881981
1740450711000, -1.4040737, 1.212262, 0.8197812
1740455835000, -1.3741413, 1.1774428, 0.7699956
1740460754000, -1.3454307, 1.1291844, 0.71868294
1740465814000, -1.3243558, 1.0800097, 0.6759224
1740470750000, -1.278541, 1.0085385, 0.6249151
1740475812000, -1.2583824, 0.98563105, 0.46273044
1740480760000, -1.2745703, 0.9850202, 0.50335294
1740485815000, -1.2452488, 0.8732319, 0.5299256
1740490804000, -1.2131784, 0.76144356, 0.537256
1740495797000, -1.2061534, 0.71593404, 0.5207626
1740500816000, -1.2162327, 0.68875057, 0.49602258
1740505838000, -1.2113458, 0.6963864, 0.48258355
1740510838000, -1.1899655, 0.6704246, 0.46578476
1740515787000, -1.1743884, 0.65301496, 0.45234573
1740520831000, -1.16492, 0.64660084, 0.43585235
1740525795000, -1.1539245, 0.6282749, 0.41508293
1740530817000, -1.1200215, 0.6414085, 0.39614612
1740535809000, -1.0864239, 0.61850107, 0.39614612
1740540779000, -1.0348058, 0.5907067, 0.3820962
1740545824000, -0.98837996, 0.5656612, 0.37690386
1740550801000, -0.93523467, 0.54428095, 0.37507126
1740555813000, -0.87109387, 0.5375614, 0.37812558
1740560840000, -0.8127562, 0.5345071, 0.37812558
1740565810000, -0.77304995, 0.5308419, 0.36987892
1740570824000, -0.73731434, 0.52442783, 0.37140608
1740575800000, -0.6908886, 0.5332854, 0.37293324
1740580816000, -0.6612616, 0.5326745, 0.3576616
1740585814000, -0.6203337, 0.54825157, 0.34513888
1740591703000, -0.6056729, 0.54428095, 0.33444872
1740595845000, -0.57635134, 0.5543602, 0.32498032
1740600810000, -0.54641896, 0.5345071, 0.3109304
1740605820000, -0.50823987, 0.5198463, 0.29138273
1740610842000, -0.48930305, 0.5164866, 0.27366763
1740615793000, -0.45937067, 0.5140431, 0.258396
1740620793000, -0.42424592, 0.50793445, 0.24831672
1740625775000, -0.39828414, 0.50488013, 0.24617869
1740630815000, -0.37904188, 0.48747048, 0.23548855
1740635793000, -0.355829, 0.45478916, 0.23823744
1740640797000, -0.33078352, 0.43951756, 0.23609942
1740645740000, -0.31306845, 0.4202753, 0.23671028
1740650796000, -0.28405234, 0.4092797, 0.23487769
1740655724000, -0.25137106, 0.39828414, 0.23182335
1740661673000, -0.22724187, 0.38912117, 0.22693644
1740665700000, -0.2098322, 0.37690386, 0.22937989
1740670812000, -0.16982053, 0.38026363, 0.21563543
1740675716000, -0.16065755, 0.36896262, 0.20952678
1740680820000, -0.12889257, 0.36041048, 0.19486602
1740685704000, -0.10262536, 0.3359759, 0.1881465
1740690798000, -0.0888809, 0.32834008, 0.17684549
1740695803000, -0.06811147, 0.31123585, 0.16584991
1740700812000, -0.034208454, 0.29565877, 0.15118915
1740705795000, -0.0125227375, 0.2837469, 0.14538592
1740710842000, 0.0070249503, 0.25992316, 0.13561209
1740715772000, 0.033292156, 0.24709499, 0.124005646
1740720811000, 0.049785517, 0.226631, 0.105068825
1740725768000, 0.055588737, 0.20586158, 0.09773844
1740730986000, 0.046731193, 0.19150625, 0.10293079
1740735818000, 0.044593163, 0.19303341, 0.106595986
1740740794000, 0.038789943, 0.23701571, 0.1554652
1740745849000, 0.0067195175, 0.28924468, 0.15699236
1740750794000, -0.0125227375, 0.27214047, 0.15699236
1740755828000, -0.053450707, 0.2507602, 0.16554448
1740760840000, -0.09285152, 0.26145032, 0.16462818
1740765794000, -0.12797627, 0.26939157, 0.16737708
1740770816000, -0.17501289, 0.28710666, 0.16920967
1740775783000, -0.20525073, 0.2919936, 0.17134771
1740780816000, -0.23365596, 0.2846632, 0.17898351
1740785721000, -0.23060162, 0.25717425, 0.1704314
1740790797000, -0.23884831, 0.20555615, 0.16493362
1740795759000, -0.19883664, 0.15271631, 0.14538592
1740801263000, -0.15699236, 0.09621128, 0.12034045
1740805699000, -0.08246681, 0.044593163, 0.09162979
1740810838000, -0.004886922, 0.022602014, 0.064446285
1740815707000, 0.061391957, 0.01282817, 0.02565634
1740820792000, 0.116675265, 0.0070249503, -0.005192355
1740825723000, 0.16279559, -0.004581489, -0.04153884
1740830816000, 0.19486602, -0.008246681, -0.06536258
1740835707000, 0.21471913, -0.009468411, -0.09132435
1740840797000, 0.23426682, -0.012217305, -0.10445796
1740845856000, 0.23793201, -0.006414085, -0.12614368
1740850794000, 0.24037547, 0.010079277, -0.12156218
1740855850000, 0.23151793, 0.004581489, -0.118202426
1740860840000, 0.19456059, -0.014049901, -0.098043874
1740865820000, 0.14660765, -0.038179077, -0.0720821
1740870860000, 0.059253927, -0.074830994, -0.03848451
1740875799000, -0.046731193, -0.09682214, 0.015882496
1740880823000, -0.17684549, -0.15454891, 0.043066
1740885817000, -0.24098633, -0.25992316, 0.10354166
1740890795000, -0.36926803, -0.35063666, 0.16279559
1740895883000, -0.48655418, -0.4352415, 0.22907446
1740900815000, -0.5821546, -0.4896085, 0.28252518
1740905845000, -0.6377433, -0.505491, 0.31642818
1740910830000, -0.6612616, -0.4636467, 0.3210097
1740915791000, -0.59223384, -0.29016098, 0.29443705
1740920810000, -0.4251622, -0.015882496, 0.2452624
1740925803000, -0.16432275, 0.30634892, 0.17531833
1740930811000, 0.13988814, 0.6032294, 0.11362094
1740935811000, 0.4202753, 0.75441855, 0.035430185
1740940787000, 0.61819565, 0.9211848, -0.06047566
1740945858000, 0.6713409, 0.94959, -0.13897185
1740950745000, 0.70829827, 0.8717047, -0.20891592
1740955862000, 0.73364913, 0.71837753, -0.25411993
1740960732000, 0.7458665, 0.46303585, -0.27122417
1740965833000, 0.7516697, 0.19700404, -0.25625798
1740970698000, 0.7968737, 0.016187929, -0.22937989
1740975809000, 0.91354895, -0.06383542, -0.19242255
1740980717000, 1.0647382, -0.2134974, -0.17898351
1740986420000, 1.1456778, -0.26725355, -0.16646078
1740990718000, 1.2599095, -0.2660318, -0.16829337
1740995781000, 1.3426818, -0.2996294, -0.18295415
1741000736000, 1.3930782, -0.43463063, -0.16249016
1741005795000, 1.4416419, -0.5815437, -0.1600467
1741010792000, 1.466382, -0.68294734, -0.14813483
1741015768000, 1.505172, -0.7855727, -0.15424347
1741020775000, 1.5705346, -0.8588765, -0.17806722
1741025806000, 1.6557503, -0.88239485, -0.21105394
1741030771000, 1.7510452, -0.8903361, -0.24312437
1741035816000, 1.8267925, -0.8741482, -0.28191432
1741040773000, 1.8738291, -0.8848383, -0.33750305
1741045844000, 1.9077321, -0.93431836, -0.37812558
1741050800000, 1.9373591, -0.99021256, -0.40958515
1741056592000, 1.964848, -1.0626001, -0.4297437
1741060785000, 2.0176878, -1.1200215, -0.4541783
1741065816000, 2.0534234, -1.1743884, -0.4841107
1741070809000, 2.065641, -1.2027937, -0.52442783
1741075805000, 2.0506747, -1.2195925, -0.571159
1741081004000, 2.0518963, -1.2425, -0.6188065
1741085815000, 2.0204368, -1.2538009, -0.63071835
1741091810000, 2.0176878, -1.2852604, -0.64965516
1741095884000, 1.9730947, -1.3023647, -0.6585127
1741100709000, 1.9517145, -1.3405437, -0.70402217
1741105861000, 1.920255, -1.3570372, -0.7510588
1741110747000, 1.8790215, -1.396438, -0.7663304
1741115796000, 1.8466456, -1.4682146, -0.7800749
1741120754000, 1.8026633, -1.5375478, -0.7987063
1741125791000, 1.7489072, -1.5812247, -0.8173377
1741130783000, 1.7098118, -1.6114625, -0.8381071
1741135796000, 1.6917913, -1.6374242, -0.8585711
1741140803000, 1.677436, -1.6740762, -0.8753699
1741145878000, 1.6814066, -1.6969837, -0.8958339
1741150794000, 1.6783522, -1.7186694, -0.9166033
1741155818000, 1.711339, -1.7547104, -0.93828905
1741160770000, 1.7272215, -1.7718146, -0.9462303
1741165812000, 1.7421877, -1.7608191, -0.95478237
1741170817000, 1.7724255, -1.6966782, -0.95356065
1741175799000, 1.78617, -1.641395, -0.956615
1741180799000, 1.779756, -1.6084082, -0.97585726
1741185814000, 1.7589865, -1.638646, -0.9841039
1741190792000, 1.7421877, -1.6432275, -0.9798279
1741195863000, 1.7321084, -1.6145169, -0.9825767
1741200813000, 1.7263051, -1.5619824, -0.9746355
1741205793000, 1.7171422, -1.4865406, -0.95417154
1741210840000, 1.7079792, -1.3982705, -0.9300423
1741215787000, 1.6982054, -1.2718215, -0.8854492
1741220798000, 1.6893479, -1.1215485, -0.8136725
1741225773000, 1.6933185, -1.0002918, -0.7641924
1741230819000, 1.6300939, -0.8891144, -0.75136423
1741235805000, 1.5335772, -0.8200866, -0.7519751
1741240787000, 1.430341, -0.763887, -0.75961095
1741245840000, 1.3301591, -0.7324274, -0.75900006
1741250797000, 1.271516, -0.70707655, -0.7473936
1741255744000, 1.2253957, -0.6899723, -0.743423
1741260844000, 1.1924089, -0.6765333, -0.7257079
1741265730000, 1.1786644, -0.6133087, -0.7134906
1741270821000, 1.1551461, -0.58123827, -0.713796
1741275707000, 1.1273518, -0.5158757, -0.7128797
1741280823000, 1.1172725, -0.42363504, -0.72021013
1741285698000, 1.1096367, -0.33933565, -0.74189585
1741290796000, 1.1068878, -0.26816985, -0.7458665
1741295754000, 1.0867293, -0.15485434, -0.75686204
1741300816000, 1.0836749, 0.007330383, -0.76052725
1741305703000, 1.0509937, 0.19761491, -0.7696902
1741311115000, 0.9783007, 0.44623706, -0.7657196
1741315736000, 0.89644474, 0.691194, -0.745561
1741320792000, 0.8228355, 0.84635377, -0.71929383
1741325750000, 0.7861836, 0.90377516, -0.64812803
1741330813000, 0.8414669, 0.90194255, -0.5128214
1741335757000, 0.9297369, 0.7742717, -0.36957347
1741340795000, 1.0216721, 0.54428095, -0.26267207
1741346612000, 1.0552697, 0.25870144, -0.16432275
1741350810000, 1.104139, -0.014660766, -0.071776666
1741355773000, 1.1670581, -0.29077184, 0.03176499
1741360833000, 1.2290609, -0.5839872, 0.13775012
1741365768000, 1.2641857, -0.75961095, 0.23396139
1741370812000, 1.2791518, -0.7974846, 0.32620203
1741375868000, 1.2712106, -0.82741696, 0.36682457
1741380949000, 1.2522738, -0.8008443, 0.3585779
1741386135000, 1.1884383, -0.7519751, 0.26450464
1741390769000, 1.0965031, -0.6719518, 0.22388211
1741395763000, 0.9957104, -0.61636305, 0.12858713
1741400811000, 0.9101892, -0.61269784, 0.030848695
1741405709000, 0.8585711, -0.61361414, -0.035124753
1741410773000, 0.79809546, -0.62858033, -0.06291912
1741416360000, 0.75319684, -0.6747007, -0.08827003
1741420769000, 0.6789767, -0.75655663, -0.089186326
1741425708000, 0.61911196, -0.8723156, -0.09590584
1741430778000, 0.5476407, -0.98440933, -0.09407325
1741435701000, 0.4813618, -1.0806206, -0.06078109
1741440749000, 0.44409904, -1.1404854, -0.014049901
1741445773000, 0.39706242, -1.1640037, 0.0106901415
1741450775000, 0.3643811, -1.1621711, 0.039095376
1741455734000, 0.3368922, -1.1695015, 0.04520403
1741460818000, 0.30909783, -1.1908818, 0.042455133
1741465722000, 0.28863382, -1.183246, 0.04153884
1741470754000, 0.25350907, -1.1792754, 0.03634648
1741475783000, 0.23732115, -1.1435398, 0.022296581
1741480766000, 0.18997909, -1.0720685, 9.162979E-4
1741486144000, 0.16035213, -0.9599747, -0.022296581
1741490756000, 0.122478485, -0.85062987, -0.059864793
1741495848000, 0.10720685, -0.7473936, -0.105374254
1741500813000, 0.086437434, -0.66798115, -0.14172074
1741505701000, 0.06872234, -0.6230826, -0.16126843
1741510703000, 0.082161374, -0.591623, -0.17287487
1741515690000, 0.10629055, -0.593761, -0.1881465
1741520690000, 0.13194689, -0.61758476, -0.21380283
1741525719000, 0.15424347, -0.6386596, -0.22876903
1741530681000, 0.1695151, -0.63804877, -0.23823744
1741535691000, 0.17837265, -0.6230826, -0.2489276
1741540674000, 0.17745635, -0.56199604, -0.2669481
1741545686000, 0.18600847, -0.48349985, -0.28924468
1741550816000, 0.19120082, -0.40042216, -0.29810223
1741555769000, 0.20738874, -0.33108896, -0.31581733
1741560768000, 0.22388211, -0.29932398, -0.34330627
1741565773000, 0.23609942, -0.2968805, -0.3631594
1741570769000, 0.2602286, -0.30482176, -0.37140608
1741575738000, 0.28221974, -0.33414328, -0.3921755
1741580775000, 0.3032946, -0.3894266, -0.41080686
1741585770000, 0.33964106, -0.4550946, -0.42271876
1741590741000, 0.35796702, -0.5152648, -0.43371433
1741595780000, 0.38759398, -0.57757306, -0.45814893
1741600770000, 0.41783184, -0.6252206, -0.4642576
1741605771000, 0.43371433, -0.679893, -0.47708577
1741610770000, 0.4334089, -0.7257079, -0.48563787
1741615774000, 0.44226643, -0.76174897, -0.5018258
1741620771000, 0.4334089, -0.7816021, -0.51068336
1741625736000, 0.44257188, -0.8008443, -0.52015173
1741630775000, 0.44348818, -0.8136725, -0.5314528
1741635837000, 0.44440445, -0.8170323, -0.5323691
1741640741000, 0.45875978, -0.80573124, -0.528093
1741645799000, 0.47983465, -0.7855727, -0.52534413
1741650739000, 0.4978552, -0.73548174, -0.50701815
1741655761000, 0.5290093, -0.6765333, -0.46639562
1741660758000, 0.5476407, -0.6017023, -0.4266894
1741665774000, 0.58246, -0.5653558, -0.36682457
1741671315000, 0.6093381, -0.52412236, -0.36010507
1741675740000, 0.61453044, -0.46853364, -0.33567044
1741680743000, 0.6123924, -0.38056904, -0.28527406
1741685763000, 0.57971114, -0.33078352, -0.25411993
1741690738000, 0.5558874, -0.28893927, -0.258396
1741695901000, 0.49205196, -0.21930063, -0.27763826
1741700703000, 0.3885103, -0.12614368, -0.28038713
1741705865000, 0.28527406, -0.02687807, -0.269697
1741710815000, 0.21960606, 0.043982297, -0.26847526
1741715784000, 0.18112154, 0.08582657, -0.2828306
1741720704000, 0.15821409, 0.12980886, -0.29810223
1741725796000, 0.15424347, 0.18509217, -0.28527406
1741730736000, 0.15515977, 0.25228736, -0.25686884
1741735812000, 0.16676621, 0.31887165, -0.23365596
1741741427000, 0.16615535, 0.38148534, -0.23060162
1741745859000, 0.14263703, 0.4111123, -0.22510384
1741750784000, 0.08460484, 0.41080686, -0.21991149
1741755797000, -0.009773844, 0.38362336, -0.2098322
1741760834000, -0.119729586, 0.33292156, -0.19394971
1741765819000, -0.24740042, 0.2959642, -0.16615535
1741770786000, -0.398895, 0.22235495, -0.14813483
1741775792000, -0.47403142, 0.13805555, -0.11942416
1741780758000, -0.60903263, 0.05467244, -0.099571034
1741785797000, -0.7635816, -0.021685716, -0.07727446
1741790776000, -0.895223, -0.086132, -0.050396383
1741795835000, -1.028697, -0.1301143, -0.03023783
1741801120000, -1.1386528, -0.16920967, -0.029932396
1741805796000, -1.246776, -0.20525073, -0.012217305
1741810846000, -1.350623, -0.2012801, 0.015271631
1741815790000, -1.4370605, -0.17837265, 0.043982297
1741820707000, -1.5238034, -0.16035213, 0.079107046
1741825791000, -1.6261233, -0.10903945, 0.12034045
1741830798000, -1.717753, -0.0571159, 0.1572978
1741835810000, -1.8170186, 0.0070249503, 0.20005837
1741840750000, -1.9181169, 0.08674286, 0.25870144
1741845803000, -2.024102, 0.18845193, 0.32742378
1741850773000, -2.1242838, 0.3213151, 0.40286562
1741855772000, -2.2156084, 0.44868052, 0.4709771
1741860774000, -2.3066273, 0.54611355, 0.51159966
1741865768000, -2.4132233, 0.57696223, 0.5290093
1741870772000, -2.4736989, 0.61636305, 0.56779927
1741875745000, -2.5998425, 0.59956425, 0.6047566
1741880830000, -2.7406468, 0.51343226, 0.6301075
1741885770000, -2.9006937, 0.32559118, 0.63224554
1741890745000, -3.0637946, 0.013439035, 0.6407976
1741895822000, -3.2275066, -0.4288274, 0.6395759
1741900775000, -3.3722816, -0.96944314, 0.6414085
1741905773000, -3.44528, -1.5809193, 0.6429357
1741910775000, -3.4232888, -2.2052236, 0.63132924
1741915772000, -3.3438764, -2.7232373, 0.65057147
1741920772000, -3.1764994, -3.0332513, 0.72021013
1741925751000, -2.9513955, -3.0848694, 0.7620544
1741930780000, -2.6520715, -2.944676, 0.7629707
1741935748000, -2.3426683, -2.719572, 0.78038037
1741940761000, -2.0405953, -2.5415049, 0.87781334
1741945871000, -1.767844, -2.4266622, 1.042747
1741950814000, -1.5540411, -2.268448, 1.1468995
1741955707000, -1.4388931, -1.9740111, 1.1856894
1741960937000, -1.3655893, -1.815186, 1.2144
1741965708000, -1.3069462, -1.4773777, 1.2229522
1741970772000, -1.2690725, -1.0858129, 1.2177598
1741975731000, -1.2547172, -0.6569856, 1.2275337
1741980739000, -1.219287, -0.1957823, 1.244027
1741985732000, -1.2125676, 0.23426682, 1.2699889
1741990738000, -1.2333369, 0.56138515, 1.3066407
1741996390000, -1.2999213, 0.7330383, 1.3494014
1742000733000, -1.368949, 0.795652, 1.3723087
1742006084000, -1.4364496, 0.816116, 1.4040737
1742010744000, -1.4914275, 0.8735373, 1.4605788
1742015950000, -1.5460999, 0.9324858, 1.5198327
1742020743000, -1.6062702, 0.9923506, 1.5732834
1742026082000, -1.6658295, 1.0586295, 1.5974126
1742030880000, -1.7681495, 1.1050552, 1.6062702
1742035758000, -1.9062049, 1.1404854, 1.6154331
1742040752000, -2.0271564, 1.1969905, 1.611768
1742045762000, -2.1432207, 1.2773192, 1.5827519
1742050776000, -2.257758, 1.3255776, 1.5399913
1742055700000, -2.3674083, 1.3344351, 1.4789047
1742060787000, -2.4324653, 1.3319917, 1.4456125
1742066411000, -2.4446826, 1.3524556, 1.4230106
1742070754000, -2.4587326, 1.3570372, 1.4101825
1742075776000, -2.4572055, 1.3704761, 1.4052955
1742080780000, -2.4474316, 1.398576, 1.4056009
1742085751000, -2.4397957, 1.4425583, 1.4059063
1742090768000, -2.413834, 1.4807373, 1.4135422
1742095847000, -2.3829854, 1.4871514, 1.427592
1742100775000, -2.3429737, 1.5815301, 1.4257594
1742105786000, -2.3069327, 1.6530013, 1.4141531
1742110775000, -2.283109, 1.6985108, 1.4031575
1742115772000, -2.2418754, 1.7510452, 1.3716979
1742120765000, -2.1887302, 1.7550159, 1.3417655
1742125736000, -2.105958, 1.7864754, 1.3051136
1742130779000, -2.012801, 1.885741, 1.2284501
1742135708000, -1.9682078, 1.9401081, 1.1355985
1742140770000, -1.8915442, 1.9434677, 1.0534371
1742145791000, -1.8310685, 1.9150625, 0.99112886
1742150774000, -1.7782288, 1.8597792, 0.93309665
1742155789000, -1.7085901, 1.8182404, 0.8155051
1742160746000, -1.6621643, 1.8173242, 0.7791586
1742165774000, -1.6395624, 1.7922786, 0.78984874
1742170771000, -1.5421293, 1.6942347, 0.79809546
1742175748000, -1.4480561, 1.5567901, 0.79198676
1742180775000, -1.3497068, 1.4514158, 0.7657196
1742185772000, -1.248914, 1.3356569, 0.7287622
1742190755000, -1.1291844, 1.1759156, 0.70188415
1742195780000, -1.0262536, 0.9941832, 0.68386364
1742200712000, -0.91446525, 0.8054258, 0.66950834
1742205758000, -0.82711154, 0.6401868, 0.6383542
1742210773000, -0.7483099, 0.48716503, 0.61117065
1742215776000, -0.6780604, 0.3659083, 0.593761
1742220704000, -0.6010914, 0.27885997, 0.589485
1742225744000, -0.5390886, 0.20952678, 0.5861252
1742230763000, -0.46273044, 0.172264, 0.5882632
1742235773000, -0.3866777, 0.15515977, 0.5983425
1742240774000, -0.32284227, 0.1695151, 0.6123924
1742245784000, -0.25411993, 0.18081611, 0.63041294
1742250778000, -0.17684549, 0.21288654, 0.6411031
1742255772000, -0.1142318, 0.2434298, 0.6591236
1742260807000, -0.0580322, 0.26450464, 0.6704246
1742265766000, -0.02076942, 0.28771752, 0.66828656
1742270735000, 0.053145275, 0.32620203, 0.6713409
1742275803000, 0.13133603, 0.3744604, 0.6740898
1742280758000, 0.19211712, 0.40317106, 0.66675943
1742285816000, 0.26419923, 0.4297437, 0.66156703
1742290816000, 0.32528573, 0.45448375, 0.6649268
1742295825000, 0.39370266, 0.46792278, 0.6554584
1742300802000, 0.4633413, 0.4981606, 0.6377433
1742305811000, 0.52381694, 0.52748215, 0.6221663
1742310865000, 0.59559363, 0.55771995, 0.59986967
1742315792000, 0.6627888, 0.6026186, 0.5742133
1742321498000, 0.73548174, 0.65026605, 0.5476407
1742325783000, 0.79779, 0.7049385, 0.52381694
1742330826000, 0.8695667, 0.7635816, 0.49388456
1742335814000, 0.9300423, 0.79412484, 0.45998153
1742340763000, 0.9960158, 0.820392, 0.44348818
1742345764000, 1.0424415, 0.80970186, 0.42455134
1742350725000, 1.0800097, 0.7443393, 0.4089743
1742355765000, 1.1023064, 0.6960809, 0.4147775
1742360798000, 1.0922271, 0.5225952, 0.42913285
1742365774000, 1.0662653, 0.26145032, 0.49021935
1742370769000, 1.0274754, -0.08735373, 0.5992588
1742375742000, 0.9602802, -0.46670106, 0.7877107
1742380784000, 0.87995136, -0.75808376, 1.0320568
1742385811000, 0.6957755, -0.9505063, 1.2174544
1742391505000, 0.42088616, -0.8854492, 1.3249667
1742395811000, 0.086437434, -0.4541783, 1.244027
1742400802000, 0.040927973, 0.26083946, 0.99204516
1742405811000, 0.34605515, 0.68936145, 0.8017606
1742410840000, 0.7370089, 0.73273283, 0.6444628
1742415703000, 1.1212431, 0.89888823, 0.44929138
1742420794000, 1.4944818, 1.3045027, 0.18600847
1742425729000, 1.7525724, 1.5705346, -0.07269296
1742430799000, 1.8191566, 1.5766432, -0.23182335
1742435764000, 1.6994271, 1.2296717, -0.2764165
1742440762000, 1.5042557, 0.65576386, -0.23335053
1742445767000, 1.3662001, 0.09773844, -0.19853121
1742450782000, 1.3206906, -0.39461896, -0.16371189
1742455783000, 1.4083499, -0.6035349, -0.11148291
1742460844000, 1.6853772, -0.92271197, -0.08582657
1742465788000, 1.8530598, -1.0329732, -0.07452556
1742470769000, 2.1053472, -1.028697, -0.12461651
1742475736000, 2.1945333, -0.9660834, -0.24709499
1742480778000, 2.2156084, -0.93187493, -0.38148534
1742485810000, 2.1783454, -0.9932669, -0.5009095
1742490799000, 2.0882428, -1.1129965, -0.59956425
1742495933000, 2.017077, -1.2782356, -0.6872234
1742500806000, 2.02624, -1.4272866, -0.7635816
1742505744000, 2.0690005, -1.5244142, -0.816116
1742510887000, 2.0726657, -1.5552629, -0.8750645
1742515707000, 2.0522017, -1.5467108, -0.9370673
1742520807000, 2.0091357, -1.5479325, -0.9914343
1742526019000, 1.9813415, -1.5781704, -1.0436633
1742531020000, 1.9614882, -1.6041322, -1.103528
1742535775000, 1.9495764, -1.5855007, -1.1297953
1742540787000, 1.9611828, -1.5922203, -1.1502593
1742545753000, 1.953547, -1.6572775, -1.162782
1742550797000, 1.9743165, -1.7681495, -1.1447614
1742555702000, 2.0179935, -1.8356501, -1.1212431
1742560863000, 2.0460932, -1.9501873, -1.0571023
1742565708000, 2.1111503, -2.0234911, -1.0009027
1742570807000, 2.1621575, -2.0980167, -0.9502009
1742575712000, 2.228742, -2.140472, -0.9242391
1742580815000, 2.2745566, -2.1398609, -0.9111055
1742585700000, 2.3069327, -2.1224513, -0.89919364
1742590805000, 2.3109033, -2.0790799, -0.90408057
1742595760000, 2.310598, -2.0280726, -0.91599244
1742600813000, 2.291661, -1.9437732, -0.91538155
1742605704000, 2.2562308, -1.8713857, -0.9279043
1742610893000, 2.214081, -1.7928895, -0.95569867
1742615709000, 2.1801782, -1.7266107, -0.9923506
1742620792000, 2.1456642, -1.675298, -1.0106765
1742625768000, 2.1135938, -1.6071864, -1.0091494
1742630788000, 2.0894647, -1.4828753, -0.9828822
1742635764000, 2.0906863, -1.3081679, -0.9663888
1742640757000, 2.078469, -1.1823297, -0.96883225
1742645800000, 1.9929478, -1.1010846, -0.9868528
1742650779000, 1.8390098, -1.1044444, -1.0195341
1742655759000, 1.6869044, -1.1166617, -1.0351112
1742660766000, 1.6132951, -1.1169671, -1.0622946
1742665792000, 1.452943, -1.0803152, -1.0858129
1742670773000, 1.3225232, -0.9941832, -1.0983357
1742675752000, 1.2293663, -0.8567385, -1.0870347
1742680759000, 1.1933253, -0.67011917, -1.0809261
1742685769000, 1.1795808, -0.49968776, -1.0943651
1742690756000, 1.1557571, -0.344528, -1.1111639
1742695799000, 1.0833695, -0.20891592, -1.1377366
1742700769000, 1.0152581, -0.082161374, -1.149343
1742705772000, 0.9602802, 0.033292156, -1.1554517
1742710768000, 0.8949176, 0.17440203, -1.1337659
1742716251000, 0.8622363, 0.3268129, -1.0931433
1742720768000, 0.82558435, 0.46303585, -1.0424415
1742725751000, 0.7855727, 0.48380527, -1.0247264
1742730774000, 0.70341134, 0.5861252, -1.0360274
1742735771000, 0.70738196, 0.7360926, -1.0057896
1742740754000, 0.7519751, 0.8414669, -0.9468411
1742745785000, 0.7877107, 0.86101454, -0.88178396
1742750818000, 0.806953, 0.79412484, -0.81581056
1742755777000, 0.8390234, 0.7370089, -0.75900006
1742760739000, 0.8707884, 0.5739079, -0.6062838
1742765782000, 0.906524, 0.34269542, -0.42760566
1742770702000, 0.97097033, 0.11056661, -0.25870144
1742775750000, 1.0372492, -0.07696902, -0.11911872
1742780704000, 1.073901, -0.17470746, 0.008552114
1742786392000, 1.0913107, -0.23579398, 0.101098195
1742790759000, 1.0821478, -0.26175576, 0.1554652
1742795826000, 1.010982, -0.30970868, 0.16554448
1742800745000, 0.95569867, -0.37293324, 0.13652839
1742805787000, 0.8781188, -0.40775254, 0.096516706
1742810974000, 0.79381937, -0.41050145, 0.043676864
1742815777000, 0.68477994, -0.39736784, 9.162979E-4
1742820771000, 0.57971114, -0.37018433, -0.020463986
1742825755000, 0.4822781, -0.3494149, -0.04550946
1742830765000, 0.39920044, -0.36285394, -0.062002823
1742835774000, 0.3436117, -0.4111123, -0.08093964
1742840777000, 0.30726522, -0.47952923, -0.09773844
1742845775000, 0.28252518, -0.5195409, -0.093462385
1742850797000, 0.25595254, -0.54092115, -0.09560041
1742856034000, 0.23426682, -0.5647449, -0.093767814
1742860763000, 0.2171626, -0.56199604, -0.094989546
1742865775000, 0.204029, -0.56779927, -0.09590584
1742870743000, 0.1908954, -0.58184916, -0.1001819
1742875757000, 0.17379116, -0.61453044, -0.10323623
1742880708000, 0.16646078, -0.6356053, -0.10903945
1742885772000, 0.15790866, -0.66920286, -0.10476339
1742890746000, 0.16126843, -0.7098254, -0.09621128
1742895779000, 0.16035213, -0.7272351, -0.09254608
1742900740000, 0.15974127, -0.72418076, -0.08155051
1742905775000, 0.16523905, -0.6826419, -0.076052725
1742910761000, 0.1731803, -0.61208695, -0.076358154
1742915778000, 0.18051068, -0.5122105, -0.08032878
1742920772000, 0.20280726, -0.40103304, -0.0842994
1742925747000, 0.20799962, -0.26725355, -0.09743301
1742930766000, 0.21197024, -0.15149458, -0.12370021
1742935778000, 0.21746802, -0.041233405, -0.16249016
1742940765000, 0.22571471, 0.047036625, -0.18936823
1742945771000, 0.22540927, 0.1001819, -0.21594086
1742950772000, 0.24129178, 0.105068825, -0.2501493
1742955771000, 0.23854288, 0.111177474, -0.26358834
1742960785000, 0.23426682, 0.096516706, -0.29871312
1742965778000, 0.24801129, 0.058643065, -0.34147367
1742970769000, 0.27152961, 0.024740042, -0.3643811
1742975746000, 0.28771752, -3.0543262E-4, -0.37782016
1742980734000, 0.3200934, -0.0036651916, -0.3979787
1742985733000, 0.36926803, 0.016187929, -0.41263947
1742990733000, 0.41355577, 0.02565634, -0.42760566
1742995728000, 0.45875978, 0.048258353, -0.44409904
1743000732000, 0.49449542, 0.054367006, -0.46578476
1743005805000, 0.5403103, 0.050396383, -0.47800204
1743010908000, 0.5537493, 0.032986723, -0.48380527
1743015797000, 0.5742133, 0.0076358155, -0.50610185
1743020765000, 0.5849035, -0.016187929, -0.5119051
1743025771000, 0.58276546, -0.05009095, -0.52198434
1743030736000, 0.57848936, -0.06383542, -0.5216789
1743035859000, 0.57360244, -0.08735373, -0.5137377
1743041308000, 0.57543504, -0.12858713, -0.50762904
1743045809000, 0.57635134, -0.17287487, -0.49693888
1743050846000, 0.5742133, -0.18020524, -0.48899764
1743055706000, 0.5693264, -0.21410827, -0.46303585
1743060798000, 0.5558874, -0.258396, -0.4260785
1743065805000, 0.5510005, -0.27580565, -0.39736784
1743070771000, 0.5439755, -0.26633725, -0.35124752
1743075818000, 0.5308419, -0.23579398, -0.30634892
1743080776000, 0.5137377, -0.14935656, -0.258396
1743085772000, 0.45998153, -0.087659165, -0.23701571
1743090774000, 0.3930918, -0.04917465, -0.2406809
1743095775000, 0.30695978, -0.03023783, -0.23426682
1743100771000, 0.22937989, -0.0125227375, -0.22327125
1743105768000, 0.1591304, -0.02107485, -0.21868975
1743111493000, 0.11209377, -0.025350908, -0.22388211
1743115775000, 0.093462385, -0.014049901, -0.22999077
1743120768000, 0.0870483, 0.010079277, -0.20097467
1743125752000, 0.099265605, 0.028710667, -0.17684549
1743130762000, 0.09407325, 0.04520403, -0.1853976
1743135773000, 0.073303826, 0.071776666, -0.23090707
1743140756000, 0.054367006, 0.12644911, -0.27275133
1743145784000, 0.004581489, 0.15790866, -0.30085114
1743150770000, -0.048563786, 0.22052236, -0.3042109
1743155770000, -0.093767814, 0.2919936, -0.30940324
1743160736000, -0.18203785, 0.3313944, -0.3145956
1743165799000, -0.2846632, 0.3494149, -0.2932153
1743170798000, -0.3894266, 0.3222314, -0.2660318
1743175768000, -0.5119051, 0.27488935, -0.24587326
1743180755000, -0.65668017, 0.20372356, -0.2012801
1743185754000, -0.7883216, 0.1160644, -0.17256944
1743190750000, -0.91446525, 0.04734206, -0.15210545
1743195838000, -1.0259482, -0.03268129, -0.121256754
1743200758000, -1.1441506, -0.06994407, -0.089186326
1743205873000, -1.2492194, -0.054061573, -0.039095376
1743210734000, -1.3582588, 0.008552114, 0.01863139
1743215782000, -1.455081, 0.103847094, 0.09193522
1743220701000, -1.5500705, 0.23273966, 0.16126843
1743225757000, -1.6426166, 0.36987892, 0.2565634
1743230733000, -1.7537941, 0.47525316, 0.35613444
1743235773000, -1.8872682, 0.58123827, 0.4578435
1743240722000, -2.0598376, 0.675617, 0.55863625
1743245813000, -2.2870796, 0.69913524, 0.6621779
1743250808000, -2.549446, 0.70096785, 0.7180721
1743255814000, -2.6929994, 0.6606508, 0.816116
1743260786000, -2.9804115, 0.5421429, 0.90469146
1743265816000, -3.2834008, 0.32986724, 0.95203346
1743270750000, -3.5784485, -0.004581489, 0.98654735
1743275810000, -3.8570032, -0.4905248, 1.003957
1743280789000, -4.0872993, -1.1673635, 0.9966267
1743285809000, -4.192368, -2.0317378, 0.97005403
1743290776000, -4.131282, -2.9571986, 0.9016371
1743295806000, -3.893655, -3.616933, 0.7724391
1743300791000, -3.605632, -3.7675114, 0.5717699
1743305813000, -3.2635477, -3.3976326, 0.5021312
1743310763000, -2.762638, -2.7882943, 0.65209866
1743315785000, -2.234545, -2.4043655, 1.003957
1743320704000, -1.8976529, -2.3041837, 1.3267993
1743325752000, -1.7910569, -2.068695, 1.4022411
1743330711000, -1.7983873, -1.7461584, 1.4395039
1743335774000, -1.7440202, -1.4428637, 1.5030339
1743340725000, -1.6441438, -1.3035865, 1.529912
1743345778000, -1.6374242, -0.94989544, 1.5125023
1743350797000, -1.6691893, -0.4175264, 1.4746287
1743355771000, -1.7965547, 0.26083946, 1.423316
1743360817000, -1.9013181, 0.7968737, 1.4517213
1743366375000, -1.8823812, 1.1472049, 1.509448
1743370812000, -1.8249599, 1.4831808, 1.5296066
1743375799000, -1.8524488, 1.8371773, 1.50731
1743380816000, -1.9071213, 2.1771238, 1.4932601
1743385791000, -1.9602666, 2.4813347, 1.5259414
1743390810000, -1.9883664, 2.6331346, 1.6172657
1743395824000, -1.9926424, 2.682004, 1.6985108
1743400910000, -2.0595322, 2.6511552, 1.7635679
1743405810000, -2.1337523, 2.5256224, 1.8008307
1743410822000, -2.2079725, 2.3228152, 1.8041905
1743415789000, -2.2702806, 2.1071796, 1.7632625
1743420794000, -2.3506095, 1.9361374, 1.7061466
1743425767000, -2.4333818, 1.8212948, 1.6374242
1743430837000, -2.5445592, 1.7391334, 1.5809193
1743436322000, -2.6468792, 1.674687, 1.5354098
1743440836000, -2.7345383, 1.6129897, 1.488984
1743445754000, -2.7983737, 1.5867225, 1.4727961
1743450813000, -2.8166997, 1.5803084, 1.4602734
1743455702000, -2.8200593, 1.6310102, 1.4602734
1743460857000, -2.7968466, 1.7513506, 1.4480561
1743465709000, -2.7754662, 1.8839084, 1.430341
1743470806000, -2.758973, 1.9969184, 1.3970488
1743475730000, -2.6942213, 2.0512855, 1.3591752
1743480799000, -2.620001, 2.0754147, 1.346347
1743485751000, -2.5274549, 2.043955, 1.3390167
1743490751000, -2.411696, 1.9520199, 1.3408492
1743495778000, -2.2763894, 1.8887954, 1.3329079
1743500773000, -2.1310034, 1.8298469, 1.2996159
1743506179000, -1.9862283, 1.7956384, 1.2757921
1743510775000, -1.8723019, 1.7489072, 1.2519683
1743515786000, -1.7608191, 1.6948457, 1.2266175
1743520771000, -1.675298, 1.6691893, 1.2076806
1743525777000, -1.5931365, 1.6218473, 1.1936307
1743530773000, -1.539075, 1.5418239, 1.1597277
1743535814000, -1.4914275, 1.4337007, 1.1389582
1743540797000, -1.4318681, 1.3775011, 1.1200215
1743545855000, -1.352761, 1.2922854, 1.0888673
1743550787000, -1.3142766, 1.2003502, 1.0729848
1743555815000, -1.2168436, 1.1160508, 1.0506883
1743560842000, -1.1258247, 1.0586295, 1.0274754
1743565818000, -1.0073168, 0.9941832, 0.9923506
1743570795000, -0.8668178, 0.9645562, 0.95264435
1743575754000, -0.73884153, 0.9288206, 0.8921687
1743580755000, -0.5885687, 0.838718, 0.8417723
1743585773000, -0.4111123, 0.745561, 0.7858781
1743590750000, -0.23609942, 0.68966687, 0.73975784
1743595786000, -0.07880162, 0.6395759, 0.68294734
1743600775000, 0.07788532, 0.59406644, 0.6450737
1743605774000, 0.22266038, 0.5317582, 0.602924
1743610804000, 0.35185838, 0.44929138, 0.5494733
1743615781000, 0.47647488, 0.35430184, 0.50610185
1743620771000, 0.59223384, 0.26542094, 0.462425
1743625749000, 0.6963864, 0.20861048, 0.419359
1743630738000, 0.7870999, 0.1826487, 0.39614612
1743635776000, 0.87995136, 0.1777618, 0.3753767
1743640769000, 0.9624182, 0.1908954, 0.34483343
1743645818000, 1.0067059, 0.22510384, 0.33383787
1743650786000, 1.0897835, 0.27183503, 0.31612277
1743655767000, 1.1624765, 0.31429017, 0.3005457
1743660774000, 1.2021828, 0.33658674, 0.29352075
1743665775000, 1.1777482, 0.28710666, 0.2843578
1743670750000, 1.1044444, 0.14660765, 0.32345316
1743675806000, 1.0467176, -0.03726278, 0.41050145
1743680705000, 0.97219205, -0.25473082, 0.49113566
1743685812000, 0.8762862, -0.4886922, 0.5421429
1743690731000, 0.799928, -0.61483586, 0.5164866
1743695830000, 0.72356987, -0.5384777, 0.41416663
1743700713000, 0.5879578, -0.21197024, 0.33750305
1743705811000, 0.4636467, 0.27091873, 0.3203988
1743710771000, 0.31764993, 0.6872234, 0.3368922
1743715794000, 0.15057829, 0.9434814, 0.37110063
1743720765000, 0.18448131, 0.990518, 0.4456262
1743725939000, 0.4550946, 0.8155051, 0.47952923
1743730756000, 0.7812967, 0.57360244, 0.45081854
1743735795000, 1.1078042, 0.40530908, 0.40561453
1743740794000, 1.5195273, 0.36071593, 0.3381139
1743745826000, 1.7376062, 0.35155296, 0.29046643
1743750825000, 2.0943515, 0.4999932, 0.17928895
1743755804000, 2.1777346, 0.66614854, 0.058337633
1743761476000, 2.0576997, 0.49174652, -0.07849618
1743765811000, 1.7583756, 0.3136793, -0.105068825
1743770766000, 1.6609426, -0.09407325, -0.12858713
1743775804000, 1.5060883, -0.56016344, -0.1414153
1743780810000, 1.4520267, -0.9877691, -0.13988814
1743785809000, 1.5131133, -1.2260065, -0.20677789
1743790952000, 1.6209309, -1.303281, -0.2764165
1743795847000, 1.717753, -1.2272283, -0.36377025
1743800998000, 1.7977765, -1.0641272, -0.4783075
1743805790000, 1.8161024, -0.91904676, -0.6084218
1743811119000, 1.7809776, -0.8924741, -0.72234815
1743815791000, 1.7660115, -0.9682214, -0.80756384
1743820701000, 1.8051068, -1.1133019, -0.82650065
1743825797000, 1.8658879, -1.2315043, -0.8335256
1743831387000, 1.9181169, -1.2895365, -0.8393288
1743835808000, 1.9721785, -1.2993103, -0.8552113
1743840772000, 2.0015, -1.2910637, -0.8533788
1743845830000, 2.0024164, -1.287704, -0.8533788
1743850745000, 1.9715676, -1.2928963, -0.88178396
1743855809000, 1.9306396, -1.3399329, -0.904386
1743860798000, 1.8952094, -1.4104879, -0.9211848
1743865815000, 1.8952094, -1.4996742, -0.9254609
1743870834000, 1.8912388, -1.6236799, -0.9120218
1743875788000, 1.9260582, -1.7531832, -0.89369583
1743880840000, 1.9685133, -1.8729129, -0.8622363
1743885805000, 1.990199, -1.9630154, -0.8454375
1743890812000, 2.035403, -2.0234911, -0.85062987
1743895825000, 2.0781636, -2.0631974, -0.8374963
1743900777000, 2.1239784, -2.0958786, -0.82650065
1743905804000, 2.1633792, -2.1410828, -0.8268061
1743910815000, 2.2000313, -2.1471913, -0.8191703
1743915787000, 2.218357, -2.1224513, -0.8197812
1743920790000, 2.2446244, -2.080607, -0.8011498
1743925787000, 2.2229385, -2.0421226, -0.8051204
1743930839000, 2.1862867, -2.0247128, -0.8127562
1743935811000, 2.1502457, -1.9935588, -0.8005389
1743940818000, 2.1410828, -1.892155, -0.7996226
1743945813000, 2.1361957, -1.8332067, -0.81092364
1743950768000, 2.1114557, -1.8622227, -0.8405506
1743955775000, 2.0393736, -1.9333885, -0.85918194
1743960852000, 1.9572122, -1.9691241, -0.87689704
1743965796000, 1.8945986, -1.9300288, -0.9049969
1743970791000, 1.8289305, -1.829236, -0.9272934
1743975776000, 1.7825048, -1.7006488, -0.9615019
1743980790000, 1.7614299, -1.5338826, -0.98532563
1743985727000, 1.7165314, -1.366811, -1.0064005
1743990789000, 1.6655241, -1.1713341, -1.0396926
1743995720000, 1.6157386, -0.95203346, -1.0516045
1744001064000, 1.565953, -0.7296785, -1.0852021
1744005715000, 1.5268577, -0.51159966, -1.1117748
1744010802000, 1.4618006, -0.3484986, -1.1432343
1744015735000, 1.3552046, -0.26175576, -1.1688906
1744020781000, 1.2434162, -0.16554448, -1.1774428
1744025753000, 1.1557571, -0.017104227, -1.1756102
1744035763000, 0.9859365, 0.27672195, -1.1795808
1744040816000, 0.9434814, 0.5158757, -1.1633929
1744045779000, 0.890947, 0.77213365, -1.142318
1744050839000, 0.8597928, 0.9425651, -1.1065824
1744055767000, 0.8472701, 1.0140363, -1.0763446
1744060781000, 0.8555168, 1.0241156, -1.0436633
1744065722000, 0.9254609, 0.9963212, -0.9969321
1744070767000, 1.0103711, 0.95722586, -0.95539325
1744075721000, 1.0546589, 0.895223, -0.9297369
1744080774000, 1.0677924, 0.79901177, -0.9034697
1744085702000, 1.0662653, 0.6169739, -0.84574294
1744090765000, 1.0818423, 0.43035457, -0.7806858
1744095768000, 1.072374, 0.33841935, -0.6826419
1744100814000, 1.0552697, 0.31887165, -0.54641896
1744105747000, 1.0403035, 0.29749137, -0.3652974
1744110819000, 1.0586295, 0.20066923, -0.18509217
1744115761000, 1.1215485, 0.019547688, -0.070554934
1744120805000, 1.1896601, -0.16310102, -0.013133603
1744125792000, 1.2287555, -0.29046643, 0.008246681
1744130810000, 1.2428054, -0.37751472, 0.0012217305
1744135791000, 1.2165382, -0.40866885, -0.027183503
1744140824000, 1.1930199, -0.4251622, -0.048258353
1744145841000, 1.1172725, -0.3866777, -0.087659165
1744150795000, 0.9993755, -0.27672195, -0.13225232
1744155829000, 0.8720101, -0.16584991, -0.16798794
1744160794000, 0.73884153, -0.09987647, -0.19028452
1744165808000, 0.6383542, -0.08032878, -0.20830505
1744170800000, 0.5326745, -0.160963, -0.20861048
1744175801000, 0.4529566, -0.27550024, -0.20647246
1744180808000, 0.40133846, -0.408058, -0.18845193
1744185806000, 0.36041048, -0.52381694, -0.15668693
1744190820000, 0.31245756, -0.6337727, -0.1301143
1744195836000, 0.26389378, -0.74006325, -0.09865474
1744200805000, 0.226631, -0.82802784, -0.06719518
1744205798000, 0.19394971, -0.9086621, -0.05497787
1744210737000, 0.17134771, -0.96883225, -0.057726767
1744215779000, 0.16249016, -0.9602802, -0.057726767
1744220769000, 0.14844026, -0.93828905, -0.06261369
1744225745000, 0.14355333, -0.906524, -0.06414085
1744230799000, 0.13713925, -0.8524625, -0.07391469
1744235772000, 0.1432479, -0.81122905, -0.08032878
1744240751000, 0.14782938, -0.74067414, -0.09101892
1744245809000, 0.13164146, -0.66553766, -0.10873401
1744250748000, 0.11178834, -0.56382865, -0.12797627
1744255765000, 0.115453534, -0.45906523, -0.13255776
1744260757000, 0.1020145, -0.34116822, -0.1518
1744265779000, 0.109650314, -0.25595254, -0.15088372
1744270774000, 0.12644911, -0.19730948, -0.16249016
1744275752000, 0.16982053, -0.14477506, -0.19456059
1744280742000, 0.19853121, -0.09193522, -0.23396139
1744285770000, 0.21197024, -0.06169739, -0.2648101
1744290755000, 0.24037547, -0.049480084, -0.29352075
1744295848000, 0.25442538, -0.047647487, -0.30818152
1744300757000, 0.27030787, -0.04550946, -0.3222314
1744305772000, 0.3042109, -0.061391957, -0.3408628
1744310767000, 0.31490102, -0.08155051, -0.36010507
1744315776000, 0.32253686, -0.111177474, -0.37934732
1744320724000, 0.32528573, -0.1432479, -0.41263947
1744325752000, 0.3136793, -0.1881465, -0.43157628
1744330737000, 0.30818152, -0.20280726, -0.44226643
1744335771000, 0.29993483, -0.21594086, -0.45112398
1744340732000, 0.29718593, -0.226631, -0.44868052
1744345774000, 0.3136793, -0.23151793, -0.44959682
1744350775000, 0.33383787, -0.23182335, -0.4465425
1744355769000, 0.35705075, -0.22082779, -0.4456262
1744360774000, 0.3903429, -0.18997909, -0.4269948
1744365773000, 0.44348818, -0.17195857, -0.42363504
1744370764000, 0.50946164, -0.18142697, -0.40622538
1744375745000, 0.5537493, -0.17562376, -0.39400807
1744380794000, 0.5891795, -0.18020524, -0.3903429
1744385771000, 0.59559363, -0.16493362, -0.38728857
1744390747000, 0.6056729, -0.14782938, -0.3817908
1744395839000, 0.60139686, -0.14630222, -0.38148534
1744400836000, 0.5751296, -0.21197024, -0.38728857
1744405770000, 0.57910025, -0.28130344, -0.37904188
1744410800000, 0.53878313, -0.3381139, -0.37018433
1744415777000, 0.48533243, -0.37720928, -0.3387248
1744420778000, 0.40744713, -0.38240165, -0.2947425
1744425745000, 0.3472769, -0.37965274, -0.2452624
1744431133000, 0.26450464, -0.44990227, -0.23060162
1744435774000, 0.19120082, -0.49693888, -0.24220806
1744440788000, 0.14905111, -0.48899764, -0.2657264
1744445858000, 0.039095376, -0.36132678, -0.24251351
1744450803000, -0.063224554, -0.1695151, -0.19364429
1744455793000, -0.109650314, 0.0693332, -0.15271631
1744460737000, -0.11301007, 0.35705075, -0.109650314
1744465827000, -0.105068825, 0.6169739, -0.08674286
1744470699000, -0.1001819, 0.79198676, -0.07819075
1744475804000, -0.12186762, 0.8772025, -0.062002823
1744480708000, -0.20189096, 0.82711154, -0.06658431
1744485816000, -0.3191771, 0.70249504, -0.08399397
1744490724000, -0.464563, 0.5363397, -0.106595986
1744495881000, -0.61178154, 0.34574974, -0.111177474
1744500792000, -0.7449502, 0.16615535, -0.102319926
1744505805000, -0.87964594, 0.01160644, -0.07513642
1744510733000, -0.98990715, -0.116980694, -0.05467244
1744515790000, -1.105666, -0.2098322, -0.043676864
1744520704000, -1.2162327, -0.26053402, -0.013744468
1744525801000, -1.3151928, -0.26939157, 0.02107485
1744530759000, -1.3860532, -0.26389378, 0.040011674
1744535806000, -1.4065173, -0.25595254, 0.094989546
1744540758000, -1.4892895, -0.23823744, 0.15607607
1744545880000, -1.5690074, -0.18295415, 0.2049453
1744550822000, -1.6420058, -0.10262536, 0.26633725
1744555804000, -1.7232509, -0.024129177, 0.32284227
1744560858000, -1.8521434, 0.08857546, 0.40408736
1744565817000, -1.9679024, 0.23304509, 0.49877146
1744570809000, -2.1084013, 0.41447207, 0.58551437
1744575755000, -2.237294, 0.5876524, 0.65087694
1744580768000, -2.420248, 0.70616025, 0.700357
1744585768000, -2.6193902, 0.7678576, 0.77763146
1744590756000, -2.8276951, 0.7351763, 0.840856
1744595784000, -3.0454686, 0.5885687, 0.88270026
1744600774000, -3.2763758, 0.34697145, 0.91354895
1744605770000, -3.4962873, -0.045814894, 0.9309586
1744610765000, -3.712228, -0.59620446, 0.97158116
1744615775000, -3.8774672, -1.3420709, 1.03786
1744620770000, -3.9758165, -2.2000313, 1.0870347
1744625733000, -3.9428296, -2.6025913, 1.078788
1744630772000, -3.8899899, -3.2607987, 1.0571023
1744635763000, -3.7256672, -3.6312885, 0.99021256
1744640754000, -3.4639113, -3.6990945, 0.8958339
1744645781000, -3.1496212, -3.5240817, 0.795652
1744650791000, -2.7742445, -3.186884, 0.76052725
1744655705000, -2.4071145, -2.8124237, 0.86437434
1744660799000, -2.1084013, -2.6010642, 1.078788
1744665700000, -1.8799378, -2.422997, 1.2812898
1744670767000, -1.711339, -2.0619757, 1.389413
1744675722000, -1.6032158, -1.6716328, 1.4446963
1744680820000, -1.5506815, -1.2528846, 1.4523321
1744685703000, -1.5323554, -0.7360926, 1.4095715
1744690810000, -1.5137241, -0.1740966, 1.3662001
1744695778000, -1.5283848, 0.40561453, 1.328021
1744700837000, -1.5876387, 0.9398162, 1.3161092
1744705758000, -1.6438384, 1.3881912, 1.3197744
1744710812000, -1.7040086, 1.7263051, 1.3622295
1744715785000, -1.7721201, 1.9874501, 1.4162911
1744720804000, -1.8267925, 2.1679606, 1.4486669
1744725763000, -1.8643607, 2.2290473, 1.4935656
1744730813000, -1.8939877, 2.339614, 1.5286902
1744735781000, -1.9785925, 2.436436, 1.5968018
1744740792000, -2.1209242, 2.4446826, 1.6319265
1744745826000, -2.3209825, 2.3976462, 1.649947
1744750877000, -2.482251, 2.2739458, 1.6618589
1744755786000, -2.617252, 2.1383338, 1.6395624
1744760853000, -2.7369816, 1.9422461, 1.5861117
1744765791000, -2.7956247, 1.7128662, 1.5146403
1744770810000, -2.8319712, 1.5577064, 1.4569136
1744775781000, -2.8597655, 1.5506815, 1.4208726
1744780815000, -2.908024, 1.5473217, 1.4181237
1744785766000, -2.893974, 1.5103643, 1.421178
1744790804000, -2.8817568, 1.4535538, 1.4343116
1744795973000, -2.8597655, 1.353372, 1.4737124
1744800851000, -2.791654, 1.5436565, 1.4489723
1744806150000, -2.7663033, 1.8408424, 1.3756685
1744810822000, -2.7739391, 1.9599612, 1.3460416
1744816085000, -2.716823, 1.919644, 1.3814718
1744820789000, -2.617863, 1.920255, 1.4269812
1744825715000, -2.50638, 1.9495764, 1.4278975
1744830838000, -2.4474316, 2.0002782, 1.4034629
1744835741000, -2.3295345, 2.0164661, 1.359786
1744840815000, -2.2317963, 2.012801, 1.3243558
1744845768000, -2.1248949, 2.0228803, 1.2611313
1744850794000, -2.0152445, 2.01219, 1.1765264
1744855698000, -1.9004018, 1.9599612, 1.1007792
1744860832000, -1.7788396, 1.8781052, 1.0421361
1744865706000, -1.6743816, 1.7324139, 0.99387777
1744870809000, -1.5800029, 1.5418239, 0.93676186
1744875719000, -1.4804319, 1.2730432, 0.89766645
1744880819000, -1.402852, 0.94134337, 0.8555168
1744885705000, -1.3548992, 0.59712076, 0.84940815
1744890811000, -1.2977833, 0.24648413, 0.8399397
1744895800000, -1.2183707, -0.05009095, 0.8436049
1744900888000, -1.1615603, -0.2968805, 0.8524625
1744905782000, -1.0833695, -0.44165558, 0.8906415
1744910856000, -1.0070114, -0.569021, 0.91599244
1744915775000, -0.9077458, -0.6545421, 0.93523467
1744920805000, -0.7968737, -0.66553766, 0.9560041
1744925825000, -0.66737026, -0.6646214, 0.95905846
1744930813000, -0.59559363, -0.62125, 0.9584476
1744935831000, -0.46883908, -0.5513059, 0.93737274
1744940809000, -0.34269542, -0.45081854, 0.89919364
1744945836000, -0.21960606, -0.3659083, 0.86376345
1744950805000, -0.10170906, -0.3051272, 0.8023715
1744955809000, 0.01985312, -0.24740042, 0.7360926
1744960807000, 0.13927728, -0.19853121, 0.6606508
1744965788000, 0.25961772, -0.12370021, 0.5867361
1744970805000, 0.3408628, -0.040317107, 0.5161811
1744975820000, 0.46181414, 0.07147124, 0.44593164
1744980810000, 0.5720753, 0.23854288, 0.37995818
1744985851000, 0.67256266, 0.41172317, 0.32834008
1744990792000, 0.7791586, 0.60048056, 0.28955013
1744995809000, 0.8564331, 0.7791586, 0.26267207
1745000820000, 0.929126, 0.91782504, 0.23945917
1745005842000, 0.99387777, 1.0106765, 0.21655174
1745010793000, 1.0543534, 1.070236, 0.20952678
1745015771000, 1.1078042, 1.0888673, 0.1863139
1745020762000, 1.1450669, 1.0772609, 0.17837265
1745025794000, 1.1942415, 1.0418307, 0.17898351
1745045806000, 1.2544118, 0.12980886, 0.43676865
1745050813000, 1.2831224, -0.26206118, 0.5696318
1745055700000, 1.3298537, -0.6429357, 0.6899723
1745060719000, 1.4141531, -0.8940013, 0.7254025
1745065691000, 1.5149459, -0.9095783, 0.6337727
1745070681000, 1.4895949, -0.5329799, 0.50762904
1745075673000, 1.2486086, 0.10751228, 0.43127087
1745080675000, 0.77518797, 0.8142834, 0.3659083
1745085689000, 0.24037547, 1.450805, 0.321926
1745090659000, 0.13041973, 1.7327193, 0.41538838
1745095723000, 0.44135013, 1.2968669, 0.45051312
1745100788000, 0.7147123, 0.5329799, 0.4083634
1745105804000, 1.0045679, 0.014660766, 0.34697145
1745110751000, 1.4715744, -0.23182335, 0.21074851
1745115776000, 1.9749273, -0.23762658, 0.04337143
1745120703000, 2.255009, -0.19425514, -0.03145956
1745125754000, 2.2934935, -0.21685717, -0.16065755
1745130725000, 2.2510383, -0.46700647, -0.2660318
1745135771000, 2.1288655, -0.8155051, -0.3539964
1745140759000, 1.9877555, -1.1563679, -0.37934732
1745145822000, 1.8891008, -1.5302174, -0.3848451
1745150847000, 1.9089539, -1.8762726, -0.4156938
1745155769000, 2.0018053, -2.0176878, -0.48533243
1745160816000, 2.0494528, -1.9336939, -0.57696223
1745165777000, 2.0418172, -1.7208074, -0.7104363
1745170743000, 2.0091357, -1.4630222, -0.84604836
1745175756000, 1.9553796, -1.2794572, -0.9669997
1745181057000, 1.9138408, -1.2147056, -1.0622946
1745185770000, 1.8961257, -1.2311989, -1.1407908
1745190753000, 1.928807, -1.2470814, -1.196685
1745195847000, 1.9596558, -1.2626585, -1.2217305
1745200839000, 1.9837849, -1.287093, -1.2113458
1745205770000, 2.002111, -1.3093897, -1.1896601
1745210806000, 1.9984456, -1.3307699, -1.1499538
1745215777000, 1.9898936, -1.3845261, -1.1594223
1745220701000, 1.9792033, -1.4236214, -1.1756102
1745225753000, 1.9779817, -1.5121969, -1.2003502
1745230778000, 1.9404135, -1.6270396, -1.2281445
1745235769000, 1.9291124, -1.7327193, -1.2186762
1745240756000, 1.9165897, -1.813659, -1.1850786
1745245847000, 1.9144517, -1.8628336, -1.1594223
1745250790000, 1.9410243, -1.8796324, -1.1340714
1745255774000, 1.9712621, -1.8845193, -1.1139128
1745260839000, 2.0069978, -1.881465, -1.0919216
1745265774000, 2.0457878, -1.8774943, -1.0858129
1745270770000, 2.091908, -1.8591684, -1.0952814
1745275746000, 2.1499403, -1.8332067, -1.0830641
1745280781000, 2.1789563, -1.8267925, -1.044885
1745285771000, 2.2094996, -1.8664987, -1.0088439
1745290751000, 2.2333233, -1.9422461, -0.9923506
1745295812000, 2.2229385, -2.0201313, -0.98837996
1745300864000, 2.2043073, -2.101682, -0.9999864
1745305769000, 2.1508565, -2.1713204, -1.0170907
1745310800000, 2.0888536, -2.2153027, -1.03786
1745315771000, 2.0164661, -2.2198844, -1.0509937
1745320772000, 1.9318613, -2.1734586, -1.0607675
1745325749000, 1.8979583, -2.0451767, -1.0769554
1745330781000, 1.785559, -1.8466456, -1.0815369
1745335725000, 1.6710218, -1.6087136, -1.0677924
1745340747000, 1.5809193, -1.3393221, -1.0415252
1745345803000, 1.5134187, -1.0299188, -1.0027353
1745350818000, 1.4538593, -0.70005155, -0.9798279
1745355702000, 1.3878858, -0.40408736, -0.98868537
1745360824000, 1.3252722, -0.1731803, -0.98807454
1745365703000, 1.2473868, 0.02565634, -0.9923506
1745370773000, 1.1954633, 0.20097467, -0.9877691
1745375719000, 1.1215485, 0.36041048, -0.98929626
1745380782000, 1.0415252, 0.46517387, -0.9868528
1745385726000, 1.0024298, 0.52290064, -0.9822713
1745390757000, 0.99387777, 0.57879484, -0.97158116
1745395760000, 0.97341377, 0.70066243, -0.91904676
1745400779000, 0.97494096, 0.93218035, -0.85918194
1745405705000, 0.97066486, 1.1071932, -0.818254
1745410801000, 0.97433007, 1.1102476, -0.77304995
1745415717000, 0.93279123, 1.0775663, -0.75991637
1745420771000, 0.91446525, 0.9767735, -0.7507534
1745425727000, 0.9098838, 0.8588765, -0.70524395
1745430719000, 0.9569204, 0.71868294, -0.6188065
1745435785000, 1.0079277, 0.49968776, -0.53023106
1745440757000, 1.073901, 0.2611449, -0.43768495
1745445803000, 1.1517864, 0.07880162, -0.33475417
1745450868000, 1.2400564, -0.07238753, -0.24312437
1745455766000, 1.2791518, -0.20769419, -0.17440203
1745460771000, 1.2873985, -0.34330627, -0.070249505
1745465777000, 1.2773192, -0.47403142, 0.035430185
1745470741000, 1.276403, -0.54825157, 0.1020145
1745475759000, 1.2513574, -0.5873469, 0.10751228
1745481039000, 1.1725558, -0.5833763, 0.09315695
1745485771000, 1.0821478, -0.5131268, 0.065973446
1745490753000, 0.97524637, -0.44135013, 0.021991149
1745495806000, 0.8585711, -0.36377025, -0.015577064
1745500761000, 0.7162395, -0.29626966, -0.062002823
1745505771000, 0.5910121, -0.2782491, -0.09254608
1745510775000, 0.46181414, -0.30451632, -0.10170906
1745515777000, 0.35918877, -0.31856623, -0.12003502
1745520702000, 0.30970868, -0.36285394, -0.12156218
1745525755000, 0.21624629, -0.41141775, -0.13255776
1745530734000, 0.13836098, -0.4352415, -0.13225232
1745535771000, 0.08277224, -0.45356745, -0.1337795
1745540780000, 0.021685716, -0.4709771, -0.12644911
1745545857000, -0.02687807, -0.4859433, -0.112399206
1745550753000, -0.06566802, -0.4981606, -0.103847094
1745555766000, -0.099265605, -0.52320606, -0.09162979
1745560740000, -0.119729586, -0.5653558, -0.074830994
1745565777000, -0.1386664, -0.59620446, -0.05100725
1745570706000, -0.18112154, -0.6133087, -0.025045475
1745575752000, -0.17867808, -0.593761, -3.0543262E-4
1745580738000, -0.18448131, -0.55771995, 0.024129177
1745585771000, -0.19608775, -0.5155703, 0.043066
1745590741000, -0.19914207, -0.47861293, 0.0693332
1745595804000, -0.19242255, -0.42119157, 0.08368854
1745600840000, -0.19211712, -0.35308012, 0.093462385
1745605771000, -0.18509217, -0.29565877, 0.106901415
1745610790000, -0.15668693, -0.23762658, 0.0983493
1745615767000, -0.1469131, -0.21013765, 0.096516706
1745620770000, -0.13225232, -0.16126843, 0.071776666
1745625746000, -0.13500121, -0.12797627, 0.04428773
1745630764000, -0.111177474, -0.12064589, 0.010995574
1745635769000, -0.09560041, -0.12339478, -0.02443461
1745640749000, -0.067500606, -0.12064589, -0.060170226
1745645791000, -0.044898596, -0.12095132, -0.09773844
1745650777000, -0.016187929, -0.1020145, -0.13530666
1745655767000, 0.0030543262, -0.079107046, -0.17440203
1745660757000, 0.015882496, -0.050701816, -0.21502456
1745665772000, 0.040011674, -0.05681047, -0.26847526
1745670770000, 0.06383542, -0.058948494, -0.32620203
1745675741000, 0.07360926, -0.042760566, -0.38026363
1745680779000, 0.0729984, -0.03756821, -0.42424592
1745685768000, 0.103847094, -0.03390302, -0.46395215
1745690747000, 0.13988814, -0.044593163, -0.50823987
1745695776000, 0.16310102, -0.074830994, -0.5458081
1745700758000, 0.19028452, -0.09010262, -0.57604593
1745705752000, 0.21624629, -0.122478485, -0.59895337
1745710761000, 0.25809056, -0.1337795, -0.61666846
1745715743000, 0.2968805, -0.16890424, -0.6291912
1745720771000, 0.31978795, -0.19242255, -0.64599
1745725733000, 0.36774087, -0.19394971, -0.6383542
1745730782000, 0.40317106, -0.18845193, -0.64599
1745735695000, 0.4269948, -0.16615535, -0.636827
1745740754000, 0.46486846, -0.14935656, -0.61850107
1745745790000, 0.50823987, -0.14630222, -0.57543504
1745750773000, 0.52870387, -0.1695151, -0.5296202
1745755720000, 0.5687156, -0.15363261, -0.48716503
1745760763000, 0.5830709, -0.08124508, -0.41874814
1745765729000, 0.57635134, 0.0067195175, -0.34483343
1745770771000, 0.5476407, 0.03023783, -0.31703907
1745775753000, 0.49877146, -0.025961773, -0.36132678
1745780774000, 0.42485678, -0.12186762, -0.40225476
1745785757000, 0.3463606, -0.21074851, -0.3827071
1745790749000, 0.29016098, -0.24404067, -0.30940324
1745795768000, 0.25778514, -0.27977628, -0.2510656
1745800779000, 0.22296582, -0.31642818, -0.19914207
1745805761000, 0.19120082, -0.34208453, -0.1518
1745810765000, 0.15668693, -0.3417791, -0.10567969
1745815772000, 0.14019357, -0.28405234, -0.082161374
1745820931000, 0.12644911, -0.16768251, -0.064751714
1745825738000, 0.10170906, -0.018325957, -0.086132
1745830745000, 0.069027774, 0.18234327, -0.12889257
1745835749000, 0.025350908, 0.40225476, -0.16768251
1745840758000, -0.0067195175, 0.5891795, -0.18600847
1745845872000, -0.08307768, 0.70738196, -0.19303341
1745850798000, -0.18845193, 0.73823065, -0.19211712
1745855751000, -0.3378085, 0.6988298, -0.17654006
1745860768000, -0.52839845, 0.6160576, -0.17104226
1745865738000, -0.6881397, 0.54336464, -0.16126843
1745870774000, -0.850019, 0.4908302, -0.14905111
1745876199000, -1.0088439, 0.46181414, -0.1301143
1745881585000, -1.1453724, 0.42149702, -0.12003502
1745886104000, -1.2638801, 0.37384954, -0.08582657
1745890830000, -1.3600914, 0.33750305, -0.051923547
1745896715000, -1.4456125, 0.2959642, -0.02443461
1745901508000, -1.534188, 0.2602286, 0.01985312
1745905764000, -1.6084082, 0.2284636, 0.070554934
1745911167000, -1.6966782, 0.23151793, 0.13836098
1745915918000, -1.7751744, 0.24495697, 0.17745635
1745920878000, -1.8234328, 0.23793201, 0.25625798
1745925868000, -1.9385809, 0.22266038, 0.34483343
1745930772000, -2.064419, 0.17562376, 0.4382958
1745935758000, -2.2018638, 0.10293079, 0.5198463
1745940779000, -2.363743, 0.0012217305, 0.5885687
1745945788000, -2.575408, -0.14385876, 0.6478226
1745950825000, -2.7855456, -0.3023783, 0.71929383
1745955699000, -3.00057, -0.5119051, 0.75502944
1745960716000, -3.2143729, -0.75900006, 0.7654142
1745965686000, -3.3939674, -1.0647382, 0.7461719
1745970703000, -3.5100317, -1.3808609, 0.7312057
1745975667000, -3.5546248, -1.640784, 0.73884153
1745980659000, -3.4746015, -1.8484782, 0.75136423
1745985657000, -3.268129, -2.002111, 0.73945236
1745990668000, -2.9425378, -1.9984456, 0.79198676
1745995686000, -2.556471, -2.0888536, 0.9767735
1746000685000, -2.264172, -2.2449298, 1.133155
1746005720000, -2.0289888, -2.2623394, 1.1887437
1746010778000, -1.8472565, -2.2950208, 1.1887437
1746015725000, -1.7608191, -2.270586, 1.1701124
1746020730000, -1.5763378, -2.146275, 1.1948525
1746025699000, -1.3988814, -1.9343048, 1.2861768
1746030704000, -1.2669345, -1.6059648, 1.396438
1746035716000, -1.1798862, -1.1869112, 1.4837917
1746040707000, -1.135293, -0.754724, 1.5387696
1746045750000, -1.1481212, -0.3735441, 1.5641204
1746050783000, -1.2449434, -0.08979719, 1.582141
1746055771000, -1.3680327, 0.10323623, 1.604743
1746060751000, -1.4721853, 0.38759398, 1.6462818
1746065783000, -1.5558738, 0.77121735, 1.704314
1746070704000, -1.5653422, 1.1939361, 1.774869
1746075794000, -1.575116, 1.5845845, 1.824349
1746082020000, -1.6328428, 1.8692477, 1.8295414
1746085795000, -1.7330247, 2.0647244, 1.8102992
1746090736000, -1.8799378, 2.232407, 1.758681
1746095842000, -2.0613647, 2.4410176, 1.6899587
1746100724000, -2.2311852, 2.6169467, 1.6136005
1746105773000, -2.4092526, 2.6816983, 1.5375478
1746110718000, -2.5723536, 2.780353, 1.5045611
1746115781000, -2.6401596, 2.8612928, 1.426065
1746120705000, -2.7608054, 2.8631253, 1.3640621
1746125755000, -2.8112018, 2.7088819, 1.3524556
1746130718000, -2.810591, 2.5008824, 1.3704761
1746135775000, -2.808453, 2.3564126, 1.3930782
1746140748000, -2.8041768, 2.287385, 1.3713925
1746145804000, -2.8044822, 2.2449298, 1.3277156
1746150737000, -2.787378, 2.1413882, 1.2861768
1746155766000, -2.7235427, 2.0503693, 1.2626585
1746160734000, -2.6658158, 2.058005, 1.2223413
1746165777000, -2.6099217, 2.1111503, 1.1823297
1746170742000, -2.5534167, 2.1862867, 1.1441506
1746175751000, -2.46759, 2.2644775, 1.0763446
1746180740000, -2.3790147, 2.3652701, 0.8677341
1746185771000, -2.2944098, 2.5033257, 0.7672467
1746190760000, -2.1682663, 2.4578164, 0.85062987
1746195853000, -2.02624, 2.2540927, 0.91599244
1746200802000, -1.9251418, 2.107485, 0.95264435
1746205766000, -1.8414533, 2.094046, 0.99082345
1746210758000, -1.7482964, 2.062892, 1.0030408
1746215774000, -1.6960673, 2.014939, 1.0189233
1746220772000, -1.5937474, 1.9688187, 1.0253373
1746225750000, -1.5008959, 1.8891008, 1.0085385
1746230820000, -1.4147639, 1.7629571, 0.98746365
1746235772000, -1.3249667, 1.5763378, 0.9779953
1746240747000, -1.2247849, 1.5036448, 0.9224065
1746245770000, -1.1316279, 1.3756685, 0.82833326
1746250806000, -1.0283916, 1.2253957, 0.76144356
1746255706000, -0.9114109, 1.0729848, 0.7021896
1746260784000, -0.782213, 0.91232723, 0.6356053
1746265704000, -0.6426302, 0.76144356, 0.589485
1746270773000, -0.49296826, 0.63071835, 0.5644395
1746275790000, -0.37018433, 0.48166725, 0.5235115
1746280782000, -0.23548855, 0.33658674, 0.50915617
1746285734000, -0.12950343, 0.1957823, 0.50243664
1746290747000, -0.03573562, 0.07727446, 0.5119051
1746295902000, 0.03481932, -0.017104227, 0.52320606
1746300793000, 0.10873401, -0.07941248, 0.54336464
1746305747000, 0.17806722, -0.098043874, 0.5537493
1746310757000, 0.20647246, -0.11942416, 0.57787853
1746315752000, 0.2593123, -0.106901415, 0.58551437
1746320769000, 0.32559118, -0.06780604, 0.5946773
1746326095000, 0.3857614, -0.022602014, 0.5867361
1746330780000, 0.4560109, 0.047036625, 0.58093286
1746335862000, 0.5323691, 0.12003502, 0.56382865
1746340742000, 0.62796944, 0.21502456, 0.5491679
1746345783000, 0.7031059, 0.29749137, 0.52320606
1746350799000, 0.79381937, 0.38606682, 0.5109888
1746355706000, 0.86437434, 0.4569272, 0.48899764
1746360741000, 0.95264435, 0.5143485, 0.4728097
1746365746000, 1.0381655, 0.56321776, 0.45051312
1746370769000, 1.1102476, 0.58093286, 0.43066
1746375725000, 1.1695015, 0.55741453, 0.41783184
1746380780000, 1.2235631, 0.48899764, 0.42913285
1746385709000, 1.2559389, 0.35063666, 0.44776422
1746390743000, 1.2718215, 0.13469578, 0.514654
1746395801000, 1.280679, -0.16707164, 0.57726765
1746400832000, 1.2559389, -0.5458081, 0.66737026
1746405702000, 1.1927143, -0.7483099, 0.7199047
1746410740000, 1.1475104, -1.0564915, 0.87995136
1746415734000, 0.95325524, -1.1154399, 1.029308
1746420769000, 0.54825157, -0.9978484, 1.1023064
1746425770000, -0.025961773, -0.52870387, 1.0797043
1746430779000, -0.35827246, 0.24770586, 0.9294315
1746435770000, -0.07819075, 0.61391956, 0.77274454
1746440749000, 0.44959682, 0.5543602, 0.66950834
1746445831000, 0.8185594, 0.5830709, 0.54733527
1746450807000, 1.1908818, 0.7583892, 0.35338554
1746455788000, 1.5201381, 0.75533485, 0.070554934
1746460735000, 1.7724255, 0.6200282, -0.19486602
1746465779000, 1.8255708, 0.48441613, -0.3454443
1746470767000, 1.6853772, 0.08582657, -0.39064834
1746475766000, 1.5170839, -0.5103779, -0.40561453
1746480768000, 1.3982705, -1.0381655, -0.44409904
1746485772000, 1.3472633, -1.5167783, -0.44806966
1746490794000, 1.4193454, -1.8408424, -0.46731192
1746495841000, 1.6126842, -1.9480493, -0.5174029
1746500856000, 1.8014416, -1.8704693, -0.62949663
1746505768000, 1.8988746, -1.7971655, -0.69913524
1746510738000, 1.9083431, -1.5974126, -0.8219192
1746515777000, 1.8784106, -1.4123205, -0.91721416
1746520770000, 1.7956384, -1.3161092, -0.9651671
1746525747000, 1.7146988, -1.3423764, -0.9981538
1746530775000, 1.679574, -1.4697418, -0.97310835
1746535765000, 1.6954565, -1.6019942, -0.93462384
1746540779000, 1.7302758, -1.6972891, -0.89644474
1746545922000, 1.7715092, -1.7238617, -0.9059132
1746550871000, 1.7941113, -1.7171422, -0.9129381
1746555805000, 1.7953329, -1.7342464, -0.93584555
1746560797000, 1.777007, -1.7504344, -0.9654725
1746565816000, 1.7599027, -1.7925841, -1.0051788
1746570807000, 1.7742581, -1.851838, -1.0228939
1746575792000, 1.7901406, -1.9318613, -1.0146471
1746580791000, 1.8408424, -2.0234911, -0.9932669
1746585813000, 1.8915442, -2.1169536, -0.96486163
1746590791000, 1.9593502, -2.2317963, -0.9324858
1746595882000, 2.0366247, -2.352442, -0.9034697
1746600743000, 2.122146, -2.4028385, -0.8872818
1746605812000, 2.1563544, -2.4706445, -0.8772025
1746610747000, 2.2204952, -2.477975, -0.84513205
1746615791000, 2.2901337, -2.4782803, -0.8081747
1746620698000, 2.3160956, -2.4489589, -0.78954333
1746625800000, 2.3225098, -2.4248295, -0.7733554
1746630723000, 2.286163, -2.3817637, -0.7831292
1746635814000, 2.248595, -2.3527474, -0.8017606
1746640736000, 2.2107213, -2.3160956, -0.8167268
1746645861000, 2.1642957, -2.2553146, -0.8390234
1746650790000, 2.1499403, -2.1658227, -0.8445212
1746655812000, 2.157576, -2.0787745, -0.8713993
1746660741000, 2.1618521, -1.9788979, -0.90194255
1746665817000, 2.1316142, -1.890017, -0.94806284
1746670750000, 2.0873265, -1.7919732, -0.9822713
1746675789000, 2.0237966, -1.6643023, -1.0091494
1746680770000, 1.9581286, -1.4792101, -1.0290025
1746685813000, 1.8686367, -1.2168436, -1.0516045
1746690812000, 1.7525724, -0.9272934, -1.0729848
1746695893000, 1.6001616, -0.6337727, -1.0839803
1746700822000, 1.4856243, -0.51007247, -1.0861185
1746705809000, 1.38025, -0.29229903, -1.102001
1746710774000, 1.3234396, -0.096516706, -1.1279627
1746715792000, 1.2266175, 0.13255776, -1.1468995
1746720782000, 1.1548407, 0.38331795, -1.1487321
1746725797000, 1.1166617, 0.61758476, -1.1365148
1746730772000, 1.0616838, 0.7761043, -1.1264355
1746735813000, 1.0106765, 0.89369583, -1.1334605
1746740892000, 0.95905846, 0.98654735, -1.1502593
1746745886000, 0.9007208, 1.0885619, -1.1517864
1746750785000, 0.8390234, 1.1948525, -1.1282681
1746755818000, 0.8054258, 1.2040154, -1.1001683
1746760796000, 0.80970186, 1.1187997, -1.1004738
1746765790000, 0.8072584, 1.0079277, -1.0937542
1746770762000, 0.8393288, 0.9282097, -1.0900891
1746775804000, 0.8713993, 0.872621, -1.0968086
1746780716000, 0.8689558, 0.7965683, -1.0613784
1746785815000, 0.8695667, 0.6814202, -0.9941832
1746790765000, 0.8597928, 0.63713247, -0.8604037
1746795915000, 0.8744536, 0.63285637, -0.677755
1746800768000, 0.8927795, 0.6267477, -0.5842926
1746805815000, 0.91354895, 0.5684101, -0.39645153
1746810717000, 0.97494096, 0.46822822, -0.26206118
1746815779000, 1.0146471, 0.3200934, -0.13530666
1746820722000, 1.0219775, 0.119729586, -0.04642576
1746825749000, 1.0027353, -0.06383542, 0.027488936
1746830787000, 0.95386606, -0.16615535, 0.07788532
1746835771000, 0.89552844, -0.18967366, 0.10934488
1746840802000, 0.84421575, -0.18020524, 0.10415252
1746845833000, 0.77213365, -0.16065755, 0.05375614
1746850822000, 0.6780604, -0.08979719, 0.002443461
1746855773000, 0.5714644, -0.0015271631, -0.027183503
1746860746000, 0.44990227, 0.056505036, -0.050396383
1746865777000, 0.33475417, 0.06291912, -0.047036625
1746870770000, 0.24007004, 0.008246681, -0.046120327
1746875747000, 0.15515977, -0.10293079, -0.05589417
1746880777000, 0.09254608, -0.21288654, -0.05100725
1746885802000, 0.046731193, -0.2751948, -0.042760566
1746890900000, 0.0027488936, -0.2910773, -0.029626964
1746895762000, -0.011301007, -0.30757064, -0.03573562
1746900830000, -0.023823744, -0.33475417, -0.031154128
1746905725000, -0.018936822, -0.34238997, -0.035124753
1746910778000, -0.009773844, -0.34972036, -0.029932396
1746915748000, 0.0021380284, -0.35735616, -0.021685716
1746920817000, 0.0106901415, -0.35705075, -0.022602014
1746925755000, 0.03268129, -0.34208453, -0.013439035
1746930961000, 0.040011674, -0.2950479, -0.002443461
1746935738000, 0.05100725, -0.2489276, 0.011301007
1746940971000, 0.07147124, -0.19761491, 0.020158553
1746945814000, 0.10354166, -0.15118915, 0.032375857
1746950854000, 0.113926366, -0.12980886, 0.024129177
1746955670000, 0.14385876, -0.10293079, 0.02076942
1746960718000, 0.14905111, -0.08399397, 9.162979E-4
1746965677000, 0.16890424, -0.06047566, -0.017715093
1746970688000, 0.19394971, -0.06383542, -0.04184427
1746975680000, 0.18173242, -0.07147124, -0.08857546
1746980663000, 0.18295415, -0.08277224, -0.1282817
1746985663000, 0.17989981, -0.094989546, -0.16737708
1746990688000, 0.18661933, -0.09560041, -0.20555615
1746995686000, 0.18203785, -0.09437868, -0.21746802
1747000698000, 0.18509217, -0.08368854, -0.24098633
1747005710000, 0.1994475, -0.071776666, -0.26389378
1747010747000, 0.20005837, -0.06291912, -0.29443705
1747015701000, 0.21533, -0.06291912, -0.31215215
1747020710000, 0.21319197, -0.056505036, -0.34208453
1747025691000, 0.23182335, -0.04337143, -0.38545597
1747030724000, 0.23335053, -0.04062254, -0.4089743
1747035714000, 0.23365596, -0.04428773, -0.44012842
1747040752000, 0.23548855, -0.04642576, -0.45845437
1747045731000, 0.23732115, -0.05375614, -0.4841107
1747050724000, 0.25381452, -0.058948494, -0.49663344
1747055707000, 0.27030787, -0.048258353, -0.5180137
1747060892000, 0.27183503, -0.037873644, -0.5348125
1747065750000, 0.29443705, -0.0076358155, -0.54092115
1747070815000, 0.33261612, 0.03145956, -0.55741453
1747075737000, 0.36346483, 0.086132, -0.57910025
1747080734000, 0.39584067, 0.14355333, -0.57940567
1747085811000, 0.43493605, 0.19303341, -0.5867361
1747090850000, 0.47647488, 0.22907446, -0.59498274
1747096207000, 0.5308419, 0.2415972, -0.5864306
1747100801000, 0.5876524, 0.2125811, -0.57818395
1747105751000, 0.6102544, 0.15821409, -0.54611355
1747110736000, 0.6637051, 0.16462818, -0.49510628
1747115711000, 0.6924158, 0.23854288, -0.43554693
1747120773000, 0.6881397, 0.27275133, -0.39400807
1747125715000, 0.65118235, 0.24648413, -0.38912117
1747130730000, 0.50976706, 0.17104226, -0.40622538
1747135712000, 0.3417791, 0.09101892, -0.40439278
1747140849000, 0.21899518, 0.024129177, -0.3549127
1747145768000, 0.12980886, -0.059253927, -0.30176744
1747150813000, 0.11484267, -0.12003502, -0.24740042
1747155707000, 0.15668693, -0.13439035, -0.1704314
1747160742000, 0.22266038, -0.059864793, -0.09682214
1747165740000, 0.2678644, 0.08582657, -0.062308256
1747170772000, 0.25442538, 0.2733622, -0.07452556
1747175740000, 0.21685717, 0.44409904, -0.106901415
1747180757000, 0.12767084, 0.59437186, -0.13713925
1747185742000, 0.020463986, 0.6609562, -0.14110987
1747190837000, -0.099571034, 0.6398814, -0.13988814
1747195812000, -0.2415972, 0.59223384, -0.13897185
1747200771000, -0.31887165, 0.48197266, -0.1423316
1747205792000, -0.47403142, 0.3735441, -0.12308934
1747210742000, -0.65026605, 0.26939157, -0.118202426
1747215779000, -0.81306165, 0.16737708, -0.10415252
1747220772000, -0.9798279, 0.081855945, -0.08277224
1747225747000, -1.1301007, 0.01160644, -0.06261369
1747230760000, -1.2635747, -0.05100725, -0.03726278
1747235773000, -1.3833044, -0.08002335, -9.162979E-4
1747240889000, -1.4801265, -0.05497787, 0.061391957
1747245820000, -1.5662584, -0.014966198, 0.129198
1747250848000, -1.6533068, 0.03176499, 0.2012801
1747255816000, -1.7513506, 0.08552113, 0.28344148
1747260802000, -1.8658879, 0.14385876, 0.34788775
1747265815000, -1.9801197, 0.22571471, 0.410196
1747270808000, -2.1065688, 0.31856623, 0.47250426
1747275787000, -2.2779164, 0.4016439, 0.5439755
1747280862000, -2.4642303, 0.46517387, 0.623388
1747285812000, -2.6520715, 0.49327368, 0.70371675
1747290847000, -2.855795, 0.4550946, 0.78954333
1747295877000, -3.0973923, 0.40439278, 0.8136725
1747300903000, -3.2201762, 0.24862215, 0.8390234
1747305814000, -3.4859025, 0.03268129, 0.86834496
1747310805000, -3.7333028, -0.29749137, 0.88789266
1747315794000, -3.947106, -0.79045963, 0.9007208
1747320806000, -4.027129, -1.4294246, 0.9233228
1747325797000, -3.9574904, -2.1050417, 0.9266826
1747330842000, -3.8029416, -2.6554313, 0.86132
1747335811000, -3.6205983, -2.935513, 0.77213365
1747340814000, -3.3631186, -2.925739, 0.73945236
1747345896000, -3.03936, -2.7650816, 0.8078693
1747350832000, -2.6951375, -2.6584857, 1.0042624
1747355817000, -2.4113905, -2.7156014, 1.2040154
1747360745000, -2.2204952, -2.6743681, 1.3084733
1747365816000, -2.043955, -2.511267, 1.3179418
1747370700000, -1.842675, -2.264172, 1.2916746
1747375792000, -1.6276505, -1.9385809, 1.3069462
1747380774000, -1.4434745, -1.534188, 1.3347405
1747385814000, -1.3521502, -1.0073168, 1.3594806
1747390750000, -1.3271047, -0.68844515, 1.4019357
1747395872000, -1.3267993, -0.029321533, 1.4227052
1747400731000, -1.368949, 0.5662721, 1.4541647
1747405813000, -1.4239268, 1.0891727, 1.4782939
1747410757000, -1.4850134, 1.4990633, 1.4996742
1747415794000, -1.5641204, 1.7592919, 1.5100589
1747420773000, -1.6688838, 1.8579466, 1.534188
1747425745000, -1.7440202, 1.8735237, 1.5329664
1747430871000, -1.8307631, 1.8732183, 1.525636
1747435774000, -1.921782, 1.8674151, 1.5372424
1747440754000, -2.0409007, 1.8469511, 1.5604553
1747445898000, -2.1700988, 1.7965547, 1.5851953
1747450780000, -2.2635612, 1.7192802, 1.5748106
1747455772000, -2.35794, 1.6169603, 1.5485435
1747460802000, -2.4669793, 1.5583172, 1.4703526
1747465780000, -2.5723536, 1.5066991, 1.4083499
1747470994000, -2.6710083, 1.4266758, 1.3515394
1747475744000, -2.7516425, 1.3701707, 1.3060299
1747480758000, -2.8185322, 1.3179418, 1.2592987
1747485772000, -2.8286116, 1.2928963, 1.2119566
1747490751000, -2.7995954, 1.2913691, 1.201572
1747495833000, -2.7779098, 1.3179418, 1.2043208
1747500712000, -2.7052166, 1.3371841, 1.2275337
1747505770000, -2.588847, 1.4138476, 1.2550226
1747510753000, -2.4663684, 1.5406022, 1.2895365
1747515775000, -2.3512204, 1.6169603, 1.2977833
1747520760000, -2.244319, 1.6792686, 1.284955
1747525742000, -2.1474967, 1.740966, 1.2654073
1747530846000, -2.0769417, 1.8060231, 1.215011
1747535772000, -2.046704, 1.8106046, 1.1533136
1747540794000, -2.0344868, 1.7962493, 1.0894781
1747545821000, -2.0350976, 1.9785925, 0.98624194
1747550847000, -2.026851, 2.05098, 0.8857546
1747555772000, -2.0027218, 2.03693, 0.829555
1747560751000, -1.9419407, 1.9263636, 0.81245077
1747565773000, -1.8820758, 1.8115209, 0.80939645
1747570771000, -1.8225164, 1.7174476, 0.8029824
1747575745000, -1.7608191, 1.6371188, 0.77640975
1747580819000, -1.6890424, 1.5531249, 0.752586
1747585772000, -1.6233743, 1.5146403, 0.72509706
1747590777000, -1.559539, 1.4416419, 0.72112644
1747595848000, -1.5152513, 1.4104879, 0.6948592
1747600854000, -1.4517213, 1.3680327, 0.6814202
1747605775000, -1.3814718, 1.3344351, 0.64843345
1747610745000, -1.2904528, 1.2928963, 0.6133087
1747615775000, -1.2040154, 1.2528846, 0.59589905
1747620770000, -1.1078042, 1.2089024, 0.56596667
1747626013000, -1.0332786, 1.1691961, 0.5290093
1747630803000, -0.9618073, 1.1099422, 0.4981606
1747635926000, -0.86406887, 1.073901, 0.4718934
1747640778000, -0.7840455, 1.03786, 0.4465425
1747645814000, -0.7098254, 0.9850202, 0.42577308
1747650787000, -0.6414085, 0.9428705, 0.40744713
1747655703000, -0.5589417, 0.89858276, 0.39187005
1747660744000, -0.48716503, 0.838718, 0.37873647
1747665773000, -0.42058071, 0.7788532, 0.3726278
1747670768000, -0.34147367, 0.7180721, 0.35246924
1747675749000, -0.27672195, 0.6426302, 0.34238997
1747680799000, -0.21105394, 0.59498274, 0.3378085
1747685767000, -0.13775012, 0.5687156, 0.3210097
1747690790000, -0.062002823, 0.52106804, 0.30268374
1747695887000, -0.023823744, 0.4896085, 0.29016098
1747700767000, 0.05375614, 0.46639562, 0.2770274
1747705772000, 0.13897185, 0.44806966, 0.25442538
1747710741000, 0.21471913, 0.4196644, 0.22571471
1747715780000, 0.27855456, 0.4007276, 0.22266038
1747720771000, 0.34483343, 0.39461896, 0.2134974
1747725745000, 0.43249258, 0.39645153, 0.226631
1747730809000, 0.51068336, 0.39706242, 0.23151793
1747735772000, 0.57971114, 0.3820962, 0.2434298
1747740793000, 0.63499445, 0.37995818, 0.27672195
1747745862000, 0.68294734, 0.3491095, 0.2706133
1747750858000, 0.73548174, 0.32711834, 0.28313604
1747755782000, 0.7687739, 0.3118467, 0.28069258
1747760736000, 0.82253003, 0.310625, 0.29229903
1747765777000, 0.8582657, 0.31795537, 0.28252518
1747770769000, 0.91354895, 0.30818152, 0.2706133
1747775746000, 0.9502009, 0.3210097, 0.25900686
1747780767000, 0.981355, 0.31764993, 0.24007004
1747785771000, 0.9728029, 0.30085114, 0.25045475
1747790805000, 0.9285152, 0.27214047, 0.26939157
1747795771000, 0.7892379, 0.27458394, 0.33108896
1747800766000, 0.59864795, 0.32711834, 0.36102137
1747805770000, 0.36346483, 0.43554693, 0.35796702
1747810740000, 0.09590584, 0.5647449, 0.35033122
1747815779000, -0.1994475, 0.7492262, 0.41905355
1747820720000, -0.4999932, 0.8881981, 0.56046885
1747825740000, -0.78954333, 0.9599747, 0.7510588
1747830745000, -0.9837985, 0.9049969, 0.95386606
1747835774000, -1.0345002, 0.74281216, 1.1044444
1747840826000, -0.91782504, 0.40317106, 1.1673635
1747845834000, -0.6918049, 0.0021380284, 1.1001683
1747850840000, -0.3707952, -0.19272798, 0.9098838
1747855771000, 0.14080444, 0.07666359, 0.68111473
1747860756000, 0.7266242, 0.6728681, 0.49021935
1747865778000, 1.1343768, 1.1279627, 0.2910773
1747870795000, 1.2483032, 1.287093, 0.13530666
1747875753000, 1.162782, 1.2421945, 0.05375614
1747880768000, 1.0522153, 1.1181889, 0.012217305
1747885773000, 0.93126404, 0.74372846, 0.024129177
1747891817000, 0.87689704, 0.15302174, 0.093462385
1747895773000, 0.8191703, 0.06169739, 0.12675454
1747900817000, 0.84696466, -0.004276057, 0.16982053
1747905771000, 0.9779953, 0.007941248, 0.19211712
1747910744000, 1.1016954, 0.0018325958, 0.20219639
1747915775000, 1.2516629, -0.07513642, 0.18784106
1747920702000, 1.4141531, -0.17715092, 0.16218472
1747925753000, 1.5604553, -0.22571471, 0.109650314
1747930759000, 1.6401732, -0.269697, 0.0421497
1747935772000, 1.6765196, -0.32253686, 0.005497787
1747940750000, 1.6609426, -0.4560109, -0.01160644
1747945780000, 1.67316, -0.6068946, -0.016493361
1747950706000, 1.6713274, -0.77671516, -0.038789943
1747955759000, 1.724778, -0.86834496, -0.089186326
1747960719000, 1.7440202, -0.9440922, -0.13988814
1747965779000, 1.8032742, -1.0005972, -0.1908954
1747970748000, 1.8487836, -1.0412198, -0.25778514
1747975743000, 1.8936822, -1.0833695, -0.32803464
1747980750000, 1.9193386, -1.1139128, -0.37934732
1747985769000, 1.9639318, -1.1991285, -0.40194935
1747990830000, 1.9779817, -1.2770138, -0.43951756
1747995780000, 1.988061, -1.3515394, -0.4868596
1748000824000, 2.0140228, -1.4468343, -0.539394
1748005770000, 2.0179935, -1.5219707, -0.58032197
1748010747000, 2.0094411, -1.593442, -0.625526
1748015778000, 1.9898936, -1.6633861, -0.6649268
1748020772000, 1.9679024, -1.7406605, -0.70188415
1748025758000, 1.954158, -1.8298469, -0.7284568
1748030826000, 1.9465221, -1.9147571, -0.75228053
1748035771000, 1.9336939, -1.9785925, -0.77854776
1748040829000, 1.9007072, -2.0201313, -0.81153446
1748045810000, 1.8637499, -2.0463986, -0.8454375
1748050844000, 1.8307631, -2.0744984, -0.88208944
1748055773000, 1.8069394, -2.1319196, -0.8949176
1748060748000, 1.7913623, -2.2018638, -0.89766645
1748065772000, 1.783421, -2.2464569, -0.8875872
1748070770000, 1.7892243, -2.271197, -0.87109387
1748075753000, 1.8188512, -2.2858577, -0.8527679
1748080865000, 1.8319849, -2.2724187, -0.84665924
1748085722000, 1.8674151, -2.2721133, -0.838718
1748090837000, 1.8894062, -2.2409592, -0.82436264
1748095812000, 1.9000963, -2.2159138, -0.8002335
1748100834000, 1.9080375, -2.186592, -0.7901542
1748105707000, 1.9184223, -2.1300871, -0.77121735
1748110754000, 1.9385809, -2.064419, -0.74128497
1748115710000, 1.9462167, -2.0234911, -0.72112644
1748120772000, 1.9633209, -1.983174, -0.6805039
1748125742000, 1.9764545, -1.9413297, -0.63071835
1748130810000, 1.9837849, -1.8955148, -0.59589905
1748135772000, 1.9886718, -1.844813, -0.57543504
1748140779000, 1.996613, -1.7910569, -0.56413406
1748145894000, 1.9853121, -1.7256943, -0.569021
1748150777000, 1.9614882, -1.677436, -0.5751296
1748155754000, 1.915368, -1.6203201, -0.5876524
1748160737000, 1.8506162, -1.5711454, -0.59956425
1748165765000, 1.7876972, -1.5170839, -0.61422503
1748170767000, 1.7046194, -1.4450017, -0.6337727
1748175759000, 1.6389514, -1.3362677, -0.6374379
1748180811000, 1.5879441, -1.2751812, -0.65057147
1748185825000, 1.5757269, -1.1646146, -0.6560693
1748190751000, 1.5338826, -1.0867293, -0.66737026
1748195872000, 1.5091426, -1.010982, -0.68569624
1748200817000, 1.4700472, -0.958753, -0.6933321
1748205813000, 1.4538593, -0.9193522, -0.71837753
1748210795000, 1.416902, -0.86162543, -0.75625116
1748215793000, 1.3503176, -0.7797695, -0.8060367
1748220792000, 1.2837334, -0.66981375, -0.84635377
1748225770000, 1.2208142, -0.54458636, -0.88453287
1748230781000, 1.1701124, -0.40286562, -0.9275989
1748235814000, 1.1111639, -0.2406809, -0.9505063
1748240780000, 1.0793989, -0.0421497, -0.9560041
1748245782000, 1.078788, 0.1469131, -0.9443977
1748250768000, 1.0711522, 0.32650748, -0.93431836
1748255773000, 1.039998, 0.45020768, -0.9025534
1748260735000, 1.0100657, 0.4981606, -0.8732319
1748265779000, 0.9810496, 0.5039638, -0.8072584
1748270726000, 0.93492925, 0.48166725, -0.75319684
1748275771000, 0.90285885, 0.46120325, -0.7296785
1748280731000, 0.8567385, 0.38331795, -0.7199047
1748285780000, 0.83291477, 0.33475417, -0.7021896
1748290735000, 0.79198676, 0.28191432, -0.6740898
1748295759000, 0.77488256, 0.23396139, -0.64843345
1748300701000, 0.7415904, 0.20189096, -0.6075055
1748305773000, 0.7076874, 0.16737708, -0.5653558
1748310712000, 0.68294734, 0.1459968, -0.51068336
1748315755000, 0.6392705, 0.14263703, -0.45845437
1748320722000, 0.59956425, 0.14844026, -0.41080686
1748325747000, 0.54825157, 0.14874569, -0.3652974
1748330807000, 0.4999932, 0.16676621, -0.32498032
1748335774000, 0.44409904, 0.17715092, -0.30604348
1748340776000, 0.38331795, 0.15760323, -0.2910773
1748345788000, 0.32467487, 0.10293079, -0.267559
1748350746000, 0.26816985, 0.02107485, -0.26053402
1748355772000, 0.20647246, -0.04734206, -0.25045475
1748360743000, 0.14966199, -0.108123146, -0.2452624
1748365777000, 0.109650314, -0.15699236, -0.24037547
1748370838000, 0.07971791, -0.19883664, -0.21105394
1748375743000, 0.054367006, -0.21563543, -0.18967366
1748380735000, 0.04428773, -0.22907446, -0.18081611
1748385771000, 0.04520403, -0.24831672, -0.15821409
1748390738000, 0.028710667, -0.27275133, -0.13530666
1748395828000, 0.022907447, -0.29138273, -0.121256754
1748400707000, 0.03359759, -0.301462, -0.1142318
1748405810000, 0.032070424, -0.3109304, -0.10781772
1748410718000, 0.056199603, -0.30604348, -0.10262536
1748415790000, 0.073303826, -0.32406402, -0.09315695
1748420703000, 0.07391469, -0.36346483, -0.08979719
1748425790000, 0.095294975, -0.41141775, -0.095294975
1748430828000, 0.12156218, -0.44959682, -0.112399206
1748435813000, 0.1459968, -0.4642576, -0.12858713
1748440793000, 0.17165314, -0.4447099, -0.12583824
1748445831000, 0.16707164, -0.43371433, -0.13775012
1748450815000, 0.16920967, -0.3979787, -0.15088372
1748455810000, 0.16890424, -0.36835176, -0.16646078
1748460807000, 0.18478674, -0.34391713, -0.17684549
1748465804000, 0.20769419, -0.32284227, -0.1872302
1748470814000, 0.2302962, -0.30451632, -0.20525073
1748475785000, 0.25289822, -0.29535335, -0.21044308
1748480871000, 0.25992316, -0.2770274, -0.2171626
1748485811000, 0.2770274, -0.23884831, -0.24098633
1748490819000, 0.2938262, -0.2144137, -0.24770586
1748495796000, 0.31612277, -0.17715092, -0.24098633
1748500815000, 0.36193767, -0.15577064, -0.24251351
1748505786000, 0.37415496, -0.13805555, -0.2415972
1748510811000, 0.3839288, -0.14721853, -0.23182335
1748515741000, 0.37720928, -0.17898351, -0.22602014
1748520806000, 0.3830125, -0.20005837, -0.22082779
1748525741000, 0.3753767, -0.24709499, -0.20586158
1748530873000, 0.37384954, -0.3100141, -0.19181168
1748535699000, 0.34574974, -0.38881573, -0.17684549
1748540838000, 0.33750305, -0.46120325, -0.16798794
1748545758000, 0.33292156, -0.5128214, -0.14966199
1748550796000, 0.31612277, -0.54550266, -0.13805555
1748555734000, 0.30085114, -0.5479461, -0.12583824
1748560797000, 0.3005457, -0.5335908, -0.11026118
1748565740000, 0.31978795, -0.47769663, -0.112704635
1748570896000, 0.35277468, -0.40591997, -0.1020145
1748575961000, 0.37873647, -0.33078352, -0.093462385
1748580880000, 0.41263947, -0.30909783, -0.09162979
1748586089000, 0.41905355, -0.24404067, -0.098043874
1748590794000, 0.410196, -0.14630222, -0.09712757
1748595768000, 0.3921755, -0.04795292, -0.09193522
1748600849000, 0.35369098, 0.013439035, -0.063224554
1748605913000, 0.3191771, 0.058643065, -0.021991149
1748610700000, 0.30482176, 0.098043874, -0.0030543262
1748615912000, 0.27152961, 0.15241088, -9.162979E-4
1748620691000, 0.21197024, 0.23151793, -0.0015271631
1748626177000, 0.17928895, 0.3313944, 0.026572637
1748630709000, 0.16310102, 0.38423425, 0.042760566
1748635958000, 0.13622294, 0.36102137, 0.030543262
1748640682000, 0.12950343, 0.31306845, 0.006414085
1748645673000, 0.11484267, 0.27000242, -0.014966198
1748650814000, 0.09773844, 0.26328292, -0.048563786
1748655699000, 0.0888809, 0.28344148, -0.06719518
1748660751000, 0.073303826, 0.32986724, -0.07452556
1748665707000, 0.0693332, 0.4034765, -0.06169739
1748670772000, 0.07544186, 0.43157628, -0.047036625
1748675746000, 0.09162979, 0.42821655, -0.028405234
1748680786000, 0.10781772, 0.34788775, -0.035124753
1748685755000, 0.11881329, 0.24648413, -0.052534413
1748690785000, 0.09101892, 0.15210545, -0.07513642
1748695814000, 0.038179077, 0.08093964, -0.09682214
1748700773000, -0.027488936, 0.03756821, -0.11178834
1748705801000, -0.089186326, 0.021991149, -0.11484267
1748710809000, -0.16157386, 0.0067195175, -0.1282817
1748715810000, -0.23823744, -0.0015271631, -0.124311075
1748720808000, -0.3042109, -0.014660766, -0.119729586
1748725791000, -0.38912117, -0.040317107, -0.101098195
1748730851000, -0.46731192, -0.057421334, -0.07788532
1748735812000, -0.54244834, -0.08246681, -0.03726278
1748740810000, -0.61269784, -0.119729586, 0.0036651916
1748745917000, -0.6936375, -0.17715092, 0.04734206
1748750897000, -0.7556403, -0.19975294, 0.07727446
1748755815000, -0.8368854, -0.20677789, 0.113926366
1748760803000, -0.9056077, -0.20097467, 0.15149458
1748765805000, -0.98563105, -0.19181168, 0.18417588
1748770813000, -1.0592403, -0.17440203, 0.21685717
1748775794000, -1.1398746, -0.15454891, 0.22999077
1748780868000, -1.1780536, -0.14721853, 0.26206118
1748785811000, -1.2623531, -0.15149458, 0.28985557
1748790821000, -1.351234, -0.17348573, 0.31581733
1748795840000, -1.4343116, -0.21105394, 0.32834008
1748800893000, -1.5293012, -0.2782491, 0.3481932
1748805816000, -1.6166549, -0.3643811, 0.3640757
1748810796000, -1.6862935, -0.44806966, 0.3747658
1748815792000, -1.7498235, -0.53878313, 0.38912117
1748820807000, -1.8020525, -0.65301496, 0.40042216
1748825789000, -1.842675, -0.77091193, 0.40866885
1748830807000, -1.8683313, -0.8762862, 0.40103304
1748835812000, -1.8732183, -0.95630956, 0.398895
1748840782000, -1.8664987, -1.02717, 0.3930918
1748845867000, -1.8417587, -1.0546589, 0.37384954
1748850748000, -1.8099937, -1.0677924, 0.36102137
1748855807000, -1.7757853, -1.0552697, 0.34269542
1748860719000, -1.7449366, -1.0088439, 0.321926
1748865776000, -1.7095064, -0.8918633, 0.29077184
1748870704000, -1.6789632, -0.8206975, 0.2724459
1748875785000, -1.6698002, -0.6414085, 0.22510384
1748880755000, -1.6410894, -0.43951756, 0.16432275
1748885817000, -1.5989398, -0.19425514, 0.10903945
1748890729000, -1.5482379, 0.0983493, 0.057421334
1748895834000, -1.4996742, 0.4025602, 0.00580322
1748900736000, -1.4340062, 0.677755, -0.05222898
1748905812000, -1.3515394, 0.88300574, -0.11178834
1748910755000, -1.2819008, 1.0115929, -0.13622294
1748915796000, -1.2009611, 1.029308, -0.14385876
1748920767000, -1.0870347, 0.93218035, -0.13103059
1748925793000, -0.9776898, 0.72387534, -0.112704635
1748930821000, -0.8573494, 0.5222898, -0.061086524
1748935804000, -0.7287622, 0.45723262, 0.0021380284
1748940801000, -0.5900958, 0.42821655, 0.070249505
1748945842000, -0.46761733, 0.33353242, 0.118202426
