#Rate of rotation around the x y z axes (Angular velocity).
#timestamp(ns),x,y,z(rad/s)
#Datetime: 11/07/2014 10:18:26
##########################################
#Activity: 8 - CSI - Car-Step in - 6s
#Subject ID: 12
#First Name: sub12
#Last Name: sub12
#Age: 29
#Height(cm): 178
#Weight(kg): 83
#Gender: Male
##########################################

@DATA
1247884854000, -0.015882496, 0.029626964, -0.01160644
1247889406000, -0.0070249503, 0.03726278, -0.013133603
1247894538000, -0.005497787, 0.027183503, -0.00580322
1247899488000, 0.010079277, 0.023823744, -0.0030543262
1247904425000, 0.01985312, 0.015271631, 0.004886922
1247909407000, 0.024129177, 0.0030543262, 3.0543262E-4
1247914421000, 0.030848695, -0.009773844, -0.005192355
1247919404000, 0.03634648, -0.015271631, -0.004886922
1247924396000, 0.03573562, -0.013133603, -0.004886922
1247929418000, 0.036651913, -0.01038471, -0.009162978
1247934413000, 0.040317107, -0.0027488936, -0.008246681
1247939400000, 0.037873644, 0.0030543262, -0.0125227375
1247944511000, 0.043676864, 0.027794369, -0.01160644
1247949455000, 0.040317107, 0.04795292, -0.01740966
1247954755000, 0.046120327, 0.06078109, -0.016493361
1247959409000, 0.03940081, 0.07513642, -0.02443461
1247964425000, 0.032070424, 0.0693332, -0.026572637
1247969409000, 0.034513887, 0.06261369, -0.024129177
1247974387000, 0.023518313, 0.06169739, -0.025045475
1247979434000, 0.009468411, 0.05222898, -0.027794369
1247984416000, -3.0543262E-4, 0.05589417, -0.03390302
1247989411000, -0.0015271631, 0.0693332, -0.03268129
1247994496000, 0.002443461, 0.08093964, -0.033292156
1247999496000, 6.1086525E-4, 0.09682214, -0.038789943
1248004460000, -0.006414085, 0.11728613, -0.034208454
1248009431000, 0.004276057, 0.12308934, -0.03756821
1248014452000, -0.003970624, 0.14660765, -0.040011674
1248019446000, -0.004276057, 0.16982053, -0.03940081
1248024502000, -0.009162978, 0.19211712, -0.035430185
1248029448000, -0.009162978, 0.20372356, -0.03634648
1248034451000, -0.003970624, 0.2171626, -0.035430185
1248039458000, -0.007330383, 0.22174409, -0.035124753
1248044535000, -0.0125227375, 0.23579398, -0.032375857
1248049524000, -0.0030543262, 0.22937989, -0.028099801
1248054456000, -9.162979E-4, 0.21991149, -0.026572637
1248059400000, 0.0070249503, 0.22021692, -0.028405234
1248064452000, -0.0018325958, 0.20005837, -0.022296581
1248069342000, 0.011911872, 0.19333886, -0.02443461
1248074450000, -0.005497787, 0.18295415, -0.02321288
1248079367000, 0.00580322, 0.18142697, -0.026267206
1248084445000, 0.010079277, 0.1872302, -0.029932396
1248089407000, 0.0106901415, 0.20250183, -0.02565634
1248094498000, 0.015577064, 0.21410827, -0.03726278
1248099402000, 0.004886922, 0.22571471, -0.031154128
1248104446000, 0.01160644, 0.2434298, -0.036957346
1248109399000, 0.009162978, 0.2501493, -0.03634648
1248114449000, 0.009773844, 0.26725355, -0.038179077
1248119575000, 0.0015271631, 0.28588495, -0.03176499
1248124446000, 0.004886922, 0.30848694, -0.028405234
1248129558000, -0.0033597588, 0.32589662, -0.024129177
1248134453000, -0.0061086523, 0.31856623, -0.02076942
1248140130000, -9.162979E-4, 0.32070425, -0.00580322
1248144458000, -0.004886922, 0.3136793, -0.008552114
1248149401000, -0.005497787, 0.30298916, 0.007941248
1248154447000, 0.0030543262, 0.28191432, 0.003970624
1248159367000, 0.009468411, 0.24984388, 0.008552114
1248164454000, -0.007941248, 0.22876903, 0.008857546
1248169346000, -0.005497787, 0.2180789, 0.015271631
1248174440000, -0.014049901, 0.19975294, 0.0015271631
1248179362000, -0.014049901, 0.18509217, 0.008857546
1248184444000, -0.021991149, 0.17287487, -3.0543262E-4
1248189429000, -0.042760566, 0.17165314, -0.0012217305
1248194473000, -0.04428773, 0.16798794, -0.0018325958
1248199393000, -0.040317107, 0.16890424, -0.01282817
1248204442000, -0.03848451, 0.16493362, -0.022907447
1248210277000, -0.059864793, 0.16401732, -0.01863139
1248214465000, -0.06688975, 0.15851954, -0.02076942
1248219391000, -0.06658431, 0.15424347, -0.01740966
1248224444000, -0.071776666, 0.14446963, -0.026572637
1248229423000, -0.08460484, 0.12797627, -0.029321533
1248234458000, -0.09132435, 0.103847094, -0.029932396
1248239490000, -0.112704635, 0.08552113, -0.034208454
1248244558000, -0.118202426, 0.059864793, -0.04550946
1248249550000, -0.12217305, 0.035124753, -0.060170226
1248254439000, -0.14049901, 0.032375857, -0.0693332
1248259445000, -0.14905111, 0.04337143, -0.08552113
1248264468000, -0.1600467, 0.06688975, -0.09712757
1248269445000, -0.17256944, 0.095294975, -0.108123146
1248274459000, -0.18448131, 0.13103059, -0.12186762
1248280197000, -0.21013765, 0.15424347, -0.12736541
1248284444000, -0.22418754, 0.19822577, -0.12858713
1248289480000, -0.2510656, 0.23304509, -0.12614368
1248294500000, -0.25534168, 0.25289822, -0.12186762
1248299473000, -0.25381452, 0.24617869, -0.113926366
1248304453000, -0.23884831, 0.23976462, -0.099571034
1248309444000, -0.23335053, 0.21197024, -0.0870483
1248314447000, -0.21930063, 0.17104226, -0.07452556
1248319445000, -0.19730948, 0.12461651, -0.0571159
1248324433000, -0.18509217, 0.06963864, -0.040011674
1248329438000, -0.16768251, 0.02565634, -0.013744468
1248334446000, -0.13500121, -0.0125227375, 0.007330383
1248339471000, -0.10048734, -0.059864793, 0.027794369
1248344544000, -0.07696902, -0.11911872, 0.043982297
1248349497000, -0.05497787, -0.18417588, 0.073303826
1248354444000, -0.051923547, -0.2565634, 0.095294975
1248359449000, -0.03726278, -0.32589662, 0.116980694
1248364449000, -0.040011674, -0.40530908, 0.14080444
1248369449000, -0.034513887, -0.4905248, 0.16523905
1248374398000, -0.01740966, -0.58123827, 0.19058995
1248379424000, -0.0030543262, -0.66737026, 0.21624629
1248384403000, 0.014660766, -0.7693848, 0.24281894
1248389441000, 0.036957346, -0.8698721, 0.25992316
1248394712000, 0.056505036, -0.9807441, 0.29352075
1248399429000, 0.06963864, -1.0308352, 0.33292156
1248404572000, 0.083383106, -1.1304061, 0.38148534
1248409406000, 0.10262536, -1.2180653, 0.40775254
1248414423000, 0.09712757, -1.2702943, 0.46486846
1248419395000, 0.09773844, -1.2932017, 0.51007247
1248424475000, 0.10598512, -1.2770138, 0.56413406
1248429391000, 0.13133603, -1.2266175, 0.6230826
1248434597000, 0.15668693, -1.1496484, 0.67073005
1248439429000, 0.20799962, -1.073901, 0.7171558
1248444799000, 0.24770586, -1.0128145, 0.7644979
1248449422000, 0.27763826, -0.95478237, 0.8038987
1248454379000, 0.3213151, -0.89827734, 0.8585711
1248459398000, 0.35063666, -0.8213083, 0.8894198
1248464358000, 0.39095375, -0.6585127, 0.88239485
1248469412000, 0.40042216, -0.4166101, 0.8567385
1248474363000, 0.4111123, -0.13408493, 0.8210029
1248479398000, 0.36713, 0.089186326, 0.7693848
1248484344000, 0.29749137, 0.2843578, 0.72326446
1248489408000, 0.21777347, 0.4428773, 0.6795876
1248494479000, 0.16798794, 0.5164866, 0.66706485
1248499438000, 0.12492194, 0.67073005, 0.6533204
1248504345000, 0.111177474, 0.8023715, 0.64568454
1248509409000, 0.10629055, 0.91751957, 0.62980205
1248514360000, 0.10567969, 1.0118983, 0.605062
1248519411000, 0.09101892, 1.1453724, 0.5766568
1248524421000, 0.098043874, 1.2705997, 0.54153204
1248529433000, 0.13041973, 1.3778065, 0.49571714
1248534745000, 0.17654006, 1.4731015, 0.46670106
1248539416000, 0.23762658, 1.5314392, 0.42119157
1248544553000, 0.30298916, 1.5683966, 0.38606682
1248549444000, 0.38423425, 1.5949692, 0.3567453
1248554418000, 0.44959682, 1.5974126, 0.32559118
1248559404000, 0.50823987, 1.5366315, 0.30451632
1248564476000, 0.52656585, 1.4074335, 0.28130344
1248569450000, 0.516792, 1.2614367, 0.27091873
1248574422000, 0.51923543, 1.110553, 0.26816985
1248579433000, 0.5375614, 0.9776898, 0.26297748
1248584450000, 0.5687156, 0.88239485, 0.2489276
1248589416000, 0.58459806, 0.7663304, 0.24220806
1248594488000, 0.5833763, 0.70341134, 0.23854288
1248599538000, 0.5644395, 0.5403103, 0.23487769
1248604847000, 0.516792, 0.3115413, 0.20066923
1248609454000, 0.46822822, 0.26236662, 0.18417588
1248614623000, 0.46273044, 0.19242255, 0.15088372
1248619421000, 0.4615087, 0.16554448, 0.12950343
1248624415000, 0.46517387, 0.17165314, 0.1020145
1248629388000, 0.441961, 0.18600847, 0.08368854
1248634374000, 0.40225476, 0.21074851, 0.055283304
1248639375000, 0.33108896, 0.26419923, 0.014049901
1248644380000, 0.23732115, 0.31245756, -0.047036625
1248649364000, 0.14966199, 0.40042216, -0.103847094
1248654315000, 0.019547688, 0.47678033, -0.16982053
1248659312000, -0.08277224, 0.5503896, -0.23365596
1248664312000, -0.2171626, 0.5946773, -0.2941316
1248669327000, -0.35521814, 0.5861252, -0.3436117
1248674414000, -0.5467244, 0.56016344, -0.40439278
1248679328000, -0.77640975, 0.5494733, -0.45020768
1248684326000, -1.0076222, 0.56169057, -0.4746423
1248689320000, -1.1710287, 0.5751296, -0.44012842
1248694369000, -1.1896601, 0.6169739, -0.4196644
1248699327000, -1.110553, 0.5928447, -0.41325033
1248704387000, -0.84665924, 0.54336464, -0.43127087
1248709398000, -0.550695, 0.59650993, -0.4288274
1248714417000, -0.2764165, 0.9370673, -0.41233405
1248719346000, -0.14630222, 1.6740762, -0.4016439
1248724383000, -0.20677789, 2.611449, -0.39645153
1248729305000, -0.4034765, 3.5140023, -0.3652974
1248734393000, -0.74464476, 4.209778, -0.27947086
1248739338000, -1.2562444, 4.283387, -0.11178834
1248744470000, -1.87444, 3.7155879, 0.09101892
1248749304000, -2.5170703, 2.705522, 0.27977628
1248754392000, -2.6786442, 1.7965547, 0.49663344
1248759326000, -2.1456642, 1.6493362, 0.85154617
1248764467000, -1.3628404, 2.0983222, 1.2174544
1248769333000, -0.752586, 2.6526823, 1.5418239
1248774378000, -0.48838675, 3.0857859, 1.7171422
1248779339000, -0.5644395, 3.5097263, 1.7986927
1248784394000, -0.7993172, 4.002389, 1.8274034
1248789361000, -1.0210613, 4.21497, 1.8212948
1248794490000, -1.104139, 4.3661594, 1.6893479
1248799483000, -1.1869112, 4.171599, 1.4706581
1248804411000, -1.2205088, 4.05584, 1.4309518
1248809412000, -1.1884383, 3.9434407, 1.5057828
1248814445000, -1.0207558, 3.487735, 1.5445728
1248819429000, -0.76052725, 2.5558603, 1.5564847
1248824432000, -0.45723262, 1.3716979, 1.6316211
1248829511000, -0.16218472, 0.26328292, 1.7406605
1248834443000, 0.05467244, -0.40042216, 1.8090774
1248839458000, 0.14660765, -0.44012842, 1.8167132
1248844540000, 0.14721853, 0.03359759, 1.7608191
1248849436000, 0.099571034, 0.59712076, 1.6258179
1248854447000, 0.086437434, 0.96974856, 1.4266758
1248859835000, 0.13408493, 1.1429288, 1.1777482
1248864420000, 0.22479841, 1.1081096, 0.9502009
1248869454000, 0.35094208, 0.90377516, 0.7996226
1248874386000, 0.45540005, 0.7110472, 0.7348709
1248879690000, 0.50976706, 0.52931476, 0.68111473
1248884454000, 0.5290093, 0.30695978, 0.64599
1248889716000, 0.56138515, 0.19181168, 0.6282749
1248894473000, 0.5934556, 0.20005837, 0.61422503
1248899877000, 0.6032294, 0.5326745, 0.59498274
1248904451000, 0.5329799, 0.7086037, 0.56321776
1248909402000, 0.462425, 0.99204516, 0.51893
1248914421000, 0.34208453, 1.1270463, 0.48258355
1248919348000, 0.25870144, 1.146594, 0.5235115
1248924391000, 0.23335053, 1.0415252, 0.47678033
1248930156000, 0.26328292, 0.7959574, 0.50640726
1248934413000, 0.3210097, 0.65576386, 0.4792238
1248939476000, 0.34055737, 0.7302894, 0.36071593
1248944408000, 0.33261612, 0.91813046, 0.27183503
1248949428000, 0.3109304, 1.0274754, 0.20891592
1248954399000, 0.3051272, 1.0461067, 0.19058995
1248959406000, 0.25992316, 0.95447695, 0.1423316
1248964342000, 0.22602014, 0.9651671, 0.15485434
1248969413000, 0.20158553, 0.9978484, 0.1685988
1248974358000, 0.1740966, 0.80878556, 0.12064589
1248979393000, 0.18020524, 0.691194, 0.12705997
1248984343000, 0.17928895, 0.6948592, 0.14538592
1248989426000, 0.17928895, 0.63591075, 0.13805555
1248994426000, 0.16340645, 0.46578476, 0.09896017
1248999572000, 0.18325958, 0.4166101, 0.13408493
1249004384000, 0.16737708, 0.34391713, 0.12705997
1249009396000, 0.14844026, 0.30390546, 0.1328632
1249014393000, 0.13897185, 0.26511553, 0.14019357
1249019408000, 0.0870483, 0.20280726, 0.12583824
1249024396000, 0.06078109, 0.23518312, 0.14782938
1249029487000, 0.014660766, 0.35002577, 0.16615535
1249034474000, -0.0290161, 0.410196, 0.1423316
1249039435000, -0.046120327, 0.36682457, 0.12064589
1249044433000, -0.07269296, 0.40744713, 0.14263703
1249049430000, -0.112399206, 0.5186246, 0.15515977
1249054435000, -0.14966199, 0.5555819, 0.11636983
1249059450000, -0.17867808, 0.5580254, 0.08032878
1249064423000, -0.21288654, 0.5009095, 0.04734206
1249069684000, -0.23884831, 0.29810223, -0.023823744
1249074399000, -0.27916542, 0.14446963, -0.05009095
1249079435000, -0.29535335, 0.065973446, -0.10354166
1249084384000, -0.31337386, -0.0027488936, -0.08582657
1249089475000, -0.3436117, 0.04886922, -0.040011674
1249094417000, -0.3494149, 0.10048734, -0.014660766
1249099461000, -0.3494149, 0.08827003, -0.013133603
1249104774000, -0.3747658, 0.028099801, -0.034513887
1249109449000, -0.41905355, -0.082161374, -0.059253927
1249114546000, -0.44806966, -0.16737708, -0.06352998
1249119448000, -0.45265114, -0.24098633, -0.08002335
1249124409000, -0.4804455, -0.2883284, -0.11178834
1249129441000, -0.54153204, -0.28802297, -0.12308934
1249134391000, -0.59528816, -0.28802297, -0.10567969
1249139518000, -0.6704246, -0.32895094, -0.09621128
1249144436000, -0.76144356, -0.37110063, -0.09101892
1249149447000, -0.8481864, -0.40622538, -0.062308256
1249154362000, -0.9388999, -0.45631635, -0.03940081
1249159468000, -0.9850202, -0.5540548, -0.017715093
1249164398000, -1.0152581, -0.68752885, -0.0015271631
1249169380000, -1.0253373, -0.84879726, 0.016187929
1249174380000, -1.0213667, -0.9816604, 0.025350908
1249179366000, -1.031446, -1.0393872, 0.022602014
1249185175000, -1.0424415, -1.1530081, 0.0018325958
1249189495000, -1.0897835, -1.219287, -0.009468411
1249194423000, -1.1258247, -1.2791518, -0.012217305
1249199451000, -1.1582005, -1.3402383, -0.008857546
1249204399000, -1.1869112, -1.4446963, -0.025350908
1249210452000, -1.2147056, -1.5244142, 0.00580322
1249214432000, -1.2278391, -1.5589281, 0.0125227375
1249219474000, -1.237613, -1.5876387, -0.0070249503
1249224546000, -1.2886202, -1.5793921, -0.024129177
1249229461000, -1.3161092, -1.563815, -0.030848695
1249234415000, -1.3371841, -1.5311338, -0.024740042
1249239469000, -1.3582588, -1.5155567, -0.01740966
1249244428000, -1.3955216, -1.496009, 0.004581489
1249249391000, -1.4385877, -1.4834863, 0.02107485
1249255230000, -1.4654657, -1.4092661, 0.06414085
1249259417000, -1.4563028, -1.3225232, 0.074830994
1249264398000, -1.4669929, -1.2394456, 0.09437868
1249269380000, -1.4669929, -1.1743884, 0.106595986
1249274400000, -1.4758505, -1.1667526, 0.11789699
1249279472000, -1.4749341, -1.1044444, 0.12767084
1249284473000, -1.4731015, -0.9944886, 0.14569137
1249289492000, -1.4532484, -0.8903361, 0.14752395
1249294406000, -1.4315627, -0.8206975, 0.1572978
1249299454000, -1.4101825, -0.81183994, 0.16584991
1249304448000, -1.4278975, -0.8353582, 0.15974127
1249309474000, -1.4440855, -0.8891144, 0.14752395
1249314453000, -1.452943, -0.9673051, 0.113926366
1249319444000, -1.4456125, -1.0345002, 0.07941248
1249324509000, -1.4523321, -1.0995574, 0.05131268
1249329535000, -1.4627168, -1.178359, 0.026267206
1249334443000, -1.4822645, -1.2247849, -0.005497787
1249339486000, -1.4798211, -1.2571607, -0.02107485
1249344509000, -1.4779885, -1.2638801, -0.03726278
1249349497000, -1.4605788, -1.2452488, -0.045814894
1249354442000, -1.4300356, -1.2162327, -0.06688975
1249359457000, -1.4291192, -1.1921035, -0.08735373
1249364453000, -1.4031575, -1.1594223, -0.12797627
1249369446000, -1.3643675, -1.142318, -0.1731803
1249374427000, -1.357648, -1.1414018, -0.18936823
1249379519000, -1.3662001, -1.1734722, -0.18509217
1249384440000, -1.3747523, -1.2226468, -0.16615535
1249389484000, -1.3509285, -1.1307116, -0.124311075
1249394765000, -1.350623, -0.8072584, -0.021991149
1249399463000, -1.3524556, -0.6423248, 0.04917465
1249404440000, -1.3704761, -0.6783658, 0.035430185
1249409452000, -1.4715744, -0.7012733, -0.015271631
1249414444000, -1.5470163, -0.5656612, -0.027488936
1249419452000, -1.5632042, -0.47739118, -0.03573562
1249424428000, -1.5238034, -0.35888332, -0.031154128
1249429442000, -1.5140295, -0.16462818, -0.043066
1249434441000, -1.4715744, 0.013439035, -0.023823744
1249439448000, -1.3515394, 0.204029, 0.054061573
1249444463000, -1.2095132, 0.42332962, 0.14874569
1249449456000, -1.0965031, 0.6417139, 0.14782938
1249454425000, -1.0125091, 0.7165449, 0.101098195
1249459445000, -0.9773844, 0.713796, 0.03023783
1249464355000, -0.9272934, 0.72234815, -0.049480084
1249469444000, -0.8891144, 0.75441855, -0.095294975
1249474403000, -0.8023715, 0.73639804, -0.11178834
1249479502000, -0.754724, 0.68386364, -0.11636983
1249484390000, -0.6743952, 0.6246097, -0.089186326
1249489443000, -0.6133087, 0.55833083, -0.06688975
1249494435000, -0.5910121, 0.4792238, -0.03970624
1249499529000, -0.5516113, 0.34422258, -0.007330383
1249504446000, -0.48441613, 0.24404067, 0.03481932
1249510110000, -0.42913285, 0.13469578, 0.087659165
1249514446000, -0.35155296, 0.028710667, 0.129198
1249519440000, -0.28527406, -0.03756821, 0.16462818
1249524412000, -0.23976462, -0.03756821, 0.20158553
1249529447000, -0.17531833, -0.060170226, 0.22968534
1249534383000, -0.1695151, -0.08002335, 0.25320363
1249539443000, -0.111177474, 0.013133603, 0.24556783
1249544466000, -0.093767814, 0.18325958, 0.22388211
1249549520000, -0.084910266, 0.2932153, 0.22266038
1249554452000, -0.082161374, 0.3182608, 0.22388211
1249559440000, -0.06505715, 0.32406402, 0.20341812
1249564546000, -0.047647487, 0.29626966, 0.20097467
1249569443000, -0.05131268, 0.24312437, 0.20341812
1249574634000, -0.05100725, 0.116675265, 0.18448131
1249580351000, -0.0580322, -0.1255328, 0.17379116
1249584704000, -0.08552113, -0.20861048, 0.17715092
1249589446000, -0.094989546, -0.35338554, 0.15851954
1249594435000, -0.11728613, -0.48991394, 0.15332718
1249599481000, -0.1441642, -0.59589905, 0.29352075
1249604416000, -0.19364429, -1.0769554, 0.48166725
1249609434000, -0.13652839, -1.2495248, 0.61453044
1249614360000, -0.103847094, -1.2000448, 0.67103547
1249619410000, -0.13988814, -1.2092078, 0.75319684
1249624354000, -0.1554652, -1.3051136, 0.8197812
1249629473000, -0.18997909, -1.4908166, 0.8353582
1249634407000, -0.25137106, -1.6520851, 0.8228355
1249639451000, -0.28985557, -1.6352862, 0.7339546
1249644441000, -0.321926, -1.46852, 0.5946773
1249650123000, -0.33628133, -1.1960741, 0.4529566
1249654444000, -0.34972036, -0.926988, 0.3313944
1249659365000, -0.37812558, -0.63499445, 0.2565634
1249664340000, -0.38606682, -0.5390886, 0.24098633
1249669349000, -0.38056904, -0.43799037, 0.21319197
1249674339000, -0.41538838, -0.4092797, 0.21777347
1249679349000, -0.47525316, -0.38606682, 0.23090707
1249684347000, -0.552833, -0.40866885, 0.26267207
1249689351000, -0.6105598, -0.37843102, 0.2929099
1249694360000, -0.65118235, -0.3576616, 0.30665436
1249699346000, -0.6765333, -0.37782016, 0.32162055
1249704341000, -0.70280045, -0.41080686, 0.3747658
1249709417000, -0.7309003, -0.49632803, 0.40408736
1249714417000, -0.7266242, -0.6065892, 0.4098906
1249719412000, -0.768163, -0.6786713, 0.44348818
1249724390000, -0.8054258, -0.70707655, 0.45875978
1249729445000, -0.8191703, -0.6230826, 0.49205196
1249734412000, -0.8371908, -0.74220127, 0.5027421
1249739397000, -0.8729264, -0.81397796, 0.49693888
1249744438000, -0.9062186, -0.7324274, 0.4978552
1249749415000, -0.91813046, -0.68569624, 0.4868596
1249754435000, -0.95356065, -0.6768387, 0.46731192
1249759396000, -0.9621128, -0.64996064, 0.5112942
1249764415000, -0.9978484, -0.59742624, 0.5348125
1249769411000, -1.0183123, -0.5012149, 0.5699373
1249774394000, -1.0598512, -0.42302418, 0.571159
1249779428000, -1.0693196, -0.36102137, 0.5815437
1249784412000, -1.0824533, -0.28710666, 0.56138515
1249789395000, -1.1108584, -0.24984388, 0.5342017
1249794474000, -1.112691, -0.25320363, 0.5207626
1249799424000, -1.1154399, -0.24495697, 0.52290064
1249804415000, -1.1166617, -0.21563543, 0.52473325
1249809380000, -1.1322387, -0.17562376, 0.51068336
1249814422000, -1.2067643, -0.12370021, 0.50976706
1249819405000, -1.2699889, -0.03176499, 0.5314528
1249824403000, -1.3240504, 0.03268129, 0.54275376
1249829425000, -1.3570372, 0.10415252, 0.57879484
1249834412000, -1.385137, 0.09101892, 0.5714644
1249839387000, -1.3988814, 0.06811147, 0.57635134
1249844430000, -1.4034629, 0.06291912, 0.5693264
1249849384000, -1.4468343, -0.019547688, 0.5479461
1249854407000, -1.4559973, -0.14049901, 0.537256
1249859374000, -1.4740179, -0.17531833, 0.52412236
1249864424000, -1.4782939, -0.19242255, 0.50854534
1249869344000, -1.496009, -0.23182335, 0.51068336
1249874391000, -1.5085317, -0.19456059, 0.5363397
1249879412000, -1.5271631, -0.2125811, 0.5476407
1249884410000, -1.5283848, -0.14874569, 0.5821546
1249889369000, -1.5583172, -0.11209377, 0.63132924
1249894444000, -1.561677, -0.07452556, 0.6908886
1249899366000, -1.5619824, -0.016187929, 0.68783426
1249904410000, -1.5757269, 0.07880162, 0.70616025
1249909388000, -1.5882497, 0.17012598, 0.7122689
1249914422000, -1.6029104, 0.25320363, 0.72021013
1249919427000, -1.6197093, 0.32742378, 0.7180721
1249924389000, -1.6542231, 0.40591997, 0.7165449
1249929408000, -1.7125608, 0.4120286, 0.70402217
1249934410000, -1.7767016, 0.37507126, 0.655153
1249939973000, -1.8234328, 0.36254853, 0.63041294
1249944425000, -1.8716911, 0.33261612, 0.625526
1249949433000, -1.8790215, 0.19181168, 0.6160576
1249954413000, -1.8869628, 0.082161374, 0.5992588
1249959643000, -1.8643607, -0.053145275, 0.6151413
1249964423000, -1.8420641, -0.07147124, 0.63041294
1249969730000, -1.8258762, -0.10873401, 0.68875057
1249974468000, -1.7962493, -0.2125811, 0.7165449
1249979410000, -1.7736472, -0.23823744, 0.77579886
1249984415000, -1.7492126, -0.23579398, 0.8008443
1249989460000, -1.7385225, -0.23518312, 0.8374963
1249994404000, -1.7125608, -0.26847526, 0.8567385
1249999414000, -1.7012597, -0.3231477, 0.87781334
1250004406000, -1.7003434, -0.3735441, 0.86651236
1250009955000, -1.6963727, -0.44165558, 0.8533788
1250014649000, -1.6707164, -0.50488013, 0.84329945
1250019445000, -1.6517797, -0.56046885, 0.8341365
1250024777000, -1.6123788, -0.569021, 0.82863873
1250029529000, -1.5677856, -0.6020077, 0.82833326
1250034415000, -1.5592335, -0.6258314, 0.8194757
1250039444000, -1.5470163, -0.6722572, 0.8017606
1250044409000, -1.5189165, -0.7687739, 0.77091193
1250049458000, -1.4886786, -0.8368854, 0.7706065
1250054345000, -1.4648548, -0.8732319, 0.77824235
1250059455000, -1.4486669, -0.9468411, 0.8197812
1250064357000, -1.4013249, -1.0390818, 0.9034697
1250069448000, -1.3518448, -1.0937542, 1.0015136
1250074410000, -1.3301591, -1.1679744, 1.0775663
1250079789000, -1.3112222, -1.1997393, 1.1520919
1250084379000, -1.2980887, -1.2547172, 1.205848
1250089450000, -1.2840388, -1.2709051, 1.2431108
1250094472000, -1.2458596, -1.2324207, 1.2773192
1250099522000, -1.1884383, -1.1829406, 1.287093
1250104415000, -1.1224649, -1.1160508, 1.2962561
1250109442000, -1.0616838, -1.065349, 1.3109168
1250114436000, -0.9755518, -1.0146471, 1.3112222
1250119594000, -0.9083566, -0.9602802, 1.3191634
1250124419000, -0.8323039, -0.97494096, 1.3347405
1250129472000, -0.75747293, -1.0393872, 1.3384057
1250134489000, -0.7098254, -1.1120802, 1.3518448
1250139452000, -0.6966918, -1.1856894, 1.3701707
1250144477000, -0.6930266, -1.2174544, 1.3888022
1250149446000, -0.73364913, -1.2247849, 1.4223998
1250154445000, -0.7699956, -1.2302825, 1.4477507
1250159440000, -0.78893244, -1.1969905, 1.4914275
1250164471000, -0.816116, -1.1133019, 1.5454891
1250169444000, -0.84421575, -1.0305296, 1.5946637
1250174437000, -0.8536842, -0.99021256, 1.616044
1250179458000, -0.8579602, -0.9795224, 1.6163495
1250184522000, -0.87017757, -0.98563105, 1.5919148
1250189466000, -0.8866709, -0.9822713, 1.5677856
1250194457000, -0.9193522, -0.97127575, 1.565953
1250199443000, -0.93370754, -0.93187493, 1.5632042
1250204446000, -0.91721416, -0.893085, 1.5656476
1250209440000, -0.87872964, -0.8707884, 1.5424347
1250214449000, -0.8359691, -0.84757555, 1.5161675
1250219420000, -0.816116, -0.829555, 1.5005904
1250224434000, -0.81092364, -0.86193085, 1.4776831
1250229437000, -0.78893244, -0.91813046, 1.4816537
1250234449000, -0.7464773, -0.9993755, 1.486846
1250239370000, -0.66767573, -1.02717, 1.5274686
1250244513000, -0.5687156, -1.0512991, 1.5836681
1250249344000, -0.4841107, -1.0867293, 1.6187929
1250254447000, -0.45234573, -1.1340714, 1.6694947
1250259357000, -0.41172317, -1.1249083, 1.7327193
1250264910000, -0.38698313, -1.1297953, 1.8112154
1250269366000, -0.3747658, -1.1435398, 1.8881844
1250274425000, -0.32895094, -1.119716, 1.9639318
1250279449000, -0.27885997, -1.0586295, 2.0234911
1250284453000, -0.21899518, -0.93737274, 2.1120665
1250289825000, -0.15668693, -0.77671516, 2.165212
1250294430000, -0.15363261, -0.68508536, 2.1459696
1250299432000, -0.15943582, -0.68386364, 2.0839667
1250304445000, -0.14630222, -0.72082096, 2.0073032
1250309395000, -0.13194689, -0.70524395, 1.9511036
1250314446000, -0.105068825, -0.6771441, 1.9156734
1250319340000, -0.043676864, -0.59956425, 1.9062049
1250324431000, 0.0027488936, -0.49541172, 1.9358319
1250329454000, 0.014966198, -0.34788775, 2.0384574
1250335067000, -0.014966198, -0.2144137, 2.2208006
1250339413000, -0.03756821, -0.15882497, 2.4959953
1250344474000, -0.046731193, -0.19517145, 2.6569583
1250349428000, -0.058643065, -0.2434298, 2.673757
1250354443000, -0.055283304, -0.3387248, 2.6331346
1250359460000, -0.031154128, -0.33353242, 2.5885415
1250364442000, -0.03390302, -0.31337386, 2.4996605
1250369417000, -0.052534413, -0.25045475, 2.3851233
1250374406000, -0.05589417, -0.083383106, 2.3124304
1250379531000, -0.10476339, 0.122478485, 2.3112087
1250384468000, -0.17256944, 0.17989981, 2.244319
1250389475000, -0.25137106, 0.19608775, 2.1789563
1250394402000, -0.33933565, 0.2648101, 2.2153027
1250399457000, -0.3915646, 0.19822577, 2.1606305
1250404659000, -0.44226643, 0.17715092, 2.085494
1250409447000, -0.48747048, 0.1853976, 2.005776
1250414371000, -0.52015173, 0.25167647, 1.9822577
1250419451000, -0.5561928, 0.19028452, 1.892766
1250424355000, -0.5534439, 0.14355333, 1.8209893
1250429579000, -0.5684101, 0.17867808, 1.7449366
1250434398000, -0.6102544, 0.24312437, 1.65911
1250439456000, -0.6417139, 0.3100141, 1.5693128
1250444413000, -0.6630942, 0.36682457, 1.5723672
1250449530000, -0.6740898, 0.41538838, 1.4743233
1250454369000, -0.6899723, 0.48441613, 1.3365731
1250459447000, -0.7244862, 0.5360342, 1.2232577
1250464384000, -0.7348709, 0.5674938, 1.0952814
1250469450000, -0.7244862, 0.5729916, 0.977079
1250474809000, -0.70188415, 0.5626069, 0.84940815
1250479444000, -0.6554584, 0.5299256, 0.72021013
1250484413000, -0.6035349, 0.48349985, 0.63132924
1250489467000, -0.58459806, 0.4343252, 0.5491679
1250494404000, -0.54061574, 0.31978795, 0.4196644
1250499452000, -0.464563, 0.24129178, 0.3118467
1250504450000, -0.40408736, 0.14844026, 0.21685717
1250509443000, -0.3640757, 0.051923547, 0.113926366
1250514417000, -0.32589662, -0.032375857, 0.006414085
1250519427000, -0.27397305, -0.12339478, -0.109650314
1250524436000, -0.21899518, -0.1740966, -0.23335053
1250529498000, -0.1777618, -0.20555615, -0.3539964
1250534428000, -0.108123146, -0.20799962, -0.47311515
1250539433000, -0.035430185, -0.20738874, -0.57910025
1250544567000, 0.03940081, -0.21197024, -0.6389651
1250549523000, 0.06627888, -0.2098322, -0.7415904
1250554528000, 0.13469578, -0.20189096, -0.8344419
1250559443000, 0.18020524, -0.21288654, -0.926988
1250564456000, 0.22449298, -0.21105394, -0.9972375
1250569443000, 0.26358834, -0.20463985, -1.054048
1250574439000, 0.30115658, -0.17256944, -1.0903945
1250579444000, 0.35338554, -0.1337795, -1.1279627
1250584451000, 0.42730024, -0.10781772, -1.1435398
1250590131000, 0.5122105, -0.09101892, -1.1395692
1250594435000, 0.61086524, -0.06627888, -1.1301007
1250599443000, 0.72418076, -0.035124753, -1.110553
1250604457000, 0.8393288, -0.028710667, -1.073901
1250609459000, 0.96852684, -0.039095376, -1.0268645
1250614466000, 1.0861185, -0.06261369, -0.97066486
1250619408000, 1.2009611, -0.07269296, -0.9120218
1250624511000, 1.3176364, -0.10170906, -0.83291477
1250629446000, 1.4523321, -0.12980886, -0.7602218
1250634430000, 1.5650368, -0.18600847, -0.69058317
1250639469000, 1.68385, -0.2312125, -0.6267477
1250644429000, 1.7486018, -0.35338554, -0.60139686
1250649423000, 1.8503108, -0.4718934, -0.5564982
1250654344000, 1.9172006, -0.52198434, -0.51893
1250659586000, 1.9688187, -0.5161811, -0.4841107
1250664362000, 2.002111, -0.49021935, -0.48197266
1250669349000, 2.014939, -0.45478916, -0.46792278
1250674336000, 1.9929478, -0.410196, -0.4636467
1250679318000, 1.9391917, -0.33750305, -0.46395215
1250684345000, 1.8668042, -0.26450464, -0.47158796
1250689350000, 1.7986927, -0.20952678, -0.49205196
1250694351000, 1.7241671, -0.12858713, -0.505491
1250699362000, 1.6557503, -0.105374254, -0.5345071
1250704336000, 1.6194037, -0.10720685, -0.5714644
1250709435000, 1.6093245, -0.17989981, -0.60903263
1250714343000, 1.6218473, -0.2843578, -0.6414085
1250719496000, 1.67316, -0.4392121, -0.6640105
1250724358000, 1.7052304, -0.5723807, -0.6918049
1250729343000, 1.7201965, -0.700357, -0.70646566
1250734342000, 1.724778, -0.7641924, -0.7272351
1250739657000, 1.7128662, -0.8793405, -0.7819075
1250744390000, 1.6423112, -0.9092729, -0.79901177
1250749326000, 1.5931365, -0.91996306, -0.829555
1250754312000, 1.4749341, -0.89736104, -0.8524625
1250759392000, 1.3445144, -0.8304713, -0.87689704
1250764455000, 1.2198979, -0.7675522, -0.92485
1250769296000, 1.0800097, -0.7122689, -0.960891
1250774324000, 0.9624182, -0.64721173, -0.9850202
1250779319000, 0.8219192, -0.57604593, -1.0097603
1250784313000, 0.6747007, -0.49571714, -1.0341948
1250789324000, 0.55771995, -0.41905355, -1.0601566
1250794342000, 0.41416663, -0.34116822, -1.0677924
1250799317000, 0.2611449, -0.267559, -1.0680978
1250804313000, 0.11728613, -0.18692477, -1.0619892
1250809361000, -0.043676864, -0.0842994, -1.0555751
1250814312000, -0.20616703, 0.07696902, -1.0574077
1250819335000, -0.34574974, 0.23151793, -1.0769554
1250824329000, -0.47616947, 0.35705075, -1.0961977
1250829314000, -0.54183745, 0.4083634, -1.1044444
1250834331000, -0.5522222, 0.46975538, -1.1120802
1250839331000, -0.5580254, 0.4886922, -1.097114
1250844342000, -0.5571091, 0.4972443, -1.0913107
1250849333000, -0.5653558, 0.4700608, -1.0958922
1250854326000, -0.56505036, 0.45845437, -1.0855075
1250859342000, -0.5852089, 0.42638394, -1.0320568
1250864297000, -0.6053675, 0.4269948, -0.9627236
1250869330000, -0.6078109, 0.40530908, -0.88147855
1250874312000, -0.5873469, 0.31337386, -0.77671516
1250879335000, -0.57696223, 0.18906279, -0.67011917
1250884290000, -0.5626069, 0.06963864, -0.5525276
1250889326000, -0.5653558, -0.0061086523, -0.44929138
1250894296000, -0.57818395, -0.04917465, -0.33536503
1250899330000, -0.59589905, -0.017104227, -0.23701571
1250904260000, -0.59864795, 0.010079277, -0.14538592
1250909336000, -0.5714644, 0.008552114, -0.07696902
1250914271000, -0.5109888, -0.05100725, -0.03726278
1250919331000, -0.41325033, -0.12522738, -0.028405234
1250924319000, -0.28130344, -0.17806722, -0.040011674
1250929425000, -0.16371189, -0.24098633, -0.056199603
1250934380000, -0.034208454, -0.29626966, -0.056505036
1250939507000, 0.03604105, -0.33750305, -0.06505715
1250944393000, 0.15027285, -0.37110063, -0.083383106
1250949555000, 0.2321288, -0.37904188, -0.113926366
1250954348000, 0.26145032, -0.3848451, -0.12889257
1250959401000, 0.2657264, -0.39522982, -0.15454891
1250964430000, 0.21471913, -0.37659842, -0.226631
1250969439000, 0.15027285, -0.34330627, -0.31795537
1250974434000, 0.055588737, -0.26145032, -0.39920044
1250979518000, -0.03848451, -0.1518, -0.45356745
1250985075000, -0.13469578, -0.024740042, -0.47861293
1250989514000, -0.22815818, 0.07147124, -0.47739118
1250994452000, -0.29077184, 0.13591751, -0.44898596
1250999395000, -0.35460728, 0.13133603, -0.40286562
1251004457000, -0.42821655, 0.101098195, -0.32345316
1251009397000, -0.49938235, 0.06383542, -0.2452624
1251014451000, -0.5216789, 0.039095376, -0.17348573
1251019347000, -0.5225952, 0.006414085, -0.116675265
1251024428000, -0.49541172, -0.004276057, -0.112704635
1251029431000, -0.43310347, -0.04184427, -0.116980694
1251034447000, -0.3915646, -0.065973446, -0.13836098
1251039384000, -0.30970868, -0.06719518, -0.17501289
1251044477000, -0.27122417, -0.059253927, -0.2144137
1251049411000, -0.2556471, -0.035124753, -0.24953845
1251054928000, -0.28099802, -0.009468411, -0.2782491
1251059677000, -0.32375857, 0.009162978, -0.3032946
1251064458000, -0.37690386, 0.03634648, -0.32925636
1251069681000, -0.4269948, 0.094989546, -0.35521814
1251074437000, -0.45937067, 0.13958271, -0.37995818
1251079477000, -0.49480084, 0.19639318, -0.39492437
1251084413000, -0.5204572, 0.25992316, -0.4092797
1251089442000, -0.5348125, 0.30726522, -0.4266894
1251094401000, -0.54367006, 0.3484986, -0.43035457
1251099463000, -0.550695, 0.37323865, -0.43768495
1251104442000, -0.5479461, 0.37201694, -0.4456262
1251109451000, -0.5531385, 0.38453966, -0.44929138
1251114455000, -0.56230146, 0.376293, -0.44623706
1251119444000, -0.5644395, 0.34666604, -0.4370741
1251124617000, -0.5519168, 0.31429017, -0.42546764
1251129492000, -0.52626044, 0.2938262, -0.42241332
1251134435000, -0.5164866, 0.25289822, -0.4007276
1251139525000, -0.5006041, 0.21563543, -0.37720928
1251144426000, -0.47433686, 0.172264, -0.36865717
1251149421000, -0.44776422, 0.15454891, -0.33658674
1251154405000, -0.42302418, 0.17928895, -0.31948254
1251159395000, -0.42271876, 0.22876903, -0.29046643
1251164413000, -0.41233405, 0.30543262, -0.26297748
1251169414000, -0.42577308, 0.37110063, -0.23671028
1251174370000, -0.44318274, 0.3817908, -0.2049453
1251179420000, -0.43371433, 0.39370266, -0.17928895
1251184415000, -0.4120286, 0.39767328, -0.1554652
1251189409000, -0.39767328, 0.37507126, -0.14630222
1251194408000, -0.37690386, 0.35735616, -0.14019357
1251199419000, -0.34605515, 0.3100141, -0.14202617
1251204410000, -0.30970868, 0.2779437, -0.14019357
1251209400000, -0.28680122, 0.24404067, -0.15027285
1251214437000, -0.25350907, 0.22449298, -0.1600467
1251219414000, -0.21868975, 0.21685717, -0.16982053
1251224366000, -0.20463985, 0.2003638, -0.16798794
1251229466000, -0.19547687, 0.17348573, -0.1777618
1251234349000, -0.16829337, 0.16157386, -0.20647246
1251239407000, -0.15302174, 0.14721853, -0.23640485
1251244373000, -0.14019357, 0.11728613, -0.24953845
1251249415000, -0.12705997, 0.07238753, -0.25411993
1251254346000, -0.112399206, 0.063224554, -0.26083946
1251259400000, -0.12370021, 0.0580322, -0.24220806
1251264421000, -0.13041973, 0.08093964, -0.22693644
1251269409000, -0.14019357, 0.106595986, -0.20891592
1251274418000, -0.15149458, 0.13103059, -0.18936823
1251279470000, -0.14813483, 0.16279559, -0.16218472
1251284375000, -0.14446963, 0.17837265, -0.14172074
1251289408000, -0.14355333, 0.172264, -0.1160644
1251294442000, -0.12095132, 0.16462818, -0.08857546
1251299413000, -0.110872045, 0.16646078, -0.070249505
1251304404000, -0.09162979, 0.16310102, -0.016798794
1251310114000, -0.0720821, 0.11911872, 0.030543262
1251314420000, -0.056505036, 0.11301007, 0.028710667
1251319406000, -0.053450707, 0.12492194, 0.020463986
1251324389000, -0.030543262, 0.16920967, 0.009468411
1251329455000, -0.03023783, 0.19333886, -0.0106901415
1251334414000, -0.025961773, 0.18051068, -0.004276057
1251339403000, -0.027183503, 0.16676621, 0.0027488936
1251344536000, -0.014049901, 0.16279559, 0.0015271631
1251349411000, 0.003970624, 0.16065755, 0.015577064
1251354407000, 0.015271631, 0.13988814, 0.0290161
1251359380000, 0.03604105, 0.12064589, 0.047036625
1251364422000, 0.053145275, 0.11881329, 0.0571159
1251369406000, 0.07422013, 0.12889257, 0.07269296
1251374407000, 0.07727446, 0.12980886, 0.09682214
1251379997000, 0.09162979, 0.13713925, 0.11056661
1251384409000, 0.09315695, 0.15332718, 0.118507855
1251389401000, 0.095294975, 0.15821409, 0.13683382
1251394478000, 0.09254608, 0.13805555, 0.14782938
1251399396000, 0.093462385, 0.12858713, 0.1600467
1251404412000, 0.093462385, 0.11575896, 0.15943582
1251409374000, 0.09437868, 0.10995574, 0.16523905
1251414422000, 0.087964594, 0.112704635, 0.17134771
1251419339000, 0.0842994, 0.10048734, 0.1704314
1251424389000, 0.089186326, 0.08460484, 0.1704314
1251429405000, 0.0888809, 0.054367006, 0.172264
1251434411000, 0.103847094, 0.03756821, 0.16493362
1251439338000, 0.10415252, 0.01740966, 0.17379116
1251444426000, 0.12217305, 0.0012217305, 0.1704314
1251449553000, 0.13255776, -0.020463986, 0.17562376
1251454412000, 0.14355333, -0.04184427, 0.172264
1251459385000, 0.16340645, -0.055588737, 0.17379116
1251464422000, 0.17470746, -0.07544186, 0.17379116
1251469401000, 0.17867808, -0.07360926, 0.16982053
1251474387000, 0.18753563, -0.082161374, 0.16920967
1251479485000, 0.1908954, -0.08674286, 0.16798794
1251484414000, 0.19120082, -0.096516706, 0.16401732
1251489409000, 0.1881465, -0.09254608, 0.16126843
1251494436000, 0.19150625, -0.10445796, 0.16249016
1251499490000, 0.18051068, -0.113926366, 0.15485434
1251504410000, 0.17440203, -0.11148291, 0.15271631
1251509600000, 0.17623462, -0.12003502, 0.15454891
1251514421000, 0.17379116, -0.12064589, 0.15302174
1251519349000, 0.17531833, -0.13530666, 0.14874569
1251524388000, 0.16676621, -0.13958271, 0.1469131
1251529471000, 0.16462818, -0.1328632, 0.14385876
1251534409000, 0.1572978, -0.13713925, 0.13408493
1251539347000, 0.14080444, -0.12705997, 0.13408493
1251544415000, 0.1469131, -0.12003502, 0.12705997
1251549416000, 0.13652839, -0.09743301, 0.11789699
1251554411000, 0.11942416, -0.076358154, 0.11911872
1251559402000, 0.11453723, -0.0720821, 0.10903945
1251564423000, 0.09743301, -0.0693332, 0.11026118
1251569407000, 0.084910266, -0.062002823, 0.099571034
1251574384000, 0.08002335, -0.051618114, 0.09560041
1251579452000, 0.07727446, -0.042455133, 0.082161374
1251584407000, 0.062002823, -0.036957346, 0.080634214
1251589434000, 0.06566802, -0.03176499, 0.08155051
1251594415000, 0.06536258, -0.025961773, 0.06963864
1251599416000, 0.061391957, -0.026267206, 0.05589417
1251604416000, 0.05467244, -0.01740966, 0.056199603
1251609405000, 0.05009095, -0.019242255, 0.044898596
1251614427000, 0.036957346, -0.0125227375, 0.047647487
1251619430000, 0.03145956, -0.01160644, 0.03726278
1251624433000, 0.03726278, -0.005192355, 0.032375857
1251629437000, 0.029626964, -0.013133603, 0.029321533
1251634904000, 0.021380283, -0.003970624, 0.028710667
1251639437000, 0.017715093, -0.01985312, 0.014966198
1251644410000, 0.020463986, -0.021991149, 0.014049901
1251649450000, 0.01160644, -0.027183503, 0.0036651916
1251654417000, -0.004276057, -0.03023783, -0.0070249503
1251659444000, -0.009162978, -0.032070424, -0.0021380284
1251664424000, -0.018020526, -0.027183503, -0.01282817
1251669537000, -0.018020526, -0.017104227, -0.018936822
1251674421000, -0.022602014, -0.016493361, -0.019547688
1251679496000, -0.03359759, -0.0125227375, -0.024740042
1251684422000, -0.030543262, -0.014966198, -0.034513887
1251689455000, -0.031154128, -0.017104227, -0.032986723
1251694418000, -0.029321533, -0.016187929, -0.03848451
1251699450000, -0.028099801, -0.025045475, -0.035124753
1251704976000, -0.03634648, -0.02687807, -0.04337143
1251709449000, -0.032070424, -0.023823744, -0.048563786
1251714377000, -0.023823744, -0.033292156, -0.053450707
1251719447000, -0.02565634, -0.036957346, -0.05467244
1251724357000, -0.034208454, -0.041233405, -0.05681047
1251729470000, -0.030848695, -0.045814894, -0.06047566
1251734344000, -0.03268129, -0.042760566, -0.06627888
1251739445000, -0.035430185, -0.048563786, -0.061391957
1251744410000, -0.03604105, -0.043982297, -0.0571159
1251749455000, -0.04062254, -0.06383542, -0.06078109
1251754384000, -0.029626964, -0.05955936, -0.05955936
1251759417000, -0.028710667, -0.059253927, -0.06169739
1251764381000, -0.031154128, -0.062002823, -0.0571159
1251769486000, -0.038179077, -0.070249505, -0.051618114
1251774452000, -0.03390302, -0.0729984, -0.051923547
1251779470000, -0.030848695, -0.07422013, -0.04886922
1251784386000, -0.025045475, -0.07849618, -0.044898596
1251789395000, -0.021991149, -0.06536258, -0.04428773
1251794414000, -0.024740042, -0.07147124, -0.046731193
1251799395000, -0.029932396, -0.08399397, -0.04153884
1251804329000, -0.018325957, -0.082161374, -0.04337143
1251809328000, -0.018020526, -0.08124508, -0.04642576
1251814343000, -0.016493361, -0.08460484, -0.04062254
1251819323000, -0.009773844, -0.08093964, -0.042455133
1251824318000, -3.0543262E-4, -0.079107046, -0.046120327
1251829328000, 0.004581489, -0.077579886, -0.04642576
1251834332000, -0.007941248, -0.07941248, -0.044898596
1251839322000, -0.006414085, -0.07696902, -0.04886922
1251844359000, 6.1086525E-4, -0.06566802, -0.047036625
1251849327000, -0.0036651916, -0.0693332, -0.056199603
1251854418000, -0.0030543262, -0.0571159, -0.051923547
1251859391000, -0.008246681, -0.058643065, -0.05955936
1251864419000, -0.01160644, -0.05955936, -0.06566802
1251869411000, -0.011301007, -0.05375614, -0.061086524
1251874393000, -0.01160644, -0.047036625, -0.06047566
1251879424000, -0.023823744, -0.04734206, -0.06780604
1251884412000, -0.023518313, -0.045814894, -0.059253927
1251889402000, -0.036651913, -0.04550946, -0.06291912
1251894431000, -0.03604105, -0.04184427, -0.061086524
1251899414000, -0.03390302, -0.038179077, -0.051618114
1251904410000, -0.035124753, -0.035430185, -0.04550946
1251909386000, -0.04153884, -0.03756821, -0.051618114
1251914426000, -0.0290161, -0.037873644, -0.04520403
1251919406000, -0.03604105, -0.03604105, -0.035430185
1251924480000, -0.038179077, -0.034513887, -0.026572637
1251929429000, -0.029321533, -0.03268129, -0.03268129
1251934415000, -0.026572637, -0.02565634, -0.024740042
1251939397000, -0.021380283, -0.027794369, -0.025350908
1251944460000, -0.020158553, -0.03145956, -0.028099801
1251949407000, -0.020158553, -0.036651913, -0.02321288
1251954404000, -0.018020526, -0.030543262, -0.026572637
1251959966000, -0.013744468, -0.038789943, -0.032375857
1251964428000, -0.0033597588, -0.038179077, -0.030848695
1251969416000, -0.0076358155, -0.04428773, -0.026572637
1251974390000, -0.01282817, -0.05497787, -0.022296581
1251979421000, -0.0030543262, -0.061391957, -0.02443461
1251984417000, -0.007941248, -0.049785517, -0.034208454
1251989353000, 0.008246681, -0.046120327, -0.027488936
1251994546000, 0.0021380284, -0.03940081, -0.024129177
1251999337000, 6.1086525E-4, -0.03481932, -0.03145956
1252004407000, 0.0030543262, -0.027794369, -0.024740042
1252009395000, 0.0033597588, -0.024740042, -0.028405234
1252014419000, -0.0143553335, -0.015577064, -0.032986723
1252019346000, -0.01282817, -0.0036651916, -0.029932396
1252024393000, -0.020158553, -0.0070249503, -0.030848695
1252030127000, -0.010995574, 9.162979E-4, -0.029626964
1252034411000, -0.022907447, -6.1086525E-4, -0.02443461
1252039371000, -0.022907447, -0.035430185, -0.021380283
1252044443000, -0.014966198, -0.03359759, -0.024129177
1252049383000, -0.0067195175, -0.0061086523, -0.01863139
1252054415000, 0.002443461, 0.003970624, -0.018325957
1252059400000, -0.005497787, -0.006414085, -0.01282817
1252064405000, 0.00580322, -0.009773844, -0.004886922
1252069422000, 0.005192355, -0.01038471, -0.0030543262
1252074388000, 0.008552114, -0.015577064, -6.1086525E-4
1252079468000, 0.010995574, -0.013133603, -0.006414085
1252084401000, 0.0076358155, -0.013439035, 3.0543262E-4
1252089403000, -0.0018325958, -0.02443461, 0.01038471
1252094430000, 0.008246681, -0.01282817, 0.014966198
1252099784000, 0.011911872, -0.013744468, 0.01740966
1252104409000, 0.014966198, -0.0143553335, 0.011911872
1252109465000, 0.0106901415, -0.01160644, 0.02107485
1252114420000, 0.015577064, -0.002443461, 0.020463986
1252119596000, 0.018936822, -0.015882496, 0.014660766
1252124403000, 0.020158553, -0.008246681, 0.008246681
1252129457000, 0.021991149, -0.018325957, 0.007330383
1252134410000, 0.018936822, -0.008857546, 0.010079277
1252139493000, 0.01160644, -0.007330383, 0.0125227375
1252144449000, 0.017715093, 0.008857546, 0.01282817
1252149684000, 0.009162978, 0.008857546, 0.0125227375
1252154444000, 0.0106901415, -0.00580322, 0.01160644
1252159791000, 0.0106901415, -0.007330383, 0.015271631
1252164451000, 0.008246681, -3.0543262E-4, 0.009468411
1252169839000, 0.009468411, 0.005497787, 0.0027488936
1252174439000, -6.1086525E-4, 0.005497787, 0.005497787
1252179399000, -0.006414085, 0.004886922, 0.007330383
1252184446000, -0.005192355, -0.0012217305, 0.01282817
1252189341000, 0.0036651916, -0.0012217305, 0.012217305
1252194431000, 3.0543262E-4, 0.002443461, 0.010079277
1252199352000, -0.002443461, -0.0021380284, 0.009773844
1252204442000, -0.009468411, 0.0036651916, 0.017715093
1252209368000, 0.0030543262, -0.0012217305, 0.015882496
1252214432000, -0.005192355, 0.003970624, 0.0125227375
1252219350000, -0.011911872, 0.009468411, 0.018020526
1252224442000, -0.0070249503, 0.022602014, 0.02107485
1252229466000, 0.0012217305, 0.021380283, 0.01863139
1252234446000, -0.002443461, 0.024740042, 0.017715093
1252239378000, 0.008246681, 0.024740042, 0.0018325958
1252244461000, -0.0061086523, 0.02107485, 0.0030543262
1252249447000, -0.009468411, 0.02443461, 0.00580322
1252254441000, -0.008857546, 0.015882496, 0.004581489
1252259431000, -0.009773844, 0.0067195175, 0.0076358155
1252264453000, 3.0543262E-4, 0.008552114, 0.0036651916
1252269449000, -0.004276057, -0.0021380284, -0.009162978
1252274432000, -0.009162978, -0.0015271631, 0.003970624
1252279462000, -0.0033597588, 0.006414085, 0.009162978
1252285054000, -0.0015271631, 0.0021380284, 0.0036651916
1252289449000, -0.007330383, -0.004581489, -0.008246681
1252294401000, -0.0030543262, -0.0027488936, -0.004276057
1252299454000, 0.006414085, -0.0015271631, 9.162979E-4
1252304440000, 0.005192355, -0.0033597588, -0.006414085
1252309439000, -0.0018325958, -0.011301007, 0.0021380284
1252314451000, 0.0027488936, -0.013133603, -3.0543262E-4
1252319560000, 0.005497787, -0.01038471, -0.0033597588
1252324427000, 0.0033597588, -0.012217305, -0.0036651916
1252329493000, -0.0015271631, -0.014966198, -0.0021380284
1252334446000, -0.0015271631, -0.025350908, -0.011301007
1252339450000, 0.0027488936, -0.01863139, -0.0070249503
1252344444000, -0.0021380284, -0.017715093, -0.0033597588
1252349456000, 0.009162978, -0.026267206, 3.0543262E-4
1252355053000, 0.005497787, -0.028099801, -0.0061086523
1252359451000, 9.162979E-4, -0.028710667, -0.005497787
1252364445000, 0.004886922, -0.028405234, -0.006414085
1252369448000, -6.1086525E-4, -0.029321533, 0.0015271631
1252374420000, 0.0061086523, -0.025350908, 0.0018325958
1252379516000, 0.01160644, -0.025961773, -3.0543262E-4
1252384381000, 0.004581489, -0.031154128, 0.003970624
1252389444000, 0.0067195175, -0.027183503, 0.004581489
1252394377000, 0.014966198, -0.02565634, 0.0030543262
1252399454000, 0.007941248, -0.029321533, 0.0036651916
1252404344000, 0.009773844, -0.03481932, 0.008857546
1252409445000, 0.008552114, -0.029626964, 0.004886922
1252414343000, 0.010995574, -0.029321533, 3.0543262E-4
1252419447000, 0.0036651916, -0.035124753, -0.0021380284
1252424447000, 6.1086525E-4, -0.040011674, -0.0027488936
1252429465000, -0.004886922, -0.032986723, -0.0027488936
1252434406000, -0.01038471, -0.026572637, -0.005192355
1252439439000, -0.0070249503, -0.022296581, -0.008246681
1252444446000, 0.0012217305, -0.023823744, -0.0036651916
1252449460000, -9.162979E-4, -0.017715093, -0.006414085
1252454429000, -0.0067195175, -0.015882496, -0.0036651916
1252459431000, -0.0021380284, -0.020463986, -0.0033597588
1252464444000, -3.0543262E-4, -0.01740966, -0.0106901415
1252469444000, -0.013133603, -0.010995574, -0.010079277
1252474414000, -0.016187929, -0.016493361, -0.0030543262
1252479477000, -0.014660766, -0.018020526, -0.009468411
1252484419000, -0.0067195175, -0.013439035, -0.008246681
1252489435000, -9.162979E-4, -0.014660766, -0.007941248
1252494514000, -0.004886922, -0.007330383, -0.009468411
1252499450000, -0.012217305, -0.003970624, -0.0012217305
1252504443000, -0.004886922, -0.0076358155, 3.0543262E-4
1252509433000, 0.0018325958, -0.003970624, -0.0021380284
1252514497000, 0.003970624, -0.004581489, 0.009773844
1252519451000, 0.0030543262, -0.011911872, 0.008552114
1252524695000, -0.0012217305, -0.008552114, -0.003970624
1252529487000, -0.008857546, -3.0543262E-4, 3.0543262E-4
1252534703000, -0.002443461, -0.0076358155, 0.004581489
1252539421000, -0.004886922, -0.010079277, 6.1086525E-4
1252544637000, -0.003970624, -0.01282817, 0.009773844
1252549452000, 0.0036651916, -9.162979E-4, 0.008857546
1252554391000, 0.009773844, 3.0543262E-4, 0.011301007
1252559438000, -0.009773844, -0.0106901415, 9.162979E-4
1252564353000, -0.004581489, -0.00580322, 0.01282817
1252569442000, 0.004276057, -3.0543262E-4, 0.007330383
1252574403000, 0.005497787, 3.0543262E-4, 0.005497787
1252579526000, 0.002443461, 0.003970624, 0.01160644
1252584419000, -0.0027488936, 0.00580322, 0.011911872
1252589445000, 0.0067195175, -0.0015271631, 0.0070249503
1252594422000, 0.004276057, 0.0012217305, 0.008857546
1252599450000, 0.004276057, 9.162979E-4, 0.0076358155
1252604357000, 9.162979E-4, -0.004581489, 0.0125227375
1252609374000, 0.004581489, -0.0070249503, 0.009468411
1252614329000, 0.0021380284, -0.0015271631, 0.009162978
1252619358000, 0.01282817, -3.0543262E-4, 0.013744468
1252624292000, 0.00580322, -0.0015271631, 0.0070249503
1252629360000, 0.007941248, -0.01160644, 0.011301007
1252634277000, 0.0030543262, -0.009773844, 0.013439035
1252639342000, 0.008552114, -0.004581489, 0.014049901
1252644329000, 0.004276057, -0.002443461, 0.018020526
1252649347000, 0.0067195175, -0.0033597588, 0.01985312
1252654296000, 0.008246681, -0.005192355, 0.019547688
1252659358000, 0.016187929, -0.009773844, 0.015577064
1252664400000, 0.016493361, -0.01160644, 0.0106901415
1252669407000, 0.01038471, -0.010079277, 0.0106901415
1252674396000, 0.007330383, -0.0125227375, 0.0143553335
1252679898000, 0.010079277, -0.0067195175, 0.016493361
1252684382000, 0.018020526, 0.002443461, 0.01740966
1252689406000, 0.011911872, -0.0061086523, 0.013439035
1252694434000, 0.0106901415, -0.0070249503, 0.014966198
1252699412000, 0.005497787, -0.019242255, 0.011301007
1252704434000, 0.0070249503, -0.0076358155, 0.012217305
1252709385000, 0.01863139, -0.0036651916, 0.0070249503
1252714423000, 0.0143553335, -0.004276057, 0.010079277
1252719410000, 0.006414085, -0.013744468, 0.008246681
1252724406000, 0.003970624, -0.010079277, 0.0106901415
1252729524000, 0.0018325958, -0.0067195175, 0.007330383
1252734507000, 0.003970624, -0.0076358155, 0.014966198
1252739406000, 0.0106901415, -0.005192355, 0.009468411
1252744444000, 0.008857546, -0.006414085, 0.016493361
1252749412000, 0.006414085, -0.008552114, 0.0143553335
1252754410000, 0.008246681, -0.0070249503, 0.013744468
1252759390000, -6.1086525E-4, -0.008552114, 0.0070249503
1252764425000, 0.009773844, -0.013744468, 0.0106901415
1252769408000, 0.0061086523, -0.009468411, 0.010079277
1252774382000, 0.0076358155, -0.007330383, 0.0070249503
1252779534000, 0.003970624, -0.004886922, 0.007330383
1252784447000, 0.0033597588, -0.010079277, 0.008246681
1252789440000, 0.004276057, -3.0543262E-4, 0.011911872
1252794462000, 3.0543262E-4, -0.0012217305, 0.004886922
1252799445000, 0.002443461, -0.0012217305, 0.004581489
1252804443000, 0.0033597588, -0.009162978, 0.0027488936
1252809424000, 0.00580322, -0.002443461, 0.007941248
1252814454000, 0.002443461, -0.01160644, 0.0067195175
1252819441000, 0.002443461, -0.0067195175, 0.0076358155
1252824434000, 0.0067195175, -0.0012217305, 0.0067195175
1252829496000, 0.002443461, -0.003970624, 0.005192355
1252834450000, -0.0018325958, -0.005497787, -3.0543262E-4
1252839437000, -0.007330383, -0.008552114, 0.0012217305
1252844408000, 6.1086525E-4, -0.004886922, 0.0061086523
1252849409000, 0.0018325958, 0.003970624, 6.1086525E-4
1252854406000, -0.011911872, 0.003970624, -0.007330383
1252859383000, -0.008246681, -0.0036651916, -0.0027488936
1252864424000, -0.0033597588, -3.0543262E-4, 0.0012217305
1252869380000, -0.0027488936, -0.0021380284, -0.0036651916
1252874420000, -0.005192355, -0.0061086523, 3.0543262E-4
1252879394000, -0.0036651916, -0.004276057, -0.0027488936
1252884415000, -0.004886922, -0.009773844, -0.0067195175
1252889336000, 0.00580322, -0.004886922, 0.0015271631
1252894451000, 6.1086525E-4, -0.0076358155, -0.0033597588
1252899342000, -0.009162978, -0.004886922, -0.010079277
1252904414000, -0.009468411, -0.0067195175, -0.010079277
1252909364000, -0.004276057, -0.0070249503, -0.0067195175
1252914418000, -0.004276057, -0.003970624, -0.0030543262
1252919354000, -0.007330383, -0.011301007, -0.0070249503
1252924406000, 9.162979E-4, -0.007330383, -0.0033597588
1252929410000, -0.016187929, -0.0106901415, -0.0030543262
1252934413000, -0.016187929, -0.0036651916, -0.008857546
1252939388000, 0.0018325958, -0.003970624, -0.0030543262
1252944421000, -0.0015271631, -0.012217305, -0.003970624
1252949384000, -0.004886922, -0.017104227, 0.0015271631
1252954411000, 0.003970624, -0.019242255, -0.002443461
1252959396000, -0.011301007, -0.014966198, -0.0061086523
1252964422000, -0.0021380284, -0.015271631, -0.0061086523
1252969371000, 0.002443461, -0.011911872, 0.004886922
1252974401000, 0.005192355, -0.010995574, 0.0033597588
1252979673000, 0.0018325958, -0.010995574, 6.1086525E-4
1252984411000, 0.0076358155, -0.016798794, -0.002443461
1252989544000, 0.002443461, -0.008246681, 0.004276057
1252994415000, 0.008857546, -0.0018325958, 0.006414085
1252999356000, 0.0012217305, 0.0018325958, -3.0543262E-4
1253004409000, 0.007330383, -0.0021380284, 0.0067195175
1253009370000, 0.009468411, -6.1086525E-4, 9.162979E-4
1253014421000, -0.0015271631, -6.1086525E-4, 0.0015271631
1253019344000, -0.008246681, -9.162979E-4, -0.004886922
1253024413000, -0.006414085, -0.0015271631, -6.1086525E-4
1253029405000, -0.0018325958, 0.014049901, 0.0021380284
1253034399000, -0.0070249503, 0.004581489, -0.004581489
1253039362000, -0.0143553335, -0.0018325958, 0.004581489
1253044454000, -0.005192355, -0.0012217305, 0.008246681
1253049419000, -0.0027488936, 0.0033597588, 0.005192355
1253054407000, -0.0076358155, 0.004276057, 0.00580322
1253059395000, -0.012217305, 0.0021380284, 0.004581489
1253064416000, 0.0015271631, -3.0543262E-4, 0.005497787
1253069412000, -0.0076358155, 0.002443461, 0.004276057
1253074404000, -0.0021380284, 6.1086525E-4, 0.0030543262
1253079415000, -0.0021380284, 0.008552114, 0.0036651916
1253084409000, -0.0076358155, -0.0027488936, 0.0030543262
1253089409000, 9.162979E-4, 0.0030543262, 3.0543262E-4
1253094395000, -0.002443461, 0.0067195175, 0.0076358155
1253099418000, 0.008552114, 0.0067195175, 0.0015271631
1253104409000, -0.0070249503, 0.0070249503, 9.162979E-4
1253109392000, -0.0036651916, -0.0027488936, 0.008246681
1253114417000, 0.002443461, 0.003970624, 0.0030543262
1253119412000, 0.003970624, 0.004581489, -0.0030543262
1253124406000, 0.003970624, -0.0033597588, 0.007941248
1253129440000, 0.005192355, -6.1086525E-4, -0.0015271631
1253134411000, -0.009773844, -0.01038471, -0.005497787
1253139408000, -0.002443461, -0.01038471, -0.0018325958
1253144404000, 0.0012217305, -0.0030543262, -0.0027488936
1253149418000, 0.0012217305, -0.005192355, 0.0033597588
1253154407000, 6.1086525E-4, -0.008246681, -0.005192355
1253159391000, -0.0036651916, -0.0036651916, -0.005192355
1253164410000, -0.005192355, -0.003970624, 0.0018325958
1253169409000, -0.005192355, -0.008552114, 9.162979E-4
1253174410000, -0.005192355, -0.0143553335, 0.0012217305
1253179430000, -9.162979E-4, -0.008857546, 0.004276057
1253184351000, 0.007941248, -0.008246681, 0.007330383
1253189409000, 0.013133603, -0.0012217305, 0.0106901415
1253194392000, -0.0015271631, -0.0106901415, 0.005497787
1253199419000, -0.0033597588, -0.0143553335, 0.009468411
1253204383000, 0.008246681, -0.008552114, 0.00580322
1253209400000, 0.014049901, -9.162979E-4, 0.0061086523
1253214427000, 0.0036651916, -0.0106901415, 0.018325957
1253219410000, 0.011301007, -0.009162978, 0.005192355
1253224391000, 0.0070249503, -0.005497787, 0.01160644
1253229414000, 0.00580322, -0.01038471, 0.0106901415
1253234573000, 0.010995574, -0.0027488936, 0.018936822
1253239403000, -9.162979E-4, -0.005192355, 0.0106901415
1253244656000, 0.0012217305, -0.0106901415, 0.0076358155
1253249417000, 0.007941248, -0.011911872, 0.01282817
1253254673000, 0.013133603, -0.004276057, 0.01160644
1253259389000, 0.005192355, -0.0018325958, 0.005497787
1253264750000, 0.012217305, -0.0027488936, 0.01160644
1253269408000, 0.009162978, 6.1086525E-4, 0.0125227375
1253274383000, 0.008857546, 0.005497787, 0.011911872
1253279427000, 0.0143553335, 6.1086525E-4, 0.011911872
1253284347000, 0.003970624, -0.0076358155, 0.007330383
1253289404000, 0.0036651916, -0.003970624, 0.00580322
1253294439000, 0.0021380284, -0.0033597588, 0.008552114
1253299415000, 0.0106901415, 0.004276057, 0.004886922
1253304345000, -0.005497787, -9.162979E-4, 0.0076358155
1253309389000, -0.0015271631, -3.0543262E-4, 0.009468411
1253314352000, -0.007941248, 9.162979E-4, 0.008246681
1253319409000, -6.1086525E-4, -0.009468411, 0.008857546
1253324414000, -0.003970624, -0.009468411, 0.008246681
1253329418000, 0.007941248, -0.002443461, 0.0018325958
1253334364000, 0.0012217305, -0.0061086523, 0.009162978
1253339403000, -0.002443461, -0.010995574, 0.010079277
1253344436000, 0.002443461, -0.013744468, -6.1086525E-4
1253349422000, 0.0021380284, -0.013133603, 0.0018325958
1253354429000, 6.1086525E-4, -0.016493361, 0.0018325958
1253359402000, 0.0012217305, -0.01282817, 0.0067195175
1253364422000, 0.0036651916, -0.014660766, 0.0033597588
1253369405000, 0.004886922, -0.013439035, 0.003970624
1253374409000, -9.162979E-4, -0.019547688, -0.0076358155
1253379416000, 0.005192355, -0.01740966, 9.162979E-4
1253384411000, 0.003970624, -0.01282817, -0.0036651916
1253389406000, 0.009773844, -0.01740966, -0.0033597588
1253394426000, 0.007330383, -0.007330383, -0.008857546
1253399410000, -9.162979E-4, -0.014660766, 0.0015271631
1253404409000, 0.0036651916, -0.01038471, -0.004276057
1253409386000, 0.002443461, -0.007941248, -6.1086525E-4
1253414423000, 0.004276057, -0.004581489, -0.002443461
1253419404000, -0.0015271631, -0.011911872, 9.162979E-4
1253424409000, 0.0030543262, -0.015577064, 0.004581489
1253429430000, -6.1086525E-4, -0.007941248, 6.1086525E-4
1253434415000, 0.0021380284, -0.011301007, 6.1086525E-4
1253439402000, 0.0027488936, -0.016493361, 0.0036651916
1253444424000, 0.0018325958, -0.01038471, 0.0033597588
1253449412000, 0.004886922, -0.007941248, 0.0030543262
1253454408000, 9.162979E-4, -0.021685716, 0.0027488936
1253459385000, 0.0027488936, -0.01985312, 0.004886922
1253464420000, -0.0036651916, -0.030848695, 0.00580322
1253469371000, 0.002443461, -0.020463986, -0.0030543262
1253474409000, -9.162979E-4, -0.013744468, 0.0021380284
1253479390000, 0.0061086523, -0.008857546, 0.007941248
1253484415000, 0.005497787, -0.009162978, 0.0070249503
1253489338000, 3.0543262E-4, -0.010079277, 0.011301007
1253494423000, -3.0543262E-4, -0.00580322, 0.006414085
1253499346000, 0.004886922, -0.0027488936, 0.0012217305
1253504411000, 0.008552114, -0.0018325958, 0.003970624
1253509379000, 0.006414085, -0.003970624, -0.0012217305
1253514423000, 0.004276057, -0.0070249503, 0.003970624
1253519384000, -0.0012217305, -0.004886922, 0.0036651916
1253524403000, 0.008552114, -0.0033597588, 6.1086525E-4
1253529441000, 0.0012217305, -6.1086525E-4, 0.004886922
1253534414000, 0.006414085, -6.1086525E-4, 0.0018325958
1253539403000, -0.0018325958, 0.002443461, 0.005192355
1253544422000, 9.162979E-4, -0.0067195175, 0.0067195175
1253549424000, 0.0021380284, -0.0070249503, 0.0061086523
1253554409000, -0.003970624, -0.004276057, 0.005192355
1253559375000, 0.004581489, -0.005497787, 0.0067195175
1253564423000, 0.0018325958, -0.0036651916, 0.011301007
1253569382000, 0.004886922, 0.0033597588, 0.010995574
1253574388000, 0.013133603, -0.0015271631, 0.007330383
1253579730000, 0.0027488936, -0.005192355, 0.0027488936
1253584412000, -0.005497787, -0.003970624, 0.007941248
