#Rate of rotation around the x y z axes (Angular velocity).
#timestamp(ns),x,y,z(rad/s)
#Datetime: 08/07/2014 15:40:30
##########################################
#Activity: 8 - CSI - Car-Step in - 6s
#Subject ID: 18
#First Name: sub18
#Last Name: sub18
#Age: 25
#Height(cm): 176
#Weight(kg): 73
#Gender: Male
##########################################

@DATA
2499467949000, 0.4538729, 0.30268374, -0.13958271
2499472925000, 0.48441613, 0.3222314, -0.14202617
2499477895000, 0.5112942, 0.35338554, -0.14080444
2499482905000, 0.52106804, 0.37782016, -0.14263703
2499487914000, 0.5366451, 0.42241332, -0.14202617
2499492929000, 0.5525276, 0.44806966, -0.15088372
2499497921000, 0.5674938, 0.473726, -0.16523905
2499502917000, 0.5674938, 0.5006041, -0.16676621
2499507910000, 0.5693264, 0.5030475, -0.18020524
2499512917000, 0.56230146, 0.51893, -0.18845193
2499517914000, 0.53878313, 0.5342017, -0.18692477
2499522907000, 0.50671273, 0.5363397, -0.18570304
2499528468000, 0.47952923, 0.5308419, -0.18203785
2499532919000, 0.453262, 0.5290093, -0.17959438
2499537912000, 0.43585235, 0.5128214, -0.18417588
2499542921000, 0.40683624, 0.48441613, -0.18325958
2499547935000, 0.38912117, 0.47067168, -0.1731803
2499552905000, 0.3726278, 0.48258355, -0.160963
2499557902000, 0.3585779, 0.4990769, -0.1441642
2499562912000, 0.33567044, 0.5030475, -0.13500121
2499567912000, 0.33261612, 0.5036584, -0.11575896
2499572908000, 0.3145956, 0.49205196, -0.10323623
2499577893000, 0.30818152, 0.4813618, -0.08857546
2499582928000, 0.31123585, 0.46181414, -0.070249505
2499587893000, 0.31031954, 0.4343252, -0.05681047
2499592926000, 0.2950479, 0.37568212, -0.062002823
2499598526000, 0.28588495, 0.33261612, -0.064751714
2499602887000, 0.2761111, 0.29443705, -0.061086524
2499608014000, 0.27366763, 0.2764165, -0.055588737
2499612961000, 0.28191432, 0.24862215, -0.03023783
2499617873000, 0.28221974, 0.21197024, -0.003970624
2499622890000, 0.27916542, 0.1966986, 0.018936822
2499627901000, 0.28221974, 0.1777618, 0.032070424
2499632934000, 0.27550024, 0.13103059, 0.050701816
2499637894000, 0.29138273, 0.089186326, 0.07666359
2499642907000, 0.27580565, 0.059864793, 0.09712757
2499647925000, 0.2950479, 0.02687807, 0.11728613
2499652834000, 0.29901853, -0.008246681, 0.13133603
2499657824000, 0.30940324, -0.0421497, 0.1518
2499662860000, 0.32253686, -0.05222898, 0.16249016
2499667838000, 0.32711834, 0.008552114, 0.19975294
2499672827000, 0.3408628, 0.044593163, 0.20769419
2499677839000, 0.3454443, 0.051923547, 0.21044308
2499682834000, 0.35033122, 0.03145956, 0.21197024
2499687825000, 0.3484986, 0.03359759, 0.20372356
2499692817000, 0.32375857, 0.048563786, 0.1826487
2499697838000, 0.30909783, 0.08246681, 0.16890424
2499702904000, 0.28069258, 0.12339478, 0.15943582
2499707900000, 0.25137106, 0.1563815, 0.15027285
2499712918000, 0.21930063, 0.20616703, 0.1432479
2499717918000, 0.19242255, 0.24953845, 0.13194689
2499722912000, 0.17531833, 0.23976462, 0.116980694
2499727901000, 0.16768251, 0.20799962, 0.1020145
2499732919000, 0.16187929, 0.21044308, 0.09743301
2499737892000, 0.16340645, 0.24190263, 0.09773844
2499742905000, 0.1518, 0.2724459, 0.10048734
2499747924000, 0.16462818, 0.30543262, 0.102319926
2499752913000, 0.16126843, 0.33505958, 0.10995574
2499757901000, 0.18234327, 0.35308012, 0.11209377
2499762927000, 0.19639318, 0.34116822, 0.100792766
2499767919000, 0.22266038, 0.3231477, 0.09010262
2499772910000, 0.23426682, 0.29718593, 0.070554934
2499777902000, 0.25534168, 0.2751948, 0.06780604
2499783634000, 0.27366763, 0.27366763, 0.060170226
2499787914000, 0.2941316, 0.29229903, 0.055283304
2499792904000, 0.29077184, 0.31581733, 0.06780604
2499797944000, 0.28496864, 0.3210097, 0.07666359
2499802902000, 0.28893927, 0.33475417, 0.09040806
2499809015000, 0.2929099, 0.34483343, 0.09590584
2499812952000, 0.2855795, 0.3417791, 0.09468412
2499817916000, 0.28588495, 0.32559118, 0.083383106
2499822909000, 0.2751948, 0.31856623, 0.076358154
2499827896000, 0.269697, 0.31031954, 0.069027774
2499832924000, 0.26145032, 0.29840767, 0.058337633
2499837912000, 0.25473082, 0.28313604, 0.059253927
2499842901000, 0.24373524, 0.26633725, 0.05131268
2499847922000, 0.22388211, 0.25870144, 0.04520403
2499853589000, 0.22143865, 0.24617869, 0.063224554
2499857905000, 0.20066923, 0.24190263, 0.06261369
2499862940000, 0.19211712, 0.24281894, 0.06169739
2499867913000, 0.18478674, 0.258396, 0.0693332
2499872908000, 0.18875736, 0.2770274, 0.07727446
2499877892000, 0.17440203, 0.26542094, 0.06383542
2499882915000, 0.15974127, 0.23854288, 0.062002823
2499887911000, 0.15118915, 0.21166481, 0.05681047
2499892917000, 0.14874569, 0.19456059, 0.056505036
2499897919000, 0.1459968, 0.18570304, 0.062002823
2499902915000, 0.14080444, 0.1731803, 0.07574729
2499907908000, 0.14110987, 0.16584991, 0.08032878
2499912942000, 0.13530666, 0.15851954, 0.09407325
2499917918000, 0.14508049, 0.16737708, 0.10476339
2499923122000, 0.1469131, 0.17592919, 0.098043874
2499927903000, 0.14630222, 0.1863139, 0.09285152
2499932888000, 0.13713925, 0.16584991, 0.105068825
2499937912000, 0.1337795, 0.18295415, 0.12034045
2499942909000, 0.12308934, 0.23151793, 0.12370021
2499947942000, 0.11362094, 0.18387043, 0.1020145
2499952915000, 0.12889257, 0.10903945, 0.09987647
2499957909000, 0.14966199, 0.08246681, 0.096516706
2499962942000, 0.1600467, 0.083383106, 0.1020145
2499967916000, 0.14721853, 0.09682214, 0.10567969
2499972915000, 0.12675454, 0.10262536, 0.11178834
2499977893000, 0.11178834, 0.07544186, 0.12308934
2499982919000, 0.110872045, 0.06078109, 0.12675454
2499987913000, 0.09468412, 0.047036625, 0.14110987
2499992943000, 0.10751228, 0.0421497, 0.15577064
2499997934000, 0.09560041, 0.053450707, 0.15821409
2500002915000, 0.076358154, 0.05955936, 0.16249016
2500007896000, 0.07696902, 0.070554934, 0.16187929
2500012944000, 0.073303826, 0.08857546, 0.17165314
2500017921000, 0.07360926, 0.12156218, 0.16829337
2500022910000, 0.06536258, 0.15210545, 0.17073683
2500027899000, 0.06383542, 0.18936823, 0.18051068
2500032922000, 0.062002823, 0.1685988, 0.20799962
2500037910000, 0.04337143, 0.096516706, 0.22388211
2500042894000, 0.044898596, 0.007330383, 0.2510656
2500047963000, 0.034208454, -0.05375614, 0.26816985
2500052919000, 0.016493361, -0.058643065, 0.29016098
2500057908000, -0.022602014, -0.043982297, 0.31581733
2500062978000, -0.061086524, -0.0106901415, 0.344528
2500067928000, -0.101098195, -0.019547688, 0.36896262
2500072906000, -0.118507855, -0.043066, 0.39950588
2500077894000, -0.13255776, -0.069027774, 0.42821655
2500082920000, -0.12767084, -0.08307768, 0.46395215
2500087914000, -0.15210545, -0.0571159, 0.49541172
2500092923000, -0.18509217, -0.049785517, 0.52198434
2500097920000, -0.21044308, -0.05131268, 0.5494733
2500102913000, -0.2443461, -0.06383542, 0.58246
2500108719000, -0.27183503, -0.0870483, 0.6087272
2500112902000, -0.30726522, -0.09987647, 0.6429357
2500117917000, -0.33169982, -0.105374254, 0.6646214
2500122907000, -0.3998113, -0.09132435, 0.6951646
2500127893000, -0.4456262, -0.07574729, 0.71776664
2500132892000, -0.49388456, -0.03604105, 0.7449502
2500137914000, -0.54092115, 0.022907447, 0.7489208
2500142911000, -0.569021, 0.11942416, 0.7651087
2500147925000, -0.59528816, 0.24007004, 0.7770206
2500152912000, -0.623388, 0.38912117, 0.7849618
2500157918000, -0.6563747, 0.52595496, 0.79198676
2500162923000, -0.6774496, 0.64568454, 0.786489
2500167914000, -0.691194, 0.73975784, 0.7837401
2500172906000, -0.6737844, 0.788627, 0.7831292
2500178689000, -0.63224554, 0.7867944, 0.79168135
2500182919000, -0.5503896, 0.77549344, 0.8127562
2500187909000, -0.46639562, 0.77946407, 0.80573124
2500192917000, -0.40500367, 0.83658, 0.81153446
2500197928000, -0.33658674, 0.93462384, 0.8213083
2500202884000, -0.26053402, 1.0027353, 0.829555
2500208012000, -0.1994475, 0.9825767, 0.8426886
2500212885000, -0.15210545, 0.95905846, 0.8335256
2500217875000, -0.1337795, 0.8961393, 0.80970186
2500222885000, -0.14905111, 0.80909103, 0.7693848
2500227890000, -0.20738874, 0.72418076, 0.72326446
2500232880000, -0.30115658, 0.6646214, 0.6585127
2500237900000, -0.41355577, 0.6047566, 0.5852089
2500242888000, -0.5488624, 0.57360244, 0.5030475
2500248322000, -0.7370089, 0.5140431, 0.43860126
2500252816000, -0.96761054, 0.4538729, 0.4147775
2500257839000, -1.1129965, 0.4746423, 0.43401974
2500262866000, -1.1905763, 0.53878313, 0.4633413
2500267833000, -1.1768318, 0.65270954, 0.5152648
2500272837000, -1.0338894, 0.7058548, 0.5839872
2500277856000, -0.8353582, 0.6178902, 0.6872234
2500282842000, -0.61086524, 0.46670106, 0.7648033
2500287827000, -0.43463063, 0.32559118, 0.7901542
2500292811000, -0.35338554, 0.15943582, 0.81489426
2500297855000, -0.37568212, 0.029932396, 0.79137594
2500302902000, -0.46517387, 0.021380283, 0.7501425
2500307901000, -0.5873469, 0.050701816, 0.7247916
2500312935000, -0.6453791, 0.03970624, 0.73731434
2500317990000, -0.72295904, -0.10445796, 0.795652
2500322909000, -0.75502944, -0.26633725, 0.81092364
2500327897000, -0.752586, -0.37965274, 0.8194757
2500332923000, -0.75502944, -0.44409904, 0.820392
2500337914000, -0.7657196, -0.47555858, 0.7965683
2500342910000, -0.7486154, -0.49235737, 0.76144356
2500347932000, -0.71959925, -0.49388456, 0.7134906
2500352915000, -0.6795876, -0.57451874, 0.65179324
2500357909000, -0.6374379, -0.6597345, 0.54825157
2500362909000, -0.59131753, -0.79412484, 0.41416663
2500367919000, -0.5357288, -0.8396343, 0.29657507
2500372907000, -0.50518554, -0.70432764, 0.18753563
2500377902000, -0.47219884, -0.5852089, 0.13041973
2500382917000, -0.4474588, -0.5357288, 0.106901415
2500387879000, -0.38453966, -0.5525276, 0.08857546
2500392950000, -0.3213151, -0.6221663, 0.04734206
2500397960000, -0.31612277, -0.63255095, 0.081855945
2500402950000, -0.30940324, -0.5983425, 0.14721853
2500408158000, -0.30634892, -0.59773165, 0.15057829
2500413031000, -0.3173445, -0.6417139, 0.17287487
2500417952000, -0.32742378, -0.72692966, 0.22082779
2500422946000, -0.3652974, -0.78038037, 0.2406809
2500427950000, -0.40103304, -0.7968737, 0.2782491
2500432950000, -0.41630468, -0.904386, 0.2929099
2500437954000, -0.43096542, -0.9935723, 0.33628133
2500442935000, -0.46089783, -0.906524, 0.3359759
2500448082000, -0.5119051, -1.0167851, 0.32345316
2500452954000, -0.5656612, -1.1319333, 0.31123585
2500457946000, -0.6065892, -1.1563679, 0.30634892
2500462918000, -0.66675943, -1.2064588, 0.30634892
2500467916000, -0.73792523, -1.2904528, 0.29138273
2500472909000, -0.8249735, -1.310306, 0.24678956
2500477899000, -0.8943067, -1.2751812, 0.25625798
2500482925000, -0.9764681, -1.2165382, 0.28313604
2500487914000, -1.0528263, -1.1734722, 0.24984388
2500492909000, -1.131017, -1.1710287, 0.258396
2500497933000, -1.2223413, -1.1554517, 0.2602286
2500503527000, -1.2886202, -1.1588113, 0.2501493
2500507915000, -1.3121386, -1.1383474, 0.25503623
2500512939000, -1.3735305, -1.1508701, 0.28099802
2500517916000, -1.4129313, -1.1859949, 0.34972036
2500522905000, -1.455081, -1.2144, 0.34422258
2500527899000, -1.4926492, -1.2855659, 0.3494149
2500532924000, -1.5170839, -1.4086553, 0.39584067
2500537915000, -1.5436565, -1.4636332, 0.36713
2500542908000, -1.557401, -1.5134187, 0.36560285
2500547925000, -1.5436565, -1.5812247, 0.39370266
2500552922000, -1.5381587, -1.6096299, 0.36774087
2500557911000, -1.5085317, -1.6432275, 0.31673363
2500562970000, -1.4633276, -1.6646078, 0.3155119
2500567916000, -1.4312572, -1.6530013, 0.2929099
2500573304000, -1.3848315, -1.5540411, 0.19364429
2500577902000, -1.3399329, -1.4175128, 0.14172074
2500582921000, -1.2379184, -1.3481796, 0.10567969
2500587914000, -1.1508701, -1.2748758, 0.059253927
2500592914000, -1.0742066, -1.1960741, -0.016493361
2500597939000, -0.9923506, -1.1316279, -0.13225232
2500602917000, -0.9401216, -0.9324858, -0.15607607
2500608225000, -0.92271197, -0.6414085, -0.20738874
2500612910000, -0.82344633, -0.50793445, -0.226631
2500617908000, -0.7874053, -0.28893927, -0.24831672
2500622941000, -0.66737026, -0.11209377, -0.26542094
2500627949000, -0.5589417, 0.09773844, -0.26083946
2500632943000, -0.4822781, 0.2919936, -0.28496864
2500637949000, -0.43279803, 0.4841107, -0.29993483
2500643437000, -0.43157628, 0.6704246, -0.3155119
2500647983000, -0.44012842, 0.820392, -0.2950479
2500652947000, -0.46486846, 0.95233893, -0.28313604
2500657947000, -0.48533243, 1.0247264, -0.28130344
2500662953000, -0.5018258, 1.0580186, -0.28924468
2500667956000, -0.5122105, 1.0552697, -0.31490102
2500672915000, -0.53786683, 1.031446, -0.32986724
2500677953000, -0.57726765, 1.0170907, -0.364992
2500682949000, -0.6218608, 0.9779953, -0.39920044
2500687947000, -0.64873886, 0.89919364, -0.42852196
2500692939000, -0.63255095, 0.8374963, -0.4569272
2500697983000, -0.6243043, 0.7996226, -0.48899764
2500702946000, -0.61483586, 0.7431176, -0.50701815
2500707948000, -0.63132924, 0.68844515, -0.54305923
2500713123000, -0.63407815, 0.6267477, -0.5488624
2500717951000, -0.64599, 0.5195409, -0.61269784
2500722936000, -0.65118235, 0.44929138, -0.6365216
2500727946000, -0.66431594, 0.5207626, -0.54061574
2500732946000, -0.6401868, 0.44257188, -0.47555858
2500737953000, -0.61391956, 0.43096542, -0.43096542
2500742976000, -0.5876524, 0.37018433, -0.33933565
2500747992000, -0.58459806, 0.3313944, -0.26328292
2500752945000, -0.59040123, 0.23396139, -0.19700404
2500757946000, -0.6395759, 0.23823744, -0.014660766
2500762939000, -0.7153232, 0.18478674, 0.13897185
2500767950000, -0.86315256, 0.1337795, 0.2864958
2500772909000, -0.99265605, 0.29077184, 0.39461896
2500777944000, -1.0522153, 0.45875978, 0.45081854
2500782888000, -1.0479393, 0.5155703, 0.46028697
2500787948000, -1.0375546, 0.4868596, 0.35308012
2500792902000, -0.9767735, 0.45845437, 0.24953845
2500797978000, -0.9388999, 0.39614612, 0.062308256
2500802904000, -0.9294315, 0.29932398, -0.03726278
2500807950000, -0.91782504, 0.14813483, -0.16340645
2500812911000, -0.9245446, 0.083383106, -0.35796702
2500817922000, -0.86834496, 0.09712757, -0.45112398
2500822951000, -0.8356637, 0.35918877, -0.61086524
2500828612000, -0.67073005, 0.4792238, -0.7315111
2500832917000, -0.54825157, 0.5729916, -0.7257079
2500837911000, -0.5006041, 0.79320854, -0.72021013
2500843222000, -0.41050145, 1.1154399, -0.7984009
2500847918000, -0.28252518, 1.2351695, -0.8689558
2500852851000, -0.2144137, 1.2275337, -0.91415983
2500857905000, -0.19120082, 1.5152513, -0.81306165
2500862899000, -0.1591304, 1.6450601, -0.7162395
2500867928000, -0.16798794, 1.6737708, -0.6032294
2500872870000, -0.2519819, 1.6471981, -0.4972443
2500877897000, -0.36468655, 1.6151277, -0.4474588
2500883246000, -0.44959682, 1.6163495, -0.37965274
2500887910000, -0.5180137, 1.8164078, -0.37934732
2500892906000, -0.45937067, 1.9960022, -0.36651915
2500898904000, -0.35430184, 2.3900104, -0.26450464
2500902905000, -0.052534413, 2.4578164, -0.22204952
2500907905000, -9.162979E-4, 2.6224444, -0.13194689
2500912976000, 0.08032878, 2.73576, -0.005192355
2500917960000, 0.12308934, 2.7889054, 0.12308934
2500922925000, 0.09560041, 2.807842, 0.22143865
2500927902000, 0.036957346, 2.9269607, 0.28344148
2500932918000, 0.028099801, 2.90161, 0.4373795
2500937912000, -3.0543262E-4, 2.783102, 0.4972443
2500942896000, -0.067500606, 2.6471846, 0.5128214
2500947958000, -0.09162979, 2.4538457, 0.4636467
2500952948000, -0.06780604, 2.2751677, 0.40622538
2500957928000, -0.032986723, 2.0549507, 0.41355577
2500962990000, -0.007330383, 1.7547104, 0.5421429
2500968433000, -0.05375614, 1.6212363, 0.58459806
2500972924000, -0.054367006, 1.6691893, 0.59498274
2500977942000, -0.014049901, 1.4547756, 0.59315014
2500982951000, -0.054367006, 1.6172657, 0.4569272
2500987944000, 0.06780604, 1.5803084, 0.41080686
2500992903000, 0.081855945, 1.0198395, 0.42088616
2500997906000, 0.004581489, 0.098043874, 0.43799037
2501002921000, -0.28405234, -0.5494733, 0.39553526
2501007907000, -0.50426924, -0.4129449, 0.26542094
2501012993000, -0.48349985, -0.5335908, 0.21074851
2501017949000, -0.58246, -0.9077458, 0.2180789
2501022947000, -0.8145888, -1.2195925, 0.31520647
2501027933000, -1.0204504, -1.4269812, 0.40958515
2501032947000, -1.1560625, -1.3988814, 0.5299256
2501037991000, -1.2675453, -1.3084733, 0.6740898
2501042980000, -1.3271047, -1.1594223, 0.77457714
2501047925000, -1.350623, -0.9245446, 0.8063421
2501052945000, -1.2629639, -0.57787853, 0.82741696
2501057890000, -1.144456, -0.31703907, 0.8072584
2501063025000, -1.039998, -0.089491755, 0.77579886
2501067956000, -0.94714653, 0.06383542, 0.7852673
2501072926000, -0.8949176, 0.2321288, 0.83169305
2501078026000, -0.8979719, 0.42180246, 0.8888089
2501082947000, -0.91721416, 0.57910025, 0.97035944
2501088166000, -0.9089675, 0.70249504, 1.0763446
2501092977000, -0.9126327, 0.7470882, 1.1270463
2501097908000, -0.906524, 0.8216137, 1.1557571
2501102942000, -0.9465357, 0.8536842, 1.212262
2501107846000, -0.99387777, 0.8188649, 1.2348641
2501112945000, -1.0598512, 0.7281514, 1.2855659
2501117854000, -1.1249083, 0.5674938, 1.3176364
2501122942000, -1.2009611, 0.37782016, 1.3109168
2501127866000, -1.2901474, 0.15577064, 1.3487904
2501132952000, -1.3768903, -0.14935656, 1.3860532
2501137932000, -1.4361442, -0.45662177, 1.4159856
2501142941000, -1.50731, -0.74281216, 1.3817772
2501147943000, -1.5497651, -0.9654725, 1.416902
2501153666000, -1.713477, -1.0552697, 1.4398094
2501157950000, -1.930945, -1.0012082, 1.4110987
2501162967000, -2.1197023, -0.8762862, 1.3677273
2501167945000, -2.2128594, -0.7302894, 1.3048081
2501172910000, -2.2983804, -0.5867361, 1.239751
2501177949000, -2.3970351, -0.5186246, 1.1661417
2501182942000, -2.3710735, -0.67011917, 1.112691
2501187957000, -2.1868975, -0.8063421, 1.0479393
2501192944000, -2.0977113, -1.1746938, 0.956615
2501197954000, -2.0167716, -1.5317446, 0.91232723
2501202928000, -2.0027218, -1.8283197, 0.8723156
2501207907000, -1.9410243, -2.0778582, 0.9550878
2501212943000, -1.8310685, -2.1331415, 0.9651671
2501217921000, -1.6777414, -1.9440787, 0.88178396
2501223642000, -1.4813483, -1.6835446, 0.7993172
2501227931000, -1.2382239, -1.5155567, 0.6914995
2501232908000, -1.0177015, -1.4706581, 0.5897904
2501237944000, -0.77518797, -1.4676038, 0.44837508
2501242922000, -0.6273586, -1.5112807, 0.38789943
2501247932000, -0.5748242, -1.5311338, 0.38728857
2501252943000, -0.5513059, -1.466382, 0.45265114
2501257931000, -0.54092115, -1.3002267, 0.5549711
2501262840000, -0.5491679, -1.0928379, 0.6649268
2501267854000, -0.5717699, -0.8454375, 0.7611381
2501272826000, -0.6453791, -0.57910025, 0.8579602
2501277847000, -0.72143185, -0.36285394, 0.9456194
2501282817000, -0.84696466, -0.27488935, 0.98654735
2501287856000, -0.9242391, -0.18875736, 1.0403035
2501292792000, -1.0690142, -0.15851954, 0.9978484
2501297866000, -1.1737776, -0.16493362, 1.0891727
2501302850000, -1.2883148, -0.14508049, 1.1496484
2501307946000, -1.3332134, -0.099265605, 1.2266175
2501312861000, -1.3707817, -0.01038471, 1.359786
2501317955000, -1.3988814, 0.23976462, 1.4407257
2501322843000, -1.3487904, 0.46517387, 1.5033394
2501328284000, -1.3060299, 0.6072, 1.5741998
2501332866000, -1.2932017, 0.64568454, 1.6508633
2501337945000, -1.348485, 0.537256, 1.7253889
2501342897000, -1.3649784, 0.27916542, 1.751656
2501347962000, -1.320996, 0.04428773, 1.7455474
2501352891000, -1.2605205, -0.07574729, 1.7449366
2501357918000, -1.1976013, -0.076358154, 1.7192802
2501364155000, -1.1304061, -0.011911872, 1.6649132
2501368011000, -1.1010846, 0.14874569, 1.6077974
2501372851000, -1.0793989, 0.3286455, 1.5580118
2501377907000, -1.0757337, 0.41172317, 1.4972308
2501382853000, -1.087951, 0.5830709, 1.488984
2501387916000, -1.0772609, 0.75655663, 1.4718798
2501392866000, -1.0500773, 0.90010995, 1.4459181
2501398162000, -1.0369438, 1.1068878, 1.459357
2501402876000, -1.0268645, 1.3182472, 1.4801265
2501408724000, -1.0073168, 1.5183055, 1.5057828
2501412901000, -1.0057896, 1.6245961, 1.5228871
2501417905000, -1.0033462, 1.5745052, 1.5173893
2501422913000, -0.98837996, 1.3729197, 1.5335772
2501427915000, -0.99112886, 1.1200215, 1.5601498
2501432903000, -1.0290025, 0.8368854, 1.5699236
2501437943000, -1.0891727, 0.5555819, 1.5714508
2501442964000, -1.1691961, 0.28221974, 1.5897768
2501447980000, -1.2357804, 0.00580322, 1.6206255
2501453014000, -1.3041973, -0.16310102, 1.7214183
2501457937000, -1.3371841, -0.33628133, 1.8051068
2501462986000, -1.3008375, -0.33628133, 1.856114
2501467949000, -1.2382239, -0.26908615, 1.8823812
2501472942000, -1.1603385, -0.22357668, 1.8747455
2501477923000, -1.0839803, -0.2312125, 1.844813
2501482926000, -1.0305296, -0.19608775, 1.8329011
2501487910000, -0.8927795, -0.14782938, 1.7837266
2501492907000, -0.72356987, -0.17379116, 1.7962493
2501497922000, -0.5833763, -0.18051068, 1.8041905
2501502927000, -0.47158796, -0.15974127, 1.8246545
2501507905000, -0.39828414, -0.10262536, 1.8658879
2501513569000, -0.4279111, -0.06383542, 1.9016235
2501517914000, -0.49571714, -0.040927973, 1.8936822
2501522945000, -0.5513059, -0.07238753, 1.8603901
2501527941000, -0.5369505, -0.14477506, 1.8167132
2501532932000, -0.49663344, -0.17134771, 1.7880026
2501537906000, -0.46517387, -0.1414153, 1.7672331
2501542923000, -0.47739118, -0.112704635, 1.7559321
2501548037000, -0.5012149, -0.054367006, 1.7486018
2501552922000, -0.5390886, -0.007941248, 1.7525724
2501557907000, -0.55741453, -0.0012217305, 1.7351627
2501562932000, -0.5729916, -0.07666359, 1.7269161
2501567944000, -0.5888741, -0.15332718, 1.7256943
2501572914000, -0.6453791, -0.16157386, 1.7504344
2501577937000, -0.75900006, -0.18020524, 1.7592919
2501583646000, -0.8393288, -0.2415972, 1.7767016
2501587922000, -1.0421361, -0.26939157, 1.7825048
2501592976000, -1.0867293, -0.33108896, 1.765706
2501597955000, -1.1301007, -0.36468655, 1.7394388
2501602959000, -1.1294898, -0.37751472, 1.706452
2501607916000, -1.119716, -0.38973203, 1.6826283
2501612893000, -1.1163563, -0.43463063, 1.6584991
2501617933000, -1.0974194, -0.4642576, 1.6618589
2501622951000, -1.1120802, -0.45540005, 1.645671
2501627904000, -1.1530081, -0.46761733, 1.6404786
2501632942000, -1.1820242, -0.47586402, 1.6420058
2501637927000, -1.2379184, -0.5112942, 1.672549
2501642928000, -1.3197744, -0.591623, 1.6890424
2501648003000, -1.3949108, -0.6805039, 1.6814066
2501653394000, -1.4422529, -0.7870999, 1.670411
2501657917000, -1.4743233, -0.8717047, 1.6358972
2501662938000, -1.4608842, -0.9224065, 1.5964963
2501667942000, -1.4395039, -1.0088439, 1.600467
2501672906000, -1.368949, -1.065349, 1.6389514
2501677892000, -1.3191634, -1.0433578, 1.6065756
2501682926000, -1.2592987, -0.92149025, 1.4627168
2501687883000, -1.1908818, -0.8949176, 1.3439035
2501692923000, -1.1136073, -0.98990715, 1.2464706
2501697978000, -1.0433578, -1.1646146, 1.1337659
2501702885000, -0.95905846, -1.4181237, 1.112691
2501707885000, -0.840856, -1.6869044, 1.1652255
2501712967000, -0.75594574, -1.8316795, 1.1142182
2501717920000, -0.6658431, -1.9028453, 1.0305296
2501722892000, -0.5928447, -1.9413297, 0.9627236
2501727935000, -0.49327368, -2.0598376, 0.9297369
2501732902000, -0.3304781, -2.214081, 0.9236283
2501737914000, -0.13408493, -2.3133466, 0.9810496
2501742900000, 0.19517145, -2.2608123, 0.926988
2501748197000, 0.56321776, -2.0778582, 0.7538077
2501752830000, 0.8014552, -1.7788396, 0.6423248
2501757970000, 0.8729264, -1.25319, 0.50946164
2501762866000, 0.9596693, -0.72295904, 0.61117065
2501768103000, 1.087951, -0.398895, 0.87109387
2501772809000, 1.2718215, -0.35918877, 1.0714576
2501777831000, 1.359786, -0.46792278, 1.4840971
2501782883000, 1.4563028, -0.70554936, 1.8173242
2501787831000, 1.350623, -0.79626286, 2.1233675
2501792853000, 1.1475104, -0.8258898, 2.3096814
2501797865000, 1.0403035, -0.9129381, 2.398257
2501802905000, 0.98746365, -0.874759, 2.3994787
2501807905000, 0.9963212, -0.75777835, 2.3420575
2501812932000, 1.0668762, -0.57818395, 2.275473
2501817919000, 1.1166617, -0.50701815, 2.1545217
2501823050000, 1.1151345, -0.48655418, 1.964848
2501827961000, 1.0684034, -0.42913285, 1.783421
2501832887000, 1.0070114, -0.32589662, 1.6175711
2501838579000, 0.9251554, -0.31429017, 1.4840971
2501843744000, 0.8378017, -0.31520647, 1.4110987
2501847978000, 0.7666359, -0.3231477, 1.3332134
2501852850000, 0.7098254, -0.42730024, 1.2174544
2501857906000, 0.59559363, -0.6075055, 1.0830641
2501862967000, 0.48808134, -0.77488256, 0.98807454
2501867915000, 0.44348818, -0.8713993, 0.88270026
2501872913000, 0.44104472, -1.0946705, 0.83016586
2501877903000, 0.4071417, -1.1646146, 0.8454375
2501882923000, 0.4260785, -1.0558805, 1.0036516
2501888055000, 0.50701815, -0.9016371, 1.183246
2501892947000, 0.5552765, -0.729984, 1.3399329
2501898059000, 0.5907067, -0.6435465, 1.4605788
2501902922000, 0.63255095, -0.5403103, 1.5897768
2501908512000, 0.65484756, -0.39858958, 1.6740762
2501912915000, 0.68783426, -0.29535335, 1.704314
2501917920000, 0.6585127, -0.22876903, 1.7644843
2501922907000, 0.6197228, -0.15454891, 1.8897116
2501927949000, 0.5503896, -0.09132435, 1.9071213
2501932951000, 0.43463063, 0.056199603, 1.9312505
2501937945000, 0.32162055, 0.2724459, 1.9532416
2501942971000, 0.22540927, 0.46517387, 1.917506
2501947984000, 0.10934488, 0.59620446, 1.8414533
2501952885000, 0.023823744, 0.63529986, 1.7599027
2501957947000, -0.06963864, 0.6239988, 1.6850718
2501962938000, -0.160963, 0.59131753, 1.6288722
2501967953000, -0.23823744, 0.54183745, 1.5830573
2501972876000, -0.28313604, 0.48258355, 1.5402967
2501978465000, -0.35155296, 0.5012149, 1.4422529
2501982846000, -0.43890667, 0.5225952, 1.4175128
2501987943000, -0.44776422, 0.56291234, 1.3552046
2501992880000, -0.4972443, 0.6169739, 1.278541
2501997943000, -0.5476407, 0.63071835, 1.2428054
2502002890000, -0.6093381, 0.6273586, 1.2678508
2502007914000, -0.6603453, 0.6429357, 1.2632693
2502012934000, -0.73792523, 0.66339964, 1.2290609
2502017948000, -0.795652, 0.68752885, 1.149343
2502022888000, -0.83077675, 0.6960809, 1.0925325
2502027952000, -0.840856, 0.66706485, 1.069625
2502032893000, -0.80970186, 0.66553766, 0.97402465
2502037943000, -0.82894415, 0.70066243, 0.86590147
2502042926000, -0.8200866, 0.7110472, 0.75991637
2502048283000, -0.8002335, 0.7101309, 0.6600399
2502052934000, -0.7687739, 0.7049385, 0.56413406
2502057946000, -0.72204274, 0.66675943, 0.48930305
2502063017000, -0.65393126, 0.6618725, 0.37018433
2502067946000, -0.5873469, 0.6630942, 0.29229903
2502072890000, -0.5564982, 0.6603453, 0.1518
2502077940000, -0.50793445, 0.6401868, 0.067500606
2502082942000, -0.44776422, 0.634689, 0.028710667
2502087943000, -0.39278635, 0.65118235, -0.09101892
2502092875000, -0.38698313, 0.61758476, -0.22143865
2502098106000, -0.3481932, 0.49846604, -0.31429017
2502102938000, -0.2938262, 0.3454443, -0.3921755
2502107884000, -0.24648413, 0.23182335, -0.48197266
2502112993000, -0.18081611, 0.15027285, -0.56779927
2502117874000, -0.1020145, 0.092240654, -0.64965516
2502122944000, -0.028405234, 0.025045475, -0.73456544
2502127860000, 0.042455133, -0.05009095, -0.8072584
2502132949000, 0.115453534, -0.13072516, -0.86009824
2502137843000, 0.17898351, -0.22449298, -0.9101892
2502142953000, 0.25595254, -0.3268129, -0.93859446
2502147905000, 0.3304781, -0.41050145, -1.0057896
2502152966000, 0.39492437, -0.49021935, -1.0586295
2502157899000, 0.45051312, -0.54367006, -1.0772609
2502163706000, 0.5122105, -0.65087694, -1.1209377
2502167930000, 0.54733527, -0.7199047, -1.2134838
2502172926000, 0.6417139, -0.8142834, -1.3020593
2502177944000, 0.75808376, -0.95294976, -1.3826935
2502182950000, 0.852157, -1.1588113, -1.464244
2502187898000, 0.95539325, -1.3310753, -1.5183055
2502192950000, 1.0485502, -1.4401149, -1.5317446
2502197987000, 1.1340714, -1.4691309, -1.5271631
2502202921000, 1.1847731, -1.3677273, -1.4627168
2502207853000, 1.2644911, -1.1328496, -1.4034629
2502212933000, 1.3243558, -0.799928, -1.2953397
2502217938000, 1.3747523, -0.42149702, -1.1728612
2502222927000, 1.3759739, -0.07880162, -1.0601566
2502227939000, 1.3356569, 0.19394971, -0.97310835
2502233926000, 1.2681563, 0.3323107, -0.8927795
2502237932000, 1.208597, 0.36713, -0.8542951
2502242864000, 1.1337659, 0.32650748, -0.8231409
2502262849000, 0.795652, 0.34574974, -0.73853606
2502268075000, 0.73548174, 0.50518554, -0.72265357
2502272849000, 0.68477994, 0.6533204, -0.7492262
2502277904000, 0.6966918, 0.8002335, -0.83291477
2502282906000, 0.73975784, 0.79534656, -0.9089675
2502287911000, 0.8188649, 0.6606508, -0.9810496
2502292908000, 0.86529064, 0.45204028, -1.029308
2502297952000, 0.8454375, 0.18051068, -1.0506883
2502302871000, 0.799928, -0.1020145, -1.0338894
2502307910000, 0.75594574, -0.3481932, -0.9987647
2502312883000, 0.70554936, -0.56505036, -0.9459248
2502317920000, 0.68203104, -0.7473936, -0.82863873
2502322874000, 0.6774496, -0.79320854, -0.72418076
2502327893000, 0.6747007, -0.7153232, -0.61391956
2502333103000, 0.64568454, -0.54458636, -0.56688297
2502337961000, 0.57360244, -0.32162055, -0.5748242
2502342900000, 0.49357912, -0.048258353, -0.59559363
2502347931000, 0.38056904, 0.23060162, -0.6249151
2502352865000, 0.2770274, 0.37201694, -0.63438356
2502357910000, 0.16279559, 0.6414085, -0.63316184
2502363006000, 0.0983493, 0.8555168, -0.65057147
2502367913000, 0.0030543262, 0.98746365, -0.6246097
2502373094000, -0.08093964, 1.0311406, -0.625526
2502377888000, -0.17440203, 0.98471475, -0.6068946
2502382904000, -0.21930063, 0.9254609, -0.59650993
2502388043000, -0.23976462, 0.84513205, -0.593761
2502392919000, -0.24648413, 0.7669413, -0.57879484
2502398030000, -0.25411993, 0.66675943, -0.589485
2502403042000, -0.2910773, 0.6160576, -0.6056729
2502407903000, -0.32070425, 0.6282749, -0.6383542
2502412971000, -0.3381139, 0.66767573, -0.6637051
2502417917000, -0.30695978, 0.743423, -0.6921103
2502422943000, -0.25534168, 0.838718, -0.7244862
2502427920000, -0.20005837, 0.904386, -0.72295904
2502432956000, -0.13194689, 0.9370673, -0.752586
2502437940000, -0.07971791, 0.9111055, -0.75686204
2502443001000, -0.03023783, 0.85918194, -0.7684685
2502447940000, -0.021380283, 0.76174897, -0.77824235
2502452953000, -0.02107485, 0.68783426, -0.7974846
2502457918000, -0.015577064, 0.55771995, -0.7968737
2502462936000, -0.01863139, 0.46028697, -0.7883216
2502467923000, -0.033292156, 0.42119157, -0.77549344
2502472927000, -0.052534413, 0.41630468, -0.7669413
2502477927000, -0.077579886, 0.43982297, -0.768163
2502482947000, -0.10415252, 0.44104472, -0.7684685
2502487933000, -0.092240654, 0.43951756, -0.7333437
2502492946000, -0.053450707, 0.39584067, -0.6924158
2502498134000, -0.0067195175, 0.27366763, -0.59864795
2502502972000, 0.06841691, 0.17256944, -0.5002986
2502508287000, 0.115453534, 0.092240654, -0.45356745
2502512975000, 0.14660765, -0.025045475, -0.3399465
2502517907000, 0.17348573, -0.052839845, -0.19914207
2502522950000, 0.17195857, -0.058948494, -0.09285152
2502527905000, 0.12950343, -0.043676864, -0.0061086523
2502532912000, 0.06352998, -0.017104227, 0.10476339
2502537847000, -0.0067195175, 0.059864793, 0.22724187
2502542890000, -0.0852157, 0.06811147, 0.32498032
2502547975000, -0.12003502, -0.0027488936, 0.36835176
2502552953000, -0.12034045, -0.03970624, 0.37110063
2502558403000, -0.113926366, -0.14660765, 0.3631594
2502562987000, -0.07880162, -0.25228736, 0.34025195
2502567924000, -0.0106901415, -0.30848694, 0.31703907
2502572917000, 0.051923547, -0.32253686, 0.28771752
2502577962000, 0.12003502, -0.31429017, 0.25411993
2502582927000, 0.16707164, -0.2666427, 0.21563543
2502587910000, 0.18967366, -0.19181168, 0.15699236
2502593051000, 0.20616703, -0.079107046, 0.1001819
2502597931000, 0.18509217, 0.04184427, 0.03848451
2502602911000, 0.14172074, 0.14996742, -0.013133603
2502607913000, 0.09590584, 0.2443461, -0.059253927
2502612908000, 0.03604105, 0.33169982, -0.09193522
2502617920000, -0.02107485, 0.4166101, -0.10262536
2502623031000, -0.06566802, 0.50518554, -0.1151481
2502627899000, -0.115453534, 0.5564982, -0.11484267
2502632875000, -0.160963, 0.5852089, -0.099571034
2502637930000, -0.21013765, 0.573297, -0.09193522
2502642908000, -0.23854288, 0.5363397, -0.0580322
2502647936000, -0.25870144, 0.5128214, -0.029932396
2502652925000, -0.27488935, 0.45906523, -0.022907447
2502657912000, -0.2828306, 0.4260785, 0.002443461
2502662900000, -0.28008172, 0.39645153, 0.0106901415
2502667921000, -0.2761111, 0.36193767, 0.026572637
2502672911000, -0.25961772, 0.30268374, 0.03359759
2502677899000, -0.2565634, 0.24098633, 0.042760566
2502682868000, -0.23548855, 0.18661933, 0.04337143
2502687913000, -0.21746802, 0.13225232, 0.040011674
2502692898000, -0.1957823, 0.09285152, 0.023823744
2502698392000, -0.17928895, 0.055283304, 0.015882496
2502702867000, -0.1441642, 0.036957346, -0.007941248
2502707910000, -0.12950343, 0.01985312, -0.038179077
2502712891000, -0.108123146, 0.040927973, -0.069027774
2502717922000, -0.08979719, 0.087964594, -0.090713486
2502722873000, -0.07727446, 0.11636983, -0.11362094
2502727902000, -0.07696902, 0.15515977, -0.13958271
2502732889000, -0.071776666, 0.19058995, -0.15271631
2502737912000, -0.06658431, 0.23609942, -0.1731803
2502742892000, -0.07544186, 0.24129178, -0.18387043
2502747928000, -0.08857546, 0.26297748, -0.18387043
2502752875000, -0.096516706, 0.2837469, -0.18325958
2502757908000, -0.10995574, 0.28619036, -0.1908954
2502762930000, -0.12889257, 0.2929099, -0.1863139
2502767921000, -0.1386664, 0.28985557, -0.1826487
2502772907000, -0.14294247, 0.28221974, -0.172264
2502777964000, -0.14569137, 0.27000242, -0.16584991
2502782888000, -0.1441642, 0.24373524, -0.15790866
2502791247000, -0.14294247, 0.19547687, -0.16310102
2502792932000, -0.10873401, 0.18020524, -0.15851954
2502798046000, -0.1020145, 0.15760323, -0.15454891
2502803018000, -0.089491755, 0.118202426, -0.14844026
2502808195000, -0.05467244, 0.07819075, -0.14446963
2502812897000, -0.025350908, 0.05100725, -0.13408493
2502817861000, 0.0015271631, 0.027488936, -0.1255328
2502822912000, 0.02565634, 0.018325957, -0.11453723
2502827861000, 0.03359759, 0.018325957, -0.095294975
2502833011000, 0.05375614, -0.01282817, -0.07147124
2502837985000, 0.06047566, -0.029932396, -0.057726767
2502842915000, 0.05375614, -0.038789943, -0.044593163
2502848160000, 0.048258353, -0.05681047, -0.0421497
2502852908000, 0.03940081, -0.08307768, -0.035124753
2502857911000, 0.05589417, -0.10262536, -0.032986723
2502862885000, 0.06078109, -0.11056661, -0.02687807
2502867920000, 0.0693332, -0.10995574, -0.036651913
2502872909000, 0.056505036, -0.12217305, -0.048258353
2502877902000, 0.06811147, -0.1328632, -0.052534413
2502883475000, 0.065973446, -0.13744467, -0.056505036
2502887913000, 0.05955936, -0.14630222, -0.064751714
2502892919000, 0.058948494, -0.1518, -0.06841691
2502897961000, 0.03390302, -0.15118915, -0.07269296
2502902909000, 0.01740966, -0.13988814, -0.087964594
2502907914000, -0.00580322, -0.12889257, -0.07788532
2502912882000, -0.03145956, -0.10873401, -0.073303826
2502917994000, -0.058643065, -0.086437434, -0.070554934
2502922840000, -0.08735373, -0.06352998, -0.057726767
2502927898000, -0.10476339, -0.04337143, -0.05131268
2502932913000, -0.12736541, -0.013439035, -0.046120327
2502937911000, -0.1441642, 0.009162978, -0.023823744
2502942915000, -0.14874569, 0.038789943, -0.029321533
2502947965000, -0.1572978, 0.07391469, -0.01985312
2502953586000, -0.15363261, 0.1133155, -0.009773844
2502957906000, -0.18142697, 0.1337795, -0.007941248
2502962897000, -0.18081611, 0.16584991, -0.008857546
2502967922000, -0.18051068, 0.19058995, 9.162979E-4
2502972863000, -0.20280726, 0.21197024, -9.162979E-4
2502977901000, -0.21044308, 0.23182335, -0.011911872
2502982901000, -0.22510384, 0.2501493, -0.0125227375
2502987911000, -0.23793201, 0.25473082, -0.010079277
2502992917000, -0.2556471, 0.2657264, -0.01160644
2502997982000, -0.26389378, 0.28221974, -0.022296581
2503003289000, -0.27672195, 0.2828306, -0.021685716
2503007936000, -0.26908615, 0.2968805, -0.02321288
2503012882000, -0.28038713, 0.31398472, -0.022602014
2503017893000, -0.28008172, 0.32253686, -0.034513887
2503023208000, -0.29535335, 0.29535335, -0.028710667
2503027898000, -0.27977628, 0.26328292, -0.008552114
2503032878000, -0.2733622, 0.258396, -0.017715093
2503037910000, -0.2657264, 0.25595254, -0.01863139
2503042863000, -0.26725355, 0.24495697, -0.017715093
2503048031000, -0.24862215, 0.21868975, -0.032986723
2503052928000, -0.22785273, 0.20677789, -0.03604105
2503057940000, -0.20372356, 0.17623462, -0.030543262
2503062868000, -0.19394971, 0.16890424, -0.027183503
2503067938000, -0.17684549, 0.15454891, -0.025961773
2503072908000, -0.16310102, 0.12522738, -0.021991149
2503077948000, -0.15454891, 0.102319926, -0.021380283
2503082929000, -0.14996742, 0.06658431, -0.023518313
2503087944000, -0.13439035, 0.062002823, -0.029321533
2503093108000, -0.1255328, 0.03726278, -0.030543262
2503098039000, -0.11453723, 0.03848451, -0.035124753
2503102983000, -0.10140363, 0.026267206, -0.03848451
2503107939000, -0.09193522, 0.0027488936, -0.04642576
2503112939000, -0.08277224, 0.003970624, -0.044593163
2503117942000, -0.07666359, 0.002443461, -0.044898596
2503122945000, -0.067500606, -0.004886922, -0.050701816
2503127943000, -0.047036625, -0.0067195175, -0.05131268
2503132980000, -0.03176499, -0.015577064, -0.049785517
2503137931000, -0.025045475, -0.0106901415, -0.050701816
2503142949000, -0.021380283, -0.021380283, -0.059864793
2503148028000, -0.015271631, -0.047036625, -0.055588737
2503153050000, -0.01038471, -0.07727446, -0.062308256
2503157938000, -0.0018325958, -0.071776666, -0.05222898
2503162957000, -6.1086525E-4, -0.07544186, -0.04428773
2503168097000, 0.0067195175, -0.06261369, -0.036651913
2503173057000, 0.010995574, -0.06078109, -0.034513887
2503177861000, 0.013133603, -0.064751714, -0.018325957
2503182911000, 0.0106901415, -0.067500606, -0.010995574
2503187843000, 0.018020526, -0.06963864, -0.003970624
2503192930000, 0.021380283, -0.06841691, -0.0030543262
2503197885000, 0.0143553335, -0.062002823, 0.0067195175
2503202925000, 0.0076358155, -0.04917465, 0.015271631
2503207843000, 0.002443461, -0.037873644, 0.021380283
2503212941000, 0.0027488936, -0.041233405, 0.031154128
2503217877000, 0.0036651916, -0.046731193, 0.038179077
2503222921000, 0.004581489, -0.04062254, 0.04428773
2503227897000, 0.003970624, -0.015577064, 0.05009095
2503232924000, 6.1086525E-4, -0.01038471, 0.069027774
2503237909000, 0.014049901, -0.007330383, 0.074830994
2503243088000, 0.0030543262, -0.005497787, 0.079107046
2503252907000, 0.014966198, 0.018020526, 0.08674286
2503257957000, 0.019547688, 0.03268129, 0.087659165
2503262963000, 0.010995574, 0.036651913, 0.08552113
2503267939000, 0.018325957, 0.03970624, 0.08399397
2503272919000, 0.015271631, 0.06505715, 0.07971791
2503277902000, 0.0070249503, 0.0571159, 0.06872234
2503282954000, -0.004276057, 0.0720821, 0.062002823
2503287917000, 0.0012217305, 0.07544186, 0.058337633
2503292912000, -0.015577064, 0.07941248, 0.053450707
2503297962000, -0.012217305, 0.08246681, 0.043066
2503302921000, -0.01740966, 0.07238753, 0.042760566
2503307891000, -0.014966198, 0.055283304, 0.041233405
2503312907000, -0.021991149, 0.046731193, 0.039095376
2503318243000, -0.02321288, 0.03359759, 0.032375857
2503322913000, -0.021685716, 0.014966198, 0.024129177
2503330511000, -0.0036651916, 0.004886922, 0.017715093
2503333355000, -0.010079277, 0.014966198, 0.018020526
2503337914000, -0.003970624, 0.0106901415, 0.021991149
2503342897000, 0.0027488936, -0.0021380284, 0.0106901415
2503348511000, 0.0076358155, -0.018020526, 0.0106901415
2503352909000, -6.1086525E-4, -0.027794369, -0.009468411
2503357910000, -0.002443461, -0.035430185, -0.01038471
2503362904000, -3.0543262E-4, -0.03756821, -0.014966198
2503367919000, -9.162979E-4, -0.03634648, -0.011911872
2503372902000, 0.0070249503, -0.03756821, -0.014049901
2503377892000, 0.0033597588, -0.03726278, -0.015271631
2503382897000, 0.008552114, -0.043676864, -0.02687807
2503387914000, 3.0543262E-4, -0.028405234, -0.018936822
2503392885000, 0.018936822, -0.021991149, -0.017715093
2503398061000, -0.0012217305, -0.02107485, -0.03848451
2503402938000, -0.004581489, -0.0125227375, -0.0290161
2503407935000, -0.009773844, -0.02076942, -0.022907447
2503413080000, -0.005497787, -0.0018325958, -0.020158553
2503418097000, -0.013439035, 0.0030543262, -0.018936822
2503422916000, -0.015577064, 0.012217305, -0.019242255
2503427947000, -0.021685716, 0.010995574, -0.009468411
2503432848000, -0.029932396, 0.019242255, -0.008857546
2503437948000, -0.018936822, 0.030848695, -0.0143553335
2503442870000, -0.021991149, 0.035430185, -0.011301007
2503447957000, -0.0290161, 0.04428773, -0.004886922
2503452890000, -0.024740042, 0.05681047, -0.009468411
2503457943000, -0.03481932, 0.057421334, -0.002443461
2503462910000, -0.029932396, 0.058643065, -0.002443461
2503467958000, -0.034208454, 0.05955936, -0.004886922
2503472896000, -0.041233405, 0.062308256, -0.007941248
2503477923000, -0.04520403, 0.0571159, -0.006414085
2503482971000, -0.051618114, 0.058643065, -0.004886922
2503488014000, -0.04520403, 0.063224554, -0.0033597588
2503492977000, -0.06505715, 0.07269296, -0.004276057
2503497933000, -0.06994407, 0.07574729, -0.002443461
2503502916000, -0.06872234, 0.0842994, -0.002443461
2503507920000, -0.07574729, 0.09437868, 0.008552114
2503512950000, -0.06780604, 0.0983493, 0.006414085
2503517916000, -0.083383106, 0.108123146, 0.013439035
2503523042000, -0.09040806, 0.10720685, 0.004581489
2503527927000, -0.09040806, 0.11942416, 0.00580322
2503533649000, -0.093462385, 0.11301007, 0.011301007
2503537941000, -0.099265605, 0.11881329, 0.008552114
2503542911000, -0.09285152, 0.11911872, 0.01038471
2503547962000, -0.09773844, 0.116980694, 0.008552114
2503552950000, -0.099571034, 0.11911872, 0.009773844
2503557942000, -0.09407325, 0.12308934, 0.010995574
2503562953000, -0.098043874, 0.11728613, 0.0106901415
2503567944000, -0.08979719, 0.122478485, 0.0143553335
2503572912000, -0.098043874, 0.12095132, 0.013439035
2503577910000, -0.099571034, 0.10720685, 0.009162978
2503582941000, -0.06505715, 0.100792766, 0.014660766
2503587939000, -0.076358154, 0.10354166, 0.016187929
2503592883000, -0.08124508, 0.10293079, 0.023518313
2503598010000, -0.06383542, 0.100792766, 0.023518313
2503603687000, -0.059864793, 0.10170906, 0.023823744
2503607887000, -0.064751714, 0.084910266, 0.021685716
2503612903000, -0.050396383, 0.082161374, 0.022296581
2503617859000, -0.046731193, 0.07880162, 0.03023783
2503622906000, -0.042455133, 0.070249505, 0.017715093
2503627849000, -0.049785517, 0.06780604, 0.022602014
2503632886000, -0.032986723, 0.059864793, 0.02321288
2503637919000, -0.032986723, 0.055283304, 0.020463986
2503642897000, -0.0290161, 0.043982297, 0.018936822
2503647881000, -0.019242255, 0.053450707, 0.01740966
2503652914000, -0.014660766, 0.03145956, 0.01740966
2503657841000, 0.0021380284, 0.040011674, 0.022907447
2503662895000, 0.0027488936, 0.029321533, 0.020463986
2503667863000, 0.0030543262, 0.032375857, 0.019547688
2503673435000, 0.0036651916, 0.022296581, 0.01863139
2503677905000, 0.004886922, 0.0076358155, 0.011911872
2503682926000, 0.023823744, 0.002443461, 0.010079277
2503687913000, 0.015882496, -0.01282817, 0.013744468
2503692931000, 0.019547688, -0.0125227375, 0.018020526
2503698040000, 0.014660766, -0.024129177, 0.025350908
2503702951000, 0.016187929, -0.03176499, 0.018325957
2503707950000, 0.011301007, -0.03390302, 0.018936822
2503712935000, 0.023518313, -0.03481932, 0.013439035
2503717932000, 0.027183503, -0.05100725, 0.01038471
2503722948000, 0.027183503, -0.05131268, 0.01282817
2503727901000, 0.032375857, -0.048563786, 0.0106901415
2503732932000, 0.028710667, -0.044593163, 0.016798794
2503737929000, 0.03390302, -0.048563786, 0.01038471
2503743228000, 0.03970624, -0.04795292, 0.005192355
2503747910000, 0.028710667, -0.06078109, 0.00580322
2503752957000, 0.043066, -0.06383542, 0.0012217305
2503757904000, 0.046731193, -0.051923547, 3.0543262E-4
2503762931000, 0.040927973, -0.07452556, -0.004276057
2503767895000, 0.047647487, -0.076358154, -0.0033597588
2503772911000, 0.040927973, -0.07422013, -0.0018325958
2503778137000, 0.04917465, -0.06780604, -9.162979E-4
2503782925000, 0.040317107, -0.07147124, -0.008857546
2503788279000, 0.039095376, -0.071776666, -0.005192355
2503792925000, 0.0421497, -0.070554934, -0.00580322
2503797927000, 0.038789943, -0.064446285, -0.008857546
2503802971000, 0.048563786, -0.064751714, -0.007330383
2503807844000, 0.043066, -0.06414085, -0.004276057
2503812951000, 0.028099801, -0.052534413, -0.008246681
2503817968000, 0.009468411, -0.052839845, 0.0018325958
2503822942000, 0.013133603, -0.055588737, -9.162979E-4
2503827931000, 0.0143553335, -0.050396383, -6.1086525E-4
2503832901000, 0.02107485, -0.044593163, -9.162979E-4
2503837940000, 0.0125227375, -0.04550946, 0.0018325958
2503842954000, 0.024740042, -0.03481932, 0.0012217305
2503848063000, 0.014966198, -0.026572637, 0.009468411
2503852963000, 0.018936822, -0.022907447, 0.005497787
2503857936000, 0.008246681, -0.019242255, 0.011301007
2503862935000, 0.0067195175, -0.0125227375, 0.0015271631
2503867952000, 0.0061086523, -0.0070249503, 0.011301007
2503872909000, 0.014049901, -3.0543262E-4, 0.016187929
2503877949000, 0.002443461, 0.0021380284, 0.0070249503
2503882848000, 0.003970624, -0.0015271631, 0.011911872
2503887947000, 0.0018325958, -0.005497787, 0.01160644
2503892913000, 0.0018325958, -0.0012217305, 0.015577064
2503897976000, -0.002443461, 0.0015271631, 0.004581489
2503902837000, -0.005192355, -0.00580322, 0.0070249503
2503907940000, -0.009162978, -0.010079277, 3.0543262E-4
2503912864000, -0.014660766, -0.004886922, 0.007941248
2503917957000, -0.0106901415, -0.0033597588, 0.009468411
2503922870000, -0.025961773, -0.008857546, 0.010995574
2503928440000, -0.016493361, 6.1086525E-4, 0.013133603
2503932884000, -0.021991149, 0.006414085, 0.008857546
2503937934000, -0.016493361, 0.0021380284, 0.007941248
2503942902000, -0.013133603, 0.004886922, 0.007941248
2503947973000, -0.018936822, 0.004886922, 0.01160644
2503953323000, -0.007941248, 0.007941248, 0.014049901
2503957940000, -0.019547688, 0.0125227375, 0.016187929
2503962981000, -0.016493361, 0.007941248, 0.011301007
2503967955000, -0.019547688, 0.011911872, 0.0061086523
2503972845000, -0.016493361, 0.0061086523, 0.005192355
2503977934000, -0.01863139, 0.0106901415, 0.008552114
2503982944000, -0.00580322, 0.0033597588, 0.002443461
2503987962000, -0.009468411, 0.01038471, 0.004276057
2503992933000, -0.0125227375, 0.009773844, 0.004276057
2503998789000, -0.014049901, 0.008246681, 0.009773844
2504002913000, -0.007330383, 0.0125227375, 0.008552114
2504007944000, -0.013744468, 0.014966198, 0.004276057
2504012962000, -0.0076358155, 0.014049901, 0.0067195175
2504017941000, -0.016798794, 0.009162978, 0.006414085
2504022951000, -0.01038471, 0.013744468, 0.005192355
2504027938000, -0.013744468, 0.010995574, 0.0027488936
2504032938000, -0.015577064, 0.0106901415, -3.0543262E-4
2504037942000, -0.011301007, 0.008552114, 0.0012217305
2504042936000, -0.011301007, 0.01282817, 0.009162978
2504047961000, -0.014660766, 0.005192355, 0.004886922
2504052953000, -0.006414085, 0.013133603, 0.0125227375
2504057937000, -0.019547688, 0.0021380284, 0.007941248
2504062945000, -0.013439035, 0.007330383, 0.01038471
2504068212000, -0.008857546, 0.0070249503, 0.01160644
2504072918000, -0.018020526, 0.005192355, 0.009162978
2504077931000, -0.0125227375, 0.0036651916, 0.01038471
2504082927000, -0.0030543262, 0.0015271631, 0.004581489
2504087946000, -0.0027488936, 0.0015271631, 0.01160644
2504092955000, 0.004581489, 0.0076358155, 0.019242255
2504097959000, 0.002443461, 0.0061086523, -0.0012217305
2504102957000, -0.0061086523, 0.004276057, 0.011301007
2504107942000, 0.010995574, 3.0543262E-4, 0.007941248
2504112924000, 3.0543262E-4, 0.004886922, 0.01038471
2504117918000, 3.0543262E-4, 0.005497787, 0.010079277
2504122945000, 0.0070249503, -0.0067195175, 0.009773844
2504127887000, 0.003970624, -0.007330383, 0.015271631
2504132932000, 0.0033597588, -0.002443461, 0.015271631
2504137896000, 0.013744468, -0.0125227375, 0.016187929
2504142949000, 0.013439035, -0.012217305, 0.016798794
2504147918000, 0.005192355, -0.007330383, 0.018325957
2504152957000, 0.002443461, -0.016187929, 0.015882496
2504157907000, 0.0106901415, -0.013744468, 0.014049901
2504162910000, 0.011911872, -0.018020526, 0.011301007
2504167897000, 0.0076358155, -0.011301007, 0.017715093
2504172912000, 0.0106901415, -0.0143553335, 0.012217305
2504178026000, 0.008552114, -0.012217305, 0.01740966
2504182979000, 0.01282817, -0.01863139, 0.01160644
2504187885000, 0.006414085, -0.01985312, 0.01038471
2504192996000, 0.009162978, -0.0076358155, 0.011301007
2504198129000, 0.0106901415, -0.01863139, 0.0067195175
2504202895000, 0.002443461, -0.021991149, 0.0067195175
2504207875000, 0.0070249503, -0.018020526, 0.015577064
2504212915000, 0.0125227375, -0.015882496, 0.013439035
2504218016000, 0.008857546, -0.0143553335, 0.00580322
2504222910000, 0.010079277, -0.019547688, 0.006414085
2504227900000, 0.010995574, -0.016187929, 0.00580322
2504232983000, 0.008552114, -0.013439035, 0.008857546
2504237915000, 0.01160644, -0.014049901, 0.009162978
2504242966000, 0.010079277, -0.023823744, 0.009162978
2504248082000, 0.0076358155, -0.023518313, 0.0061086523
2504253560000, 0.009162978, -0.02443461, 0.0027488936
2504257923000, 0.0125227375, -0.025961773, 0.004276057
2504262897000, 0.0076358155, -0.032375857, 0.0015271631
2504267917000, 0.009162978, -0.04428773, 0.0067195175
2504272909000, 0.015271631, -0.04642576, -0.0015271631
2504277902000, 0.01863139, -0.045814894, 0.002443461
2504282924000, 0.020463986, -0.04795292, -0.0027488936
2504287912000, 0.013133603, -0.03848451, 0.0030543262
2504292955000, 0.015271631, -0.046120327, 9.162979E-4
2504298002000, 0.02443461, -0.042760566, 0.002443461
2504302983000, 0.018325957, -0.03573562, -0.0027488936
2504307956000, 0.022296581, -0.043066, 0.004276057
2504312941000, 0.022907447, -0.04428773, 0.002443461
2504317953000, 0.022296581, -0.04337143, 0.007941248
2504322941000, 0.018020526, -0.04886922, 0.008857546
2504327942000, 0.024740042, -0.051618114, 0.0125227375
2504332954000, 0.014966198, -0.042760566, 0.01863139
2504337949000, 0.016798794, -0.052534413, 0.015882496
2504342970000, 0.021380283, -0.05131268, 0.008857546
2504348028000, 0.026572637, -0.04428773, 0.01863139
2504352904000, 0.0143553335, -0.05222898, 0.02107485
2504357950000, 0.010995574, -0.057726767, 0.020158553
2504362895000, 0.013439035, -0.049785517, 0.017715093
2504367949000, 0.02443461, -0.046731193, 0.019547688
2504372836000, 0.029932396, -0.036957346, 0.018020526
2504377951000, 0.027794369, -0.036957346, 0.016798794
2504382857000, 0.025045475, -0.027183503, 0.0143553335
2504387951000, 0.019547688, -0.032070424, 0.011911872
2504392974000, 0.027488936, -0.029932396, 0.020463986
2504398055000, 0.02321288, -0.02687807, 0.0125227375
2504402930000, 0.032375857, -0.028405234, 0.005192355
2504407950000, 0.025045475, -0.021380283, 0.01038471
2504412913000, 0.01985312, -0.025961773, 0.014049901
2504417951000, 0.019242255, -0.0106901415, 0.02076942
2504422918000, 0.013133603, -0.018936822, 0.016187929
2504427945000, 0.004276057, -0.02076942, 0.014660766
2504432939000, 0.009162978, -0.017104227, 0.016493361
2504437946000, 0.009162978, -0.015577064, 0.017715093
2504442952000, 0.007330383, -0.054061573, 0.014966198
2504448072000, -9.162979E-4, -0.051618114, 0.016493361
2504453016000, 0.002443461, -0.03268129, 0.0076358155
2504457944000, -0.003970624, -0.014660766, 0.009468411
2504463078000, 0.004276057, -0.009162978, 0.0067195175
2504467950000, -0.0036651916, -0.02076942, 0.013439035
2504473188000, 0.004276057, -0.016187929, 0.01282817
2504477948000, 6.1086525E-4, -0.025961773, 0.015271631
2504482877000, 0.004581489, -0.009468411, 0.0143553335
2504487952000, 0.0106901415, -0.0125227375, 0.0125227375
2504492936000, 0.01038471, -0.003970624, 0.016798794
2504498064000, 0.0036651916, -0.016798794, 0.00580322
2504502920000, 0.0027488936, -0.011301007, 0.003970624
2504507944000, -0.0033597588, -0.01740966, 0.0036651916
2504512882000, 0.004886922, -0.013133603, 0.005497787
2504517930000, 0.011911872, -0.0070249503, 0.008246681
2504522870000, 0.0125227375, -0.0030543262, 0.0027488936
2504527941000, 0.01282817, -0.01282817, -0.004276057
2504532936000, -0.0033597588, -0.0070249503, 6.1086525E-4
2504538004000, -0.0061086523, -0.0143553335, -0.0030543262
2504543045000, 0.0015271631, -0.009773844, -6.1086525E-4
2504548009000, -0.002443461, -0.01282817, -0.005497787
2504552981000, -0.0061086523, -0.022907447, 0.0018325958
2504557970000, -0.015271631, -0.025045475, -0.006414085
2504562972000, -0.012217305, -0.03268129, -0.0030543262
2504567842000, -0.0067195175, -0.01740966, 0.0018325958
2504572908000, 0.0030543262, -0.019547688, 0.007941248
2504577833000, 0.01160644, -0.013439035, 0.013133603
2504582812000, 0.008246681, -0.015882496, 0.004276057
2504587812000, 0.005192355, -0.023823744, 0.00580322
2504593050000, 0.009773844, -0.017104227, 0.008552114
2504597951000, 0.01282817, -0.021991149, -0.004276057
2504602829000, 0.004581489, -0.02076942, -0.0061086523
2504608090000, 0.0015271631, -0.0067195175, -0.0012217305
2504612894000, 0.005192355, -9.162979E-4, 3.0543262E-4
2504617826000, 0.012217305, -0.013744468, 6.1086525E-4
2504622842000, 0.007941248, -0.005497787, 0.003970624
2504627853000, -0.005192355, -0.013133603, 0.0021380284
2504632836000, 0.005192355, -0.02687807, -0.0033597588
2504637806000, 9.162979E-4, -0.016798794, -0.0015271631
2504642836000, -0.0027488936, -0.023518313, 0.0027488936
2504647827000, -0.004276057, -0.030848695, 0.0027488936
2504652840000, -0.0021380284, -0.03634648, 0.009468411
2504657831000, 0.013439035, -0.03848451, 0.008857546
2504662845000, 0.013133603, -0.04337143, 0.012217305
2504667833000, 0.014049901, -0.027488936, 0.01038471
2504672808000, 0.012217305, -0.013133603, 0.0033597588
2504677834000, 0.005192355, -0.015271631, 0.0018325958
2504682820000, -0.004276057, -0.011911872, -0.0021380284
2504687908000, -0.0030543262, -0.0143553335, -0.004886922
2504692839000, 0.0033597588, -0.013744468, -0.0015271631
2504697815000, -0.0021380284, -0.01740966, -0.003970624
2504702834000, 0.004276057, -0.032375857, -0.0030543262
2504707809000, -0.0012217305, -0.033292156, -0.0033597588
2504712846000, 0.004886922, -0.034513887, 0.009468411
2504718030000, 0.0021380284, -0.03023783, 0.007330383
2504722833000, 0.005497787, -0.018325957, 0.0012217305
2504727830000, 9.162979E-4, -0.013744468, -0.0015271631
2504732831000, 0.004886922, -0.01740966, 0.002443461
2504737766000, -0.004276057, -0.0106901415, -0.0021380284
2504742810000, -0.0012217305, -0.0070249503, 0.0030543262
2504747833000, 0.0021380284, -0.03726278, 0.008552114
2504752937000, -9.162979E-4, -0.024129177, -0.01038471
2504757938000, -0.0067195175, -0.006414085, -0.0076358155
2504762942000, -0.0067195175, -0.003970624, 0.004581489
2504767942000, -0.0021380284, 0.0021380284, 0.0015271631
2504772911000, -0.005497787, -0.011301007, 0.002443461
2504777909000, 0.0061086523, 0.0036651916, 0.00580322
2504782993000, 0.005192355, -3.0543262E-4, 0.0033597588
2504788021000, -0.004276057, 0.0106901415, 0.005497787
2504792966000, -0.009162978, 0.0070249503, 0.0015271631
2504797965000, 3.0543262E-4, 0.004581489, 0.004581489
2504802957000, -0.002443461, -0.002443461, 0.0027488936
2504807950000, -0.01282817, -0.0027488936, -6.1086525E-4
2504812927000, -0.0076358155, -0.005192355, 6.1086525E-4
2504817956000, 3.0543262E-4, -9.162979E-4, 0.003970624
2504822940000, -0.003970624, -0.007330383, 0.009162978
2504827954000, -0.008552114, -0.015577064, 0.01160644
2504832904000, -0.0061086523, -0.018020526, 0.0076358155
2504837946000, -0.0027488936, -0.017715093, 0.008857546
2504842884000, 9.162979E-4, -0.009162978, 0.018325957
2504847956000, 0.005497787, -0.012217305, 0.0143553335
2504852842000, 0.008552114, -0.0030543262, 0.014660766
2504857933000, 0.0030543262, -0.0027488936, 0.009773844
2504862859000, 0.0012217305, -0.005192355, 0.007330383
2504867958000, 0.0061086523, 0.0061086523, 0.01038471
2504872855000, 0.0033597588, 0.014966198, 0.014966198
2504877952000, -6.1086525E-4, 0.013744468, 0.004276057
2504882891000, -0.0106901415, 0.01160644, 0.006414085
2504887952000, -0.010079277, 0.016493361, 0.010079277
2504892938000, 0.003970624, 0.014966198, 0.004276057
2504897956000, -0.0036651916, 0.009162978, 0.011301007
2504902920000, -0.006414085, 0.01282817, 0.014660766
2504907928000, -0.0021380284, 0.022296581, 0.014660766
2504912916000, -0.010995574, 0.015577064, 0.013439035
2504917963000, -0.005497787, 0.01038471, 0.013744468
2504922889000, -0.004276057, 0.01160644, 0.013133603
2504927887000, -0.0015271631, 0.015271631, 0.01038471
2504933285000, -0.010995574, 0.012217305, 0.010079277
2504937913000, -0.013133603, 0.004886922, 0.014966198
2504943296000, -0.004276057, 0.0036651916, 0.015882496
2504948018000, -0.0030543262, -0.0061086523, 0.0125227375
2504952897000, -0.0021380284, 3.0543262E-4, 0.014049901
2504957908000, 0.0076358155, -0.0067195175, 0.016798794
2504962873000, 0.012217305, -0.016798794, 0.01282817
2504967914000, 0.0030543262, -0.01282817, 0.004276057
2504972928000, 0.0015271631, -0.02321288, 0.0143553335
2504977898000, 0.005192355, -0.016187929, 0.016187929
2504982932000, 0.010995574, -0.022602014, 0.0070249503
2504987909000, 0.016493361, -0.01985312, 0.009162978
2504992924000, 6.1086525E-4, -0.02565634, 0.003970624
2504998007000, 0.011301007, -0.01985312, 0.005192355
2505002925000, 0.013133603, -0.023518313, 3.0543262E-4
2505007909000, 0.0061086523, -0.029321533, 0.004581489
2505012911000, 0.01863139, -0.035124753, 9.162979E-4
2505017916000, 0.022907447, -0.029626964, 0.005192355
2505022907000, 0.013133603, -0.035430185, 0.006414085
2505027888000, 0.0012217305, -0.04062254, -0.005497787
2505032935000, 0.008552114, -0.046731193, 0.0067195175
2505037912000, 0.010995574, -0.04795292, 6.1086525E-4
2505042934000, 0.012217305, -0.04795292, 0.0027488936
2505048002000, 0.010995574, -0.04734206, -0.007941248
2505052960000, 0.008246681, -0.057726767, -0.008857546
2505057909000, 0.00580322, -0.04734206, -0.004276057
2505062902000, 0.006414085, -0.04886922, -0.0070249503
2505067911000, 0.0012217305, -0.046120327, -0.01282817
2505072910000, -3.0543262E-4, -0.04153884, -0.0033597588
2505077892000, -0.0012217305, -0.03634648, -0.01863139
2505082952000, -0.005497787, -0.032070424, -0.016187929
2505087894000, 0.0018325958, -0.03573562, -0.00580322
2505092908000, 0.0036651916, -0.04886922, -0.006414085
2505097958000, 0.013133603, -0.053145275, -0.007330383
2505102991000, 0.0021380284, -0.048258353, -6.1086525E-4
2505107849000, 0.0067195175, -0.04642576, -0.005497787
2505112893000, 0.005497787, -0.040011674, -0.004581489
2505117842000, 0.0030543262, -0.038179077, -0.0067195175
2505122907000, -0.0018325958, -0.03848451, -3.0543262E-4
2505127858000, 0.009468411, -0.031154128, 6.1086525E-4
2505132981000, 0.008857546, -0.02565634, -0.0018325958
2505137844000, 0.0015271631, -0.036957346, 0.0036651916
2505142925000, 0.009162978, -0.019547688, -0.0012217305
2505147980000, -0.0030543262, -0.03359759, -0.005497787
2505152995000, -0.004886922, -0.032986723, -0.0070249503
2505157864000, -0.004581489, -0.026572637, 0.0027488936
2505162896000, 0.0027488936, -0.02321288, 0.0018325958
2505167881000, 3.0543262E-4, -0.02443461, 0.006414085
