#Angle around the z x y axes.
#timestamp(ns), Azimuth , Pitch, Roll (degrees)
#Datetime: 15/05/2015 17:42:04
##########################################
#Activity: 8 - CSI - Car-Step in - 6s
#Subject ID: 53
#First Name: sub53
#Last Name: sub53
#Age: 27
#Height(cm): 186
#Weight(kg): 120
#Gender: Male
##########################################

@DATA
1289666226000, 275.96085, -106.5149, -11.922356
1289670541000, 275.97226, -106.483, -11.907886
1289675534000, 275.7817, -105.883835, -11.661072
1289680508000, 275.57587, -105.31202, -11.421762
1289685540000, 275.37708, -104.74429, -11.184744
1289690525000, 275.1729, -104.191666, -10.955224
1289695520000, 274.96613, -103.65486, -10.726719
1289700541000, 274.7749, -103.13146, -10.510578
1289705534000, 274.5671, -102.62611, -10.29354
1289710532000, 274.36816, -102.14442, -10.082318
1289715657000, 274.1394, -101.663895, -9.866182
1289720539000, 273.96112, -101.200356, -9.668246
1289725546000, 273.73386, -100.76737, -9.457952
1289730489000, 273.52582, -100.33906, -9.260247
1289735550000, 273.3217, -99.93234, -9.060527
1289740529000, 273.11893, -99.549065, -8.867389
1289745545000, 272.925, -99.18813, -8.67525
1289750522000, 272.73273, -98.85034, -8.486388
1289755476000, 272.5593, -98.544106, -8.304071
1289760579000, 272.38885, -98.25997, -8.116855
1289765478000, 272.2372, -98.01269, -7.941514
1289770480000, 272.0897, -97.78835, -7.76277
1289775605000, 271.97607, -97.58189, -7.578584
1289780486000, 271.90338, -82.57814, -7.4204206
1289785462000, 271.87903, -82.71621, -7.271573
1289790546000, 271.83496, -82.85348, -7.1201506
1289795467000, 271.85574, -82.951416, -6.99702
1289800477000, 271.87463, -83.04971, -6.882734
1289805712000, 271.88055, -83.138374, -6.773465
1289810588000, 271.8584, -83.22431, -6.664924
1289815470000, 271.8025, -83.303925, -6.557538
1289820463000, 271.72348, -83.39003, -6.4396267
1289825481000, 271.6255, -83.483696, -6.3120637
1289830470000, 271.5158, -83.57695, -6.1825495
1289835467000, 271.4156, -83.67439, -6.051801
1289840541000, 271.33673, -83.77512, -5.9149046
1289845465000, 271.26123, -83.871864, -5.8018894
1289850478000, 271.21628, -83.962906, -5.6916223
1289855532000, 271.17606, -84.04387, -5.5933447
1289860588000, 271.14197, -84.12128, -5.4960723
1289865465000, 271.09232, -84.19241, -5.40312
1289870460000, 271.02817, -84.25774, -5.311706
1289875720000, 270.9492, -84.322266, -5.220379
1289880498000, 270.85864, -84.387726, -5.1256733
1289885464000, 270.75714, -84.45168, -5.0322094
1289890548000, 270.65833, -84.516945, -4.9375935
1289895469000, 270.55292, -84.5871, -4.8436737
1289900488000, 270.45392, -84.65679, -4.747214
1289905476000, 270.35437, -84.72779, -4.6554995
1289910620000, 270.2531, -84.80724, -4.558076
1289915465000, 270.14996, -84.88495, -4.463762
1289920462000, 270.04425, -84.96553, -4.369567
1289925542000, 269.9363, -85.0513, -4.269547
1289930470000, 269.8236, -85.134605, -4.177637
1289935462000, 269.7116, -85.22351, -4.078312
1289940523000, 269.6013, -85.30445, -3.9858918
1289945468000, 269.48865, -85.386284, -3.8948526
1289950470000, 269.3792, -85.46578, -3.80447
1289955471000, 269.2692, -85.539856, -3.7175236
1289960581000, 269.15512, -85.60868, -3.6347115
1289965467000, 269.04074, -85.67478, -3.5528584
1289970485000, 268.91934, -85.73823, -3.4728813
1289975578000, 268.7949, -85.795845, -3.3949184
1289980485000, 268.66367, -85.85197, -3.3198795
1289985462000, 268.52786, -85.90569, -3.2441008
1289991251000, 268.3908, -85.95652, -3.1711214
1289995488000, 268.24597, -86.00779, -3.0996516
1290000498000, 268.10165, -86.055916, -3.0305028
1290005473000, 267.95618, -86.103806, -2.961512
1290010584000, 267.8151, -86.1506, -2.8950787
1290015483000, 267.67126, -86.193535, -2.830109
1290020465000, 267.53494, -86.236946, -2.7663736
1290025479000, 267.4046, -86.27738, -2.704688
1290030473000, 267.27747, -86.315254, -2.6445484
1290035467000, 267.1597, -86.34857, -2.5889149
1290040523000, 267.0422, -86.37993, -2.5355155
1290045513000, 266.9143, -86.36779, -2.4635782
1290050464000, 266.78485, -86.34764, -2.3966575
1290055473000, 266.66364, -86.31973, -2.3341281
1290061459000, 266.5428, -86.28932, -2.27172
1290065472000, 266.42328, -86.250404, -2.214509
1290070487000, 266.30887, -86.21287, -2.1588027
1290075558000, 266.19504, -86.166145, -2.1046476
1290080477000, 266.08575, -86.1221, -2.0511851
1290085463000, 265.98148, -86.07415, -2.0005164
1290090538000, 265.87668, -86.02452, -1.9518822
1290095464000, 265.78107, -85.97351, -1.902224
1290100478000, 265.68604, -85.92233, -1.8559126
1290105472000, 265.5985, -85.866425, -1.8110802
1290110564000, 265.51337, -85.81076, -1.7656356
1290115464000, 265.433, -85.75364, -1.7221415
1290120459000, 265.35742, -85.69497, -1.6817298
1290125573000, 265.28302, -85.63431, -1.6385893
1290130586000, 265.21924, -85.57271, -1.5992162
1290135464000, 265.1532, -85.50859, -1.5602388
1290140528000, 265.09396, -85.44945, -1.5235595
1290145466000, 265.0392, -85.384125, -1.4857222
1290150467000, 264.98608, -85.32168, -1.450011
1290155477000, 264.94028, -85.258965, -1.4186779
1290160570000, 264.89154, -85.198616, -1.3834985
1290165461000, 264.8503, -85.13419, -1.3520128
1290170454000, 264.80917, -85.074524, -1.3236752
1290175566000, 264.76978, -85.0133, -1.294904
1290180502000, 264.7329, -84.95204, -1.2654808
1290185458000, 264.69467, -84.8927, -1.2426726
1290190540000, 264.66302, -84.83302, -1.2167001
1290195462000, 264.62695, -84.77404, -1.1945757
1290200772000, 264.5933, -84.717316, -1.1718946
1290205476000, 264.5596, -84.65667, -1.1506705
1290210576000, 264.5265, -84.60471, -1.1308215
1290215463000, 264.49234, -84.54774, -1.1110288
1290220458000, 264.45624, -84.491936, -1.0916104
1290225468000, 264.4264, -84.439064, -1.0720198
1290230474000, 264.39053, -84.38628, -1.0540241
1290235461000, 264.3614, -84.33355, -1.0372994
1290240546000, 264.3302, -84.281044, -1.0211809
1290245470000, 264.2856, -84.24057, -1.0025675
1290250496000, 264.23895, -84.203926, -0.98932004
1290255477000, 264.19733, -84.160614, -0.97611725
1290260574000, 264.15634, -84.12377, -0.96478593
1290265463000, 264.12088, -84.08138, -0.9537041
1290270480000, 264.08313, -84.04129, -0.94565874
1290275588000, 264.05154, -84.00002, -0.93862945
1290280483000, 264.01978, -83.96023, -0.9313953
1290285464000, 263.99072, -83.91869, -0.9279884
1290290534000, 263.96378, -83.87736, -0.9236182
1290295479000, 263.9384, -83.83451, -0.9220914
1290300483000, 263.91522, -83.789635, -0.9236677
1290305476000, 263.8945, -83.74096, -0.92599034
1290310608000, 263.87708, -83.68989, -0.92999834
1290315465000, 263.8612, -83.63635, -0.938966
1290320481000, 263.84854, -83.577385, -0.9457987
1290325549000, 263.84174, -83.51879, -0.9567678
1290330476000, 263.83673, -83.45928, -0.96860266
1290335464000, 263.8292, -83.39891, -0.98071617
1290340502000, 263.82645, -83.339264, -0.99730074
1290345614000, 263.81918, -83.280014, -1.0126351
1290350584000, 263.80722, -83.217896, -1.0296483
1290355475000, 263.79587, -83.16001, -1.0502225
1290360597000, 263.77298, -83.096176, -1.0701171
1290365469000, 263.7478, -83.035416, -1.0924524
1290370463000, 263.71716, -82.97146, -1.1146923
1290375590000, 263.67715, -82.90958, -1.1384181
1290380488000, 263.6366, -82.84412, -1.1652219
1290386255000, 263.58875, -82.78381, -1.1902102
1290390553000, 263.53726, -82.72229, -1.2170485
1290395468000, 263.4852, -82.66135, -1.2436633
1290400478000, 263.43286, -82.60491, -1.2682714
1290405476000, 263.37427, -82.54907, -1.2941406
1290410585000, 263.3175, -82.49771, -1.3144724
1290415469000, 263.2555, -82.449005, -1.3349003
1290420464000, 263.18854, -82.40303, -1.3505574
1290425539000, 263.11707, -82.3642, -1.3647597
1290430475000, 263.03674, -82.32875, -1.3721453
1290435462000, 262.95547, -82.29604, -1.3791671
1290440543000, 262.8634, -82.27136, -1.377888
1290445469000, 262.71088, -82.22703, -1.3003954
1290450479000, 262.5523, -82.1862, -1.2207137
1290456170000, 262.3907, -82.14709, -1.1403393
1290460573000, 262.2242, -82.11001, -1.05772
1290465467000, 262.05447, -82.07384, -0.9794301
1290470461000, 261.88885, -82.03722, -0.9030822
1290475535000, 261.7209, -82.00224, -0.827337
1290480546000, 261.5557, -81.968124, -0.75773424
1290485470000, 261.39978, -81.931175, -0.6897735
1290490540000, 261.2433, -81.89609, -0.6279921
1290495474000, 261.09912, -81.85921, -0.5680249
1290500479000, 260.95657, -81.82515, -0.5148102
1290505494000, 260.82996, -81.78767, -0.46566352
1290510595000, 260.70428, -81.75644, -0.42001423
1290515548000, 260.59644, -81.7227, -0.38432562
1290520482000, 260.49554, -81.69536, -0.3528105
1290525953000, 260.40567, -81.671555, -0.32390466
1290530475000, 260.3319, -81.65063, -0.3039636
1290535464000, 260.26953, -81.63965, -0.28286314
1290540540000, 260.2236, -81.63236, -0.27031082
1290545468000, 260.1899, -81.629585, -0.25731283
1290550498000, 260.1697, -81.63318, -0.247035
1290555530000, 260.1584, -81.630936, -0.24222481
1290560583000, 260.1463, -81.63459, -0.23720796
1290565465000, 260.13968, -81.625786, -0.23762125
1290570454000, 260.13904, -81.61598, -0.23787053
1290575533000, 260.13205, -81.59859, -0.23663086
1290580484000, 260.13068, -81.57331, -0.239129
1290585461000, 260.13394, -81.54522, -0.23856893
1290590533000, 260.14508, -81.513, -0.2358898
1290595566000, 260.16266, -81.473404, -0.236595
1290600495000, 260.18518, -81.435074, -0.23448958
1290605537000, 260.2085, -81.38872, -0.23019844
1290610596000, 260.24158, -81.3395, -0.22777718
1290615470000, 260.28003, -81.28848, -0.2218485
1290620486000, 260.31662, -81.24023, -0.206559
1290625578000, 260.36887, -81.19004, -0.19326058
1290630470000, 260.42017, -81.15405, -0.17544904
1290635535000, 260.48032, -81.12962, -0.15304594
1290640539000, 260.5476, -81.11885, -0.12998372
1290645502000, 260.58856, -81.26471, 0.030513873
1290650498000, 260.6397, -81.41927, 0.1889268
1290655478000, 260.69382, -81.573166, 0.3510483
1290660580000, 260.74854, -81.724556, 0.50866956
1290665495000, 260.80884, -81.8625, 0.6710917
1290670458000, 260.86777, -81.989784, 0.8292925
1290675549000, 260.92505, -82.09667, 0.98371845
1290680493000, 260.98096, -82.1836, 1.136326
1290685461000, 261.02206, -82.257996, 1.2782595
1290690555000, 261.03244, -82.29047, 1.4442941
1290695479000, 261.0696, -82.312355, 1.5704895
1290700495000, 261.08813, -82.30494, 1.7064726
1290705531000, 261.10986, -82.27175, 1.8358337
1290711376000, 261.13635, -82.228, 1.9485466
1290715494000, 261.18597, -82.17109, 2.0529778
1290720558000, 261.23843, -82.11866, 2.1497462
1290725543000, 261.29456, -82.070694, 2.247627
1290730594000, 261.34042, -82.03669, 2.3454108
1290735539000, 261.36703, -82.01184, 2.4504163
1290740555000, 261.37552, -81.99127, 2.558238
1290745563000, 261.3699, -81.972694, 2.675245
1290750578000, 261.34912, -81.94703, 2.7868583
1290765472000, 261.33328, -81.841675, 3.0969324
1290770465000, 261.3639, -81.806465, 3.1784244
1290775566000, 261.40515, -81.77946, 3.2535949
1290780842000, 261.4368, -81.75954, 3.3159237
1290785459000, 261.48495, -81.75101, 3.3763795
1290790527000, 261.50412, -81.75201, 3.425254
1290795500000, 261.5247, -81.76345, 3.4772134
1290800458000, 261.53577, -81.78535, 3.522476
1290805541000, 261.54126, -81.812355, 3.5662708
1290810681000, 261.5376, -81.84547, 3.6139908
1290815521000, 261.53128, -81.88022, 3.656131
1290820486000, 261.52417, -81.91813, 3.706125
1290825535000, 261.51367, -81.95201, 3.754733
1290830480000, 261.5017, -81.98226, 3.8135238
1290835466000, 261.49255, -82.00194, 3.880815
1290840537000, 261.4855, -82.01581, 3.9607615
1290845479000, 261.46658, -81.978294, 4.205261
1290850569000, 261.45465, -81.92137, 4.4696207
1290855495000, 261.44727, -81.841896, 4.741505
1290860629000, 261.4427, -81.742775, 5.0314302
1290865537000, 261.44626, -81.620674, 5.336974
1290870479000, 261.45715, -81.48117, 5.656112
1290875830000, 261.4884, -81.3221, 5.992716
1290880499000, 261.51633, -81.153404, 6.331081
1290885461000, 261.5833, -80.960945, 6.698401
1290890531000, 261.6673, -80.766495, 7.07009
1290895470000, 261.78195, -80.566246, 7.450849
1290900494000, 261.93814, -80.359566, 7.8363814
1290905549000, 262.0735, -80.15186, 8.221518
1290910681000, 262.24173, -79.92979, 8.613158
1290915514000, 262.41666, -79.70822, 8.997034
1290920601000, 262.56653, -79.481224, 9.365566
1290925504000, 262.70328, -79.24703, 9.726464
1290930471000, 262.8321, -79.02656, 10.056403
1290935463000, 262.95917, -78.81062, 10.3693285
1290940535000, 263.07617, -78.62524, 10.638912
1290945534000, 263.1902, -78.45044, 10.890645
1290950485000, 263.3037, -78.305145, 11.104054
1290955492000, 263.41504, -78.17356, 11.30119
1290960646000, 263.5218, -78.05567, 11.475775
1290965524000, 263.6218, -77.9483, 11.633701
1290970483000, 263.72006, -77.85146, 11.775654
1290975538000, 263.79797, -77.75896, 11.907592
1290980480000, 263.88736, -77.68835, 12.0133915
1290985465000, 263.96515, -77.62782, 12.106197
1290990490000, 264.05478, -77.56992, 12.193532
1290995580000, 264.16296, -77.52611, 12.266672
1291000494000, 264.27005, -77.494705, 12.326433
1291005480000, 264.40024, -77.46099, 12.386097
1291010616000, 264.54767, -77.42833, 12.444546
1291015477000, 264.7187, -77.39415, 12.503281
1291020462000, 264.90442, -77.35744, 12.562708
1291025565000, 265.13068, -77.31134, 12.630635
1291030468000, 265.37732, -77.26234, 12.698931
1291036201000, 265.66132, -77.201126, 12.776534
1291040483000, 265.9732, -77.13478, 12.85544
1291045485000, 266.2947, -76.895515, 13.102253
1291050466000, 266.6437, -103.352425, 13.352374
1291055481000, 267.00165, -103.610405, 13.606445
1291060602000, 267.3615, -103.874916, 13.860141
1291065474000, 267.73236, -104.1512, 14.118056
1291070483000, 268.09854, -104.4392, 14.380431
1291075483000, 268.4646, -104.7446, 14.652889
1291080475000, 268.82275, -105.05898, 14.926359
1291085473000, 269.1809, -105.38215, 15.201672
1291090540000, 269.53662, -105.71447, 15.479395
1291095476000, 269.89075, -106.0506, 15.752541
1291100467000, 270.2616, -106.38805, 16.018215
1291105550000, 270.6434, -106.72564, 16.273195
1291110605000, 271.0583, -107.058525, 16.513494
1291115466000, 271.517, -107.39387, 16.737396
1291120459000, 272.02145, -107.72535, 16.94207
1291125540000, 272.5878, -108.06328, 17.129457
1291130469000, 273.21115, -108.414444, 17.302904
1291135461000, 273.88202, -108.78857, 17.468082
1291140529000, 274.5947, -109.19029, 17.620913
1291145474000, 275.33386, -109.629715, 17.775097
1291150464000, 276.06598, -110.110954, 17.933361
1291155483000, 276.79224, -110.63254, 18.097902
1291160590000, 277.495, -111.18029, 18.264229
1291165545000, 278.15582, -111.756226, 18.439775
1291170482000, 278.80273, -112.33956, 18.613306
1291175717000, 279.39514, -112.936226, 18.803326
1291180534000, 279.97034, -113.517715, 18.981112
1291185482000, 280.52136, -114.09996, 19.172329
1291190470000, 281.05746, -114.66412, 19.367416
1291195516000, 281.57446, -115.20376, 19.567513
1291200459000, 282.08743, -115.7232, 19.77979
1291205486000, 282.60648, -116.23086, 20.01376
1291210642000, 283.12515, -116.72846, 20.278877
1291215560000, 283.65994, -117.21258, 20.55387
1291220560000, 284.2158, -117.69414, 20.862095
1291225567000, 284.8013, -118.183304, 21.192554
1291230561000, 285.40222, -118.67635, 21.555008
1291235490000, 286.05832, -119.16563, 21.927238
1291240547000, 286.7422, -119.65925, 22.32965
1291245475000, 287.35028, -120.12747, 22.887453
1291250498000, 288.00082, -120.59739, 23.450695
1291255569000, 288.68875, -121.0751, 24.034342
1291260596000, 289.38605, -121.54501, 24.6223
1291266232000, 290.11462, -122.00326, 25.201439
1291270617000, 290.85455, -122.45322, 25.768064
1291275577000, 291.63434, -122.88365, 26.30089
1291280602000, 292.4427, -123.29973, 26.812796
1291285585000, 293.29245, -123.71154, 27.288662
1291290597000, 294.21234, -124.12256, 27.731188
1291295480000, 295.1479, -124.53584, 28.152948
1291300507000, 296.11673, -124.95824, 28.55599
1291305550000, 297.06744, -125.388016, 28.94755
1291311619000, 298.00085, -125.83026, 29.33484
1291315488000, 298.92322, -126.28239, 29.712744
1291320495000, 299.7465, -126.733955, 30.0908
1291325554000, 300.56543, -127.1848, 30.439121
1291330490000, 301.34888, -127.62039, 30.764383
1291335474000, 302.09412, -128.03522, 31.06228
1291340472000, 302.82056, -128.42242, 31.327333
1291345578000, 303.5358, -128.77266, 31.55758
1291350482000, 304.24893, -129.0896, 31.76103
1291355513000, 304.97314, -129.37305, 31.942898
1291361507000, 305.71933, -129.6255, 32.100235
1291365544000, 306.47397, -129.85384, 32.244205
1291370599000, 307.28177, -130.06781, 32.361855
1291375597000, 308.10065, -130.26349, 32.470654
1291380620000, 308.94647, -130.46143, 32.564884
1291385555000, 309.81085, -130.66156, 32.648457
1291390511000, 310.67615, -130.86862, 32.729664
1291395548000, 311.5343, -131.0892, 32.816013
1291400550000, 312.3748, -131.3263, 32.905697
1291405494000, 313.17874, -131.58362, 33.016777
1291410564000, 313.95062, -131.85382, 33.136414
1291415482000, 314.6748, -132.13713, 33.281998
1291420488000, 315.35675, -132.43669, 33.452385
1291425560000, 315.99905, -132.73792, 33.642406
1291431334000, 316.62167, -133.04095, 33.83999
1291435489000, 317.21082, -133.35045, 34.07141
1291440475000, 317.7898, -133.65688, 34.310665
1291445490000, 318.8946, -134.03354, 34.128307
1291450578000, 319.9934, -134.40634, 33.94419
1291455476000, 321.13376, -134.7574, 33.7429
1291460576000, 322.28372, -135.09373, 33.52427
1291465445000, 323.42816, -135.4253, 33.29729
1291470475000, 324.6056, -135.7316, 33.03489
1291475449000, 325.77515, -136.02997, 32.754993
1291480505000, 326.95816, -136.33646, 32.449352
1291485472000, 328.14783, -136.63614, 32.11997
1291490499000, 329.38113, -136.91917, 31.749569
1291495514000, 330.62292, -137.1981, 31.363012
1291501080000, 331.86948, -137.48172, 30.963491
1291505472000, 333.1108, -137.7573, 30.549599
1291510653000, 334.3693, -138.04735, 30.119858
1291515506000, 335.5893, -138.32788, 29.695679
1291520461000, 336.79327, -138.6355, 29.29368
1291525529000, 337.9989, -138.92615, 28.857225
1291530444000, 339.18536, -139.18185, 28.356062
1291535462000, 340.35303, -139.42368, 27.844732
1291540459000, 341.46954, -139.60316, 27.326853
1291545471000, 342.57968, -139.76628, 26.785942
1291550461000, 343.67914, -139.91437, 26.1652
1291555473000, 344.76266, -140.05199, 25.534416
1291560716000, 345.77042, -140.18036, 24.913597
1291565520000, 346.81323, -140.3037, 24.241339
1291570824000, 347.78546, -140.43715, 23.52084
1291575533000, 348.73874, -140.55986, 22.821995
1291580475000, 349.66046, -140.67516, 22.121181
1291585463000, 350.48898, -140.82811, 21.483257
1291590464000, 351.32062, -140.96222, 20.791952
1291595478000, 352.07013, -141.13055, 20.10665
1291600480000, 352.81226, -141.27637, 19.41633
1291605478000, 353.505, -141.34738, 18.744509
1291610619000, 354.18246, -141.4181, 18.112108
1291615469000, 354.8049, -141.47699, 17.495554
1291620460000, 355.42172, -141.51567, 16.85946
1291625540000, 355.9564, -141.56194, 16.207197
1291630471000, 356.46698, -141.60338, 15.57544
1291635461000, 356.93903, -141.60187, 14.961772
1291640626000, 357.38467, -141.59235, 14.388241
1291645571000, 357.75623, -141.58246, 13.815272
1291650486000, 358.0961, -141.5665, 13.284627
1291655525000, 358.3556, -141.56187, 12.72613
1291660671000, 358.56705, -141.55754, 12.223319
1291665524000, 358.6475, -141.59186, 11.658893
1291670490000, 358.6969, -141.62967, 11.135051
1291675507000, 358.50043, -141.75343, 10.531605
1291680491000, 358.2751, -141.88196, 9.961264
1291686323000, 358.02502, -142.01242, 9.416704
1291690535000, 357.39792, -142.28238, 8.758262
1291695501000, 356.7582, -142.54921, 8.106372
1291700501000, 356.39114, -142.7517, 7.5289893
1291705549000, 356.01447, -142.95543, 6.937737
1291710565000, 355.68942, -143.10568, 6.3433924
1291715553000, 355.3583, -143.26558, 5.7235036
1291720486000, 355.44495, -143.44676, 5.2597218
1291725547000, 355.53217, -143.63626, 4.75438
1291730544000, 355.65594, -143.87886, 4.2849097
1291735542000, 355.7746, -144.13469, 3.7710626
1291740556000, 355.61975, -144.65633, 3.3731909
1291745539000, 355.4574, -145.19604, 2.9108527
1291750559000, 355.56516, -145.72807, 2.6511016
1291755637000, 355.66055, -146.26952, 2.3685477
1291760419000, 355.75647, -146.80136, 2.0733647
1291765374000, 355.83905, -147.3425, 1.777174
1291770370000, 355.99164, -147.91493, 1.6537812
1291775423000, 356.12616, -148.48346, 1.5392591
1291780376000, 356.23697, -149.02232, 1.4388598
1291785387000, 356.33057, -149.54672, 1.3567168
1291790410000, 356.37256, -149.96544, 1.2402986
1291795378000, 356.4084, -150.35913, 1.1674751
1291800529000, 356.31512, -150.58229, 0.96108085
1291805550000, 356.21887, -150.76053, 0.8064007
1291810649000, 355.9156, -150.74318, 0.4737869
1291815513000, 355.6203, -150.68555, 0.18519801
1291820456000, 355.16055, -150.41927, -0.25097644
1291825577000, 354.72174, -150.12593, -0.65051436
1291830465000, 354.18317, -149.67978, -1.1692554
1291835461000, 353.66632, -149.23251, -1.6552639
1291840460000, 353.05505, -148.64404, -2.2685606
1291845477000, 352.4655, -148.07013, -2.853896
1291850465000, 352.056, -147.3861, -3.4231908
1291855553000, 351.64975, -146.7253, -3.9786997
1291861209000, 351.3406, -146.11943, -4.4993834
1291865590000, 351.03183, -145.54684, -5.00465
1291870555000, 350.66296, -145.09131, -5.4718585
1291875471000, 350.26926, -144.6646, -5.89338
1291880551000, 349.83072, -144.25467, -6.2739415
1291885474000, 349.3385, -143.85953, -6.59164
1291890486000, 348.83075, -143.53906, -6.6339297
1291895471000, 348.2652, -143.23068, -6.6098666
1291900480000, 347.7772, -142.87402, -6.3383126
1291905562000, 347.24026, -142.52179, -6.0146174
1291910650000, 346.6924, -142.06912, -5.55585
1291915589000, 346.1098, -141.61578, -5.0645885
1291920468000, 345.5041, -141.0632, -4.543924
1291925550000, 344.88843, -140.5165, -4.0344405
1291930598000, 344.2674, -139.91289, -3.5426333
1291935462000, 343.6524, -139.32884, -3.104097
1291940477000, 343.04, -138.71564, -2.7305193
1291945589000, 342.44336, -138.1151, -2.4253361
1291950502000, 341.827, -137.50986, -2.1790965
1291955670000, 341.25162, -136.9168, -2.0248492
1291960637000, 340.67627, -136.35611, -1.9055926
1291965469000, 340.11105, -135.81035, -1.8564239
1291970456000, 339.61557, -135.32591, -1.8083453
1291975527000, 339.1296, -134.8538, -1.8013493
1291980509000, 338.65417, -134.39804, -1.8248105
1291985462000, 338.24744, -134.00014, -1.8116226
1291990474000, 337.84988, -133.60825, -1.8168541
1291995508000, 337.4912, -133.30681, -1.7966199
1292000617000, 337.14435, -133.00781, -1.791111
1292005560000, 336.81625, -132.77213, -1.7823119
1292010553000, 336.50833, -132.54507, -1.7953066
1292015744000, 336.19162, -132.20006, -1.8037597
1292020487000, 335.90826, -131.87459, -1.8328437
1292025499000, 335.61743, -131.46011, -1.9073538
1292030470000, 335.35556, -131.05957, -1.9929436
1292035467000, 335.07394, -130.59874, -2.1390836
1292040495000, 334.82126, -130.1466, -2.293459
1292046249000, 334.5158, -129.6773, -2.51047
1292050480000, 334.22482, -129.21638, -2.7204592
1292055519000, 333.8909, -128.79074, -2.973193
1292060583000, 333.5499, -128.36569, -3.208931
1292065491000, 333.18872, -127.95437, -3.433653
1292070588000, 332.8062, -127.605736, -3.6542783
1292075565000, 332.39514, -127.27571, -3.8681865
1292080711000, 331.95364, -126.972, -4.0725155
1292085560000, 331.48172, -126.698425, -4.27948
1292090555000, 330.9247, -126.57175, -4.5445633
1292095601000, 330.3426, -126.481804, -4.8078504
1292100607000, 329.7399, -126.43005, -5.0734916
1292106497000, 328.9822, -126.48045, -5.4280467
1292110577000, 328.21225, -126.56679, -5.776545
1292116139000, 327.40256, -126.69641, -6.124621
1292120496000, 326.58203, -126.852745, -6.4517245
1292125559000, 325.75714, -127.016136, -6.762685
1292130468000, 324.8781, -127.22415, -7.0664105
1292135467000, 323.99536, -127.42238, -7.347547
1292140476000, 323.0675, -127.63439, -7.6351314
1292145512000, 322.1526, -127.824265, -7.901671
1292150571000, 321.19537, -128.00067, -8.181406
1292155514000, 320.2749, -128.16306, -8.452427
1292160649000, 319.38007, -128.2776, -8.705801
1292165506000, 318.5475, -128.38187, -8.948654
1292170456000, 317.8909, -128.44127, -9.1079235
1292175541000, 317.3146, -128.48236, -9.246289
1292180468000, 317.01602, -128.44116, -9.167366
1292185998000, 316.78674, -128.37933, -9.042848
1292190463000, 316.73135, -128.14621, -8.586923
1292195519000, 316.68826, -127.91593, -8.075964
1292200466000, 316.71564, -127.42708, -7.183441
1292205539000, 316.7198, -126.97508, -6.2657313
1292210706000, 316.7113, -126.490326, -5.138194
1292215546000, 316.66315, -126.09776, -4.0669413
1292220444000, 316.62164, -125.93186, -3.2487411
1292225495000, 316.5848, -125.83884, -2.501721
1292230479000, 316.57492, -125.79408, -1.8302879
1292235459000, 316.59024, -125.78683, -1.4191763
1292240486000, 316.64374, -125.80459, -1.0801302
1292245556000, 316.65298, -125.86174, -0.9833701
1292250481000, 316.72604, -125.925995, -0.95062155
1292255749000, 316.64124, -126.106, -1.1610955
1292260644000, 316.58386, -126.28407, -1.3773277
1292265561000, 316.37073, -126.56401, -1.7662954
1292270465000, 316.1548, -126.83246, -2.1442375
1292275525000, 315.93823, -127.093155, -2.5096228
1292280484000, 315.66098, -127.33804, -2.9089026
1292285464000, 315.38184, -127.5627, -3.2831604
1292290505000, 315.16754, -127.71217, -3.5991743
1292295553000, 314.95657, -127.843346, -3.8944724
1292300453000, 314.8121, -127.90053, -4.103711
1292305520000, 314.65967, -127.945694, -4.291545
1292310600000, 314.64246, -127.88408, -4.286762
1292315543000, 314.60425, -127.82004, -4.2472663
1292320439000, 314.59482, -127.70754, -4.124297
1292325536000, 314.57086, -127.58847, -3.9787734
1292330446000, 314.56506, -127.429245, -3.7759647
1292335459000, 314.54425, -127.26552, -3.5649931
1292340509000, 314.54318, -127.0909, -3.3273413
1292345479000, 314.53964, -126.9094, -3.0897095
1292350481000, 314.54208, -126.752106, -2.8516607
1292355501000, 314.54868, -126.5833, -2.6169624
1292360660000, 314.55673, -126.44183, -2.4362876
1292365572000, 314.57892, -126.299484, -2.266916
1292370478000, 314.61783, -126.16308, -2.1022027
1292375488000, 314.625, -126.02521, -2.0406668
1292380505000, 314.63837, -125.90044, -1.98314
1292385466000, 314.60596, -125.749504, -2.0247443
1292390480000, 314.56558, -125.6134, -2.0580504
1292395485000, 314.4917, -125.457596, -2.1337337
1292400482000, 314.40256, -125.31057, -2.1974998
1292405498000, 314.30148, -125.162796, -2.2545986
1292410694000, 314.18576, -125.023926, -2.2981892
1292415494000, 314.0718, -124.879036, -2.335658
1292420463000, 313.94348, -124.74687, -2.3626292
1292425569000, 313.80017, -124.62283, -2.3849368
1292430476000, 313.6354, -124.50456, -2.4147239
1292435470000, 313.45737, -124.38977, -2.4420347
1292441000000, 313.25513, -124.30707, -2.526185
1292445461000, 313.04584, -124.22539, -2.6071186
1292450482000, 312.81018, -124.17142, -2.7505794
1292455501000, 312.58896, -124.124306, -2.8944001
1292460584000, 312.3622, -124.09102, -3.0808685
1292465503000, 312.1457, -124.06381, -3.2647781
1292470462000, 311.94446, -124.043274, -3.461757
1292475656000, 311.74878, -124.02758, -3.648945
1292480503000, 311.5945, -124.00763, -3.7972498
1292485467000, 311.4389, -123.99031, -3.9322958
1292490478000, 311.31973, -123.97742, -4.0008655
1292495492000, 311.19067, -123.96388, -4.0529337
1292500477000, 311.08328, -123.94924, -4.0465975
1292505489000, 310.96954, -123.93718, -4.027155
1292511198000, 310.85977, -123.91725, -3.984516
1292515494000, 310.75305, -123.8924, -3.9397666
1292520471000, 310.65973, -123.83957, -3.8899946
1292525594000, 310.5728, -123.77864, -3.8422477
1292530471000, 310.49768, -123.686646, -3.8024864
1292535465000, 310.4292, -123.58421, -3.767037
1292540484000, 310.39404, -123.451065, -3.7260447
1292545552000, 310.36597, -123.31537, -3.691251
1292550475000, 310.36304, -123.16438, -3.6408825
1292555483000, 310.37848, -123.01594, -3.6005592
1292560632000, 310.4072, -122.89238, -3.5657902
1292565515000, 310.44952, -122.77924, -3.5395167
1292570458000, 310.4982, -122.703, -3.5394588
1292575539000, 310.55283, -122.64046, -3.5556588
1292580782000, 310.61096, -122.62274, -3.616539
1292585464000, 310.66214, -122.62363, -3.6911654
1292590491000, 310.7125, -122.665764, -3.8343086
1292595530000, 310.75366, -122.72443, -3.986733
1292600467000, 310.79828, -122.790855, -4.149562
1292605495000, 310.81836, -122.891785, -4.3822656
1292610608000, 310.8368, -122.99742, -4.6149187
1292615575000, 310.82617, -123.132385, -4.8632
1292620460000, 310.83157, -123.2842, -5.113763
1292625534000, 310.813, -123.43811, -5.3447933
1292630475000, 310.78674, -123.59686, -5.548372
1292635462000, 310.7746, -123.74771, -5.7052393
1292640483000, 310.73557, -123.89378, -5.8328648
1292645564000, 310.73892, -124.02448, -5.887042
1292650494000, 310.7239, -124.15292, -5.9179125
1292655483000, 310.72827, -124.27128, -5.890195
1292660664000, 310.7248, -124.38289, -5.8428745
1292665517000, 310.7296, -124.490616, -5.7887607
1292670485000, 310.74368, -124.59651, -5.7293177
1292675541000, 310.76654, -124.72299, -5.6085505
1292680567000, 310.7912, -124.844925, -5.483915
1292685472000, 310.8158, -124.97089, -5.358445
1292690556000, 310.8134, -125.10601, -5.1925035
1292695488000, 310.8224, -125.248856, -5.044296
1292700504000, 310.85577, -125.4215, -4.865934
1292705505000, 310.86053, -125.58653, -4.6515965
1292710487000, 310.8784, -125.76937, -4.3816233
1292715506000, 310.91476, -125.95172, -4.1381164
1292720501000, 310.9599, -126.16678, -3.8420718
1292725539000, 311.00525, -126.38334, -3.5488322
1292730582000, 311.06927, -126.56248, -3.2119098
1292735553000, 311.14008, -126.734024, -2.8782072
1292740553000, 311.21298, -126.8761, -2.5220916
1292745536000, 311.29398, -127.01167, -2.1517766
1292750652000, 311.36923, -127.108475, -1.7836982
1292755415000, 311.45108, -127.195496, -1.3930569
1292760416000, 311.52844, -127.2464, -1.0105686
1292765624000, 311.60712, -127.27983, -0.58827233
1292770379000, 311.66833, -127.24966, -0.16975093
1292775406000, 311.73834, -127.195885, 0.29355592
1292780376000, 311.77603, -127.0831, 0.71657884
1292785375000, 311.8216, -126.94501, 1.1640943
1292790409000, 311.8286, -126.75786, 1.5199053
1292795400000, 311.85645, -126.567795, 1.8597807
1292800650000, 311.86902, -126.35655, 2.1541972
1292805524000, 311.88675, -126.168396, 2.4211624
1292810608000, 311.90927, -126.05263, 2.7196257
1292815533000, 311.92026, -125.9848, 2.9884472
1292820438000, 311.94333, -126.05606, 3.2601004
1292825530000, 311.917, -126.175186, 3.5075014
1292830444000, 311.92566, -126.4274, 3.7357402
1292835906000, 311.85748, -126.68938, 3.9569533
1292840617000, 311.82504, -127.08626, 4.140382
1292845639000, 311.74442, -127.46323, 4.3028965
1292850741000, 311.6516, -127.84696, 4.461742
1292855680000, 311.61325, -128.33904, 4.720349
1292860885000, 311.54984, -128.82475, 4.9708085
1292865514000, 311.48193, -129.29202, 5.1998982
1292870518000, 311.4154, -129.81215, 5.4597125
1292875501000, 311.34744, -130.31721, 5.7034593
1292880542000, 311.36307, -130.82489, 5.9522305
1292885473000, 311.3593, -131.31674, 6.1811104
1292890485000, 311.38184, -131.76563, 6.478925
1292895543000, 311.46375, -132.19441, 6.7192636
1292900470000, 311.5478, -132.56378, 6.950062
1292905536000, 311.6449, -132.91293, 7.17186
1292910572000, 311.71375, -133.19429, 7.402885
1292915464000, 311.7716, -133.48735, 7.656171
1292920482000, 311.8184, -133.71869, 7.8216276
1292925543000, 311.81793, -133.96484, 8.015936
1292930467000, 311.77463, -134.29767, 8.054459
1292935465000, 311.73224, -134.61679, 8.082468
1292940737000, 311.58966, -134.87805, 8.08103
1292945538000, 311.42508, -135.13667, 8.099567
1292950651000, 311.21722, -135.44327, 8.094166
1292955564000, 310.99713, -135.75429, 8.097134
1292960572000, 310.85013, -136.19917, 8.131174
1292965464000, 310.69083, -136.63321, 8.166554
1292970490000, 310.5212, -137.05562, 8.19304
1292975482000, 310.37286, -137.5173, 8.272399
1292980490000, 310.2, -137.96463, 8.355943
1292985462000, 310.08658, -138.42386, 8.487212
1292990475000, 309.97443, -138.84837, 8.595265
1292995591000, 309.8847, -139.36234, 8.734266
1293000547000, 309.82858, -139.84875, 8.833487
1293005599000, 309.7362, -140.2887, 9.004811
1293010569000, 309.6633, -140.72481, 9.15665
1293015521000, 309.6076, -141.15364, 9.288513
1293020480000, 309.52002, -141.4918, 9.405171
1293025578000, 309.4471, -141.8216, 9.508923
1293030472000, 309.34195, -142.16501, 9.610609
1293035510000, 309.2395, -142.50168, 9.721801
1293040458000, 309.10797, -142.8437, 9.801655
1293045619000, 308.9657, -143.16039, 9.900247
1293050542000, 308.7634, -143.48749, 10.032448
1293055875000, 308.64093, -143.80544, 10.102792
1293060407000, 308.4798, -144.0725, 10.323629
1293065376000, 308.329, -144.35861, 10.534105
1293070385000, 308.19003, -144.68384, 10.687697
1293075414000, 308.04755, -145.00903, 10.830261
1293080393000, 307.91064, -145.36398, 10.939865
1293085374000, 307.7746, -145.72162, 11.046223
1293090405000, 307.59946, -146.14009, 11.149578
1293095401000, 307.43655, -146.55945, 11.248103
1293100493000, 307.23254, -147.02806, 11.317542
1293105477000, 307.04694, -147.50014, 11.39661
1293110489000, 306.82883, -147.99802, 11.505433
1293115517000, 306.59842, -148.48952, 11.642027
1293120421000, 306.36234, -149.00754, 11.7799225
1293125581000, 306.17526, -149.49187, 11.872924
1293130439000, 305.94092, -149.98703, 12.036887
1293135440000, 305.7423, -150.35754, 12.318694
1293140500000, 305.5441, -150.72615, 12.600928
1293145464000, 305.34262, -151.16194, 12.829568
1293150488000, 305.1329, -151.59105, 13.059321
1293155511000, 304.9418, -152.06883, 13.320311
1293161465000, 304.74088, -152.53206, 13.584402
1293165466000, 304.5275, -153.03592, 13.916065
1293170478000, 304.33655, -153.54213, 14.223635
1293175493000, 304.14578, -154.0188, 14.486133
1293180489000, 303.89758, -154.51889, 14.826058
1293185466000, 303.73145, -154.97711, 15.239393
1293190478000, 303.56458, -155.42621, 15.641247
1293195652000, 303.4074, -155.9826, 15.933514
1293200471000, 303.24542, -156.54333, 16.221842
1293205514000, 303.1008, -157.17778, 16.449373
1293210588000, 302.95386, -157.80591, 16.690004
1293215470000, 302.81073, -158.47603, 16.888765
1293220518000, 302.6648, -159.1414, 17.084703
1293225466000, 302.5197, -159.81001, 17.278013
1293230937000, 302.3743, -160.46913, 17.458302
1293235442000, 302.26508, -161.14352, 17.695824
1293240487000, 302.15607, -161.80003, 17.911526
1293245485000, 302.0546, -162.50421, 18.134417
1293250478000, 301.94977, -163.19933, 18.350971
1293255498000, 301.86185, -163.94522, 18.565447
1293260590000, 301.77643, -164.68413, 18.7715
1293265449000, 301.70306, -165.45802, 18.986042
1293270466000, 301.63412, -166.22287, 19.19416
1293275464000, 301.57315, -166.98064, 19.403532
1293280472000, 301.53012, -167.73784, 19.58679
1293285468000, 301.48883, -168.48415, 19.772778
1293290497000, 301.4394, -169.26144, 19.940416
1293295620000, 301.38483, -170.00507, 20.106426
1293300577000, 301.34155, -170.76234, 20.339642
1293305493000, 301.26794, -171.48807, 20.610893
1293310635000, 301.2536, -172.31313, 20.763666
1293315533000, 301.21997, -173.07292, 20.949255
1293320441000, 301.19983, -173.98717, 21.025608
1293325499000, 301.19025, -174.84889, 21.00078
1293330473000, 301.15298, -175.65016, 20.95944
1293335487000, 301.0924, -176.40895, 21.088667
1293340562000, 301.0327, -177.13252, 21.002546
1293345481000, 300.99478, -177.84413, 21.147053
1293350467000, 300.95367, -178.5418, 21.189377
1293355476000, 300.92636, -179.30324, 21.110582
1293360585000, 300.89374, 179.9695, 20.9941
1293365468000, 300.8664, 179.16933, 20.758032
1293370466000, 300.83047, 178.41129, 20.565605
1293375490000, 300.76718, 177.64389, 20.31122
1293380478000, 300.70016, 176.90399, 20.14933
1293385451000, 300.58835, 176.20778, 20.00204
1293390549000, 300.47232, 175.53189, 19.875141
1293395602000, 300.31955, 174.86598, 19.756788
1293400471000, 300.15726, 174.21352, 19.61663
1293405612000, 299.99884, 173.57854, 19.48468
1293410585000, 299.84604, 172.95737, 19.351406
1293415468000, 299.69623, 172.35536, 19.224663
1293420498000, 299.5458, 171.78319, 19.105257
1293425531000, 299.40564, 171.22836, 19.003437
1293430473000, 299.21393, 170.63217, 18.924623
1293435464000, 299.02945, 170.06378, 18.865461
1293440557000, 298.86734, 169.49562, 18.825045
1293445580000, 298.70377, 168.95866, 18.780014
1293450663000, 298.5286, 168.41801, 18.738548
1293455491000, 298.34296, 167.91412, 18.660263
1293460589000, 298.15997, 167.41582, 18.57482
1293465477000, 297.96106, 166.93895, 18.444557
1293470485000, 297.77032, 166.45148, 18.254103
1293475567000, 297.58807, 165.96814, 18.056984
1293480536000, 297.36612, 165.45583, 17.83032
1293486117000, 297.1612, 164.93953, 17.610493
1293490564000, 296.94324, 164.46194, 17.39855
1293495565000, 296.75308, 163.9916, 17.203539
1293500564000, 296.5332, 163.5418, 17.039242
1293505501000, 296.3362, 163.10886, 16.896715
1293510720000, 296.14566, 162.72455, 16.797747
1293515545000, 295.96994, 162.36107, 16.714575
1293520542000, 295.77695, 162.02907, 16.672022
1293525530000, 295.59662, 161.71312, 16.634869
1293530467000, 295.43985, 161.4242, 16.616285
1293535464000, 295.2943, 161.1611, 16.600399
1293540539000, 295.13742, 160.86072, 16.574175
1293545549000, 294.99646, 160.59326, 16.54556
1293550481000, 294.886, 160.274, 16.494291
1293556103000, 294.7952, 159.97485, 16.443213
1293560550000, 294.76114, 159.6235, 16.378326
1293565471000, 294.74695, 159.28629, 16.318779
1293570465000, 294.76193, 158.85065, 16.282267
1293575531000, 294.78702, 158.4291, 16.244064
1293580680000, 294.8349, 157.99844, 16.264517
1293585463000, 294.8792, 157.58142, 16.266453
1293590489000, 294.92053, 157.21956, 16.256893
1293595564000, 294.96814, 156.87201, 16.25389
1293600517000, 295.01736, 156.54689, 16.249786
1293605568000, 295.01624, 156.275, 16.211628
1293610579000, 295.012, 156.02112, 16.152079
1293615474000, 294.96786, 155.8422, 16.12259
1293620460000, 294.92752, 155.66602, 16.075487
1293625717000, 294.83502, 155.57416, 16.040668
1293630478000, 294.75116, 155.48654, 16.018282
1293635463000, 294.62006, 155.47018, 16.005068
1293640567000, 294.49097, 155.46376, 16.004452
1293645485000, 294.3384, 155.51071, 16.009148
1293650574000, 294.1873, 155.57391, 16.016518
1293655496000, 294.01294, 155.65756, 16.010988
1293665469000, 293.82883, 155.78018, 15.999149
1293670460000, 293.64017, 155.88312, 15.982401
1293675489000, 293.4563, 155.98828, 15.9471
1293680649000, 293.25433, 156.11264, 15.905757
1293685476000, 293.04636, 156.25816, 15.872869
1293690581000, 292.82855, 156.36652, 15.838152
1293695502000, 292.60883, 156.46138, 15.806877
1293700511000, 292.39264, 156.57248, 15.804621
1293705519000, 292.17804, 156.69312, 15.8197975
1293710498000, 291.9677, 156.80579, 15.831851
1293715449000, 291.76236, 156.91974, 15.854985
1293720493000, 291.55142, 157.0389, 15.867748
1293725448000, 291.34583, 157.16133, 15.902752
1293730564000, 291.11697, 157.29128, 15.906763
1293735467000, 290.88492, 157.41937, 15.908624
1293740514000, 290.63464, 157.57466, 15.893237
1293755465000, 289.82196, 158.07724, 15.715014
1293760432000, 289.53268, 158.26436, 15.606077
1293765411000, 289.24176, 158.44841, 15.488991
1293770370000, 288.93512, 158.64713, 15.3765335
1293775419000, 288.633, 158.84552, 15.252976
1293780376000, 288.32135, 159.04901, 15.151685
1293785402000, 288.0111, 159.25302, 15.042695
1293790412000, 287.70157, 159.45619, 14.942334
1293795403000, 287.38483, 159.66272, 14.841264
1293800486000, 287.06274, 159.85965, 14.736892
1293805447000, 286.73843, 160.05313, 14.633843
1293811162000, 286.42255, 160.22218, 14.540991
1293815438000, 286.10715, 160.37946, 14.448099
1293820455000, 285.7774, 160.54239, 14.39047
1293825518000, 285.46234, 160.67412, 14.338612
1293830439000, 285.14417, 160.81984, 14.340508
1293835436000, 284.8498, 160.94579, 14.367119
1293840458000, 284.56653, 161.07848, 14.424548
1293845532000, 284.308, 161.19437, 14.501951
1293850484000, 284.06915, 161.31856, 14.61562
1293855471000, 283.83786, 161.43599, 14.721309
1293860584000, 283.61993, 161.56026, 14.803012
1293865465000, 283.4123, 161.67899, 14.87483
1293870488000, 283.20535, 161.80199, 14.928509
1293875533000, 283.00024, 161.91829, 14.952108
1293881261000, 282.76257, 162.06331, 14.953683
1293885469000, 282.52817, 162.20511, 14.934523
1293890464000, 282.3002, 162.36003, 14.931256
1293895586000, 282.04138, 162.51555, 14.856689
1293900447000, 281.78888, 162.68994, 14.826834
1293905481000, 281.54266, 162.85916, 14.775246
1293910560000, 281.28314, 163.01569, 14.724494
1293915462000, 281.0315, 163.17068, 14.682283
1293920476000, 280.77734, 163.3487, 14.670201
1293925542000, 280.53296, 163.5167, 14.674583
1293930667000, 280.29175, 163.69928, 14.700266
1293935465000, 280.06528, 163.87578, 14.745235
1293940494000, 279.8419, 164.03792, 14.783295
1293945579000, 279.63702, 164.19498, 14.8378315
1293950750000, 279.43823, 164.35179, 14.89498
1293955494000, 279.23944, 164.49854, 14.902896
1293960601000, 279.0467, 164.65141, 14.924312
1293965468000, 278.83032, 164.8093, 14.871702
1293970465000, 278.61212, 164.96924, 14.80041
1293975487000, 278.41156, 165.0867, 14.693256
1293980479000, 278.2123, 165.20862, 14.581516
1293985476000, 278.01892, 165.3423, 14.449308
1293990517000, 277.83072, 165.47089, 14.322255
1293995556000, 277.64145, 165.60056, 14.203702
1294000487000, 277.46033, 165.72643, 14.091458
1294005472000, 277.27716, 165.87074, 13.968174
1294010615000, 277.0979, 166.01468, 13.870691
1294015445000, 276.9225, 166.1553, 13.737891
1294020489000, 276.75262, 166.28679, 13.608843
1294025458000, 276.59982, 166.42574, 13.506555
1294030469000, 276.44995, 166.5578, 13.407585
1294035449000, 276.3023, 166.70259, 13.2726
1294040538000, 276.18134, 166.83635, 13.166161
1294046433000, 276.06174, 166.9759, 13.08255
1294050469000, 275.94867, 167.10901, 13.004552
1294055481000, 275.84882, 167.24783, 12.948447
1294060570000, 275.7527, 167.38564, 12.903455
1294065474000, 275.67355, 167.50533, 12.867338
1294070471000, 275.5761, 167.64677, 12.786854
1294075556000, 275.48785, 167.77438, 12.715187
1294080590000, 275.40228, 167.91342, 12.655737
1294085468000, 275.33136, 168.04439, 12.605339
1294090518000, 275.25446, 168.18538, 12.5579405
1294095554000, 275.19754, 168.31644, 12.520652
1294100525000, 275.15625, 168.44745, 12.494601
1294105493000, 275.12595, 168.57135, 12.478646
1294110624000, 275.10803, 168.69635, 12.477111
1294115468000, 275.1126, 168.81209, 12.486885
1294120458000, 275.1434, 168.88419, 12.495561
1294125552000, 275.1887, 168.9486, 12.524002
1294130470000, 275.2399, 169.01263, 12.572978
1294136018000, 275.2998, 169.07741, 12.639394
1294140464000, 275.38568, 169.09236, 12.720608
1294145586000, 275.47867, 169.11084, 12.818312
1294150444000, 275.57507, 169.12518, 12.931233
1294155508000, 275.6695, 169.14198, 13.046714
1294160611000, 275.7639, 169.16493, 13.160068
1294165470000, 275.8536, 169.19354, 13.267661
1294170668000, 275.9356, 169.23317, 13.359272
1294175537000, 276.00247, 169.27728, 13.432551
1294180653000, 276.06262, 169.31737, 13.502546
1294185463000, 276.10907, 169.36583, 13.547885
1294190453000, 276.13824, 169.40697, 13.591781
1294195583000, 276.15128, 169.45143, 13.618956
1294200455000, 276.1511, 169.4898, 13.640251
1294206150000, 276.14633, 169.52982, 13.662716
1294210534000, 276.13464, 169.56378, 13.6851425
1294215531000, 276.11298, 169.6065, 13.709245
1294220481000, 276.08755, 169.63469, 13.732593
1294225538000, 276.05676, 169.68925, 13.774175
1294230471000, 276.0203, 169.73192, 13.811662
1294235461000, 275.97647, 169.80646, 13.867959
1294240484000, 275.92078, 169.87285, 13.918522
1294245580000, 275.8653, 169.95226, 14.000468
1294250463000, 275.8049, 170.0261, 14.069082
1294255493000, 275.7372, 170.12016, 14.160018
1294260597000, 275.67325, 170.20633, 14.2444
1294265470000, 275.60156, 170.30716, 14.334465
1294270472000, 275.53137, 170.40652, 14.418808
1294275871000, 275.46866, 170.51463, 14.507377
1294280510000, 275.4103, 170.62527, 14.59938
1294285470000, 275.35492, 170.73897, 14.6831
1294290522000, 275.3045, 170.84831, 14.767543
1294295589000, 275.25916, 170.95633, 14.850634
1294300469000, 275.2317, 171.04346, 14.931892
1294305480000, 275.20502, 171.1284, 15.011122
1294310559000, 275.19168, 171.19469, 15.087673
1294315471000, 275.17975, 171.26065, 15.16133
1294320478000, 275.17822, 171.3093, 15.236123
1294325548000, 275.18024, 171.36095, 15.308086
1294330469000, 275.18707, 171.39651, 15.373708
1294335466000, 275.1882, 171.43193, 15.443704
1294340469000, 275.2096, 171.44778, 15.508879
1294345625000, 275.22375, 171.47131, 15.577867
1294350442000, 275.24753, 171.47919, 15.636352
1294355484000, 275.26132, 171.48405, 15.687937
1294360540000, 275.28735, 171.48457, 15.723889
1294365472000, 275.30524, 171.48004, 15.7487
1294370444000, 275.3115, 171.47833, 15.759017
1294375538000, 275.31104, 171.47076, 15.7549095
1294380466000, 275.31177, 171.46976, 15.751209
1294385468000, 275.3086, 171.46667, 15.737021
1294390491000, 275.30148, 171.46619, 15.741132
1294395597000, 275.30096, 171.4655, 15.747243
1294400469000, 275.29306, 171.46303, 15.747721
1294405497000, 275.2974, 171.44293, 15.757939
1294410575000, 275.2992, 171.42174, 15.779883
1294415470000, 275.32065, 171.375, 15.807639
1294420488000, 275.33917, 171.32452, 15.846745
1294425622000, 275.36066, 171.26044, 15.887798
1294430471000, 275.38477, 171.19482, 15.940733
1294435465000, 275.41263, 171.12549, 16.001675
1294440486000, 275.4402, 171.05516, 16.06007
1294445642000, 275.46445, 170.99515, 16.10831
1294450470000, 275.48413, 170.93073, 16.153055
1294455496000, 275.49207, 170.88858, 16.182852
1294461256000, 275.49738, 170.84305, 16.20518
1294465475000, 275.50336, 170.82025, 16.212511
1294470468000, 275.50488, 170.80292, 16.205723
1294475455000, 275.49936, 170.8027, 16.186804
1294480641000, 275.49402, 170.80125, 16.16398
1294485510000, 275.48416, 170.80075, 16.141098
1294490516000, 275.45944, 170.82147, 16.099632
1294495850000, 275.4344, 170.84494, 16.080736
1294500465000, 275.40485, 170.86893, 16.04681
1294505502000, 275.37036, 170.89268, 16.018301
1294510563000, 275.33844, 170.90431, 15.989964
1294515474000, 275.3057, 170.92166, 15.975062
1294520485000, 275.2687, 170.93759, 15.979473
1294525553000, 275.228, 170.96263, 15.987508
1294530479000, 275.18237, 170.9914, 16.026325
1294535463000, 275.13672, 171.02924, 16.083889
1294540461000, 275.1012, 171.06126, 16.189438
1294545600000, 275.06232, 171.09644, 16.316797
1294550451000, 275.04388, 171.1096, 16.472534
1294555530000, 275.03378, 171.11624, 16.653076
1294560530000, 275.03036, 171.08702, 16.848633
1294565472000, 275.0367, 171.04028, 17.046423
1294570444000, 275.0572, 170.97282, 17.239626
1294575562000, 275.08545, 170.88232, 17.41578
1294580470000, 275.1276, 170.78244, 17.542269
1294585467000, 275.17035, 170.67561, 17.64453
1294590487000, 275.22473, 170.57797, 17.69143
1294595581000, 275.27798, 170.4811, 17.71341
1294600547000, 275.33185, 170.38277, 17.728054
1294605517000, 275.36914, 170.31056, 17.699766
1294610542000, 275.40955, 170.24348, 17.667421
1294615471000, 275.43335, 170.19537, 17.609934
1294620482000, 275.4635, 170.15276, 17.550196
1294625551000, 275.49017, 170.1221, 17.480703
1294630470000, 275.52423, 170.09045, 17.416832
1294635462000, 275.56848, 170.05759, 17.374865
1294640485000, 275.61658, 170.02469, 17.342396
1294645616000, 275.70056, 169.9436, 17.369987
1294650473000, 275.79208, 169.8714, 17.408966
1294655519000, 275.90375, 169.76628, 17.477041
1294660560000, 276.02252, 169.66345, 17.55439
1294665480000, 276.1638, 169.53545, 17.655214
1294670617000, 276.30634, 169.40982, 17.759335
1294675555000, 276.45508, 169.25986, 17.894018
1294680647000, 276.60083, 169.12067, 18.015327
1294685498000, 276.73938, 168.99182, 18.133583
1294690549000, 276.87842, 168.84451, 18.25504
1294695601000, 277.01477, 168.70816, 18.363136
1294700580000, 277.1444, 168.57593, 18.462717
1294705403000, 277.26794, 168.44812, 18.54921
1294710429000, 277.37842, 168.33072, 18.643246
1294715375000, 277.4776, 168.22058, 18.711111
1294720373000, 277.57123, 168.11142, 18.767853
1294725428000, 277.65836, 168.00175, 18.797989
1294730393000, 277.74036, 167.88496, 18.799776
1294735371000, 277.81467, 167.7723, 18.788923
1294740405000, 277.89322, 167.64526, 18.761019
1294745418000, 277.9549, 167.53186, 18.714777
1294750485000, 278.01794, 167.40915, 18.653582
1294755433000, 278.07477, 167.29393, 18.580832
1294760498000, 278.124, 167.1965, 18.540379
1294765440000, 278.1672, 167.10275, 18.488104
1294770438000, 278.19016, 167.0306, 18.462599
1294775533000, 278.20435, 166.96663, 18.442986
1294780440000, 278.20114, 166.92911, 18.427433
1294786007000, 278.18378, 166.899, 18.420368
1294790459000, 278.13995, 166.89561, 18.420403
1294795528000, 278.08984, 166.8977, 18.422955
1294800470000, 278.0078, 166.93118, 18.404009
1294805499000, 277.9235, 166.95888, 18.37802
1294810497000, 277.81427, 167.0102, 18.336292
1294815465000, 277.6996, 167.05664, 18.27868
1294820681000, 277.55966, 167.1174, 18.215233
1294825567000, 277.42004, 167.17812, 18.14786
1294830492000, 277.26962, 167.24524, 18.075039
1294835463000, 277.12186, 167.30951, 18.013817
1294840535000, 276.97485, 167.37936, 17.958
1294845608000, 276.82547, 167.453, 17.923008
1294850470000, 276.6821, 167.52802, 17.903616
1294856253000, 276.53287, 167.63164, 17.914873
1294860589000, 276.38495, 167.7285, 17.932158
1294865564000, 276.21823, 167.86703, 17.972385
1294870580000, 276.06555, 167.9913, 18.015745
1294876280000, 275.9084, 168.12657, 18.061117
1294880598000, 275.76382, 168.24164, 18.104834
1294885518000, 275.63058, 168.33089, 18.138401
1294890551000, 275.50348, 168.40817, 18.17506
1294895563000, 275.39258, 168.47441, 18.217333
1294900593000, 275.30496, 168.49995, 18.263813
1294905404000, 275.22467, 168.52318, 18.321302
1294910417000, 275.15826, 168.52559, 18.367498
1294915377000, 275.08472, 168.53328, 18.423512
1294920372000, 275.0219, 168.5167, 18.482553
1294925552000, 274.95322, 168.51125, 18.534208
1294930392000, 274.88718, 168.49113, 18.587925
1294935393000, 274.79724, 168.48529, 18.617062
1294940408000, 274.69324, 168.50261, 18.630627
1294945400000, 274.57678, 168.53065, 18.632896
1294950489000, 274.4388, 168.5697, 18.59972
1294955437000, 274.29245, 168.61395, 18.555916
1294960523000, 274.11957, 168.66577, 18.465908
1294965463000, 273.94647, 168.72559, 18.37361
1294970436000, 273.7799, 168.76715, 18.22253
1294975469000, 273.6265, 168.80627, 18.10327
1294980443000, 273.4341, 168.84789, 17.935308
1294985438000, 273.2702, 168.88718, 17.8063
1294990444000, 273.1054, 168.89645, 17.68909
1294995619000, 272.94196, 168.90515, 17.587725
1295000482000, 272.76038, 168.94624, 17.477383
1295005455000, 272.58286, 168.99332, 17.392544
1295010512000, 272.38617, 169.03767, 17.334538
1295015470000, 272.19562, 169.09143, 17.29032
1295020480000, 272.01047, 169.1448, 17.27353
1295025538000, 271.84222, 169.20341, 17.294867
1295030472000, 271.5969, 169.31548, 17.274685
1295035466000, 271.37253, 169.4177, 17.287813
1295040456000, 271.1638, 169.50345, 17.311636
1295045621000, 270.95404, 169.59035, 17.328094
1295050452000, 270.72473, 169.68077, 17.328232
1295055463000, 270.51273, 169.77434, 17.351068
1295060591000, 270.28278, 169.91475, 17.340261
1295065467000, 270.04926, 170.05235, 17.333485
1295070734000, 269.80847, 170.18613, 17.312254
1295075483000, 269.56866, 170.32639, 17.303234
1295080972000, 269.33185, 170.44054, 17.279503
1295085469000, 269.09274, 170.55807, 17.257086
1295090454000, 268.8443, 170.67886, 17.247128
1295095598000, 268.6159, 170.78807, 17.256947
1295100448000, 268.35947, 170.90465, 17.248417
1295105456000, 268.08356, 171.03966, 17.259459
1295110561000, 267.80453, 171.1825, 17.273584
1295115470000, 267.50656, 171.33124, 17.30381
1295120503000, 267.20035, 171.47531, 17.327864
1295125506000, 266.85397, 171.65404, 17.35146
1295130470000, 266.50214, 171.82693, 17.358921
1295135471000, 266.12527, 172.01443, 17.385485
1295140515000, 265.74484, 172.20285, 17.393328
1295145780000, 265.33893, 172.38963, 17.425634
1295150470000, 264.92517, 172.58122, 17.446127
1295155433000, 264.4903, 172.79048, 17.50438
1295160623000, 264.0611, 173.00262, 17.559492
1295165443000, 263.6219, 173.22345, 17.648088
1295170466000, 263.191, 173.44641, 17.72739
1295175458000, 262.74356, 173.69484, 17.798893
1295181175000, 262.29572, 173.93967, 17.866014
1295185446000, 261.8575, 174.18787, 17.904137
1295190522000, 261.4156, 174.43057, 17.929941
1295195624000, 260.9609, 174.66533, 17.93283
1295200472000, 260.50992, 174.89574, 17.924122
1295205475000, 260.06723, 175.1106, 17.898764
1295210542000, 259.6261, 175.32274, 17.864912
1295215624000, 259.20013, 175.51065, 17.825483
1295220463000, 258.78262, 175.69333, 17.784897
1295225466000, 258.3789, 175.87413, 17.751205
1295230470000, 258.00174, 176.02429, 17.700195
1295235464000, 257.64066, 176.1686, 17.654047
1295240494000, 257.2958, 176.27219, 17.598228
1295245603000, 256.9695, 176.363, 17.54954
1295251060000, 256.6719, 176.42737, 17.484987
1295255462000, 256.3977, 176.47327, 17.425055
1295260870000, 256.146, 176.47844, 17.35974
1295265508000, 255.91339, 176.47607, 17.290796
1295275535000, 255.73108, 176.42227, 17.221731
1295280554000, 255.55106, 176.3669, 17.157476
1295285445000, 255.42368, 176.26498, 17.079634
1295290527000, 255.32834, 176.15297, 16.99792
1295295604000, 255.24301, 176.0435, 16.91035
1295300469000, 255.19742, 175.82838, 16.841831
1295305468000, 255.17592, 175.6181, 16.77431
1295310491000, 255.20157, 175.36163, 16.726784
1295315467000, 255.24852, 175.11523, 16.685572
1295320706000, 255.32486, 174.82097, 16.668068
1295325557000, 255.42737, 174.53316, 16.65887
1295330467000, 255.56561, 174.20866, 16.672752
1295335467000, 255.72418, 173.89209, 16.690317
1295340457000, 255.92053, 173.54068, 16.721134
1295345585000, 256.13522, 173.2037, 16.760717
1295350468000, 256.36557, 172.85468, 16.800848
1295355483000, 256.61203, 172.51614, 16.847214
1295360521000, 256.85895, 172.18584, 16.904854
1295365471000, 257.11813, 171.86395, 16.9708
1295370466000, 257.3771, 171.57341, 17.060457
1295375535000, 257.64807, 171.28903, 17.167204
1295380482000, 257.88782, 171.04779, 17.28221
1295385471000, 258.1413, 170.80971, 17.418264
1295390518000, 258.36133, 170.6314, 17.549578
1295395586000, 258.58517, 170.44821, 17.677622
1295400474000, 258.78043, 170.32492, 17.810564
1295405460000, 258.97797, 170.19801, 17.924788
1295410628000, 259.17316, 170.066, 18.022913
1295415472000, 259.32172, 170.02032, 18.13699
1295420467000, 259.46805, 169.9691, 18.238682
1295425485000, 259.6029, 169.93439, 18.340376
1295430476000, 259.73477, 169.89937, 18.439634
1295435462000, 259.8634, 169.86407, 18.547106
1295440518000, 259.98593, 169.82906, 18.65145
1295445617000, 260.1161, 169.78171, 18.78212
1295450470000, 260.23846, 169.73581, 18.906937
1295455458000, 260.36362, 169.66956, 19.052708
1295460509000, 260.48215, 169.60536, 19.195013
1295465466000, 260.61163, 169.52289, 19.352337
1295470501000, 260.73035, 169.44226, 19.504053
1295475559000, 260.8468, 169.35031, 19.66008
1295480571000, 260.95508, 169.26236, 19.810343
1295485471000, 261.05594, 169.17946, 19.955095
1295490515000, 261.15555, 169.08627, 20.104685
1295495669000, 261.25058, 168.99367, 20.24967
1295500466000, 261.3474, 168.90474, 20.388386
1295506121000, 261.4344, 168.8168, 20.52655
1295510486000, 261.51996, 168.7436, 20.667082
1295515477000, 261.59705, 168.67404, 20.799486
1295520460000, 261.67352, 168.6011, 20.907644
1295525503000, 261.74176, 168.53917, 21.008778
1295530466000, 261.81274, 168.48553, 21.093452
1295535467000, 261.87634, 168.43678, 21.169447
1295540582000, 261.92944, 168.42032, 21.220198
1295545609000, 261.98636, 168.40288, 21.263493
1295550518000, 262.03024, 168.41524, 21.30869
1295555492000, 262.07706, 168.42436, 21.347786
1295560565000, 262.13055, 168.4619, 21.399792
1295565475000, 262.18628, 168.49968, 21.451138
1295570467000, 262.23483, 168.56337, 21.498562
1295576220000, 262.29333, 168.6261, 21.542269
1295580513000, 262.3451, 168.70477, 21.591015
1295585482000, 262.40094, 168.78407, 21.63652
1295590462000, 262.45264, 168.8702, 21.660606
1295595612000, 262.5021, 168.95604, 21.677744
1295600616000, 262.5473, 169.03793, 21.691673
1295605459000, 262.58835, 169.12407, 21.691408
1295610600000, 262.63593, 169.21133, 21.643946
1295615479000, 262.67184, 169.29912, 21.592497
1295620616000, 262.70605, 169.39583, 21.538494
1295625549000, 262.73355, 169.49376, 21.475653
1295630479000, 262.76303, 169.57886, 21.376568
1295635470000, 262.78638, 169.66968, 21.28163
1295640500000, 262.80795, 169.76422, 21.191143
1295646019000, 262.8404, 169.85762, 21.082296
1295650531000, 262.86865, 169.95169, 20.988153
1295655470000, 262.90714, 170.04872, 20.887577
1295660579000, 262.9447, 170.14223, 20.8045
