#Rate of rotation around the x y z axes (Angular velocity).
#timestamp(ns),x,y,z(rad/s)
#Datetime: 05/06/2014 10:42:33
##########################################
#Activity: 8 - CSI - Car-Step in - 6s
#Subject ID: 24
#First Name: sub24
#Last Name: sub24
#Age: 21
#Height(cm): 193
#Weight(kg): 112
#Gender: Male
##########################################

@DATA
121490746756000, 0.22724187, -0.37812558, 0.069027774
121490751767000, 0.20097467, -0.3839288, 0.062308256
121490756805000, 0.19517145, -0.39095375, 0.055588737
121490761791000, 0.17867808, -0.3659083, 0.04734206
121490766786000, 0.16340645, -0.3463606, 0.04062254
121490771785000, 0.1328632, -0.31520647, 0.029626964
121490776798000, 0.108123146, -0.29993483, 0.019547688
121490781736000, 0.09285152, -0.25778514, 0.016187929
121490786866000, 0.083383106, -0.20922135, 0.0030543262
121490791725000, 0.06291912, -0.1591304, -0.0015271631
121490796795000, 0.041233405, -0.093767814, -0.013744468
121490801774000, 0.021380283, -0.029321533, -0.021380283
121490806774000, -0.006414085, 0.032986723, -0.03023783
121490811728000, -0.013439035, 0.087964594, -0.029932396
121490816795000, -0.040927973, 0.14752395, -0.042760566
121490821787000, -0.051923547, 0.20555615, -0.04337143
121490826799000, -0.06719518, 0.25350907, -0.04520403
121490831764000, -0.08277224, 0.27672195, -0.043676864
121490836806000, -0.0842994, 0.3005457, -0.04886922
121490841777000, -0.0983493, 0.30115658, -0.045814894
121490846828000, -0.10842858, 0.30207285, -0.050396383
121490851794000, -0.10751228, 0.29046643, -0.04337143
121490856830000, -0.10934488, 0.26725355, -0.043982297
121490862036000, -0.11178834, 0.2406809, -0.036651913
121490866846000, -0.1255328, 0.19608775, -0.029932396
121490871775000, -0.12156218, 0.16126843, -0.026572637
121490876831000, -0.11881329, 0.13744467, -0.02107485
121490881755000, -0.12217305, 0.087964594, -0.019242255
121490886803000, -0.1282817, 0.03726278, -0.02443461
121490891732000, -0.13103059, -0.013744468, -0.014660766
121490896792000, -0.13072516, -0.062308256, -0.014966198
121490901744000, -0.12736541, -0.11178834, -0.014966198
121490906765000, -0.13988814, -0.1591304, -0.011301007
121490911738000, -0.12339478, -0.19058995, -0.00580322
121490916812000, -0.10873401, -0.22449298, -0.010079277
121490921754000, -0.10323623, -0.25228736, -0.007330383
121490926793000, -0.0983493, -0.2742785, -0.009773844
121490932261000, -0.108123146, -0.28680122, -0.010995574
121490936799000, -0.106901415, -0.28924468, -0.013133603
121490941805000, -0.109650314, -0.28924468, -0.019547688
121490946804000, -0.10262536, -0.27977628, -0.02076942
121490951799000, -0.113926366, -0.26725355, -0.029626964
121490956801000, -0.124311075, -0.24556783, -0.04153884
121490961793000, -0.12705997, -0.20799962, -0.03604105
121490966781000, -0.122783914, -0.17073683, -0.028710667
121490971856000, -0.12614368, -0.12614368, -0.02107485
121490976794000, -0.14294247, -0.10354166, -0.015882496
121490981799000, -0.14569137, -0.052534413, -0.015882496
121490986794000, -0.14844026, 0.004276057, -0.01038471
121490991809000, -0.15393804, 0.04337143, -0.008246681
121490996790000, -0.15760323, 0.08246681, 0.003970624
121491001971000, -0.160963, 0.12308934, 0.007941248
121491006790000, -0.15118915, 0.15363261, 0.018936822
121491011792000, -0.15057829, 0.17531833, 0.030543262
121491016775000, -0.13744467, 0.16340645, 0.05131268
121491021809000, -0.12767084, 0.15149458, 0.043982297
121491026775000, -0.087964594, 0.122783914, 0.06658431
121491031792000, -0.059864793, 0.08307768, 0.07452556
121491036800000, -0.020463986, 0.038789943, 0.07849618
121491041801000, 0.005192355, -0.024129177, 0.08735373
121491046770000, 0.0421497, -0.092240654, 0.09560041
121491051774000, 0.07269296, -0.15821409, 0.11026118
121491057036000, 0.11636983, -0.23548855, 0.121256754
121491061792000, 0.16401732, -0.30482176, 0.13713925
121491067134000, 0.20005837, -0.3885103, 0.15118915
121491072082000, 0.24495697, -0.48288897, 0.16707164
121491076784000, 0.30482176, -0.5305365, 0.17348573
121491081791000, 0.32803464, -0.6236934, 0.1853976
121491086786000, 0.36926803, -0.74281216, 0.19517145
121491091831000, 0.41416663, -0.840856, 0.20769419
121491096733000, 0.44929138, -0.95722586, 0.22388211
121491101773000, 0.4886922, -1.0442741, 0.23426682
121491106737000, 0.51343226, -1.1365148, 0.24465153
121491111790000, 0.5170974, -1.2211196, 0.2593123
121491116826000, 0.5216789, -1.2883148, 0.27580565
121491121815000, 0.49388456, -1.3289373, 0.29840767
121491126730000, 0.4804455, -1.3741413, 0.31490102
121491131789000, 0.44257188, -1.4059063, 0.3304781
121491136791000, 0.40317106, -1.4153748, 0.33292156
121491141766000, 0.3539964, -1.4217888, 0.32803464
121491146792000, 0.30818152, -1.3891076, 0.3100141
121491151773000, 0.24007004, -1.3548992, 0.28130344
121491156798000, 0.15790866, -1.2925909, 0.2706133
121491161787000, 0.059864793, -1.2220359, 0.26511553
121491166801000, -0.035430185, -1.1307116, 0.25961772
121491171805000, -0.14385876, -1.0729848, 0.25900686
121491176799000, -0.19425514, -0.97097033, 0.26206118
121491181791000, -0.310625, -0.8542951, 0.25992316
121491187556000, -0.4071417, -0.7464773, 0.25289822
121491191803000, -0.50579643, -0.63621616, 0.23609942
121491196789000, -0.59620446, -0.52473325, 0.21624629
121491201768000, -0.6835582, -0.42149702, 0.20586158
121491206801000, -0.7519751, -0.31978795, 0.18906279
121491211760000, -0.8179486, -0.22632557, 0.1731803
121491216793000, -0.870483, -0.12461651, 0.1600467
121491221808000, -0.91415983, -0.038789943, 0.15027285
121491226793000, -0.94806284, 0.034513887, 0.14874569
121491231789000, -0.9859365, 0.10170906, 0.14721853
121491236804000, -0.98929626, 0.16798794, 0.1423316
121491241781000, -1.003957, 0.22602014, 0.1469131
121491246790000, -1.006095, 0.2565634, 0.1469131
121491251757000, -0.9947941, 0.27977628, 0.16249016
121491257550000, -0.9737192, 0.28680122, 0.16890424
121491261727000, -0.9456194, 0.28191432, 0.19272798
121491266826000, -0.92179567, 0.27152961, 0.19853121
121491271794000, -0.88239485, 0.24007004, 0.19761491
121491276798000, -0.86132, 0.20219639, 0.20952678
121491281775000, -0.82833326, 0.14905111, 0.20189096
121491286802000, -0.79626286, 0.07544186, 0.17684549
121491291785000, -0.7583892, -0.02107485, 0.14630222
121491296789000, -0.72265357, -0.1386664, 0.11301007
121491301773000, -0.6942484, -0.2687807, 0.06872234
121491306848000, -0.65026605, -0.41263947, 0.016187929
121491311796000, -0.6081163, -0.5879578, -0.0290161
121491316799000, -0.56596667, -0.7632761, -0.071776666
121491321939000, -0.5140431, -0.9477574, -0.10751228
121491326963000, -0.464563, -1.149343, -0.13591751
121491332020000, -0.40530908, -1.323745, -0.14782938
121491336859000, -0.355829, -1.5137241, -0.16218472
121491341734000, -0.29168814, -1.6804903, -0.16554448
121491346788000, -0.23151793, -1.8197676, -0.15882497
121491351757000, -0.15454891, -1.9184223, -0.1441642
121491356807000, -0.07941248, -1.9819523, -0.1518
121491361730000, -0.0015271631, -1.9960022, -0.17256944
121491366793000, 0.06780604, -1.9685133, -0.18478674
121491371787000, 0.10170906, -1.9013181, -0.21044308
121491376794000, 0.15210545, -1.7715092, -0.2144137
121491381793000, 0.1881465, -1.6096299, -0.20525073
121491386851000, 0.21288654, -1.3994923, -0.17959438
121491391845000, 0.23243423, -1.1643091, -0.1423316
121491396918000, 0.23823744, -0.9062186, -0.081855945
121491401813000, 0.23793201, -0.64751714, -0.01038471
121491406833000, 0.25625798, -0.38515055, 0.087964594
121491411808000, 0.29046643, -0.12980886, 0.21135938
121491416821000, 0.34025195, 0.09254608, 0.34788775
121491421866000, 0.40530908, 0.24862215, 0.5012149
121491426835000, 0.50701815, 0.24953845, 0.6597345
121491431834000, 0.677755, 0.047036625, 0.7965683
121491436848000, 0.9468411, -0.36835176, 0.9092729
121491441838000, 1.2913691, -0.9114109, 1.0152581
121491446836000, 1.6310102, -1.4337007, 1.1349876
121491451786000, 1.8869628, -1.8726074, 1.2705997
121491456770000, 2.03693, -2.1878138, 1.4141531
121491461797000, 2.0744984, -2.289523, 1.5622878
121491466802000, 2.0176878, -2.44285, 1.6349808
121491471795000, 1.9624046, -2.5579982, 1.7531832
121491476797000, 1.8127426, -2.6994135, 1.8487836
121491481773000, 1.6536123, -2.8863382, 1.881465
121491486799000, 1.4520267, -3.0680707, 1.8457294
121491491815000, 1.2296717, -3.2226195, 1.7189748
121491496784000, 0.9425651, -3.2837062, 1.500285
121491501807000, 0.62796944, -3.1716123, 1.2140946
121491506811000, 0.30879238, -2.8093693, 0.9184359
121491512573000, 0.008552114, -2.1499403, 0.6966918
121491516814000, -0.21319197, -1.2012665, 0.591623
121491521810000, -0.32559118, -0.071776666, 0.5897904
121491526818000, -0.34788775, 1.0204504, 0.59986967
121491531851000, -0.3454443, 1.9703459, 0.59986967
121491536783000, -0.37018433, 2.731484, 0.57757306
121491541812000, -0.40500367, 3.3169982, 0.5338962
121491546769000, -0.46609017, 3.7366626, 0.48472157
121491551786000, -0.52442783, 4.0436225, 0.43768495
121491556740000, -0.57604593, 4.154189, 0.39370266
121491561800000, -0.6398814, 4.309349, 0.37995818
121491566766000, -0.6637051, 4.3667703, 0.36163223
121491571907000, -0.70157874, 4.3698244, 0.3594942
121491576869000, -0.6954701, 4.3634105, 0.39645153
121491582550000, -0.64996064, 4.3563857, 0.46700647
121491586834000, -0.49938235, 4.350582, 0.49205196
121491591805000, -0.4373795, 4.333173, 0.56321776
121491596782000, -0.27366763, 4.2849145, 0.63071835
121491601769000, -0.11911872, 4.229631, 0.713796
121491606794000, 0.035430185, 4.1581597, 0.77366084
121491611793000, 0.16218472, 4.071417, 0.8197812
121491616805000, 0.27366763, 3.9749002, 0.8341365
121491621944000, 0.35063666, 3.8511999, 0.816116
121491626820000, 0.41172317, 3.7048976, 0.79626286
121491631844000, 0.45142943, 3.531412, 0.77732605
121491636976000, 0.46761733, 3.3169982, 0.75136423
121491641841000, 0.48716503, 3.0524936, 0.7266242
121491646986000, 0.4981606, 2.7629435, 0.700357
121491652181000, 0.4905248, 2.4776695, 0.6954701
121491657167000, 0.49754974, 2.171015, 0.70554936
121491661829000, 0.52290064, 2.0237966, 0.72143185
121491667272000, 0.5222898, 1.5552629, 0.77824235
121491671864000, 0.46761733, 1.3704761, 0.81245077
121491676730000, 0.4465425, 0.89461213, 0.9101892
121491681806000, 0.42210788, 0.24862215, 1.0415252
121491686783000, 0.43401974, -0.59650993, 1.1917981
121491691837000, 0.50640726, -1.5540411, 1.328021
121491696722000, 0.5821546, -2.475226, 1.4355333
121491701820000, 0.6429357, -3.2168164, 1.5152513
121491706779000, 0.7049385, -3.6877935, 1.5512923
121491711804000, 0.754724, -3.7134497, 1.5445728
121491716817000, 0.7849618, -3.1569517, 1.4676038
121491721867000, 0.75961095, -2.0115793, 1.3203852
121491726812000, 0.6392705, -0.51159966, 1.1160508
121491731831000, 0.47433686, 0.9599747, 0.8888089
121491736808000, 0.2770274, 1.9727893, 0.65026605
121491741792000, 0.110872045, 2.4120014, 0.4034765
121491746799000, -0.043066, 2.302962, 0.16982053
121491751785000, -0.18173242, 1.8274034, -0.021380283
121491756803000, -0.3222314, 1.5079209, -0.1704314
121491761789000, -0.4120286, 0.84665924, -0.22296582
121491766894000, -0.61941737, 0.27977628, -0.27885997
121491771781000, -0.8078693, -0.15699236, -0.26236662
121491776799000, -0.9392053, -0.4596761, -0.23487769
121491781791000, -1.01312, -0.7012733, -0.18325958
121491786794000, -1.0329732, -0.8915578, -0.13133603
121491791791000, -1.0253373, -1.0201449, -0.06169739
121491796796000, -0.9779953, -1.0934488, 0.01038471
121491801744000, -0.89827734, -1.1239921, 0.077579886
121491806800000, -0.79809546, -1.1478158, 0.13164146
121491811726000, -0.7107417, -1.144456, 0.16432275
121491816814000, -0.65179324, -1.1264355, 0.1881465
121491821782000, -0.59437186, -1.1200215, 0.18295415
121491826795000, -0.5531385, -1.131017, 0.18509217
121491831767000, -0.5235115, -1.1859949, 0.17195857
121491837774000, -0.4972443, -1.2421945, 0.16829337
121491841757000, -0.47555858, -1.3063353, 0.1441642
121491846906000, -0.46395215, -1.3338243, 0.116980694
121491851793000, -0.4859433, -1.3411547, 0.07452556
121491856897000, -0.52412236, -1.3509285, 0.027183503
121491861843000, -0.559858, -1.3487904, -6.1086525E-4
121491866850000, -0.63255095, -1.3570372, -0.04917465
121491872233000, -0.7104363, -1.3817772, -0.10354166
121491876804000, -0.7742717, -1.427592, -0.1469131
121491881907000, -0.8304713, -1.4825699, -0.1853976
121491886777000, -0.88789266, -1.5506815, -0.21410827
121491891799000, -0.9221011, -1.6203201, -0.23579398
121491896725000, -0.9334021, -1.67316, -0.23915374
121491901773000, -0.91446525, -1.6975945, -0.23976462
121491907806000, -0.8918633, -1.6771306, -0.24251351
121491911792000, -0.87995136, -1.6166549, -0.24495697
121491917188000, -0.8536842, -1.5448782, -0.24831672
121491921852000, -0.8417723, -1.4776831, -0.26328292
121491926782000, -0.8323039, -1.4395039, -0.2770274
121491931831000, -0.8246681, -1.400714, -0.29229903
121491936778000, -0.8054258, -1.4010195, -0.3115413
121491941797000, -0.7770206, -1.4196508, -0.33017266
121491946725000, -0.74372846, -1.4440855, -0.33292156
121491951768000, -0.6771441, -1.543351, -0.32650748
121491956766000, -0.62796944, -1.700038, -0.30695978
121491961791000, -0.5305365, -1.8735237, -0.28588495
121491966783000, -0.41263947, -2.0271564, -0.23609942
121491971797000, -0.3286455, -2.129171, -0.17012598
121491977424000, -0.26297748, -2.158187, -0.087659165
121491981788000, -0.22052236, -2.1252003, -0.032070424
121491986779000, -0.2434298, -2.0622811, 9.162979E-4
121491991795000, -0.29168814, -2.0100522, -0.01282817
121491996726000, -0.3930918, -1.969735, -0.03268129
121492001788000, -0.5122105, -1.9642372, -0.061391957
121492006794000, -0.65240407, -2.053118, -0.093767814
121492011792000, -0.7812967, -2.1933117, -0.1151481
121492016795000, -0.89980453, -2.3823745, -0.12705997
121492021849000, -1.0033462, -2.5625796, -0.14813483
121492026774000, -1.0842859, -2.724459, -0.16432275
121492031828000, -1.1615603, -2.840829, -0.17348573
121492036873000, -1.2327261, -2.9028316, -0.18142697
121492041829000, -1.2809844, -2.9294043, -0.17867808
121492047129000, -1.3118331, -2.89825, -0.17623462
121492051830000, -1.3368785, -2.8701503, -0.17256944
121492056852000, -1.3371841, -2.8002062, -0.1591304
121492061821000, -1.3240504, -2.6933048, -0.14080444
121492066815000, -1.3054191, -2.5653286, -0.124005646
121492071860000, -1.2629639, -2.403144, -0.11575896
121492076830000, -1.2186762, -2.225382, -0.12308934
121492081788000, -1.1527027, -2.0259347, -0.160963
121492086862000, -1.0897835, -1.7660115, -0.23915374
121492091790000, -1.0219775, -1.4831808, -0.344528
121492096825000, -0.9294315, -1.1569787, -0.44715336
121492101811000, -0.874759, -0.795652, -0.54550266
121492106835000, -0.8155051, -0.42943826, -0.61300325
121492111787000, -0.75747293, -0.1301143, -0.65087694
121492116906000, -0.6936375, 0.045814894, -0.6817256
121492121882000, -0.5815437, 0.018936822, -0.689056
121492126871000, -0.41355577, -0.20616703, -0.67011917
121492131825000, -0.19058995, -0.59528816, -0.634689
121492136858000, 0.028099801, -1.0360274, -0.5717699
121492141833000, 0.21502456, -1.4223998, -0.4822781
121492146830000, 0.33017266, -1.5888605, -0.3830125
121492151820000, 0.3472769, -1.8322903, -0.32803464
121492156822000, 0.3213151, -2.0069978, -0.23945917
121492161785000, 0.20250183, -2.1383338, -0.16493362
121492166847000, 0.04642576, -2.234545, -0.08032878
121492171838000, -0.14080444, -2.2629502, 0.025961773
121492176830000, -0.31978795, -2.2250767, 0.17134771
121492181721000, -0.4972443, -2.0931299, 0.32589662
121492186869000, -0.64996064, -1.817935, 0.4718934
121492191729000, -0.81092364, -1.4156802, 0.6010914
121492196828000, -0.9718866, -0.93554014, 0.70341134
121492201861000, -1.1163563, -0.4718934, 0.7855727
121492206836000, -1.1927143, -0.1301143, 0.8341365
121492211774000, -1.2009611, 0.06261369, 0.8561276
121492216857000, -1.1829406, 0.08552113, 0.83199847
121492221877000, -1.1294898, -0.03756821, 0.78801614
121492226834000, -1.0891727, -0.25870144, 0.713796
121492232783000, -1.0882565, -0.52626044, 0.61758476
121492236848000, -1.1682798, -0.82863873, 0.5479461
121492241736000, -1.2977833, -0.9950995, 0.5299256
121492246823000, -1.3750577, -1.3515394, 0.5448918
121492251748000, -1.5125023, -1.7690657, 0.59742624
121492256835000, -1.5986344, -2.2699752, 0.68936145
121492261729000, -1.5922203, -2.720183, 0.8020661
121492266874000, -1.4871514, -3.0286698, 0.9660834
121492271831000, -1.3961325, -3.2192597, 1.1743884
121492276828000, -1.3326025, -3.2626312, 1.3814718
121492281767000, -1.3020593, -3.1612277, 1.572978
121492286878000, -1.3136657, -2.9055805, 1.6823229
121492291787000, -1.3778065, -2.5497515, 1.7119498
121492296824000, -1.5021176, -2.1704042, 1.6420058
121492302099000, -1.6218473, -1.8051068, 1.5112807
121492306833000, -1.6878207, -1.4691309, 1.3741413
121492311807000, -1.672549, -1.221425, 1.2272283
121492316854000, -1.564426, -1.0619892, 1.0873401
121492321883000, -1.3970488, -0.9673051, 0.9663888
121492326834000, -1.1881329, -0.93767816, 0.8561276
121492331831000, -1.0042624, -0.979217, 0.7486154
121492336886000, -0.838718, -1.0458013, 0.6432411
121492341833000, -0.72112644, -1.0897835, 0.5357288
121492346823000, -0.6618725, -1.1652255, 0.48288897
121492351825000, -0.57971114, -1.2779301, 0.3943135
121492356830000, -0.5458081, -1.3377949, 0.34391713
121492361826000, -0.5546656, -1.3658947, 0.3390302
121492366863000, -0.61269784, -1.3225232, 0.37293324
121492372470000, -0.77213365, -1.2589933, 0.47678033
121492376892000, -1.0528263, -1.2651019, 0.7791586
121492381808000, -1.4367551, -1.4672983, 1.2705997
121492386907000, -1.890017, -2.1303926, 1.8548924
121492391831000, -2.450486, -3.4257324, 2.4288
121492396826000, -2.935513, -4.7962084, 2.7311785
121492401809000, -2.891225, -5.2849007, 2.5934284
121492406832000, -2.146275, -4.243681, 2.1542163
121492411807000, -1.1236867, -2.3988678, 1.7223345
121492416824000, -0.5589417, -0.5665775, 1.382999
121492421859000, -0.5546656, 0.75655663, 1.0848967
121492426812000, -0.9049969, 1.2974777, 0.81306165
121492431831000, -1.2986995, 1.0955868, 0.61269784
121492436894000, -1.5060883, 0.47128254, 0.59864795
121492441959000, -1.4935656, 0.1423316, 0.72143185
121492446784000, -1.3900238, -0.3652974, 0.8042041
121492451778000, -1.3429873, -0.52931476, 1.0015136
121492456753000, -1.3112222, -0.4288274, 1.1490375
121492461791000, -1.4117095, -0.20586158, 1.2000448
121492466770000, -1.57084, 0.024740042, 1.1074986
121492471802000, -1.6762142, 0.22724187, 0.89949906
121492476756000, -1.6762142, 0.364992, 0.6423248
121492481748000, -1.5964963, 0.37782016, 0.4025602
121492486774000, -1.498147, 0.29810223, 0.21899518
121492491761000, -1.42973, 0.1432479, 0.09193522
121492496761000, -1.3768903, -0.02076942, 0.007330383
121492501780000, -1.3805555, -0.20005837, -0.02076942
121492506811000, -1.3869696, -0.3567453, -0.03359759
121492511774000, -1.3869696, -0.49021935, -0.015271631
121492516944000, -1.3961325, -0.6059783, 0.029932396
121492521764000, -1.3671165, -0.6780604, 0.09682214
121492527068000, -1.3225232, -0.7247916, 0.18173242
121492531790000, -1.2977833, -0.7593055, 0.28252518
121492536802000, -1.3002267, -0.77640975, 0.3912592
121492541796000, -1.3057245, -0.8216137, 0.4352415
121492546727000, -1.2932017, -0.8536842, 0.49968776
121492551778000, -1.2562444, -0.8943067, 0.5580254
121492557477000, -1.2330315, -0.95417154, 0.59986967
121492561790000, -1.2299771, -1.0454959, 0.6374379
121492566808000, -1.2370021, -1.1270463, 0.6606508
121492571856000, -1.2562444, -1.1887437, 0.6808093
121492576912000, -1.25319, -1.1872166, 0.6789767
121492581745000, -1.2522738, -1.1029172, 0.6560693
121492586893000, -1.2131784, -0.9779953, 0.6203337
121492592461000, -1.1508701, -0.8512407, 0.6246097
121492596763000, -1.1004738, -0.76052725, 0.6704246
121492601761000, -1.0882565, -0.7189884, 0.7339546
121492606702000, -1.0861185, -0.72173727, 0.81153446
121492611716000, -1.0852021, -0.79626286, 0.8881981
121492616704000, -1.0622946, -0.8848383, 0.9410379
121492621751000, -1.0412198, -0.958753, 0.94714653
121492626700000, -0.9627236, -0.94897914, 0.90285885
121492631708000, -0.8762862, -0.9101892, 0.8341365
121492636735000, -0.82833326, -0.8051204, 0.7984009
121492641715000, -0.7370089, -0.70432764, 0.72387534
121492646712000, -0.6618725, -0.6435465, 0.66859204
121492651772000, -0.6044512, -0.5815437, 0.6383542
121492656792000, -0.55771995, -0.54244834, 0.61483586
121492662395000, -0.5225952, -0.44043383, 0.5900958
121492666781000, -0.5183192, -0.29718593, 0.57543504
121492671809000, -0.5186246, -0.14202617, 0.57757306
121492676729000, -0.54092115, -0.02076942, 0.5552765
121492681787000, -0.5510005, 0.102319926, 0.52687126
121492686799000, -0.5656612, 0.23884831, 0.5119051
121492691793000, -0.605062, 0.39278635, 0.5045747
121492697044000, -0.6536258, 0.5119051, 0.5155703
121492701798000, -0.6933321, 0.5751296, 0.5039638
121492706965000, -0.7122689, 0.59559363, 0.47861293
121492711789000, -0.6921103, 0.6059783, 0.44409904
121492716761000, -0.66248333, 0.59773165, 0.39645153
121492721792000, -0.5873469, 0.60231316, 0.37140608
121492726732000, -0.52381694, 0.6010914, 0.3576616
121492732054000, -0.46089783, 0.6084218, 0.36743546
121492736784000, -0.41416663, 0.61117065, 0.36865717
121492741772000, -0.3857614, 0.60231316, 0.3817908
121492746797000, -0.33444872, 0.59528816, 0.408058
121492751777000, -0.29932398, 0.59742624, 0.43371433
121492756777000, -0.2932153, 0.59528816, 0.45448375
121492761794000, -0.3023783, 0.5833763, 0.47403142
121492766789000, -0.32528573, 0.54550266, 0.49296826
121492771774000, -0.2883284, 0.5131268, 0.50885075
121492776808000, -0.24220806, 0.48258355, 0.5198463
121492781788000, -0.20097467, 0.45081854, 0.537256
121492786802000, -0.19547687, 0.39645153, 0.5500842
121492791789000, -0.21013765, 0.36102137, 0.5497787
121492796791000, -0.22602014, 0.35643986, 0.5671884
121492801797000, -0.24129178, 0.37720928, 0.5867361
121492806799000, -0.23640485, 0.41874814, 0.602924
121492811723000, -0.2452624, 0.47861293, 0.61361414
121492816807000, -0.24984388, 0.54550266, 0.6252206
121492821774000, -0.24251351, 0.5992588, 0.6264423
121492826796000, -0.24495697, 0.6203337, 0.64599
121492831717000, -0.24312437, 0.6542367, 0.6533204
121492836863000, -0.24495697, 0.66981375, 0.6722572
121492841754000, -0.23335053, 0.7113526, 0.6973027
121492846814000, -0.23579398, 0.75319684, 0.7293731
121492851772000, -0.22418754, 0.7858781, 0.76174897
121492856803000, -0.21410827, 0.7993172, 0.8011498
121492861749000, -0.18234327, 0.81397796, 0.82894415
121492866782000, -0.16187929, 0.84757555, 0.86101454
121492871838000, -0.13775012, 0.8894198, 0.88789266
121492876795000, -0.08307768, 0.915687, 0.8857546
121492881773000, -0.058643065, 0.9202685, 0.8732319
121492886837000, -0.052534413, 0.9120218, 0.84238315
121492891807000, -0.03390302, 0.90041536, 0.8155051
121492896829000, -0.022602014, 0.8894198, 0.8051204
121492901815000, -0.008857546, 0.88270026, 0.8164214
121492906836000, -0.0030543262, 0.850019, 0.8210029
121492911773000, 0.0067195175, 0.8381071, 0.8344419
121492917491000, 0.004886922, 0.8399397, 0.8454375
121492921860000, -0.006414085, 0.87872964, 0.86284715
121492926834000, -0.019242255, 0.8872818, 0.8775079
121492931821000, -0.022602014, 0.9108001, 0.88422745
121492936846000, -0.03573562, 0.9062186, 0.88606006
121492941859000, -0.046731193, 0.8668178, 0.8781188
121492946823000, -0.055283304, 0.8127562, 0.86467975
121492951890000, -0.0571159, 0.75319684, 0.84635377
121492956831000, -0.064751714, 0.72784597, 0.82650065
121492961813000, -0.116980694, 0.73731434, 0.81581056
121492966833000, -0.13713925, 0.7987063, 0.8216137
121492971852000, -0.15851954, 0.870483, 0.8155051
121492976829000, -0.18173242, 0.96852684, 0.81122905
121492981807000, -0.17623462, 1.0571023, 0.8051204
121492987457000, -0.18173242, 1.138042, 0.8045095
121492991834000, -0.18692477, 1.2223413, 0.81000733
121492996787000, -0.17440203, 1.2889256, 0.8023715
121493001807000, -0.16401732, 1.3723087, 0.79290307
121493006815000, -0.14966199, 1.416902, 0.78038037
121493011795000, -0.1563815, 1.4480561, 0.7519751
121493016857000, -0.14477506, 1.4682146, 0.72173727
121493021867000, -0.14110987, 1.4834863, 0.68752885
121493026832000, -0.13805555, 1.4902058, 0.6808093
121493031815000, -0.13744467, 1.4990633, 0.66737026
121493036848000, -0.14721853, 1.4883732, 0.6585127
121493041836000, -0.15760323, 1.4605788, 0.6450737
121493046787000, -0.16340645, 1.4327844, 0.6569856
121493051822000, -0.15882497, 1.427592, 0.70249504
121493057117000, -0.16829337, 1.4144585, 0.7461719
121493061830000, -0.17989981, 1.4248432, 0.77732605
121493066785000, -0.20799962, 1.4178182, 0.820392
121493071853000, -0.24495697, 1.3857478, 0.8585711
121493076823000, -0.26816985, 1.3231341, 0.9025534
121493081812000, -0.2874121, 1.2018774, 0.9334021
121493086757000, -0.312763, 1.0497719, 0.9837985
121493091835000, -0.31642818, 0.91538155, 1.0659598
121493096724000, -0.31245756, 0.8127562, 1.1502593
121493101800000, -0.2843578, 0.7498371, 1.2403619
121493106760000, -0.267559, 0.70402217, 1.3277156
121493111808000, -0.24587326, 0.66920286, 1.3875804
121493116785000, -0.24373524, 0.59620446, 1.4248432
121493121838000, -0.24953845, 0.5357288, 1.421178
121493126927000, -0.25686884, 0.39645153, 1.3994923
121493131836000, -0.2669481, 0.25320363, 1.3588698
121493136773000, -0.2724459, 0.109650314, 1.3029755
121493141801000, -0.26145032, -0.014660766, 1.1957687
121493146799000, -0.24098633, -0.12064589, 1.0564915
121493151780000, -0.20372356, -0.204029, 0.8732319
121493156777000, -0.15607607, -0.23182335, 0.6780604
121493161795000, -0.10354166, -0.23090707, 0.47158796
121493166793000, -0.05467244, -0.25473082, 0.2733622
121493171879000, -0.005192355, -0.32162055, 0.14110987
121493176772000, 0.031154128, -0.38820487, 0.124005646
121493181806000, 0.01038471, -0.42241332, 0.18661933
121493186767000, -0.055283304, -0.38087448, 0.33414328
121493191831000, -0.13683382, -0.25289822, 0.50732356
121493196729000, -0.25137106, -0.07422013, 0.6786713
121493201813000, -0.38056904, 0.16340645, 0.82802784
121493206739000, -0.53878313, 0.355829, 0.9236283
121493211807000, -0.6747007, 0.46303585, 0.956615
121493216758000, -0.768163, 0.48166725, 0.977079
121493221863000, -0.8060367, 0.47678033, 0.9923506
121493226923000, -0.8200866, 0.44837508, 1.0250319
121493231834000, -0.8151997, 0.39187005, 1.0467176
121493236853000, -0.81214535, 0.33017266, 1.0613784
121493242428000, -0.8176431, 0.3136793, 1.0910053
121493246837000, -0.8268061, 0.34238997, 1.1087204
121493251828000, -0.8258898, 0.36285394, 1.1151345
121493256835000, -0.82741696, 0.37384954, 1.1007792
121493261809000, -0.8188649, 0.364992, 1.0855075
121493266839000, -0.8045095, 0.33414328, 1.0852021
121493271865000, -0.7672467, 0.29229903, 1.0824533
121493276829000, -0.73884153, 0.24617869, 1.0656544
121493281788000, -0.7189884, 0.2452624, 1.0424415
121493286819000, -0.7067711, 0.29810223, 1.0412198
121493291829000, -0.6780604, 0.3484986, 1.0677924
121493296829000, -0.63438356, 0.29352075, 1.1093313
121493301797000, -0.61758476, 0.099571034, 1.1307116
121493306839000, -0.6267477, -0.19792034, 1.0897835
121493312419000, -0.62888575, -0.5131268, 1.0534371
121493316861000, -0.5870415, -0.63438356, 1.039998
121493321817000, -0.47769663, -0.86467975, 1.0451905
121493326828000, -0.40408736, -1.0690142, 1.0531317
121493331807000, -0.2874121, -1.2473868, 1.0384709
121493336842000, -0.19639318, -1.3075571, 1.0473285
121493341784000, -0.14538592, -1.2165382, 1.063211
121493346813000, -0.15332718, -1.031446, 1.108415
121493351764000, -0.17959438, -0.82650065, 1.1511755
121493356822000, -0.17989981, -0.65301496, 1.2089024
121493361722000, -0.16768251, -0.5360342, 1.2794572
121493366840000, -0.14385876, -0.5158757, 1.357648
121493371781000, -0.14049901, -0.5656612, 1.416902
121493376861000, -0.1386664, -0.63194007, 1.4703526
121493382268000, -0.1469131, -0.64934975, 1.4914275
121493386841000, -0.14263703, -0.63132924, 1.4697418
121493392147000, -0.103847094, -0.59681535, 1.4480561
121493396817000, -0.051923547, -0.54428095, 1.4138476
121493401798000, -0.006414085, -0.5015204, 1.4062119
121493406839000, 0.036651913, -0.4269948, 1.4132367
121493411764000, 0.058643065, -0.37843102, 1.4315627
121493416821000, 0.06383542, -0.2733622, 1.4450017
121493421798000, 0.05100725, -0.16829337, 1.4740179
121493426787000, 0.04520403, -0.057421334, 1.5054774
121493431729000, 0.016798794, 0.026572637, 1.5155567
121493436831000, -0.014660766, 0.10048734, 1.536937
121493441780000, -0.020463986, 0.11209377, 1.5677856
121493446824000, 9.162979E-4, 0.0842994, 1.6184875
121493451961000, 0.043066, -9.162979E-4, 1.7122552
121493456833000, 0.10781772, -0.0983493, 1.851838
121493461797000, 0.16279559, -0.18784106, 1.9932534
121493466830000, 0.18967366, -0.20433442, 2.1200078
121493471833000, 0.19700404, -0.13775012, 2.2110267
121493476784000, 0.15332718, -0.062308256, 2.2519548
121493481775000, 0.09101892, 0.013744468, 2.219579
121493486808000, 0.02107485, 0.08002335, 2.1801782
121493491795000, -0.04550946, 0.14660765, 2.1746802
121493496792000, -0.11209377, 0.16920967, 2.180789
121493501804000, -0.1740966, 0.1459968, 2.2015584
121493506840000, -0.22449298, 0.08093964, 2.189341
121493511712000, -0.26328292, 0.03940081, 2.1859813
121493516730000, -0.28405234, -0.031154128, 2.1621575
121493521743000, -0.30818152, -0.07360926, 2.1206186
121493526709000, -0.30543262, -0.08246681, 2.0760255
121493531711000, -0.3115413, -0.07391469, 2.043955
121493536742000, -0.3213151, -0.079107046, 2.0103576
121493541713000, -0.33017266, -0.10567969, 1.9978348
121493546710000, -0.3359759, -0.15424347, 2.0066924
121493551751000, -0.3295618, -0.21319197, 2.0054705
121493556769000, -0.33169982, -0.27855456, 1.9947804
121493561769000, -0.3210097, -0.31764993, 2.010663
121493566758000, -0.30726522, -0.31642818, 2.0161607
121493571775000, -0.29229903, -0.37934732, 2.0069978
121493576766000, -0.28619036, -0.47219884, 2.014939
121493581769000, -0.28588495, -0.5467244, 2.0332649
121493586767000, -0.3032946, -0.6047566, 2.0668626
121493591775000, -0.31215215, -0.69027776, 2.0778582
121493596731000, -0.3182608, -0.77182823, 2.0912971
121493601828000, -0.32467487, -0.8081747, 2.1077905
121493606731000, -0.3408628, -0.8222246, 2.104736
121493611790000, -0.355829, -0.820392, 2.0949624
121493616772000, -0.4016439, -0.7840455, 2.0555615
121493621804000, -0.44990227, -0.7351763, 2.0137172
121493627122000, -0.49449542, -0.6808093, 1.9920316
121493631790000, -0.5369505, -0.6224717, 2.019215
121493638039000, -0.5491679, -0.49327368, 2.0830505
121493641791000, -0.56138515, -0.45570546, 2.0964894
121493646778000, -0.5540548, -0.41080686, 2.119397
121493651785000, -0.50640726, -0.40286562, 2.1093178
121493656793000, -0.45356745, -0.39675698, 2.0882428
121493661796000, -0.3979787, -0.40591997, 2.028378
121493666785000, -0.33841935, -0.45051312, 1.9468275
121493671908000, -0.27916542, -0.47494772, 1.8698585
121493676801000, -0.23976462, -0.47342056, 1.7898352
121493681788000, -0.21563543, -0.44929138, 1.7229455
121493686840000, -0.16646078, -0.45265114, 1.6557503
121493691801000, -0.11453723, -0.49205196, 1.5827519
121493696791000, -0.07727446, -0.58551437, 1.509448
121493701779000, -0.051923547, -0.6994407, 1.4514158
121493707292000, -0.012217305, -0.82650065, 1.4089607
121493711790000, 0.010995574, -0.8753699, 1.3817772
121493716778000, 0.024129177, -0.95172805, 1.3390167
121493721796000, 0.062308256, -0.9859365, 1.3014483
121493726794000, 0.09437868, -0.9755518, 1.2696834
121493731793000, 0.11056661, -0.956615, 1.248914
121493736844000, 0.112704635, -0.89949906, 1.2336423
121493741797000, 0.10476339, -0.82558435, 1.2144
121493746788000, 0.087964594, -0.7492262, 1.1633929
121493751786000, 0.06658431, -0.6704246, 1.0812315
121493756802000, 0.040927973, -0.63499445, 0.9773844
121493761792000, 0.022602014, -0.64812803, 0.84207773
121493766776000, 0.0125227375, -0.6948592, 0.6966918
121493771777000, 0.025961773, -0.7449502, 0.5494733
121493777054000, 0.055283304, -0.7965683, 0.41355577
121493781725000, 0.11178834, -0.8197812, 0.29077184
121493786852000, 0.16615535, -0.81000733, 0.18875736
121493791727000, 0.22510384, -0.7797695, 0.10598512
121493796788000, 0.27672195, -0.74372846, 0.06780604
121493801753000, 0.31642818, -0.7153232, 0.01985312
121493806807000, 0.31887165, -0.6637051, -0.018936822
121493811749000, 0.3268129, -0.57451874, -0.090713486
121493816770000, 0.32711834, -0.48808134, -0.1518
121493821786000, 0.32406402, -0.43188173, -0.21166481
121493826793000, 0.32162055, -0.42394048, -0.25350907
121493831791000, 0.33017266, -0.49021935, -0.2846632
121493836788000, 0.344528, -0.5671884, -0.3191771
121493841795000, 0.39003745, -0.67011917, -0.3662137
121493846796000, 0.45173484, -0.80756384, -0.43188173
121493851784000, 0.5177083, -0.93431836, -0.4822781
121493856760000, 0.56779927, -1.0797043, -0.5158757
121493861798000, 0.6435465, -1.1826351, -0.5320636
121493866790000, 0.7147123, -1.2348641, -0.55680364
121493871855000, 0.76174897, -1.2379184, -0.57879484
121493876807000, 0.80756384, -1.2024882, -0.59773165
121493881794000, 0.8405506, -1.1246029, -0.5751296
121493886775000, 0.86742866, -1.0638218, -0.55680364
121493891801000, 0.87872964, -1.0586295, -0.56016344
121493896787000, 0.91415983, -1.0351112, -0.5390886
121493901783000, 0.93523467, -1.0439687, -0.50732356
121493906774000, 0.960891, -1.0317514, -0.4792238
121493911789000, 1.0195341, -1.0015136, -0.43127087
121493916780000, 1.0598512, -0.956615, -0.37110063
121493921802000, 1.1123856, -0.8949176, -0.2883284
121493927081000, 1.1319333, -0.8185594, -0.2012801
121493931791000, 1.1383474, -0.7641924, -0.099571034
121493936831000, 1.1334605, -0.7370089, -0.033292156
121493941797000, 1.0961977, -0.7501425, 0.014966198
121493946784000, 1.054048, -0.7846564, 0.002443461
121493951787000, 1.035722, -0.8032878, -0.07391469
121493956737000, 1.0464121, -0.7293731, -0.16432275
121493962264000, 1.0833695, -0.58184916, -0.29535335
121493966777000, 1.1343768, -0.39736784, -0.4251622
121493971853000, 1.2165382, -0.20341812, -0.5534439
121493976837000, 1.2608259, -0.041233405, -0.6759224
121493981800000, 1.3020593, 0.071776666, -0.77640975
121493986877000, 1.352761, 0.15057829, -0.8353582
121493991837000, 1.3921618, 0.19761491, -0.83658
121493996955000, 1.4278975, 0.22052236, -0.766025
121494001859000, 1.4618006, 0.21594086, -0.6569856
121494006822000, 1.4782939, 0.17256944, -0.60048056
121494011793000, 1.5015068, 0.105068825, -0.48380527
121494016853000, 1.5216653, 0.029321533, -0.37995818
121494021883000, 1.5180001, -0.03604105, -0.31520647
121494026885000, 1.5018122, -0.08674286, -0.26419923
121494032588000, 1.4581354, -0.12064589, -0.2275473
121494036899000, 1.4147639, -0.13041973, -0.20158553
121494042021000, 1.3616186, -0.11209377, -0.1685988
121494046950000, 1.2886202, -0.10445796, -0.12705997
121494051796000, 1.2089024, -0.047647487, -0.09621128
121494056767000, 1.1166617, 0.050701816, -0.0580322
121494061711000, 1.040609, 0.16554448, -0.03848451
121494066746000, 0.9896017, 0.3115413, -0.03481932
121494071726000, 0.93859446, 0.43157628, -0.07849618
121494076719000, 0.91538155, 0.4990769, -0.17715092
121494081695000, 0.9062186, 0.5174029, -0.30787608
121494086772000, 0.88789266, 0.50793445, -0.464563
121494091679000, 0.88086766, 0.50488013, -0.6264423
121494096712000, 0.874759, 0.50426924, -0.6908886
121494101732000, 0.87689704, 0.5421429, -0.7324274
121494106691000, 0.8848383, 0.59040123, -0.6963864
121494111673000, 0.8549059, 0.6151413, -0.6264423
121494116707000, 0.8197812, 0.6047566, -0.5714644
121494121715000, 0.7476991, 0.56046885, -0.5323691
121494126679000, 0.65118235, 0.47952923, -0.52106804
121494131680000, 0.54733527, 0.42424592, -0.5198463
121494136701000, 0.44348818, 0.37965274, -0.550695
121494141674000, 0.3539964, 0.38148534, -0.57940567
121494146681000, 0.301462, 0.40653083, -0.60231316
121494151695000, 0.24281894, 0.41599923, -0.61422503
121494156693000, 0.2312125, 0.4034765, -0.6160576
121494161691000, 0.22021692, 0.3539964, -0.6081163
121494166706000, 0.22999077, 0.26847526, -0.5821546
121494171730000, 0.22968534, 0.14355333, -0.55863625
121494176684000, 0.2275473, 0.011301007, -0.52870387
121494181679000, 0.22052236, -0.11636983, -0.5009095
121494186722000, 0.21502456, -0.23182335, -0.49602258
121494191701000, 0.17928895, -0.27458394, -0.5027421
121494196696000, 0.16310102, -0.31978795, -0.50243664
121494201682000, 0.14508049, -0.31948254, -0.49510628
121494206714000, 0.11759156, -0.28252518, -0.49938235
121494211694000, 0.0852157, -0.20189096, -0.47983465
121494216685000, 0.06505715, -0.110872045, -0.4578435
121494221714000, 0.043676864, -0.034208454, -0.42363504
121494226695000, 0.013744468, 0.0015271631, -0.3747658
121494231696000, -0.01740966, -0.01863139, -0.31215215
121494236726000, -0.05375614, -0.06719518, -0.24556783
121494241808000, -0.08368854, -0.14935656, -0.1685988
121494246694000, -0.110872045, -0.25289822, -0.09010262
121494251702000, -0.11881329, -0.36865717, -0.032375857
121494256697000, -0.11911872, -0.4822781, 0.009773844
121494261681000, -0.106595986, -0.5714644, 0.009468411
121494266686000, -0.087659165, -0.6267477, -0.036957346
121494271679000, -0.081855945, -0.61453044, -0.09101892
121494276695000, -0.089186326, -0.5381723, -0.13713925
121494281655000, -0.105374254, -0.43768495, -0.15363261
121494286911000, -0.1328632, -0.39095375, -0.17531833
121494291653000, -0.16218472, -0.27672195, -0.19150625
121494296692000, -0.19150625, -0.15424347, -0.22143865
121494301745000, -0.22113322, -0.053145275, -0.23915374
121494306753000, -0.25778514, 0.042455133, -0.22174409
121494311754000, -0.28985557, 0.112399206, -0.19639318
121494316734000, -0.30024028, 0.16218472, -0.16462818
121494321999000, -0.30940324, 0.1731803, -0.11056661
121494326752000, -0.3182608, 0.17501289, -0.04428773
121494331750000, -0.3277292, 0.17928895, 0.03176499
121494336747000, -0.32345316, 0.17195857, 0.10873401
121494341758000, -0.31429017, 0.16737708, 0.1731803
121494346750000, -0.2950479, 0.14446963, 0.1994475
121494351790000, -0.28344148, 0.12370021, 0.1777618
121494357502000, -0.25686884, 0.08979719, 0.11728613
121494361798000, -0.22907446, 0.07238753, 0.036651913
121494366819000, -0.18845193, 0.07238753, -0.058337633
121494372301000, -0.16676621, 0.07360926, -0.16371189
121494376800000, -0.13316862, 0.08979719, -0.25320363
121494381968000, -0.1151481, 0.109650314, -0.28252518
121494386807000, -0.09468412, 0.116980694, -0.2751948
121494391900000, -0.09132435, 0.111177474, -0.24556783
121494396926000, -0.08399397, 0.09712757, -0.22907446
121494401890000, -0.096516706, 0.06566802, -0.19242255
121494406834000, -0.10567969, 0.042760566, -0.15302174
121494411783000, -0.10720685, 0.018325957, -0.12339478
121494416797000, -0.11759156, -0.022296581, -0.093767814
121494421913000, -0.12980886, -0.06536258, -0.082161374
121494427235000, -0.1255328, -0.1142318, -0.0693332
121494431768000, -0.111177474, -0.15485434, -0.076052725
121494436925000, -0.09285152, -0.19792034, -0.08582657
121494441809000, -0.07819075, -0.23273966, -0.0852157
121494446851000, -0.056505036, -0.24556783, -0.0870483
121494451773000, -0.0106901415, -0.24404067, -0.087964594
121494457201000, 0.03023783, -0.2180789, -0.08002335
121494461796000, 0.06872234, -0.17501289, -0.055588737
121494466781000, 0.0870483, -0.12156218, -0.028405234
121494471839000, 0.105068825, -0.0693332, -0.0015271631
121494476768000, 0.112399206, -0.03023783, 0.019242255
121494481796000, 0.10751228, 0.003970624, 0.051923547
121494486768000, 0.0983493, 0.016187929, 0.073303826
121494492069000, 0.09010262, 0.046731193, 0.084910266
121494496842000, 0.073303826, 0.05131268, 0.09193522
121494501778000, 0.06994407, 0.057726767, 0.10140363
121494506932000, 0.053450707, 0.05497787, 0.1160644
121494511798000, 0.03023783, 0.05681047, 0.12370021
121494516873000, -0.016493361, 0.050396383, 0.13103059
121494521777000, -0.039095376, 0.070249505, 0.11911872
121494551743000, -0.12675454, 0.2706133, 0.01038471
121494556729000, -0.119729586, 0.2660318, 0.0070249503
121494561691000, -0.12675454, 0.2611449, 9.162979E-4
121494566705000, -0.111177474, 0.23976462, -0.005192355
121494571794000, -0.086437434, 0.21013765, -9.162979E-4
121494576701000, -0.06872234, 0.17745635, -0.004581489
121494581692000, -0.05681047, 0.16554448, -0.004581489
121494586714000, -0.048258353, 0.15363261, -0.008246681
121494591665000, -0.03390302, 0.14813483, -0.019547688
121494596708000, -0.023518313, 0.14752395, -0.025045475
121494601709000, -0.01160644, 0.1554652, -0.032986723
121494606740000, -0.02565634, 0.1554652, -0.044593163
121494612123000, -0.016187929, 0.14538592, -0.0421497
121494616727000, -0.014049901, 0.118202426, -0.035430185
121494621720000, -0.040927973, 0.07727446, -0.029932396
121494626735000, -0.050396383, 0.014049901, -0.027794369
121494631702000, -0.06688975, -0.040011674, -0.021685716
121494636760000, -0.0842994, -0.07788532, -0.022296581
121494641703000, -0.099571034, -0.087964594, -0.022602014
121494646826000, -0.11209377, -0.09621128, -0.022907447
121494651790000, -0.1151481, -0.093462385, -0.019547688
121494656800000, -0.10598512, -0.096516706, -0.022907447
121494661797000, -0.10293079, -0.08552113, -0.025350908
121494666775000, -0.09437868, -0.089491755, -0.03359759
121494671856000, -0.076358154, -0.10323623, -0.03604105
121494676793000, -0.050701816, -0.1142318, -0.03573562
121494682382000, -0.03023783, -0.13591751, -0.0290161
121494686784000, -6.1086525E-4, -0.14202617, -0.035430185
121494691801000, 0.011301007, -0.15851954, -0.034208454
121494696790000, 0.017715093, -0.15760323, -0.041233405
121494701781000, 0.018325957, -0.1432479, -0.024129177
121494706763000, 0.011301007, -0.118202426, -0.014049901
121494711792000, 0.006414085, -0.08857546, -0.010995574
121494716762000, -0.0021380284, -0.07238753, 0.016798794
121494721873000, -0.010995574, -0.0693332, 0.03634648
121494726864000, -0.019547688, -0.10995574, 0.07696902
121494731793000, -0.018020526, -0.15363261, 0.10415252
121494736785000, -0.013439035, -0.21013765, 0.112704635
121494741802000, -0.022907447, -0.26236662, 0.12858713
121494746757000, -0.0571159, -0.29840767, 0.118202426
121494752241000, -0.09590584, -0.31703907, 0.08857546
121494756737000, -0.14477506, -0.3023783, 0.05955936
121494761792000, -0.18600847, -0.2556471, 0.020463986
121494766778000, -0.22388211, -0.18051068, -0.003970624
121494771877000, -0.23548855, -0.10629055, -0.02443461
121494776844000, -0.23182335, -0.028405234, -0.025350908
121494781788000, -0.20311269, 0.004276057, -0.03145956
121494786751000, -0.18692477, 0.057421334, -0.038179077
121494791798000, -0.15027285, 0.10262536, -0.03268129
121494796757000, -0.116980694, 0.13652839, -0.042760566
121494801785000, -0.09773844, 0.17684549, -0.056505036
121494806772000, -0.08674286, 0.20158553, -0.064446285
121494811791000, -0.064751714, 0.21471913, -0.08399397
121494816779000, -0.05009095, 0.22327125, -0.09865474
121494822040000, -0.04428773, 0.21013765, -0.10598512
121494826806000, -0.023823744, 0.18142697, -0.10751228
121494831789000, -0.0106901415, 0.13530666, -0.09193522
121494836780000, 0.0125227375, 0.105374254, -0.07544186
121494841799000, 0.027488936, 0.07269296, -0.062002823
121494846757000, 0.041233405, 0.05589417, -0.035124753
121494851777000, 0.042455133, 0.03176499, -0.026267206
121494856795000, 0.040927973, 0.018325957, -0.009162978
121494861790000, 0.05222898, 0.032986723, 0.01038471
121494866780000, 0.048563786, 0.06414085, 0.024129177
121494871862000, 0.026267206, 0.07360926, 0.03848451
121494876803000, 0.022602014, 0.07666359, 0.058643065
121494881790000, 0.023518313, 0.09712757, 0.06078109
121494886766000, 0.012217305, 0.10629055, 0.07391469
121494891802000, 0.018325957, 0.09773844, 0.082161374
121494896730000, 0.012217305, 0.0852157, 0.08032878
121494901775000, 0.0106901415, 0.06688975, 0.089491755
121494906750000, 0.003970624, 0.057726767, 0.09101892
121494911791000, 0.0021380284, 0.050701816, 0.09254608
121494916783000, 0.0021380284, 0.06566802, 0.093767814
121494921855000, -0.010079277, 0.08032878, 0.09193522
121494926799000, -0.011301007, 0.09621128, 0.090713486
121494931788000, -0.017104227, 0.10934488, 0.08552113
121494936812000, -0.010995574, 0.12889257, 0.08552113
121494941792000, -0.020463986, 0.15027285, 0.07147124
121494946796000, -0.03756821, 0.15851954, 0.05955936
121494951771000, -0.025045475, 0.17256944, 0.04428773
121494956815000, -0.014660766, 0.18967366, 0.03145956
121494961797000, -0.003970624, 0.20433442, 0.027488936
121494966768000, 0.015577064, 0.21074851, 0.022602014
121494972057000, 0.013744468, 0.2098322, 0.018020526
121494976841000, 0.015577064, 0.20158553, 0.022602014
121494981795000, 0.02321288, 0.18600847, 0.024740042
121494986821000, 0.014660766, 0.1853976, 0.02107485
121494991828000, 0.0143553335, 0.17959438, 0.024129177
121494996809000, 0.0018325958, 0.17104226, 0.01863139
121495001822000, -3.0543262E-4, 0.17195857, 0.023823744
121495007489000, -0.011911872, 0.16676621, 0.029626964
121495011788000, -0.017104227, 0.15515977, 0.034208454
121495016823000, -0.0125227375, 0.14477506, 0.042455133
121495021875000, -0.014660766, 0.13683382, 0.038789943
121495026895000, -0.014049901, 0.13683382, 0.03726278
121495031826000, -0.007330383, 0.12186762, 0.042760566
121495036795000, -0.0033597588, 0.11209377, 0.040927973
121495041807000, 0.003970624, 0.124005646, 0.04428773
121495046791000, 0.004581489, 0.12308934, 0.04153884
121495051756000, 0.008857546, 0.12980886, 0.03634648
121495056769000, 6.1086525E-4, 0.12950343, 0.03145956
121495061745000, 0.0021380284, 0.1423316, 0.028405234
121495066810000, -0.020158553, 0.13805555, 0.023823744
121495071749000, -0.012217305, 0.13316862, 0.024129177
121495077293000, -0.017104227, 0.11728613, 0.02443461
121495081723000, -0.029932396, 0.1020145, 0.032986723
121495086774000, -0.03726278, 0.08552113, 0.023823744
121495091730000, -0.029932396, 0.07391469, 0.03390302
121495096807000, -0.035124753, 0.053145275, 0.026572637
121495101772000, -0.039095376, 0.038179077, 0.028405234
121495106829000, -0.044593163, 0.013133603, 0.024129177
121495111757000, -0.044898596, -0.0030543262, 0.014966198
121495116768000, -0.039095376, -0.021380283, 0.008246681
121495121953000, -0.037873644, -0.026267206, 0.0015271631
121495126806000, -0.04886922, -0.028710667, -0.002443461
121495131727000, -0.063224554, -0.030848695, -0.008857546
121495136767000, -0.070554934, -0.028405234, -0.021685716
121495141766000, -0.0720821, -0.02076942, -0.028405234
121495146934000, -0.07941248, -0.018325957, -0.037873644
121495151755000, -0.09315695, -0.021380283, -0.041233405
121495156809000, -0.102319926, -0.011301007, -0.04795292
121495161786000, -0.10170906, -0.0067195175, -0.04062254
121495166774000, -0.10720685, -0.008552114, -0.046120327
121495171848000, -0.10170906, -0.0018325958, -0.03573562
121495176797000, -0.096516706, 0.00580322, -0.032375857
121495181809000, -0.092240654, -0.010079277, -0.03268129
121495186780000, -0.08857546, -0.022907447, -0.027488936
121495191797000, -0.09101892, -0.04795292, -0.022602014
121495196786000, -0.087659165, -0.07147124, -0.013133603
121495201776000, -0.084910266, -0.09193522, -0.013133603
121495206813000, -0.08979719, -0.09254608, -0.004581489
121495211786000, -0.09162979, -0.1020145, 0.004581489
121495216777000, -0.0870483, -0.10354166, 0.0021380284
121495221898000, -0.08246681, -0.09254608, 0.009773844
121495226843000, -0.08155051, -0.08307768, 0.006414085
121495231790000, -0.07696902, -0.07788532, 0.0036651916
121495236770000, -0.07269296, -0.065973446, -0.003970624
121495241801000, -0.06047566, -0.049480084, -0.003970624
121495246787000, -0.06352998, -0.04184427, -0.0012217305
121495251786000, -0.056199603, -0.03145956, -0.010079277
121495256808000, -0.04642576, -0.024740042, -0.009773844
121495261792000, -0.05375614, -0.015271631, -0.011301007
121495266769000, -0.06566802, -0.019547688, -0.01038471
121495271867000, -0.059864793, -0.014966198, -0.011301007
121495276886000, -0.06352998, -0.0125227375, -0.014049901
121495281787000, -0.057421334, -0.022907447, -0.01985312
121495286775000, -0.050396383, -0.02107485, -0.019547688
121495291800000, -0.049480084, -0.03268129, -0.02076942
121495296751000, -0.04337143, -0.047036625, -0.02076942
121495301780000, -0.035124753, -0.06688975, -0.02321288
121495306791000, -0.028405234, -0.087964594, -0.02443461
121495311792000, -0.025961773, -0.10751228, -0.018936822
121495316776000, -0.01740966, -0.10354166, -0.016493361
121495321866000, -0.0106901415, -0.09987647, -0.018325957
121495326833000, -0.0033597588, -0.094989546, -0.0125227375
121495332253000, -0.0021380284, -0.0842994, -0.004581489
121495336760000, -0.0061086523, -0.070554934, -0.009773844
121495341797000, -0.003970624, -0.056199603, -0.0033597588
121495346768000, -0.003970624, -0.040011674, 0.005192355
121495351779000, -0.0021380284, -0.032070424, -0.004276057
121495356789000, -0.010079277, -0.02076942, -0.0061086523
121495361792000, -0.017104227, -0.014049901, -0.0061086523
121495366929000, -0.023823744, 9.162979E-4, -0.003970624
121495371865000, -0.03359759, 0.004581489, -0.0067195175
121495376818000, -0.03634648, 0.013133603, 0.0012217305
121495381788000, -0.04337143, 0.016493361, -0.0018325958
121495386894000, -0.03390302, 0.015271631, 0.0036651916
121495391800000, -0.043676864, 0.018936822, -0.0021380284
121495396994000, -0.040011674, 0.004886922, -0.0070249503
121495402416000, -0.027488936, 0.0070249503, 0.0015271631
121495406800000, -0.029626964, 0.0027488936, -0.0033597588
121495411790000, -0.02076942, -3.0543262E-4, -0.0067195175
121495416795000, -0.022907447, -0.0018325958, -0.007941248
121495421796000, -0.028099801, -0.0012217305, -0.00580322
121495426732000, -0.024740042, -0.0070249503, -0.014660766
121495431788000, -0.015271631, -6.1086525E-4, -0.01282817
121495436747000, -0.016493361, -0.004581489, -0.015577064
121495441794000, -0.0033597588, -0.01038471, -0.0027488936
121495446729000, -0.015271631, -0.013439035, -0.0061086523
121495451778000, -0.005497787, -0.02687807, -0.0033597588
121495456935000, -0.011911872, -0.029626964, -0.0018325958
121495461757000, -0.006414085, -0.0290161, -0.003970624
121495466832000, -0.014660766, -0.035430185, -6.1086525E-4
121495472246000, -0.020158553, -0.040011674, -0.005192355
121495476770000, -0.01985312, -0.038789943, -0.007330383
121495481744000, -0.025350908, -0.036957346, -0.00580322
121495486814000, -0.020463986, -0.03634648, -0.0030543262
121495491794000, -0.022907447, -0.040317107, -0.006414085
121495496854000, -0.023518313, -0.03970624, 9.162979E-4
121495501797000, -0.03176499, -0.03726278, -0.0027488936
121495506850000, -0.030543262, -0.040011674, -0.004581489
121495511731000, -0.03390302, -0.057421334, 0.004581489
121495516876000, -0.03848451, -0.047647487, 0.009162978
121495521931000, -0.040317107, -0.044593163, -0.0015271631
121495526851000, -0.044898596, -0.02443461, -0.016187929
121495531829000, -0.050701816, -0.021380283, -0.02443461
121495536817000, -0.03940081, -0.0106901415, -0.025045475
121495541864000, -0.046731193, -0.011301007, -0.02443461
121495546831000, -0.036957346, 0.0021380284, -0.0290161
121495551823000, -0.036957346, -0.0021380284, -0.033292156
121495556839000, -0.028405234, -0.007330383, -0.0143553335
121495561815000, -0.03756821, -0.01985312, -0.013133603
121495567292000, -0.029932396, -0.037873644, -0.009162978
121495571842000, -0.025350908, -0.036651913, -0.01160644
121495576794000, -0.020463986, -0.042760566, -0.010995574
121495581792000, -0.019547688, -0.04886922, -0.009468411
121495586820000, -0.0125227375, -0.04886922, -0.006414085
121495591831000, -0.01038471, -0.05497787, -0.009162978
121495596822000, -0.00580322, -0.059864793, -3.0543262E-4
121495601816000, -0.008246681, -0.058948494, 0.0070249503
121495606838000, -0.008552114, -0.058643065, 6.1086525E-4
121495611802000, -0.014660766, -0.04520403, 0.0070249503
121495616871000, -0.016493361, -0.05009095, 6.1086525E-4
121495621956000, -0.023823744, -0.053450707, 0.003970624
121495626848000, -0.02321288, -0.046731193, -0.005497787
121495631834000, -0.024129177, -0.044898596, 0.004276057
121495636820000, -0.019242255, -0.03970624, -0.004886922
121495641837000, -0.02443461, -0.022296581, -0.01038471
121495646824000, -0.016187929, -0.019547688, -0.009162978
121495651820000, -0.017715093, -0.01740966, -0.008246681
121495656828000, -0.016493361, -0.014966198, -0.008857546
121495661827000, -0.015577064, -0.0125227375, -0.012217305
121495666789000, -0.01863139, -0.019242255, -0.018020526
121495671947000, -0.009773844, -0.030848695, -0.0125227375
121495676776000, 0.004276057, -0.04520403, -0.0018325958
121495681815000, 3.0543262E-4, -0.06078109, 0.0036651916
121495686763000, 0.008857546, -0.06627888, 0.010079277
121495691836000, 0.01282817, -0.0720821, 0.008552114
121495696716000, 0.011301007, -0.08857546, 0.009162978
121495701818000, 0.024129177, -0.089491755, 0.013744468
121495706742000, 0.02443461, -0.087964594, 0.01282817
121495711803000, 0.017104227, -0.07788532, 0.007941248
121495716797000, 0.009162978, -0.06536258, 0.0012217305
121495721879000, 0.008857546, -0.045814894, -0.005497787
121495726774000, -0.0021380284, -0.040317107, -0.00580322
121495731832000, -6.1086525E-4, -0.02107485, -0.004886922
121495736791000, -0.0030543262, -0.007941248, -0.0012217305
121495741836000, -0.004886922, 6.1086525E-4, -0.0036651916
121495746771000, -0.0067195175, -0.01160644, 0.0061086523
121495751819000, -0.0067195175, -0.014049901, 0.015577064
121495756859000, -0.0018325958, -0.01038471, 0.017104227
121495761827000, -0.0076358155, -0.013133603, 0.012217305
121495766842000, -0.0070249503, -0.01160644, 0.010079277
121495771799000, -0.014966198, -0.019547688, 0.012217305
121495776736000, -0.010995574, -0.008246681, 0.0015271631
121495781788000, -0.010995574, -0.004276057, 0.004886922
121495786798000, -0.010995574, -0.008246681, 0.004581489
121495791794000, -0.0021380284, 0.011911872, 0.018936822
121495796791000, 3.0543262E-4, 0.0061086523, 0.014049901
121495801767000, 0.0070249503, 0.022907447, 0.016187929
121495806864000, -0.0061086523, 0.025350908, 0.019242255
121495811780000, -0.005497787, 0.040011674, 0.018936822
121495816788000, 0.004886922, 0.04795292, 0.017104227
121495821858000, 0.0012217305, 0.054061573, 0.016187929
121495826899000, 6.1086525E-4, 0.064446285, 0.009468411
121495831824000, -0.0036651916, 0.064751714, 0.004581489
121495836821000, 0.002443461, 0.06383542, 0.015577064
121495841834000, 0.009773844, 0.06536258, 0.011301007
121495846830000, 0.009468411, 0.053450707, 0.012217305
121495851824000, 0.005497787, 0.04520403, 0.014660766
121495856835000, 0.010079277, 0.036957346, 0.018325957
121495861820000, 0.011301007, 0.040927973, 0.01160644
121495866855000, -0.0036651916, 0.03268129, 0.010995574
121495871793000, 0.0012217305, 0.02076942, 0.008246681
121495876803000, 9.162979E-4, 0.014966198, 0.0106901415
121495881790000, 0.0067195175, 0.011301007, 0.007941248
121495886782000, 6.1086525E-4, 0.01282817, 0.013439035
121495891793000, 0.002443461, 0.011301007, 0.017104227
121495896797000, 0.007330383, 0.004276057, 0.01740966
121495901797000, 0.027488936, -0.0030543262, 0.013133603
121495906774000, 0.03176499, 6.1086525E-4, 0.017104227
121495911798000, 0.040317107, -0.015271631, 0.017104227
121495916788000, 0.037873644, -0.014966198, 0.013744468
121495921916000, 0.032070424, -0.022296581, 0.01863139
121495926951000, 0.03604105, -0.025045475, 0.01985312
121495931809000, 0.028710667, -0.027794369, 0.015882496
121495936889000, 0.03268129, -0.032375857, 0.013133603
121495941755000, 0.027488936, -0.025045475, 0.014049901
121495946841000, 0.014049901, -0.029932396, 0.017715093
121495951840000, 0.010995574, -0.031154128, 0.011911872
121495957377000, 0.009773844, -0.021380283, 0.0036651916
121495961994000, -0.008857546, -0.025350908, 3.0543262E-4
121495966836000, -0.009773844, -0.02565634, 0.005192355
121495971917000, -0.009773844, -0.018020526, 3.0543262E-4
121495977538000, -0.0076358155, -0.008246681, 0.003970624
121495981811000, -0.0021380284, -0.006414085, 0.002443461
121495986808000, -0.009468411, -0.005192355, 0.0027488936
121495991818000, -0.0070249503, -6.1086525E-4, 0.007941248
121495996938000, -0.0070249503, 0.0067195175, 0.004276057
121496001810000, 3.0543262E-4, 0.013133603, 0.011301007
121496006789000, 0.002443461, 0.009162978, 0.02076942
121496011801000, 0.009773844, 0.005192355, 0.02321288
121496016798000, -0.004581489, 0.0012217305, 0.019547688
121496021869000, -0.004581489, 0.004581489, 0.02107485
121496026801000, -0.009773844, 0.013744468, 0.01985312
121496031839000, -0.02076942, 0.025961773, 0.015882496
121496036853000, -0.03756821, 0.02443461, 0.018020526
121496041835000, -0.03176499, 0.03390302, 0.018325957
121496046833000, -0.029626964, 0.037873644, 0.01282817
121496051818000, -0.035124753, 0.047036625, 0.009773844
121496057073000, -0.032986723, 0.040927973, 0.009162978
121496061821000, -0.017715093, 0.048258353, 0.008246681
121496067019000, -0.019547688, 0.043066, 0.008246681
121496071894000, -0.0125227375, 0.024740042, -0.004886922
121496077224000, -0.009468411, 0.02107485, -3.0543262E-4
121496081808000, -0.008246681, 0.006414085, 0.01863139
121496086795000, 0.01038471, -9.162979E-4, 0.015577064
121496091828000, 0.015577064, -0.008246681, 0.019547688
121496096763000, 0.01740966, -0.0106901415, 0.018936822
121496101807000, 0.015577064, -0.015882496, 0.022296581
121496106749000, 0.0143553335, -0.014049901, 0.022296581
121496111820000, 0.015271631, -0.0070249503, 0.017715093
121496116781000, 0.01985312, 6.1086525E-4, 0.013744468
121496121916000, 0.004886922, -0.0076358155, 0.0067195175
121496126799000, -0.0018325958, -0.015882496, 0.008246681
121496131831000, 0.00580322, -0.009162978, 0.005497787
121496136760000, -0.008552114, -0.0018325958, 0.0076358155
121496141835000, -0.0036651916, 0.0015271631, 0.008552114
121496146763000, -0.0067195175, 0.0015271631, 0.009162978
121496151830000, -0.0021380284, 0.0036651916, 0.016187929
121496156814000, -3.0543262E-4, 0.017104227, 0.015271631
121496161827000, 0.008246681, 0.0125227375, 0.017104227
121496166829000, -0.0012217305, 0.007941248, 0.017715093
121496171924000, 0.010079277, 0.006414085, 0.019547688
121496176856000, 0.012217305, 9.162979E-4, 0.022296581
121496181805000, 0.020158553, 0.0012217305, 0.014660766
121496186844000, 0.015577064, 0.0018325958, 0.018325957
121496191833000, 0.018936822, 0.0076358155, 0.017715093
121496196828000, 9.162979E-4, 0.010079277, 0.01160644
121496201819000, 6.1086525E-4, 0.007941248, 0.0067195175
121496206826000, 0.00580322, 0.01985312, 0.009468411
121496211793000, -0.0030543262, 0.020158553, 0.01282817
121496216842000, -0.007330383, 0.02565634, 0.0021380284
121496221908000, -0.009773844, 0.021991149, 0.0070249503
121496226851000, -0.004276057, 0.017104227, 0.004276057
121496231824000, -0.006414085, 0.011911872, 0.0012217305
121496236823000, -0.0067195175, 0.011911872, 0.015271631
121496241834000, -0.0033597588, 0.0125227375, 0.011301007
121496246832000, -0.005192355, 0.0070249503, 0.008552114
121496251815000, -0.0033597588, -0.0012217305, 0.0106901415
121496256836000, -0.0018325958, -3.0543262E-4, 0.008857546
121496261827000, -0.004276057, 0.0070249503, 0.007330383
121496266832000, -6.1086525E-4, 0.0015271631, 0.0033597588
121496271947000, -9.162979E-4, -0.0076358155, -0.004886922
121496276851000, -0.01038471, -0.002443461, 3.0543262E-4
121496281789000, -0.014049901, -0.004276057, 9.162979E-4
121496286836000, -0.008552114, 0.0018325958, 0.010079277
121496291827000, -0.013744468, 0.01740966, 0.004276057
121496296828000, -0.020463986, 0.010995574, 0.0033597588
121496301810000, -0.017104227, -0.006414085, 0.004581489
121496306881000, -0.015271631, -0.0018325958, 0.0033597588
121496311790000, -0.009162978, -0.010995574, 0.0036651916
121496316828000, -0.0067195175, -0.015271631, 0.004581489
121496321866000, 6.1086525E-4, -0.019242255, 0.008552114
121496326955000, 3.0543262E-4, -0.015577064, 0.0033597588
121496331817000, -0.005192355, -0.01985312, 0.0021380284
121496336827000, -0.0067195175, -0.017715093, 0.007941248
121496341746000, -0.0030543262, -0.016187929, 0.0070249503
121496346829000, 3.0543262E-4, -0.011301007, 0.008246681
121496351737000, -0.003970624, -9.162979E-4, 0.005192355
121496356805000, -0.0015271631, 0.004886922, 0.0027488936
121496361816000, -0.011911872, 0.021380283, 0.002443461
121496366817000, -0.017104227, 0.021685716, 0.0076358155
121496371810000, -0.023823744, 0.0290161, 0.0067195175
121496376806000, -0.018020526, 0.03359759, 0.008246681
121496382024000, -0.013439035, 0.04153884, 0.008246681
121496386772000, -0.013744468, 0.048563786, 0.012217305
121496391791000, -0.011911872, 0.031154128, 0.014049901
121496396788000, -0.004276057, 0.01282817, 0.0012217305
121496401775000, -0.009468411, 0.015271631, 0.0030543262
121496406846000, 0.0036651916, 0.007941248, 0.01160644
121496411909000, 0.01038471, -9.162979E-4, 0.01038471
121496416860000, 0.015882496, -0.0106901415, 0.010079277
121496422034000, 0.004581489, -0.023823744, 0.014049901
121496426848000, 0.0106901415, -0.019242255, 0.02076942
121496431784000, 0.004886922, -0.034208454, 0.021991149
121496436832000, 0.01863139, -0.029932396, 0.02443461
121496441775000, 0.019242255, -0.020158553, 0.024129177
121496446829000, 0.01740966, -0.0106901415, 0.020158553
121496451745000, 0.0076358155, -0.010079277, 0.016187929
