#Rate of rotation around the x y z axes (Angular velocity).
#timestamp(ns),x,y,z(rad/s)
#Datetime: 18/05/2015 18:02:55
##########################################
#Activity: 8 - CSI - Car-Step in - 6s
#Subject ID: 56
#First Name: sub56
#Last Name: sub56
#Age: 29
#Height(cm): 170
#Weight(kg): 75
#Gender: Male
##########################################

@DATA
20761500928000, -0.017715093, 0.007330383, 0.024129177
20761505912000, -0.022296581, 0.011301007, 0.015271631
20761510991000, -0.010079277, 0.004886922, 0.016187929
20761515931000, -0.016798794, 0.0076358155, 0.016187929
20761520922000, -0.0076358155, 0.00580322, 0.01863139
20761525931000, -0.02107485, 0.003970624, 0.015882496
20761530933000, -0.020158553, -0.0015271631, 0.019547688
20761535934000, -0.016187929, -6.1086525E-4, 0.01863139
20761540912000, -0.022296581, 0.004886922, 0.017104227
20761545934000, -0.027183503, 0.008857546, 0.01985312
20761550926000, -0.020463986, 0.009162978, 0.022602014
20761556651000, -0.027183503, 0.009468411, 0.01985312
20761560937000, -0.023518313, 0.010079277, 0.016798794
20761565934000, -0.020158553, 0.018020526, 0.012217305
20761570921000, -0.027794369, 0.016493361, 0.01985312
20761575947000, -0.028405234, 0.013744468, 0.015882496
20761580942000, -0.02321288, 0.009468411, 0.014049901
20761585928000, -0.02076942, 0.0125227375, 0.02107485
20761590912000, -0.01985312, 0.0015271631, 0.02076942
20761595933000, -0.019547688, 3.0543262E-4, 0.021380283
20761600928000, -0.011301007, 0.009162978, 0.023823744
20761605921000, -0.016187929, 0.021380283, 0.025045475
20761610938000, -0.009468411, 0.004581489, 0.02687807
20761615931000, -0.015577064, 0.008246681, 0.025045475
20761620921000, -0.021991149, 0.008857546, 0.02443461
20761626323000, -0.016798794, 0.015882496, 0.023823744
20761630937000, -0.016493361, 0.0143553335, 0.01740966
20761635927000, -0.0106901415, 0.017104227, 0.02076942
20761640915000, -0.017104227, 0.021685716, 0.025961773
20761645936000, -0.020463986, 0.03176499, 0.022907447
20761650935000, -0.014049901, 0.015882496, 0.019242255
20761655922000, -0.016493361, 0.017104227, 0.014966198
20761660912000, -0.03268129, 0.020158553, 0.019242255
20761665937000, -0.032070424, 0.018325957, 0.014660766
20761670930000, -0.01863139, 0.013133603, 0.019547688
20761675963000, -0.020463986, 0.009162978, 0.022296581
20761680937000, -0.02076942, 0.0030543262, 0.018936822
20761685928000, -0.016798794, 0.004886922, 0.009162978
20761690912000, -0.016493361, 0.004581489, 0.015271631
20761695949000, -0.024740042, 0.020463986, 0.019547688
20761700929000, -0.021685716, 0.004276057, 0.016798794
20761705928000, -0.031154128, 0.01282817, 0.01863139
20761710949000, -0.03023783, 0.004581489, 0.01985312
20761715966000, -0.029626964, 0.015271631, 0.023823744
20761720937000, -0.026267206, 0.02076942, 0.02076942
20761725932000, -0.028099801, 0.02443461, 0.025045475
20761730938000, -0.03756821, 0.022602014, 0.02107485
20761735929000, -0.028099801, 0.026572637, 0.020158553
20761740911000, -0.027794369, 0.023518313, 0.017715093
20761745904000, -0.025961773, 0.021685716, 0.019547688
20761750933000, -0.020158553, 0.03145956, 0.021685716
20761755906000, -0.018020526, 0.028405234, 0.025045475
20761760939000, -0.012217305, 0.028710667, 0.025350908
20761765899000, -0.021991149, 0.020463986, 0.02321288
20761770935000, -0.025961773, 0.0067195175, 0.025961773
20761775942000, -0.01985312, 0.007330383, 0.02565634
20761780939000, -0.020158553, 0.009162978, 0.020463986
20761785911000, -0.021380283, 0.013133603, 0.023823744
20761790909000, -0.024129177, 9.162979E-4, 0.01863139
20761795938000, -0.018936822, 0.009773844, 0.022602014
20761800928000, -0.01985312, 0.0070249503, 0.018020526
20761805922000, -0.017104227, 0.012217305, 0.014049901
20761811888000, -0.0143553335, 0.021991149, 0.013133603
20761815978000, -0.022296581, 0.028099801, 0.018325957
20761820924000, -0.028405234, 0.008246681, 0.014966198
20761825932000, -0.014660766, 0.00580322, 0.010079277
20761830934000, -0.01740966, 0.0070249503, 0.01282817
20761835892000, -0.018020526, 0.009773844, 0.013744468
20761840906000, -0.016493361, 0.0067195175, 0.018936822
20761845941000, -0.01740966, -0.0018325958, 0.016493361
20761850927000, -0.0143553335, 0.013439035, 0.021380283
20761855940000, -0.0125227375, 0.003970624, 0.014660766
20761861856000, -0.016187929, -0.003970624, 0.016187929
20761865935000, -0.025045475, -0.007330383, 0.01863139
20761870929000, -0.020463986, 0.004276057, 0.01863139
20761875946000, -0.023823744, 6.1086525E-4, 0.014049901
20761881690000, -0.01863139, 0.014660766, 0.018325957
20761885932000, -0.024740042, 0.012217305, 0.01863139
20761890913000, -0.03481932, 0.0106901415, 0.015577064
20761895954000, -0.027488936, 0.007330383, 0.020463986
20761900928000, -0.017715093, 0.0033597588, 0.017104227
20761905927000, -0.019547688, 0.009162978, 0.0070249503
20761911024000, -0.018936822, 0.0067195175, 0.016798794
20761915944000, -0.027183503, -0.0027488936, 0.015577064
20761920927000, -0.029626964, 9.162979E-4, 0.016187929
20761925949000, -0.02321288, 0.0012217305, 0.021685716
20761930935000, -0.020158553, 0.002443461, 0.017104227
20761935932000, -0.028099801, 3.0543262E-4, 0.018020526
20761940915000, -0.01863139, 0.0143553335, 0.019547688
20761945943000, -0.03176499, 0.008857546, 0.020158553
20761951512000, -0.017104227, 0.0021380284, 0.007330383
20761955938000, -0.016187929, 0.0036651916, 0.0106901415
20761960967000, -0.013133603, -6.1086525E-4, 0.017715093
20761965938000, -0.0143553335, 0.011301007, 0.029626964
20761970929000, -0.014660766, -0.0012217305, 0.016798794
20761975951000, -0.018936822, -0.0061086523, 0.02076942
20761980941000, -0.028710667, 0.0012217305, 0.021685716
20761985965000, -0.028710667, -6.1086525E-4, 0.016187929
20761990914000, -0.011911872, 0.003970624, 0.016493361
20761996256000, -0.029626964, 0.008552114, 0.011301007
20762000934000, -0.018020526, 0.00580322, 0.008246681
20762005927000, -0.029321533, 6.1086525E-4, 0.008246681
20762010942000, -0.018936822, -0.003970624, 0.01740966
20762015868000, -0.023823744, -0.007330383, 0.008552114
20762020959000, -0.008246681, -0.0030543262, 0.00580322
20762025897000, -0.008246681, -0.015271631, 0.007330383
20762030938000, -0.00580322, -0.015577064, 0.018325957
20762035866000, -0.0125227375, -0.015882496, 0.014660766
20762040915000, -0.008857546, -0.0030543262, 0.021685716
20762045930000, -0.019242255, -0.013439035, 0.019547688
20762050997000, -0.025961773, -0.01038471, 0.022907447
20762055920000, -0.025045475, -0.008552114, 0.02321288
20762061993000, -0.021685716, -0.004581489, 0.01863139
20762065930000, -0.029932396, -0.008246681, 0.019547688
20762070930000, -0.025961773, -0.006414085, 0.019242255
20762075973000, -0.026572637, -0.01038471, 0.018020526
20762080930000, -0.010995574, 6.1086525E-4, 0.014049901
20762085959000, -0.022602014, 0.006414085, 0.015271631
20762090969000, -0.01863139, -0.004276057, 0.01740966
20762095958000, -0.016493361, -0.014660766, 0.010079277
20762100862000, -0.009468411, -0.011911872, 0.01740966
20762105951000, -0.01863139, -0.005497787, 0.016493361
20762110896000, -0.007941248, -0.013133603, 0.004581489
20762115966000, -0.011301007, -0.024129177, 0.014660766
20762120864000, -0.0106901415, -0.01863139, 0.008246681
20762126005000, -0.007330383, -0.02107485, 0.016187929
20762130914000, -0.008857546, -0.021685716, 0.02076942
20762135963000, -0.026572637, -0.017104227, 0.012217305
20762140899000, -0.022602014, -0.014049901, 0.015882496
20762145909000, -0.027794369, -0.009773844, 0.019242255
20762151006000, -0.02443461, -0.01038471, 0.014660766
20762155826000, -0.032375857, 6.1086525E-4, 0.016493361
20762161158000, -0.035430185, 0.017104227, 0.018325957
20762165871000, -0.029626964, 0.024129177, 0.0125227375
20762170855000, -0.027488936, 0.019242255, 0.009468411
20762175900000, -0.01740966, 0.026267206, 0.01038471
20762180859000, -0.022296581, 0.014049901, 0.0061086523
20762185878000, -0.027488936, 0.002443461, 0.017715093
20762190842000, -0.024129177, -0.0018325958, 0.014660766
20762195872000, -0.027488936, 0.0061086523, 0.020463986
20762200862000, -0.03573562, 0.0061086523, 0.024740042
20762206118000, -0.027488936, -0.007330383, 0.014966198
20762211244000, -0.03390302, -0.013439035, 0.014966198
20762215968000, -0.025961773, 0.0015271631, 0.017715093
20762221282000, -0.032375857, 0.0036651916, 0.0125227375
20762226058000, -0.038179077, 0.003970624, 0.0076358155
20762230879000, -0.040011674, 0.018325957, 0.012217305
20762235972000, -0.040011674, 0.034208454, 0.01160644
20762240893000, -0.04795292, 0.03176499, 0.014049901
20762245993000, -0.03756821, 0.03940081, 0.0106901415
20762250894000, -0.047036625, 0.043066, 0.012217305
20762255976000, -0.045814894, 0.051923547, 0.01863139
20762261889000, -0.046731193, 0.04734206, 0.011301007
20762265932000, -0.04550946, 0.03756821, 0.0106901415
20762270946000, -0.04153884, 0.029932396, 0.006414085
20762276140000, -0.04062254, 0.031154128, 0.010995574
20762280959000, -0.048563786, 0.027794369, 0.01282817
20762285944000, -0.055588737, 0.02687807, 0.0076358155
20762300949000, -0.06963864, 0.04917465, 0.027794369
20762305960000, -0.08246681, 0.042455133, 0.024740042
20762310965000, -0.087659165, 0.050396383, 0.025961773
20762315949000, -0.10476339, 0.047647487, 0.032986723
20762320965000, -0.096516706, 0.04153884, 0.030848695
20762325932000, -0.10293079, 0.035430185, 0.03481932
20762330974000, -0.1001819, 0.04550946, 0.040317107
20762335893000, -0.106901415, 0.03940081, 0.03573562
20762340966000, -0.09590584, 0.038789943, 0.034513887
20762346409000, -0.10903945, 0.054367006, 0.026572637
20762350968000, -0.11453723, 0.06627888, 0.026572637
20762355890000, -0.11942416, 0.067500606, 0.022602014
20762360955000, -0.11911872, 0.058948494, 0.008552114
20762365925000, -0.12095132, 0.056199603, -0.002443461
20762370977000, -0.12003502, 0.061086524, 0.0033597588
20762375907000, -0.11942416, 0.06719518, -0.005497787
20762380969000, -0.11759156, 0.07147124, -0.014966198
20762385895000, -0.124005646, 0.06658431, -0.021685716
20762390957000, -0.12858713, 0.0693332, -0.029626964
20762395936000, -0.11728613, 0.06627888, -0.039095376
20762400964000, -0.10842858, 0.07147124, -0.04550946
20762405954000, -0.10415252, 0.077579886, -0.05100725
20762411030000, -0.11148291, 0.079107046, -0.054061573
20762415927000, -0.1160644, 0.074830994, -0.06719518
20762420972000, -0.12156218, 0.08002335, -0.06719518
20762425922000, -0.12675454, 0.067500606, -0.07086037
20762430937000, -0.14782938, 0.048563786, -0.0711658
20762435917000, -0.16371189, 0.02107485, -0.07696902
20762440907000, -0.16126843, 0.010079277, -0.08002335
20762445871000, -0.17012598, -0.006414085, -0.07452556
20762450929000, -0.1740966, -0.011301007, -0.073303826
20762455910000, -0.183565, -0.0125227375, -0.079107046
20762462925000, -0.17837265, 0.0030543262, -0.07269296
20762465862000, -0.18387043, 0.005497787, -0.07360926
20762470926000, -0.17348573, 0.0012217305, -0.071776666
20762475919000, -0.16432275, 0.0015271631, -0.076052725
20762480935000, -0.15332718, -0.005192355, -0.077579886
20762485884000, -0.13958271, -0.004581489, -0.08399397
20762490914000, -0.10751228, 0.0027488936, -0.08735373
20762495874000, -0.10140363, 0.0030543262, -0.102319926
20762500928000, -0.09590584, 0.013133603, -0.106595986
20762505907000, -0.09896017, 0.02321288, -0.12095132
20762510956000, -0.0842994, 0.049785517, -0.13194689
20762515931000, -0.09040806, 0.052839845, -0.14569137
20762520928000, -0.09132435, 0.061391957, -0.15332718
20762525947000, -0.08979719, 0.070249505, -0.16462818
20762531565000, -0.09132435, 0.083383106, -0.16890424
20762535929000, -0.09560041, 0.099265605, -0.1704314
20762540916000, -0.09682214, 0.11484267, -0.17501289
20762545937000, -0.09621128, 0.13194689, -0.17379116
20762550917000, -0.0852157, 0.15943582, -0.17562376
20762555922000, -0.094989546, 0.1994475, -0.17104226
20762560957000, -0.08582657, 0.22388211, -0.1704314
20762565962000, -0.08827003, 0.23701571, -0.16554448
20762570929000, -0.0842994, 0.22968534, -0.1685988
20762575936000, -0.092240654, 0.22052236, -0.1704314
20762580933000, -0.10873401, 0.1863139, -0.16371189
20762585927000, -0.13041973, 0.11453723, -0.14294247
20762590917000, -0.1554652, 0.09010262, -0.13775012
20762595935000, -0.17592919, 0.09743301, -0.12797627
20762601387000, -0.1957823, 0.12797627, -0.12461651
20762605918000, -0.20280726, 0.17654006, -0.12522738
20762610896000, -0.19853121, 0.20677789, -0.13683382
20762615966000, -0.20219639, 0.2761111, -0.13988814
20762620860000, -0.19150625, 0.3222314, -0.13805555
20762625986000, -0.19058995, 0.3481932, -0.14080444
20762630869000, -0.1853976, 0.3567453, -0.13408493
20762635966000, -0.16707164, 0.37995818, -0.115453534
20762640888000, -0.17684549, 0.40317106, -0.095294975
20762645973000, -0.17867808, 0.40378192, -0.07544186
20762650893000, -0.19211712, 0.40439278, -0.044593163
20762655948000, -0.20341812, 0.3857614, -0.008857546
20762661341000, -0.2275473, 0.3830125, 0.028099801
20762665999000, -0.23945917, 0.36835176, 0.06383542
20762670892000, -0.24220806, 0.36987892, 0.09896017
20762675970000, -0.22571471, 0.36835176, 0.12064589
20762680902000, -0.20922135, 0.37201694, 0.12767084
20762685924000, -0.17379116, 0.37782016, 0.11759156
20762690905000, -0.13133603, 0.39920044, 0.07544186
20762695908000, -0.092240654, 0.4251622, 0.033292156
20762700897000, -0.05955936, 0.4596761, -0.003970624
20762705922000, -0.029932396, 0.4822781, -0.03573562
20762710978000, -0.018936822, 0.47494772, -0.05467244
20762715927000, 0.016187929, 0.4175264, -0.057726767
20762720924000, 0.031154128, 0.35430184, -0.05009095
20762725922000, 0.04550946, 0.32070425, -0.024740042
20762730936000, 0.05955936, 0.3115413, -0.01282817
20762735929000, 0.06566802, 0.31795537, 0.0070249503
20762741124000, 0.07422013, 0.3295618, 0.027794369
20762745934000, 0.067500606, 0.36163223, 0.052534413
20762750929000, 0.08857546, 0.4098906, 0.09590584
20762755921000, 0.09682214, 0.4447099, 0.12522738
20762760950000, 0.10262536, 0.4642576, 0.14752395
20762765932000, 0.12308934, 0.46517387, 0.16768251
20762770932000, 0.12767084, 0.464563, 0.19639318
20762775893000, 0.13041973, 0.4456262, 0.22449298
20762780906000, 0.1133155, 0.40958515, 0.2406809
20762785885000, 0.1133155, 0.33383787, 0.25411993
20762790909000, 0.13316862, 0.24312437, 0.2452624
20762795882000, 0.17715092, 0.15974127, 0.2415972
20762800928000, 0.22602014, 0.12064589, 0.23762658
20762805925000, 0.27916542, 0.096516706, 0.22815818
20762811027000, 0.35308012, 0.09590584, 0.21410827
20762815945000, 0.39675698, 0.10140363, 0.19792034
20762820929000, 0.41722095, 0.105374254, 0.17134771
20762825969000, 0.4529566, 0.11484267, 0.13622294
20762830937000, 0.49754974, 0.12034045, 0.10720685
20762835995000, 0.51893, 0.122478485, 0.083383106
20762840905000, 0.5458081, 0.115453534, 0.058643065
20762846267000, 0.57757306, 0.080634214, 0.06047566
20762850929000, 0.5833763, 0.06291912, 0.054061573
20762857049000, 0.56688297, 0.061086524, 0.036651913
20762860936000, 0.5296202, 0.05589417, 0.013744468
20762865872000, 0.4896085, 0.027794369, -0.018936822
20762870926000, 0.43554693, -0.019242255, -0.040011674
20762875957000, 0.3726278, -0.10293079, -0.060170226
20762880926000, 0.29993483, -0.20005837, -0.071776666
20762885926000, 0.20769419, -0.32895094, -0.101098195
20762890933000, 0.1001819, -0.4605924, -0.1255328
20762895930000, -0.029626964, -0.6017023, -0.15088372
20762900930000, -0.18784106, -0.7498371, -0.18234327
20762905961000, -0.3680463, -0.82863873, -0.23640485
20762910964000, -0.5873469, -1.0012082, -0.2574797
20762915962000, -0.70341134, -1.2000448, -0.2837469
20762920929000, -0.9486737, -1.3869696, -0.30726522
20762926813000, -1.2275337, -1.6523905, -0.3191771
20762930933000, -1.6914859, -1.7647897, -0.3100141
20762935927000, -1.8270979, -1.9446895, -0.2874121
20762940903000, -2.1343632, -2.0744984, -0.24923302
20762945904000, -2.4278839, -2.158187, -0.1966986
20762950899000, -2.7278187, -2.2409592, -0.12339478
20762955913000, -2.9959886, -2.3270912, -0.035430185
20762960931000, -3.20521, -2.430022, 0.05497787
20762965934000, -3.368311, -2.5320365, 0.15485434
20762970885000, -3.461468, -2.6123652, 0.33841935
20762975902000, -3.5460727, -2.600148, 0.57818395
20762980866000, -3.6658022, -2.5466971, 0.8567385
20762985961000, -3.8020253, -2.5195136, 1.0998629
20762990883000, -3.928169, -2.5512786, 1.2907583
20762996507000, -4.0598106, -2.5897632, 1.4245378
20763000864000, -4.2103887, -2.6309967, 1.5164729
20763005916000, -4.3667703, -2.6639833, 1.5406022
20763010951000, -4.4135013, -2.6975808, 1.5286902
20763015935000, -4.433049, -2.651766, 1.4905112
20763020927000, -4.358218, -2.5094345, 1.5097535
20763025975000, -4.2540655, -2.3918428, 1.5628988
20763030931000, -4.10532, -2.3576343, 1.5833627
20763035925000, -3.945884, -2.1930063, 1.5537357
20763041072000, -3.9413025, -1.9737056, 1.5641204
20763045941000, -3.9745948, -1.6646078, 1.5995506
20763050924000, -3.9559634, -1.3402383, 1.6245961
20763055923000, -3.8918226, -1.0070114, 1.5885551
20763060969000, -3.8026361, -0.73639804, 1.5344934
20763066309000, -3.72414, -0.58184916, 1.4996742
20763070932000, -3.688099, -0.5815437, 1.4459181
20763075902000, -3.673438, -0.7284568, 1.3967434
20763080937000, -3.6890152, -0.96669424, 1.3536774
20763085923000, -3.7323866, -1.20371, 1.3573426
20763090918000, -3.7705657, -1.4398094, 1.4223998
20763095934000, -3.7916405, -1.7153096, 1.5128077
20763100929000, -3.7867537, -1.8206838, 1.6664404
20763105909000, -3.8001926, -1.9969184, 1.7608191
20763110956000, -3.813021, -2.1157317, 1.9602666
20763115927000, -3.8252382, -2.1783454, 2.1691825
20763120971000, -3.8386772, -2.2094996, 2.3695462
20763125921000, -3.8380663, -2.239432, 2.5448647
20763130962000, -3.8056905, -2.298686, 2.6768115
20763135922000, -3.7766743, -2.2876904, 2.7736337
20763140913000, -3.752545, -2.2519548, 2.8316658
20763145871000, -3.741244, -2.141999, 2.8561006
20763150931000, -3.719864, -2.0094411, 2.8921416
20763155903000, -3.6566393, -1.9263636, 2.8447995
20763160922000, -3.6114354, -1.7922786, 2.8029552
20763165910000, -3.5543194, -1.6310102, 2.7892108
20763170963000, -3.4968982, -1.6569719, 2.6923885
20763175950000, -3.4477234, -1.6239853, 2.622139
20763181748000, -3.361286, -1.5635096, 2.5793786
20763185882000, -3.2513304, -1.6960673, 2.4776695
20763190909000, -3.198185, -1.709201, 2.3765712
20763195903000, -3.1450398, -1.6850718, 2.3576343
20763200928000, -3.0863967, -1.6698002, 2.298686
20763205915000, -2.993545, -1.599856, 2.2849414
20763211006000, -2.9684997, -1.7150042, 2.2116377
20763216003000, -2.9596422, -1.6471981, 2.1697934
20763220927000, -2.8930578, -1.5668694, 2.1707096
20763225959000, -2.8160887, -1.4895949, 2.1209242
20763230907000, -2.7162123, -1.3946054, 2.1154263
20763235884000, -2.5815165, -1.246776, 2.0995438
20763240912000, -2.4288, -0.9932669, 2.0378466
20763245875000, -2.2470677, -1.1963795, 1.9480493
20763251694000, -2.2137756, -1.1166617, 1.8026633
20763255874000, -2.1019874, -1.0152581, 1.7327193
20763261927000, -1.9581286, -0.9465357, 1.7470746
20763265874000, -1.8164078, -0.8793405, 1.5949692
20763270908000, -1.6780468, -0.829555, 1.3949108
20763275985000, -1.5396858, -0.7831292, 1.2458596
20763281012000, -1.41904, -0.73548174, 1.1499538
20763285892000, -1.3017539, -0.6942484, 1.1801916
20763290907000, -1.2040154, -0.61850107, 1.010982
20763295906000, -1.1191051, -0.5742133, 0.8060367
20763300931000, -1.0247264, -0.5564982, 0.70554936
20763305918000, -0.9789116, -0.5143485, 0.65576386
20763310936000, -0.88208944, -0.45051312, 0.5644395
20763315933000, -0.79290307, -0.40958515, 0.46700647
20763321553000, -0.7021896, -0.38240165, 0.31123585
20763325903000, -0.5503896, -0.36743546, 0.25137106
20763330933000, -0.49327368, -0.3381139, 0.18203785
20763335928000, -0.40103304, -0.24770586, 0.124311075
20763340908000, -0.29626966, -0.25473082, -0.061391957
20763345935000, -0.18967366, -0.23304509, -0.15515977
20763350928000, -0.082161374, -0.17898351, -0.2415972
20763356442000, 0.0143553335, -0.11362094, -0.31490102
20763360929000, 0.106901415, -0.03756821, -0.3747658
20763365935000, 0.19456059, 0.04520403, -0.4343252
20763370930000, 0.28710666, 0.15668693, -0.4804455
20763375928000, 0.37415496, 0.27550024, -0.5207626
20763380904000, 0.4437936, 0.39187005, -0.5561928
20763385934000, 0.5326745, 0.48502702, -0.6056729
20763390911000, 0.60994893, 0.5687156, -0.65087694
20763395939000, 0.6774496, 0.61422503, -0.6960809
20763400896000, 0.73975784, 0.6786713, -0.72326446
20763405922000, 0.75961095, 0.73975784, -0.768163
20763410911000, 0.8179486, 0.7901542, -0.8151997
20763415936000, 0.874759, 0.84116143, -0.8579602
20763420880000, 0.9309586, 0.8741482, -0.9104946
20763425946000, 1.003957, 0.88117313, -0.960891
20763430891000, 1.0509937, 0.8668178, -1.0042624
20763435932000, 1.1194105, 0.8744536, -1.0482447
20763440989000, 1.1691961, 0.874759, -1.1071932
20763445938000, 1.2186762, 0.8671232, -1.1823297
20763450925000, 1.2657127, 0.8005389, -1.2483032
20763455917000, 1.3222178, 0.698219, -1.3017539
20763461579000, 1.3658947, 0.5919284, -1.348485
20763465946000, 1.4144585, 0.47036624, -1.391551
20763470875000, 1.4465289, 0.30024028, -1.4453071
20763475945000, 1.4489723, 0.12339478, -1.4743233
20763480970000, 1.3991868, -0.0571159, -1.5097535
20763485949000, 1.2993103, -0.2171626, -1.5161675
20763490920000, 1.1933253, -0.39461896, -1.4969252
20763496096000, 1.0699304, -0.5332854, -1.4669929
20763500931000, 0.9669997, -0.57879484, -1.4511104
20763505943000, 0.91782504, -0.6435465, -1.4202617
20763510979000, 0.7883216, -0.68691796, -1.4245378
20763515947000, 0.5876524, -0.7761043, -1.416902
20763520973000, 0.3747658, -0.87995136, -1.4016303
20763526250000, 0.20311269, -0.95630956, -1.3723087
20763530977000, 0.03390302, -0.98990715, -1.3445144
20763536289000, -0.13775012, -1.0103711, -1.2993103
20763541629000, -0.28130344, -0.9596693, -1.2394456
20763545882000, -0.39736784, -0.84299403, -1.1682798
20763550964000, -0.4196644, -0.7199047, -1.0928379
20763555883000, -0.34330627, -0.66767573, -0.98624194
20763560953000, -0.23243423, -0.63591075, -0.86376345
20763565873000, -0.10598512, -0.63163465, -0.72418076
20763570966000, -0.004581489, -0.5833763, -0.5900958
20763575941000, 0.061086524, -0.54275376, -0.4746423
20763580938000, 0.07819075, -0.45631635, -0.3933972
20763585865000, 0.06414085, -0.33567044, -0.33841935
20763590910000, 0.022907447, -0.24587326, -0.2919936
20763595907000, -0.023518313, -0.011301007, -0.26847526
20763600928000, -0.055588737, 0.17256944, -0.28985557
20763605914000, -0.046731193, 0.27977628, -0.32650748
20763611603000, -0.028710667, 0.453262, -0.3662137
20763615910000, -0.04184427, 0.5021312, -0.37659842
20763620926000, -0.043676864, 0.5873469, -0.4147775
20763625963000, -0.029626964, 0.64843345, -0.43218717
20763630932000, -0.015271631, 0.6881397, -0.45112398
20763635932000, -0.0036651916, 0.73364913, -0.453262
20763640900000, 0.007330383, 0.8173377, -0.45570546
20763645965000, -0.01282817, 0.8979719, -0.43188173
20763650929000, -0.064751714, 0.9798279, -0.39858958
20763655917000, -0.14569137, 1.01312, -0.3567453
20763660899000, -0.23335053, 1.0128145, -0.29932398
20763665946000, -0.3295618, 0.9282097, -0.25503623
20763670958000, -0.40225476, 0.8304713, -0.19975294
20763675999000, -0.46975538, 0.7147123, -0.1563815
20763681420000, -0.5045747, 0.63163465, -0.095294975
20763685929000, -0.52412236, 0.591623, -0.028405234
20763690914000, -0.5696318, 0.5839872, 0.06078109
20763695942000, -0.57879484, 0.54183745, 0.10354166
20763700928000, -0.61941737, 0.48624873, 0.20769419
20763705913000, -0.6765333, 0.4025602, 0.32925636
20763710943000, -0.77640975, 0.26145032, 0.45998153
20763715969000, -0.9651671, 0.08552113, 0.59131753
20763720926000, -1.2458596, -0.1337795, 0.68569624
20763725926000, -1.5332718, -0.35246924, 0.763887
20763730916000, -1.7589865, -0.52687126, 0.7761043
20763735925000, -1.9416351, -0.5693264, 0.7440339
20763740882000, -2.046704, -0.65301496, 0.74372846
20763745938000, -2.1933117, -0.61575216, 0.70921457
20763751178000, -2.2461514, -0.4089743, 0.679893
20763755910000, -2.1954496, -0.13775012, 0.6930266
20763760913000, -2.0011945, 0.32253686, 0.7119634
20763765944000, -1.5668694, 0.7666359, 0.84574294
20763770875000, -1.1007792, 0.48716503, 1.0118983
20763775950000, -0.9294315, 0.28924468, 1.0512991
20763780883000, -0.8698721, 0.18784106, 1.0900891
20763785909000, -1.0192287, 0.23304509, 1.1264355
20763790945000, -1.3084733, 0.41447207, 1.1059716
20763795973000, -1.4795157, 0.7333437, 1.0931433
20763800921000, -1.7733418, 1.0968086, 1.0030408
20763805912000, -1.9147571, 1.3243558, 0.8713993
20763810986000, -1.8393153, 1.4340062, 0.7281514
20763815932000, -1.5735888, 1.3820826, 0.65240407
20763820900000, -1.2977833, 1.1566733, 0.6133087
20763825918000, -1.1636983, 0.84604836, 0.61483586
20763830906000, -1.2363913, 0.72021013, 0.591623
20763835930000, -1.4141531, 1.0852021, 0.539394
20763841069000, -1.5231925, 0.8885035, 0.5546656
20763845942000, -1.7159204, 0.8570439, 0.4654793
20763850926000, -1.6664404, 0.9334021, 0.44898596
20763855921000, -1.5763378, 0.8784242, 0.4251622
20763862101000, -1.5424347, 0.84635377, 0.41905355
20763866702000, -1.50731, 0.86651236, 0.40011674
20763870862000, -1.4764613, 0.926988, 0.3839288
20763875927000, -1.4315627, 0.9468411, 0.3539964
20763880892000, -1.3600914, 0.91874135, 0.33169982
20763885927000, -1.2745703, 0.904386, 0.33200526
20763890897000, -1.255328, 0.86070913, 0.32834008
20763895949000, -1.2458596, 0.80939645, 0.3213151
20763900939000, -1.2507466, 0.7993172, 0.30818152
20763905907000, -1.2690725, 0.78801614, 0.31520647
20763911030000, -1.289842, 0.7791586, 0.31306845
20763916017000, -1.3093897, 0.7535023, 0.26175576
20763920925000, -1.3225232, 0.81489426, 0.22357668
20763925921000, -1.3390167, 0.9334021, 0.19242255
20763930957000, -1.3726143, 0.97524637, 0.16676621
20763936611000, -1.3799446, 0.95478237, 0.1459968
20763940906000, -1.4114041, 0.8900307, 0.13500121
20763945939000, -1.427592, 0.9410379, 0.15027285
20763950927000, -1.4492778, 1.1010846, 0.1863139
20763955910000, -1.4526376, 1.2296717, 0.2180789
20763961028000, -1.4630222, 1.3530666, 0.22510384
20763965957000, -1.4630222, 1.4443909, 0.21930063
20763971015000, -1.4395039, 1.4627168, 0.22999077
20763975915000, -1.4483615, 1.5189165, 0.22724187
20763980992000, -1.4672983, 1.597718, 0.26939157
20763985930000, -1.484708, 1.6520851, 0.33841935
20763990907000, -1.4978416, 1.7550159, 0.36468655
20763995933000, -1.5155567, 1.8359555, 0.40683624
20764000930000, -1.5201381, 1.8976529, 0.43676865
20764006538000, -1.5228871, 1.9156734, 0.53786683
20764010910000, -1.536326, 1.9281962, 0.5494733
20764015931000, -1.5396858, 1.9807305, 0.61178154
20764020928000, -1.5641204, 2.0803015, 0.6914995
20764025911000, -1.5641204, 2.2266037, 0.75136423
20764030935000, -1.5754215, 2.3420575, 0.82802784
20764035927000, -1.5903877, 2.4724772, 0.9056077
20764040898000, -1.5827519, 2.6798658, 1.0586295
20764045906000, -1.5543466, 2.9529226, 1.1963795
20764050929000, -1.5063937, 3.2406402, 1.3677273
20764055897000, -1.4709635, 3.4852917, 1.4468343
20764060928000, -1.4602734, 3.6340373, 1.5583172
20764065926000, -1.4908166, 3.7904189, 1.5830573
20764070929000, -1.559539, 3.8789942, 1.5332718
20764076204000, -1.6465873, 3.918395, 1.5097535
20764080941000, -1.7583756, 3.9681807, 1.4672983
20764085918000, -1.8912388, 4.083023, 1.4477507
20764090939000, -1.9651535, 4.015828, 1.3435981
20764095928000, -2.0760255, 3.8304305, 1.1881329
20764100967000, -2.1578815, 3.7610974, 1.0366384
20764105878000, -2.2311852, 3.7140608, 0.8405506
20764110983000, -2.3054054, 3.4171803, 0.6160576
20764115869000, -2.3301454, 3.1316006, 0.40378192
20764120949000, -2.307849, 2.9455922, 0.2003638
20764125903000, -2.2467623, 2.79929, 9.162979E-4
20764130977000, -2.2256875, 2.6352727, -0.20463985
20764135909000, -2.2009475, 2.4645357, -0.40683624
20764140928000, -2.1584923, 2.276084, -0.58062744
20764145984000, -2.0723603, 1.96271, -0.7672467
20764150964000, -1.9184223, 1.543351, -0.95539325
20764155944000, -1.6997325, 1.1847731, -1.1175779
20764160956000, -1.4471397, 0.93859446, -1.2776246
20764165929000, -1.2250903, 0.79259765, -1.4068227
20764170917000, -1.1065824, 0.63804877, -1.4758505
20764175930000, -1.0351112, 0.41233405, -1.4944818
20764180929000, -0.7684685, 0.40378192, -1.5213599
20764186061000, -0.60231316, 0.537256, -1.5372424
20764190964000, -0.34880406, 0.6969972, -1.5366315
20764195882000, -0.23273966, 0.8518516, -1.461495
20764200954000, -0.27275133, 0.95539325, -1.310306
20764205851000, -0.38881573, 0.95722586, -1.187522
20764210870000, -0.4615087, 0.90041536, -1.1209377
20764215797000, -0.42485678, 0.86376345, -1.0558805
20764220846000, -0.33200526, 0.7339546, -0.9999864
20764225963000, -0.19853121, 0.6389651, -0.9392053
20764230822000, -0.049785517, 0.5580254, -0.8765916
20764235821000, 0.06841691, 0.5222898, -0.81000733
20764240823000, 0.11148291, 0.441961, -0.70463306
20764245837000, 0.13133603, 0.38240165, -0.58001655
20764250879000, 0.13103059, 0.31490102, -0.4605924
20764255855000, 0.17256944, 0.2996294, -0.33964106
20764262010000, 0.20433442, 0.36377025, -0.22632557
20764265860000, 0.23090707, 0.45570546, -0.112399206
20764270861000, 0.24465153, 0.45937067, 0.013133603
20764275904000, 0.267559, 0.46609017, 0.13652839
20764280863000, 0.2929099, 0.4288274, 0.19150625
20764285865000, 0.3286455, 0.36743546, 0.2919936
20764290848000, 0.36102137, 0.33292156, 0.39706242
20764295884000, 0.4111123, 0.32528573, 0.47036624
20764300977000, 0.45020768, 0.32498032, 0.57879484
20764305923000, 0.46181414, 0.35613444, 0.64721173
20764310940000, 0.48533243, 0.38789943, 0.73273283
20764315938000, 0.5131268, 0.41325033, 0.80756384
20764321088000, 0.50823987, 0.43860126, 0.82650065
20764325922000, 0.56413406, 0.5009095, 0.9089675
20764331505000, 0.5757405, 0.5549711, 0.92485
20764335930000, 0.5900958, 0.6200282, 0.93554014
20764340902000, 0.58032197, 0.6942484, 0.93034774
20764345939000, 0.5644395, 0.7693848, 0.91965765
20764350929000, 0.5403103, 0.7874053, 0.895223
20764355919000, 0.5186246, 0.8020661, 0.87109387
20764360936000, 0.4905248, 0.81092364, 0.83169305
20764365949000, 0.48502702, 0.8032878, 0.7742717
20764370926000, 0.5039638, 0.7965683, 0.7171558
20764375915000, 0.54336464, 0.79626286, 0.64568454
20764380934000, 0.5879578, 0.81092364, 0.60903263
20764385929000, 0.59803706, 0.81397796, 0.5494733
20764390931000, 0.64568454, 0.8045095, 0.48472157
20764395926000, 0.67256266, 0.81336707, 0.42241332
20764401271000, 0.6957755, 0.8213083, 0.3594942
20764405880000, 0.72387534, 0.84299403, 0.29840767
20764410987000, 0.7351763, 0.8790351, 0.24281894
20764415915000, 0.7257079, 0.8857546, 0.20250183
20764420953000, 0.70371675, 0.88697636, 0.17501289
20764425916000, 0.68966687, 0.89980453, 0.15057829
20764430982000, 0.66339964, 0.90010995, 0.14049901
20764435861000, 0.64965516, 0.8940013, 0.13500121
20764440947000, 0.6096435, 0.8912524, 0.14019357
20764445879000, 0.5635232, 0.8903361, 0.14355333
20764450970000, 0.52290064, 0.8940013, 0.1459968
20764455898000, 0.49571714, 0.9056077, 0.14263703
20764461488000, 0.47433686, 0.9089675, 0.13958271
20764465900000, 0.46731192, 0.9550878, 0.13408493
20764470954000, 0.4615087, 0.98868537, 0.12797627
20764475919000, 0.47555858, 0.9984592, 0.1255328
20764480936000, 0.4886922, 0.9993755, 0.12370021
20764485924000, 0.5161811, 0.95905846, 0.1255328
20764490903000, 0.5308419, 0.93767816, 0.11728613
20764495946000, 0.52626044, 0.8848383, 0.11301007
20764500921000, 0.53786683, 0.8341365, 0.12614368
20764505921000, 0.5354234, 0.82924956, 0.09468412
20764511068000, 0.5296202, 0.8191703, 0.067500606
20764516081000, 0.52687126, 0.78984874, 0.049785517
20764520972000, 0.5448918, 0.7480045, 0.021685716
20764526300000, 0.539394, 0.70341134, -0.0030543262
20764530984000, 0.50732356, 0.6417139, -0.032375857
20764536071000, 0.43890667, 0.5491679, -0.055283304
20764540921000, 0.3313944, 0.42302418, -0.09162979
20764545971000, 0.21960606, 0.2706133, -0.11056661
20764551038000, 0.116980694, 0.13591751, -0.116980694
20764556057000, 0.029932396, 0.0061086523, -0.106901415
20764561050000, -0.04184427, -0.07727446, -0.14996742
20764566281000, -0.058643065, -0.1518, -0.19730948
20764570968000, -0.047647487, -0.22968534, -0.2134974
20764575938000, -0.012217305, -0.27916542, -0.22296582
20764580970000, -0.005192355, -0.3555236, -0.24953845
20764586548000, 0.03390302, -0.41141775, -0.31887165
20764590941000, 0.08827003, -0.46700647, -0.364992
20764595972000, 0.14874569, -0.52564955, -0.3023783
20764600969000, 0.1966986, -0.4999932, -0.23548855
20764605954000, 0.21899518, -0.44623706, -0.23090707
20764611042000, 0.23426682, -0.40530908, -0.24098633
20764616004000, 0.24648413, -0.36957347, -0.23060162
20764621030000, 0.21838433, -0.3378085, -0.22327125
20764625973000, 0.18081611, -0.3463606, -0.21930063
20764630910000, 0.15057829, -0.3387248, -0.20250183
20764635967000, 0.09896017, -0.3032946, -0.18325958
20764640906000, 0.069027774, -0.2782491, -0.16371189
20764645967000, 0.046731193, -0.2489276, -0.14477506
20764650882000, 0.022602014, -0.24495697, -0.11636983
20764655932000, 0.014049901, -0.2510656, -0.07574729
20764662060000, 0.008246681, -0.24617869, -0.027488936
20764665931000, 0.014966198, -0.2134974, 0.014049901
20764670912000, 0.021380283, -0.22021692, 0.049480084
20764675926000, 0.031154128, -0.226631, 0.06627888
20764680909000, 0.040317107, -0.23548855, 0.1001819
20764685928000, 0.07086037, -0.22602014, 0.11728613
20764690876000, 0.08002335, -0.2669481, 0.046731193
20764695931000, 0.082161374, -0.27458394, 0.062308256
20764700863000, 0.09162979, -0.26450464, 0.0870483
20764705914000, 0.1142318, -0.21899518, 0.09407325
20764710950000, 0.13652839, -0.17623462, 0.06566802
20764715952000, 0.15118915, -0.15210545, 0.054061573
20764720859000, 0.14874569, -0.12217305, 0.047036625
20764726362000, 0.14263703, -0.13408493, 0.019242255
20764730891000, 0.14019357, -0.16554448, -0.014049901
20764735927000, 0.13347405, -0.18448131, -0.028099801
20764740900000, 0.122783914, -0.19394971, -0.022907447
20764745936000, 0.116675265, -0.15577064, 0.0021380284
20764750936000, 0.093462385, -0.13133603, -0.0061086523
20764755909000, 0.09712757, -0.14721853, -0.011301007
20764761032000, 0.09712757, -0.17592919, -0.009162978
20764766012000, 0.1001819, -0.17623462, -0.01038471
20764770922000, 0.11178834, -0.17654006, -0.010995574
20764775901000, 0.118507855, -0.129198, -0.007330383
20764780941000, 0.1328632, -0.086437434, -0.0033597588
20764785929000, 0.13133603, -0.04428773, -0.01160644
20764790905000, 0.1432479, -0.013439035, -0.00580322
20764795937000, 0.16157386, 0.004886922, -0.0030543262
20764800927000, 0.18081611, 0.004886922, -0.014966198
20764805929000, 0.1826487, -0.011911872, -0.028099801
20764810978000, 0.18478674, -0.048258353, -0.04062254
20764815960000, 0.16890424, -0.08582657, -0.06688975
20764820928000, 0.15332718, -0.11209377, -0.07422013
20764825908000, 0.13713925, -0.112704635, -0.09437868
20764830977000, 0.14874569, -0.10995574, -0.106901415
20764835961000, 0.17134771, -0.12156218, -0.12370021
20764840939000, 0.20708331, -0.14813483, -0.1160644
20764845913000, 0.25778514, -0.18600847, -0.12003502
20764850966000, 0.3051272, -0.23182335, -0.13744467
20764855891000, 0.35155296, -0.28252518, -0.11026118
20764860913000, 0.3979787, -0.30726522, -0.07574729
20764866028000, 0.43890667, -0.3399465, -0.05681047
20764870955000, 0.4654793, -0.36010507, -0.042455133
20764875880000, 0.48502702, -0.3979787, -0.013439035
20764880936000, 0.4981606, -0.42180246, 0.023518313
20764885862000, 0.5149594, -0.35216382, 0.08399397
20764890903000, 0.5103779, -0.25992316, 0.119729586
20764895873000, 0.48258355, -0.21594086, 0.14813483
20764900931000, 0.49205196, -0.23793201, 0.16890424
20764905937000, 0.5186246, -0.26939157, 0.21319197
20764911664000, 0.5476407, -0.33567044, 0.35063666
20764916000000, 0.5656612, -0.46181414, 0.41233405
20764920925000, 0.56169057, -0.52442783, 0.4560109
20764925900000, 0.57543504, -0.6243043, 0.5012149
20764930935000, 0.5815437, -0.72387534, 0.5390886
20764935908000, 0.59131753, -0.8268061, 0.5656612
20764940902000, 0.61422503, -1.0451905, 0.5635232
20764946412000, 0.64934975, -1.2770138, 0.7315111
20764950929000, 0.6771441, -1.45783, 0.698219
20764955912000, 0.65148777, -1.609019, 0.6218608
20764961002000, 0.6270532, -1.6862935, 0.57848936
20764966379000, 0.63804877, -1.7336355, 0.5510005
20764970928000, 0.6600399, -1.7534887, 0.52534413
20764976286000, 0.6603453, -1.858252, 0.34391713
20764981568000, 0.5739079, -2.0958786, 0.21624629
20764985901000, 0.45814893, -2.1242838, 0.16768251
20764990904000, 0.41813725, -2.1438315, 0.09712757
20764995870000, 0.3659083, -2.103209, 0.05009095
20765000932000, 0.37048978, -2.0176878, 0.052839845
20765005901000, 0.40500367, -1.8655825, 0.06627888
20765010994000, 0.4184427, -1.7052304, 0.06688975
20765015912000, 0.38240165, -1.4859297, 0.105374254
20765020921000, 0.32436943, -1.2910637, 0.14446963
20765025884000, 0.24984388, -1.133155, 0.15821409
20765030935000, 0.17012598, -0.9718866, 0.16982053
20765035926000, 0.086132, -0.79259765, 0.15668693
20765040910000, 0.0067195175, -0.6239988, 0.13194689
20765045940000, -0.0711658, -0.45234573, 0.10629055
20765051368000, -0.12889257, -0.2837469, 0.076358154
20765055902000, -0.19608775, -0.11056661, 0.061391957
20765061564000, -0.24587326, 0.033292156, 0.05497787
20765065932000, -0.28710666, 0.09010262, 0.056199603
20765070927000, -0.3036, 0.20189096, 0.064446285
20765075908000, -0.33750305, 0.27885997, 0.08735373
20765080925000, -0.3921755, 0.3191771, 0.1151481
20765085931000, -0.43004912, 0.34025195, 0.1414153
20765090904000, -0.46792278, 0.36071593, 0.16554448
20765095937000, -0.49357912, 0.3885103, 0.19822577
20765100928000, -0.50671273, 0.42485678, 0.21533
20765105915000, -0.5225952, 0.4465425, 0.22937989
20765111024000, -0.5360342, 0.50701815, 0.24770586
20765116029000, -0.54336464, 0.5503896, 0.2452624
20765121069000, -0.569021, 0.6075055, 0.2565634
20765125960000, -0.59650993, 0.6579019, 0.26908615
20765130968000, -0.6377433, 0.70921457, 0.2761111
20765135972000, -0.6918049, 0.7461719, 0.2770274
20765140942000, -0.73273283, 0.7877107, 0.28191432
20765145971000, -0.7632761, 0.8188649, 0.27183503
20765150947000, -0.80939645, 0.8552113, 0.26542094
20765155957000, -0.84238315, 0.86315256, 0.24190263
20765160980000, -0.86620694, 0.8622363, 0.22296582
20765166010000, -0.89644474, 0.86437434, 0.2098322
20765170902000, -0.9126327, 0.84635377, 0.17287487
20765175967000, -0.9272934, 0.81489426, 0.124005646
20765180898000, -0.9272934, 0.77213365, 0.08002335
20765185955000, -0.9306532, 0.72051555, 0.03756821
20765190877000, -0.90102625, 0.6783658, 0.004581489
20765195970000, -0.8756753, 0.6441574, -0.03756821
20765200893000, -0.8481864, 0.6093381, -0.08032878
20765205964000, -0.79320854, 0.61850107, -0.12461651
20765210890000, -0.75533485, 0.6478226, -0.172264
20765215933000, -0.713796, 0.68416905, -0.21533
20765220903000, -0.68691796, 0.6988298, -0.25870144
20765225955000, -0.63438356, 0.6899723, -0.28893927
20765230974000, -0.5830709, 0.6569856, -0.31703907
20765236708000, -0.51251596, 0.60231316, -0.33292156
20765240907000, -0.45020768, 0.52748215, -0.36010507
20765245967000, -0.37598756, 0.44837508, -0.37965274
20765250968000, -0.2941316, 0.42180246, -0.38759398
20765255968000, -0.19456059, 0.47250426, -0.38148534
20765260924000, -0.032986723, 0.49846604, -0.37720928
20765265918000, 0.04062254, 0.49449542, -0.3622431
20765270955000, 0.12217305, 0.42852196, -0.38026363
20765275904000, 0.15974127, 0.30970868, -0.40653083
20765290968000, -0.10842858, 6.1086525E-4, -0.45875978
20765296143000, -0.24862215, -0.10140363, -0.4868596
20765301032000, -0.3933972, -0.16126843, -0.48441613
20765305840000, -0.50579643, -0.13347405, -0.47586402
20765310895000, -0.625526, -0.15821409, -0.46761733
20765315945000, -0.70554936, -0.17379116, -0.45020768
20765320875000, -0.75533485, -0.19914207, -0.3998113
20765326186000, -0.7867944, -0.20738874, -0.40653083
20765330833000, -0.8222246, -0.22632557, -0.3915646
20765336036000, -0.82894415, -0.29260445, -0.35094208
20765340928000, -0.81031275, -0.3481932, -0.29260445
20765345826000, -0.77549344, -0.39858958, -0.25320363
20765350874000, -0.74067414, -0.46028697, -0.21899518
20765355880000, -0.68661255, -0.4859433, -0.1740966
20765361036000, -0.6649268, -0.5112942, -0.14477506
20765365839000, -0.6230826, -0.516792, -0.12675454
20765370852000, -0.5858198, -0.48472157, -0.096516706
20765376060000, -0.5421429, -0.44929138, -0.051618114
20765380864000, -0.5177083, -0.38056904, -0.021380283
20765385802000, -0.4859433, -0.3173445, 0.0076358155
20765390835000, -0.45051312, -0.26328292, 0.040011674
20765395803000, -0.42210788, -0.23060162, 0.07147124
20765400872000, -0.38789943, -0.21074851, 0.100792766
20765405845000, -0.35124752, -0.20463985, 0.11362094
20765410892000, -0.30482176, -0.19425514, 0.12675454
20765415798000, -0.258396, -0.2049453, 0.1423316
20765420864000, -0.21471913, -0.21746802, 0.15607607
20765425821000, -0.17654006, -0.23335053, 0.16798794
20765430872000, -0.13133603, -0.25473082, 0.17440203
20765435816000, -0.08368854, -0.26725355, 0.18936823
20765440851000, -0.04520403, -0.28008172, 0.1957823
20765445986000, 0.0027488936, -0.2657264, 0.22876903
20765450963000, 0.058643065, -0.26297748, 0.22632557
20765456010000, 0.086132, -0.24831672, 0.24587326
20765462012000, 0.12767084, -0.19425514, 0.23396139
20765465942000, 0.17256944, -0.16310102, 0.2275473
20765470929000, 0.18295415, -0.11575896, 0.20311269
20765475910000, 0.21777347, -0.073303826, 0.18325958
20765480964000, 0.24740042, -0.037873644, 0.16401732
20765485967000, 0.2648101, -0.01863139, 0.15057829
20765490920000, 0.27672195, -0.011911872, 0.14202617
20765495933000, 0.28221974, -0.023518313, 0.12614368
20765500908000, 0.28893927, -0.024129177, 0.11178834
20765506021000, 0.2950479, -0.025350908, 0.095294975
20765510931000, 0.29352075, -0.03268129, 0.07788532
20765516055000, 0.29749137, -0.046120327, 0.049785517
20765520940000, 0.30268374, -0.046120327, 0.037873644
20765526025000, 0.28863382, -0.03176499, 0.028099801
20765530925000, 0.30970868, -0.023518313, -0.0018325958
20765536039000, 0.3118467, -0.014966198, -0.018936822
20765541365000, 0.32498032, -0.004886922, -0.03970624
20765545916000, 0.36193767, 0.005497787, -0.07391469
20765550932000, 0.4025602, 0.01863139, -0.1133155
20765555877000, 0.44959682, 0.023518313, -0.12705997
20765560838000, 0.47219884, 0.034513887, -0.16187929
20765565847000, 0.54275376, 0.04520403, -0.20341812
20765570794000, 0.6215554, 0.07391469, -0.22052236
20765575858000, 0.6817256, 0.09468412, -0.23548855
20765580800000, 0.73884153, 0.099265605, -0.22266038
20765585846000, 0.7703011, 0.087964594, -0.19975294
20765590838000, 0.77549344, 0.07971791, -0.17684549
20765595877000, 0.7461719, 0.073303826, -0.1572978
20765600937000, 0.71868294, 0.06688975, -0.13622294
20765605996000, 0.65484756, 0.058337633, -0.10629055
20765610994000, 0.5714644, 0.029932396, -0.07574729
20765615975000, 0.49205196, 6.1086525E-4, -0.04550946
20765620919000, 0.40133846, -0.006414085, -0.036957346
20765625903000, 0.32498032, -0.008246681, -0.027488936
20765631440000, 0.22449298, -0.01038471, -0.013439035
20765635925000, 0.1255328, 0.0018325958, 0.008246681
20765640900000, 0.005192355, 0.005497787, 0.04428773
20765645923000, -0.1151481, -0.004886922, 0.074830994
20765650926000, -0.19761491, -0.009773844, 0.10354166
20765655984000, -0.23060162, -0.005497787, 0.118202426
20765662120000, -0.27152961, -0.010079277, 0.15943582
20765666061000, -0.23732115, -0.010079277, 0.17837265
20765670929000, -0.22388211, -0.0021380284, 0.19914207
20765675896000, -0.16829337, 0.010995574, 0.22449298
20765680941000, -0.119729586, 0.015882496, 0.24984388
20765685923000, -0.05467244, 0.03359759, 0.27000242
20765690904000, -0.008246681, 0.048563786, 0.28771752
20765695937000, 0.028710667, 0.051923547, 0.2950479
20765701528000, 0.04153884, 0.042455133, 0.30451632
20765705939000, 0.0693332, 0.019242255, 0.2910773
20765710931000, 0.061391957, 0.007330383, 0.2874121
20765716019000, 0.035430185, -0.0106901415, 0.2947425
20765720927000, 0.025961773, -0.035124753, 0.28771752
20765725895000, 0.011911872, -0.06169739, 0.29046643
20765730935000, -0.016798794, -0.076358154, 0.28955013
20765735931000, -0.03481932, -0.11026118, 0.2733622
20765740905000, -0.05375614, -0.13958271, 0.2519819
20765745881000, -0.081855945, -0.14508049, 0.2406809
20765750931000, -0.10903945, -0.16035213, 0.2452624
20765755909000, -0.11026118, -0.16310102, 0.22082779
20765761013000, -0.11728613, -0.15088372, 0.1994475
20765765877000, -0.13255776, -0.13988814, 0.18570304
20765771281000, -0.13316862, -0.11178834, 0.16646078
20765775890000, -0.13836098, -0.08674286, 0.15454891
20765780941000, -0.13133603, -0.06047566, 0.14049901
20765785857000, -0.106901415, -0.015882496, 0.12705997
20765790931000, -0.09193522, 0.017715093, 0.11301007
20765796012000, -0.083383106, 0.030543262, 0.10170906
20765800930000, -0.060170226, 0.0571159, 0.09285152
20765805927000, -0.039095376, 0.06169739, 0.08277224
20765810955000, -0.014966198, 0.059864793, 0.06627888
20765815999000, 0.007330383, 0.04153884, 0.059253927
20765820929000, 0.018020526, 0.021380283, 0.05467244
20765825904000, 0.03481932, 0.025045475, 0.052534413
20765830938000, 0.03390302, -0.0027488936, 0.040317107
20765835889000, 0.036651913, -0.018020526, 0.038789943
20765840944000, 0.044898596, -0.026267206, 0.03145956
20765845886000, 0.03726278, -0.043982297, 0.03481932
20765850930000, 0.035430185, -0.061086524, 0.028710667
20765855921000, 0.036957346, -0.0720821, 0.014660766
20765862031000, 0.03848451, -0.08277224, 0.008246681
20765865869000, 0.035430185, -0.086437434, 0.008552114
20765870927000, 0.0421497, -0.092240654, 0.0021380284
20765875882000, 0.03604105, -0.09987647, -0.0061086523
20765880934000, 0.028099801, -0.0888809, -0.013439035
20765885900000, 0.025350908, -0.0870483, -0.01282817
20765890905000, 0.018020526, -0.07422013, -0.01740966
20765895930000, 0.0033597588, -0.06841691, -0.015271631
20765900930000, -3.0543262E-4, -0.05681047, -0.017104227
20765905941000, 0.0012217305, -0.045814894, -0.029321533
20765911013000, -0.017104227, -0.033292156, -0.013744468
20765915954000, -0.030543262, -0.024129177, -0.018020526
20765921016000, -0.032986723, -0.01740966, -0.015882496
20765925951000, -0.03390302, -0.01282817, -0.010079277
20765930939000, -0.03848451, -0.007941248, -0.0018325958
20765935904000, -0.036651913, 0.005192355, 0.0027488936
20765940917000, -0.04184427, 0.016187929, 0.004886922
20765946005000, -0.051618114, 0.018936822, 0.018325957
20765950898000, -0.054061573, 0.02443461, 0.016493361
20765956639000, -0.04917465, 0.04337143, 0.025350908
20765960955000, -0.058948494, 0.05009095, 0.03176499
20765965962000, -0.0571159, 0.043982297, 0.043676864
20765970987000, -0.058948494, 0.04795292, 0.036651913
20765975903000, -0.043066, 0.05955936, 0.04550946
20765980912000, -0.046731193, 0.048258353, 0.050701816
20765985947000, -0.039095376, 0.04428773, 0.054061573
20765990973000, -0.018936822, 0.0290161, 0.040927973
20765995925000, -0.0061086523, 0.022602014, 0.04550946
20766000928000, 0.004581489, 0.023823744, 0.042760566
20766005922000, 0.017715093, 0.01038471, 0.03176499
20766010931000, 0.034513887, 0.016187929, 0.024129177
20766015932000, 0.04153884, 0.018020526, 0.01863139
20766020929000, 0.04520403, 0.01282817, 0.008857546
20766026595000, 0.06261369, 0.01985312, 0.008552114
20766030928000, 0.067500606, 0.03023783, 0.006414085
20766035925000, 0.07849618, 0.048258353, 0.005192355
20766040909000, 0.07788532, 0.049480084, -0.004581489
20766045959000, 0.089491755, 0.055283304, -0.005497787
20766050902000, 0.10140363, 0.06078109, 0.003970624
20766055931000, 0.100792766, 0.061391957, -0.0033597588
20766062160000, 0.10323623, 0.06078109, 0.021685716
20766065950000, 0.09896017, 0.059864793, 0.01740966
20766070864000, 0.09010262, 0.06383542, 0.027488936
20766075898000, 0.069027774, 0.050701816, 0.03756821
20766080938000, 0.03268129, 0.0421497, 0.03573562
20766085926000, 0.004581489, 0.022296581, 0.04795292
20766090903000, -0.036957346, 0.019242255, 0.04917465
20766096437000, -0.07819075, 0.003970624, 0.054061573
20766100932000, -0.086437434, -0.015577064, 0.0571159
20766105925000, -0.1151481, -0.028405234, 0.056199603
20766110941000, -0.13988814, -0.039095376, 0.063224554
20766115926000, -0.14660765, -0.043982297, 0.06047566
20766120933000, -0.14477506, -0.036651913, 0.07544186
20766125891000, -0.13713925, -0.023823744, 0.0711658
20766130937000, -0.13988814, -0.01160644, 0.0711658
20766135922000, -0.13041973, -0.007330383, 0.07269296
20766140901000, -0.10873401, 0.0070249503, 0.076358154
20766145912000, -0.10415252, 0.028405234, 0.08002335
20766150930000, -0.09193522, 0.04062254, 0.089491755
20766155913000, -0.076358154, 0.04917465, 0.08979719
20766161023000, -0.070249505, 0.05222898, 0.09285152
20766165999000, -0.0580322, 0.047036625, 0.09285152
20766170929000, -0.043676864, 0.044593163, 0.1001819
20766175905000, -0.03573562, 0.0421497, 0.09865474
20766180939000, -0.028710667, 0.035430185, 0.09865474
20766186103000, -0.02076942, 0.027183503, 0.09315695
20766190911000, -0.0067195175, 0.018020526, 0.09193522
20766195937000, -0.018020526, 0.0027488936, 0.08979719
20766200930000, -0.018936822, -0.01282817, 0.07574729
20766205915000, -0.013744468, -0.019547688, 0.070249505
20766210958000, -0.011301007, -0.02443461, 0.053145275
20766215918000, -0.0125227375, -0.027794369, 0.046731193
20766220900000, -0.02565634, -0.037873644, 0.029932396
20766225921000, -0.030543262, -0.047036625, 0.016493361
20766230925000, -0.03390302, -0.05100725, 0.005192355
20766235902000, -0.042760566, -0.05589417, -0.0012217305
20766240908000, -0.046731193, -0.05955936, -0.0036651916
20766246095000, -0.03940081, -0.0571159, -0.0076358155
20766250876000, -0.03634648, -0.03848451, -0.018020526
20766255937000, -0.03390302, -0.03604105, -0.02107485
20766261060000, -0.034208454, -0.026267206, -0.020158553
20766265928000, -0.020463986, -0.018020526, -0.024129177
20766270896000, -0.016798794, -0.0021380284, -0.022296581
20766275908000, -0.010995574, 0.0030543262, -0.028710667
20766281559000, -0.010995574, -0.0036651916, -0.016493361
20766285932000, -0.008857546, -0.004581489, -0.018936822
20766290885000, -0.008246681, -0.01282817, -0.011911872
20766295904000, -0.021380283, -0.025961773, -0.005497787
20766300867000, -0.023518313, -0.035124753, -0.00580322
20766305950000, -0.036957346, -0.039095376, -0.0033597588
20766310916000, -0.044898596, -0.05222898, -0.004581489
20766316059000, -0.05589417, -0.054061573, -0.0067195175
20766320866000, -0.049785517, -0.047647487, 0.004886922
20766325900000, -0.06505715, -0.04062254, 0.0018325958
20766330878000, -0.08307768, -0.03634648, 0.005497787
20766335926000, -0.09254608, -0.03634648, 0.010079277
20766340908000, -0.096516706, -0.03359759, 0.014966198
20766345980000, -0.099265605, -0.025045475, 0.017715093
20766350939000, -0.1151481, -0.012217305, 0.025045475
20766355987000, -0.112704635, -3.0543262E-4, 0.03481932
20766360985000, -0.12461651, -0.0030543262, 0.03176499
20766365948000, -0.12858713, 0.0012217305, 0.038789943
20766370946000, -0.122783914, -0.005192355, 0.03970624
20766375960000, -0.118202426, 0.0033597588, 0.038789943
20766380960000, -0.10934488, 0.01282817, 0.03726278
20766385961000, -0.10476339, 0.027794369, 0.039095376
20766390965000, -0.087964594, 0.042760566, 0.0421497
20766395923000, -0.07574729, 0.04917465, 0.0421497
20766400948000, -0.0693332, 0.05375614, 0.036651913
20766406006000, -0.058337633, 0.05955936, 0.040317107
20766410972000, -0.040927973, 0.057421334, 0.034513887
20766415975000, -0.033292156, 0.046731193, 0.03176499
20766420970000, -0.025045475, 0.025350908, 0.016187929
20766425961000, -9.162979E-4, 0.009773844, 0.006414085
20766430973000, -0.005192355, -9.162979E-4, 0.006414085
20766435966000, 0.016798794, -0.0021380284, -0.011911872
20766440944000, 0.020158553, -0.018325957, -0.0143553335
20766445963000, 0.03145956, -0.029321533, -0.024129177
20766450963000, 0.06505715, -0.028099801, -0.025045475
20766455972000, 0.086437434, -0.03481932, -0.029626964
20766461471000, 0.10751228, -0.03726278, -0.03634648
20766465929000, 0.10720685, -0.032986723, -0.03145956
20766470928000, 0.118202426, -0.025350908, -0.024129177
20766475948000, 0.12034045, -0.016187929, -0.020158553
20766480969000, 0.10629055, -0.0067195175, -0.0143553335
20766485958000, 0.080634214, 0.0076358155, -0.005497787
20766490896000, 0.028710667, -0.0018325958, -0.008552114
20766495970000, -0.0012217305, -0.0027488936, 0.009468411
20766500929000, -0.03390302, -0.013744468, 0.01038471
20766505917000, -0.06719518, -0.022296581, 0.0106901415
20766510964000, -0.098043874, -0.032375857, 0.013133603
20766515943000, -0.10873401, -0.041233405, 0.013744468
20766520926000, -0.113926366, -0.038789943, 0.013744468
20766525882000, -0.10873401, -0.03634648, 0.022907447
20766530935000, -0.087659165, -0.028710667, 0.018936822
20766535884000, -0.07544186, -0.00580322, 0.014660766
20766540900000, -0.058948494, 0.0027488936, 0.029626964
20766545963000, -0.031154128, 0.029932396, 0.028710667
20766550928000, -0.016493361, 0.038789943, 0.02321288
20766555962000, -0.007941248, 0.052839845, 0.025961773
20766560921000, 0.0021380284, 0.047647487, 0.03145956
20766565954000, 0.007941248, 0.04337143, 0.04337143
20766570927000, 3.0543262E-4, 0.033292156, 0.043066
20766575903000, 0.013439035, 0.011911872, 0.04917465
20766580935000, 0.0036651916, 0.013744468, 0.05131268
20766585937000, 0.0027488936, -0.006414085, 0.04917465
20766590889000, 0.0027488936, -0.01740966, 0.04642576
20766595937000, -0.0030543262, -0.022602014, 0.043982297
20766600933000, -0.019547688, -0.026267206, 0.04153884
20766605953000, -0.01863139, -0.028405234, 0.049785517
20766610925000, -0.032986723, -0.030543262, 0.043066
20766615959000, -0.040011674, -0.024740042, 0.040317107
20766620963000, -0.03726278, -0.008552114, 0.03604105
20766626092000, -0.038789943, 0.0036651916, 0.02687807
20766630964000, -0.043066, -9.162979E-4, 0.030543262
20766636162000, -0.03970624, 0.013439035, 0.017715093
20766640949000, -0.03848451, 0.022907447, 0.021380283
20766645883000, -0.040011674, 0.032375857, 0.020463986
20766650967000, -0.03176499, 0.03634648, 0.01740966
20766655889000, -0.037873644, 0.029321533, 0.009162978
20766661814000, -0.024129177, 0.027183503, -0.003970624
20766665872000, -0.016493361, 0.017715093, -0.0021380284
20766670956000, -0.013439035, 0.002443461, -0.004886922
20766675884000, -0.019547688, -0.0033597588, -0.0067195175
20766680965000, -0.013439035, -0.011911872, -0.011301007
20766685866000, -0.014966198, -0.018325957, -0.01038471
20766690951000, -0.011301007, -0.023823744, -0.010995574
20766695897000, -0.016493361, -0.029932396, -0.016798794
20766700972000, -0.013744468, -0.030543262, -0.016493361
20766705933000, -0.016493361, -0.02076942, -0.017104227
20766710982000, -0.0143553335, -0.017104227, -0.010995574
20766715905000, -0.017715093, -0.0070249503, -0.0067195175
20766720967000, -0.017104227, -0.0061086523, 0.004886922
20766725956000, -0.021991149, -0.002443461, 0.004886922
20766730970000, -0.022602014, 0.0036651916, -6.1086525E-4
20766735931000, -0.02565634, 0.00580322, 0.007330383
20766740949000, -0.03634648, 0.009773844, 0.0030543262
20766745957000, -0.026267206, 0.019242255, 0.004886922
20766750962000, -0.03390302, 0.016798794, 0.007330383
20766755996000, -0.036651913, 0.013744468, 0.008552114
20766760984000, -0.038789943, 0.004581489, 0.009773844
20766765948000, -0.03940081, 9.162979E-4, 0.011911872
20766770958000, -0.03145956, 0.0030543262, 0.01038471
20766775952000, -0.03634648, 0.0033597588, 0.007941248
20766780969000, -0.028710667, -0.0067195175, 0.002443461
20766785963000, -0.03390302, -0.0070249503, 0.012217305
20766790939000, -0.042455133, -0.0061086523, 0.006414085
20766795941000, -0.028099801, -0.0061086523, 0.0067195175
20766800969000, -0.02443461, -0.004276057, 0.009468411
20766805960000, -0.02687807, -0.0018325958, 0.008857546
20766810980000, -0.021991149, 9.162979E-4, 0.009162978
20766815973000, -0.026572637, 0.005192355, 0.009468411
20766820966000, -0.029932396, 0.003970624, 0.0030543262
20766825965000, -0.025350908, -0.0027488936, 9.162979E-4
20766830969000, -0.01740966, 0.005497787, 0.0030543262
20766835968000, -0.019242255, 0.0021380284, 0.0012217305
20766840942000, -0.0125227375, 0.008552114, 0.004276057
20766846035000, -0.022907447, 0.008857546, 0.010995574
20766850960000, -0.028405234, 0.002443461, 0.009773844
20766855946000, -0.031154128, -0.004886922, 0.0076358155
20766860908000, -0.018325957, -0.0061086523, 0.0033597588
20766865954000, -0.027183503, -0.0076358155, 0.004276057
20766870963000, -0.013744468, -0.0021380284, -0.002443461
20766875956000, -0.023823744, 9.162979E-4, 0.0027488936
20766880966000, -0.030848695, -0.0018325958, 0.005192355
20766885964000, -0.021991149, -0.005497787, 0.0061086523
20766890921000, -0.015271631, -9.162979E-4, 0.004276057
20766895984000, -0.023823744, -0.004886922, 0.0012217305
20766900920000, -0.022907447, -3.0543262E-4, 0.003970624
20766905970000, -0.021380283, -0.01160644, 0.005497787
20766910951000, -0.02076942, -3.0543262E-4, 0.006414085
20766915973000, -0.02076942, -0.004581489, -3.0543262E-4
20766920899000, -0.01740966, -0.008552114, -0.006414085
20766925964000, -0.022602014, -0.007941248, 0.005497787
20766930861000, -0.01863139, 0.0036651916, 0.009162978
20766935971000, -0.028710667, -0.003970624, -9.162979E-4
20766940874000, -0.02443461, -0.0015271631, 0.0012217305
20766945974000, -0.024740042, -0.005192355, 0.00580322
20766950863000, -0.024740042, 0.004276057, 0.008246681
20766955974000, -0.017715093, 0.007941248, 0.008552114
20766960932000, -0.005497787, 0.009162978, 0.016798794
20766965954000, -0.0030543262, 0.01160644, 0.019242255
20766970928000, -0.004581489, 0.023823744, 0.009773844
20766975964000, 0.005497787, 0.02687807, 0.01160644
20766980915000, 0.012217305, 0.02443461, 0.014966198
20766985967000, 0.016798794, 0.020463986, 0.008552114
20766990919000, 0.01985312, 0.02076942, 0.009773844
20766995928000, 0.004581489, 0.016798794, 0.003970624
20767000960000, -0.0076358155, 0.014660766, 0.0021380284
20767005955000, -0.009468411, 0.016798794, -0.005192355
20767011126000, -0.013133603, 0.0143553335, -0.0021380284
20767015975000, -0.010995574, 0.015882496, 3.0543262E-4
20767020860000, -0.0061086523, 0.023518313, 0.00580322
20767025971000, -0.0076358155, 0.031154128, 0.0061086523
20767030868000, 0.010079277, 0.040317107, 0.010079277
20767035972000, 0.018325957, 0.040317107, 0.0076358155
20767040924000, 0.043676864, 0.047036625, 0.0070249503
20767045962000, 0.054061573, 0.046120327, 0.011301007
20767050934000, 0.06566802, 0.035430185, 0.0067195175
20767055966000, 0.07941248, 0.013744468, 0.0106901415
20767060908000, 0.061086524, 0.01740966, 6.1086525E-4
20767065939000, 0.063224554, 0.008857546, -0.0061086523
20767070959000, 0.06719518, 0.0076358155, -0.015271631
20767075952000, 0.071776666, 3.0543262E-4, -0.019547688
20767080974000, 0.054061573, 3.0543262E-4, -0.025961773
20767085966000, 0.054061573, -0.005192355, -0.040317107
20767090934000, 0.058643065, 6.1086525E-4, -0.046731193
20767095942000, 0.05375614, -0.0070249503, -0.060170226
20767100971000, 0.046731193, -0.002443461, -0.0580322
20767105976000, 0.047036625, 0.0067195175, -0.060170226
20767110980000, 0.03268129, 0.015271631, -0.05589417
20767115967000, 0.043066, 0.015882496, -0.04062254
20767120970000, 0.043982297, 0.008857546, -0.03940081
20767125965000, 0.03359759, 0.004886922, -0.03268129
20767130975000, 0.047036625, -0.0018325958, -0.024129177
20767135962000, 0.040317107, -0.003970624, -0.021685716
20767140944000, 0.045814894, -0.015577064, -3.0543262E-4
20767145943000, 0.030848695, -0.02687807, -0.0030543262
20767150965000, 0.03023783, -0.02565634, 0.0061086523
20767155951000, 0.023823744, -0.015882496, 0.013439035
20767160992000, 0.013439035, -0.025045475, 0.0076358155
20767165918000, 0.0027488936, -0.0125227375, 0.01160644
20767170962000, -0.012217305, -0.002443461, 0.010995574
20767175905000, -0.015577064, 0.011301007, 0.01282817
20767180972000, -0.025350908, 0.031154128, 0.008246681
20767185881000, -0.030543262, 0.038179077, 0.01160644
20767190938000, -0.029932396, 0.04734206, 0.016493361
20767195920000, -0.0421497, 0.03176499, 0.0067195175
20767200971000, -0.047036625, 0.030543262, 0.0061086523
