#Rate of rotation around the x y z axes (Angular velocity).
#timestamp(ns),x,y,z(rad/s)
#Datetime: 18/12/2015 11:03:28
##########################################
#Activity: 8 - CSI - Car-Step in - 6s
#Subject ID: 65
#First Name: sub65
#Last Name: sub65
#Age: 40
#Height(cm): 170
#Weight(kg): 100
#Gender: Male
##########################################

@DATA
2794394493000, -0.03390302, 0.021685716, 0.020463986
2794399504000, -0.034208454, 0.013133603, 0.020158553
2794405150000, -0.037873644, 0.02443461, 0.021991149
2794409506000, -0.04153884, 0.016493361, 0.019242255
2794414520000, -0.03756821, 0.02107485, 0.022602014
2794419834000, -0.042455133, 0.021380283, 0.022296581
2794424606000, -0.043676864, 0.02107485, 0.01863139
2794429479000, -0.04153884, 0.026267206, 0.016493361
2794434513000, -0.048563786, 0.023518313, 0.015882496
2794439517000, -0.040927973, 0.025961773, 0.018325957
2794444601000, -0.038179077, 0.030543262, 0.025350908
2794449505000, -0.04062254, 0.01985312, 0.021685716
2794454516000, -0.03359759, 0.03268129, 0.023823744
2794459515000, -0.03573562, 0.024129177, 0.023823744
2794464504000, -0.04337143, 0.008246681, 0.027183503
2794469471000, -0.03756821, 0.0143553335, 0.025961773
2794475135000, -0.03481932, 0.01985312, 0.023823744
2794479510000, -0.02443461, 0.010995574, 0.03848451
2794484531000, -0.03604105, 0.014049901, 0.032375857
2794489592000, -0.028710667, 0.010079277, 0.03573562
2794494591000, -0.041233405, 0.0125227375, 0.03268129
2794499500000, -0.04184427, 0.024740042, 0.03481932
2794504521000, -0.040011674, 0.017715093, 0.030848695
2794509507000, -0.05222898, 0.02107485, 0.039095376
2794514500000, -0.040927973, 0.016493361, 0.036651913
2794519489000, -0.043676864, 0.017104227, 0.042455133
2794524593000, -0.04917465, 0.019547688, 0.043982297
2794529501000, -0.04795292, 0.0143553335, 0.031154128
2794535427000, -0.047036625, 0.010995574, 0.036651913
2794539605000, -0.051618114, 0.015882496, 0.03268129
2794544843000, -0.05222898, 0.02565634, 0.030848695
2794549498000, -0.0571159, 0.021380283, 0.034208454
2794554504000, -0.05955936, 0.017104227, 0.03390302
2794559504000, -0.058643065, 0.023518313, 0.035124753
2794564497000, -0.061086524, 0.02076942, 0.029321533
2794569553000, -0.05681047, 0.02107485, 0.022296581
2794574478000, -0.048258353, 0.022907447, 0.022907447
2794579499000, -0.046731193, 0.022296581, 0.02107485
2794584502000, -0.062002823, 0.027488936, 0.028405234
2794589560000, -0.058337633, 0.032986723, 0.021380283
2794594512000, -0.067500606, 0.037873644, 0.021685716
2794599461000, -0.048563786, 0.028405234, 0.013133603
2794604470000, -0.042760566, 0.024129177, 0.017715093
2794609476000, -0.036651913, 0.015271631, 0.008857546
2794614500000, -0.03145956, 0.012217305, 0.013133603
2794619436000, -0.018936822, 0.011301007, 0.0036651916
2794624502000, -0.016798794, 0.004276057, 6.1086525E-4
2794629466000, -0.018020526, 0.013133603, 0.003970624
2794634463000, -0.016493361, 0.02321288, 0.003970624
2794639497000, -0.02076942, 0.04184427, -0.0027488936
2794644477000, -0.028099801, 0.043676864, -0.007941248
2794649464000, -0.019242255, 0.040927973, -0.01740966
2794654469000, -0.008552114, 0.034208454, -0.01282817
2794659475000, -0.0033597588, 0.029321533, -0.014049901
2794664473000, 0.01038471, 0.03573562, -0.007941248
2794669444000, 0.011301007, 0.05681047, -0.0033597588
2794674488000, 0.014660766, 0.10293079, 0.00580322
2794679467000, 0.018020526, 0.14172074, 0.0021380284
2794684454000, 0.004276057, 0.18081611, 0.0061086523
2794689487000, 0.0070249503, 0.19517145, 0.002443461
2794694475000, 0.0061086523, 0.20311269, 0.004276057
2794699465000, 0.004886922, 0.20005837, 0.0125227375
2794704499000, 0.02321288, 0.20922135, 0.009773844
2794709480000, 0.036957346, 0.20005837, 0.012217305
2794714467000, 0.051923547, 0.18295415, 0.00580322
2794719441000, 0.064751714, 0.18387043, -0.0012217305
2794724554000, 0.07971791, 0.17654006, -0.009468411
2794729468000, 0.09712757, 0.18051068, -0.015577064
2794735344000, 0.106901415, 0.18417588, -0.029321533
2794739460000, 0.11301007, 0.19333886, -0.026572637
2794744471000, 0.12217305, 0.20555615, -0.03390302
2794749469000, 0.1282817, 0.21502456, -0.03940081
2794754454000, 0.13408493, 0.22571471, -0.036957346
2794759474000, 0.13530666, 0.22204952, -0.032375857
2794764466000, 0.13500121, 0.19394971, -0.032375857
2794769437000, 0.13408493, 0.16401732, -0.040011674
2794774542000, 0.13836098, 0.109650314, -0.050396383
2794779473000, 0.13316862, 0.06811147, -0.06169739
2794784458000, 0.12034045, 0.008246681, -0.076052725
2794789537000, 0.10598512, -0.019242255, -0.07513642
2794794550000, 0.083383106, -0.061086524, -0.0888809
2794800277000, 0.03940081, -0.11056661, -0.09040806
2794804514000, -0.0106901415, -0.16493362, -0.07971791
2794809508000, -0.08124508, -0.2443461, -0.090713486
2794814498000, -0.12522738, -0.3387248, -0.10415252
2794819450000, -0.17165314, -0.38728857, -0.112704635
2794824560000, -0.21655174, -0.47525316, -0.108123146
2794829503000, -0.2574797, -0.5403103, -0.11056661
2794834499000, -0.269697, -0.5891795, -0.09773844
2794839595000, -0.28496864, -0.623388, -0.081855945
2794844522000, -0.29749137, -0.6469063, -0.06078109
2794849505000, -0.2941316, -0.6795876, -0.041233405
2794854520000, -0.2687807, -0.70524395, -0.02565634
2794859508000, -0.2489276, -0.7290677, -0.02321288
2794864501000, -0.25473082, -0.7535023, -0.021380283
2794870001000, -0.31642818, -0.71868294, -0.0125227375
2794874546000, -0.43463063, -0.63041294, -0.010079277
2794879503000, -0.59620446, -0.49968776, -0.004886922
2794884473000, -0.7305948, -0.36957347, -0.0030543262
2794889624000, -0.8002335, -0.29352075, 0.014966198
2794894535000, -0.77121735, -0.29138273, 0.03726278
2794899498000, -0.70463306, -0.4071417, 0.05009095
2794904511000, -0.5497787, -0.6047566, 0.06719518
2794909506000, -0.3295618, -0.8213083, 0.10048734
2794914499000, -0.12003502, -1.0115929, 0.12370021
2794919487000, 0.080634214, -1.0986412, 0.12980886
2794924546000, 0.20005837, -1.0989466, 0.12889257
2794929488000, 0.24740042, -1.0079277, 0.118202426
2794936131000, 0.25289822, -0.9098838, 0.094989546
2794939867000, 0.22632557, -0.81000733, 0.07452556
2794944449000, 0.17898351, -0.72021013, 0.058948494
2794949450000, 0.13194689, -0.6310238, 0.052534413
2794954466000, 0.11728613, -0.5311473, 0.052839845
2794959436000, 0.118507855, -0.44043383, 0.048258353
2794964493000, 0.1563815, -0.35369098, 0.064446285
2794969500000, 0.2012801, -0.26328292, 0.07147124
2794974576000, 0.2828306, -0.18234327, 0.087964594
2794979483000, 0.3567453, -0.11575896, 0.1020145
2794984501000, 0.42577308, -0.061086524, 0.11362094
2794989507000, 0.5036584, -0.02687807, 0.10995574
2794994472000, 0.5510005, 0.00580322, 0.11362094
2794999455000, 0.6038403, 0.03726278, 0.094989546
2795004441000, 0.6356053, 0.051618114, 0.070249505
2795009454000, 0.6579019, 0.061391957, 0.025350908
2795014468000, 0.6759224, 0.059864793, -0.016187929
2795019413000, 0.68752885, 0.057421334, -0.08368854
2795024526000, 0.6914995, 0.043982297, -0.1591304
2795029468000, 0.66339964, 0.023823744, -0.19456059
2795034476000, 0.64599, -0.009162978, -0.28405234
2795039526000, 0.6404922, -0.043066, -0.37904188
2795044532000, 0.6249151, -0.10415252, -0.4972443
2795049464000, 0.6227771, -0.17165314, -0.6068946
2795054461000, 0.63438356, -0.2666427, -0.72509706
2795059472000, 0.6554584, -0.36865717, -0.8512407
2795064465000, 0.6994407, -0.464563, -0.9761627
2795069439000, 0.7449502, -0.5510005, -1.1133019
2795074525000, 0.7901542, -0.64660084, -1.2605205
2795079503000, 0.81153446, -0.7498371, -1.4153748
2795084479000, 0.82986045, -0.86437434, -1.572978
2795089602000, 0.8677341, -0.9447031, -1.7391334
2795094589000, 0.9434814, -0.90377516, -1.9000963
2795099505000, 0.9850202, -0.78801614, -2.035403
2795104492000, 1.0207558, -0.6072, -2.1572707
2795109504000, 1.0348058, -0.41874814, -2.268448
2795114517000, 1.0235047, -0.2452624, -2.388483
2795119503000, 0.9990701, -0.1600467, -2.4853053
2795125140000, 1.0253373, -0.04337143, -2.518292
2795129501000, 1.0519099, -0.040011674, -2.5897632
2795136076000, 1.1007792, -0.04184427, -2.653904
2795139506000, 1.1643091, 0.081855945, -2.6868908
2795144473000, 1.287704, 0.2959642, -2.7052166
2795149497000, 1.3888022, 0.4266894, -2.7183504
2795154499000, 1.452943, 0.6282749, -2.7220156
2795159478000, 1.5971072, 0.91690874, -2.688418
2795164519000, 1.8023579, 1.260215, -2.562885
2795169466000, 1.9520199, 1.6288722, -2.3448062
2795174450000, 1.990199, 1.9443841, -2.0857995
2795179408000, 1.924531, 2.101682, -1.8350391
2795184404000, 1.8234328, 2.005776, -1.67316
2795189442000, 1.7290541, 1.7852536, -1.5491543
2795194629000, 1.6334536, 1.5980235, -1.3768903
2795199404000, 1.5460999, 1.427592, -1.2302825
2795204416000, 1.4504995, 1.2901474, -1.1023064
2795209409000, 1.3640621, 1.1911873, -0.9941832
2795214400000, 1.2910637, 1.1585059, -0.8875872
2795219383000, 1.2400564, 1.1242975, -0.84116143
2795224408000, 1.2257011, 1.1148291, -0.7583892
2795229347000, 1.1746938, 1.1074986, -0.68875057
2795234391000, 1.1242975, 1.1078042, -0.643852
2795239366000, 1.047023, 1.1377366, -0.6102544
2795244409000, 0.98990715, 1.183246, -0.57971114
2795249329000, 0.9211848, 1.2412782, -0.5543602
2795254408000, 0.8436049, 1.29198, -0.5561928
2795259336000, 0.77549344, 1.3359623, -0.5488624
2795264508000, 0.7263188, 1.4013249, -0.54611355
2795269455000, 0.65393126, 1.4556919, -0.56169057
2795274510000, 0.59559363, 1.498147, -0.5684101
2795279454000, 0.5152648, 1.529912, -0.57818395
2795284493000, 0.43890667, 1.5564847, -0.5873469
2795289528000, 0.3640757, 1.5922203, -0.58001655
2795294506000, 0.26236662, 1.6032158, -0.57940567
2795299468000, 0.17287487, 1.6136005, -0.5717699
2795304498000, 0.07513642, 1.6001616, -0.5708536
2795309504000, -0.051923547, 1.5650368, -0.5543602
2795314501000, -0.18081611, 1.5259414, -0.5296202
2795319508000, -0.2828306, 1.4975362, -0.49418998
2795324540000, -0.34238997, 1.430341, -0.47403142
2795329499000, -0.43463063, 1.3503176, -0.43066
2795334535000, -0.5183192, 1.2528846, -0.38240165
2795339482000, -0.5729916, 1.1502593, -0.33444872
2795344468000, -0.6243043, 1.0461067, -0.2929099
2795349463000, -0.65393126, 0.9468411, -0.2302962
2795354452000, -0.6646214, 0.8790351, -0.17898351
2795359480000, -0.6759224, 0.83658, -0.12705997
2795364465000, -0.6719518, 0.8231409, -0.07788532
2795369453000, -0.66248333, 0.8249735, -0.03756821
2795374490000, -0.6621779, 0.8561276, 0.0033597588
2795379470000, -0.66675943, 0.8790351, 0.05009095
2795384496000, -0.6618725, 0.929126, 0.08124508
2795389489000, -0.68966687, 0.9822713, 0.12736541
2795394466000, -0.7333437, 1.0274754, 0.18142697
2795399462000, -0.79045963, 1.054048, 0.23060162
2795404441000, -0.8368854, 1.0592403, 0.2855795
2795409481000, -0.8933904, 1.0604621, 0.35308012
2795414454000, -0.93034774, 1.0497719, 0.40775254
2795419441000, -0.9673051, 1.0345002, 0.4465425
2795424498000, -0.9810496, 1.0094548, 0.516792
2795429471000, -0.9825767, 1.0012082, 0.59742624
2795434472000, -0.9645562, 0.9975429, 0.6921103
2795439548000, -0.9211848, 0.99387777, 0.79381937
2795444465000, -0.8622363, 1.0079277, 0.8888089
2795450242000, -0.79626286, 1.0054842, 0.9630291
2795454441000, -0.7281514, 0.9755518, 1.0198395
2795459483000, -0.66431594, 0.9101892, 1.0445796
2795464416000, -0.57818395, 0.81092364, 1.0543534
2795469454000, -0.45906523, 0.6899723, 1.0296134
2795474902000, -0.3203988, 0.5656612, 0.95630956
2795479556000, -0.16432275, 0.45142943, 0.86498517
2795484481000, -0.016493361, 0.41447207, 0.7699956
2795489473000, 0.12950343, 0.4841107, 0.6554584
2795494446000, 0.26450464, 0.6337727, 0.5488624
2795499477000, 0.37110063, 0.8570439, 0.44593164
2795504508000, 0.4279111, 1.0861185, 0.35918877
2795509472000, 0.42302418, 1.2632693, 0.27366763
2795514611000, 0.34513888, 1.3448198, 0.23304509
2795520421000, 0.24862215, 1.2751812, 0.18906279
2795524930000, 0.11728613, 1.1016954, 0.19730948
2795529499000, 0.023518313, 0.9957104, 0.2003638
2795536613000, -0.018325957, 0.66981375, 0.27397305
2795539490000, -0.08032878, 0.57971114, 0.30879238
2795544502000, -0.089491755, 0.42730024, 0.38240165
2795549497000, -0.11911872, 0.2864958, 0.43004912
2795554519000, -0.13897185, 0.009468411, 0.46853364
2795559501000, -0.10995574, -0.3313944, 0.44715336
2795564521000, 0.06536258, -0.6936375, 0.38789943
2795569490000, 0.3481932, -0.9767735, 0.30970868
2795574476000, 0.6771441, -1.1294898, 0.19394971
2795579502000, 0.9593639, -1.1371256, -0.007330383
2795584513000, 1.065349, -1.2968669, -0.24678956
2795590106000, 0.93218035, -1.6032158, -0.310625
2795594505000, 0.64904433, -1.7128662, -0.2660318
2795599495000, 0.36071593, -1.6920967, -0.22204952
2795604495000, 0.13439035, -1.6743816, -0.21319197
2795609504000, -0.03604105, -1.6893479, -0.16982053
2795614513000, -0.17654006, -1.7101172, -0.095294975
2795619489000, -0.24312437, -1.7556267, -0.044898596
2795624530000, -0.3848451, -1.815186, 0.055588737
2795629499000, -0.52412236, -1.885741, 0.16646078
2795634524000, -0.6621779, -1.93797, 0.3005457
2795639554000, -0.7535023, -1.9107865, 0.42913285
2795644504000, -0.7806858, -1.8133535, 0.5271767
2795649495000, -0.7290677, -1.7037032, 0.59620446
2795654509000, -0.68600166, -1.6077974, 0.6563747
2795659673000, -0.64568454, -1.5131133, 0.7501425
2795664502000, -0.61575216, -1.4834863, 0.86284715
2795669474000, -0.56382865, -1.4990633, 0.98654735
2795674475000, -0.50610185, -1.5296066, 1.1582005
2795679499000, -0.36835176, -1.450805, 1.3466524
2795684543000, -0.1459968, -1.1972959, 1.5851953
2795689563000, 0.18203785, -0.77091193, 1.8026633
2795694502000, 0.4999932, -0.16249016, 1.9755383
2795699482000, 0.72387534, 0.52503866, 2.068695
2795704495000, 0.77304995, 1.1108584, 2.0210476
2795709461000, 0.59864795, 1.2986995, 1.8487836
2795714499000, 0.30634892, 1.5033394, 1.7318029
2795719440000, 0.16065755, 1.3888022, 1.496009
2795724495000, -0.045814894, 0.8741482, 1.1728612
2795729419000, -0.22082779, -0.056505036, 0.7370089
2795735083000, -0.36957347, -1.1435398, 0.27916542
2795739427000, -0.52748215, -2.1820107, -0.11148291
2795744440000, -0.66828656, -2.9071076, -0.45173484
2795749454000, -0.8176431, -3.186884, -0.7987063
2795754516000, -1.0500773, -3.083037, -1.0928379
2795759493000, -1.3029755, -2.8005116, -1.2996159
2795764536000, -1.4682146, -2.4810293, -1.4062119
2795769510000, -1.5155567, -2.2907448, -1.4217888
2795775188000, -1.4159856, -2.2901337, -1.3283265
2795779493000, -1.2721269, -2.4514022, -1.1902709
2795784540000, -1.1902709, -2.5378397, -0.97585726
2795789507000, -1.1221595, -2.4941628, -0.7452556
2795794455000, -1.1200215, -2.43216, -0.636827
2795799853000, -1.1826351, -2.4443772, -0.69027776
2795804422000, -1.2483032, -2.5390613, -0.84879726
2795809432000, -1.1963795, -2.5561657, -0.979217
2795814375000, -1.1282681, -2.5396724, -0.9984592
2795819523000, -0.947452, -2.4397957, -0.95569867
2795824437000, -0.7473936, -2.3457224, -0.89949906
2795829378000, -0.5635232, -2.2079725, -0.84879726
2795834387000, -0.3998113, -1.9905044, -0.7974846
2795839453000, -0.25686884, -1.7296649, -0.7021896
2795844839000, -0.079107046, -1.4895949, -0.59681535
2795849387000, 0.07574729, -1.2452488, -0.573297
2795854387000, 0.21471913, -1.1032226, -0.57757306
2795859380000, 0.2855795, -1.0103711, -0.5543602
2795864370000, 0.31306845, -0.9669997, -0.50732356
2795869678000, 0.3286455, -1.0082331, -0.47311515
2795874353000, 0.33658674, -1.0852021, -0.44959682
2795879369000, 0.364992, -1.135293, -0.43279803
2795884374000, 0.3622431, -1.1633929, -0.4111123
2795889559000, 0.3491095, -1.1780536, -0.39584067
2795894373000, 0.33353242, -1.2018774, -0.4361578
2795899345000, 0.2938262, -1.2388347, -0.43127087
2795904414000, 0.2929099, -1.2144, -0.41355577
2795909374000, 0.34238997, -1.2043208, -0.42638394
2795914570000, 0.34880406, -1.2110404, -0.44776422
2795919403000, 0.37690386, -1.2318097, -0.44715336
2795924382000, 0.42485678, -1.2516629, -0.44012842
2795929365000, 0.45173484, -1.260215, -0.43066
2795935096000, 0.462425, -1.2629639, -0.4184427
2795939421000, 0.47891834, -1.2977833, -0.40653083
2795944364000, 0.50976706, -1.3454307, -0.40591997
2795949377000, 0.5531385, -1.4135422, -0.40958515
2795954418000, 0.59315014, -1.4880677, -0.41783184
2795959375000, 0.6386596, -1.568702, -0.4373795
2795964370000, 0.70707655, -1.6264287, -0.47403142
2795969359000, 0.7657196, -1.6615535, -0.5030475
2795974366000, 0.81581056, -1.7012597, -0.5354234
2795979389000, 0.8720101, -1.7351627, -0.55863625
2795984389000, 0.9272934, -1.7880026, -0.591623
2795989421000, 0.96791595, -1.8490891, -0.61758476
2795994385000, 0.9776898, -1.8958203, -0.6239988
2795999374000, 0.9636399, -1.9168952, -0.6084218
2796004408000, 0.91232723, -1.9208658, -0.5888741
2796009400000, 0.8698721, -1.9214766, -0.569021
2796014396000, 0.8481864, -1.8719965, -0.52442783
2796019389000, 0.8210029, -1.8209893, -0.45448375
2796024396000, 0.8060367, -1.8564194, -0.4382958
2796029399000, 0.82619524, -1.9456058, -0.37843102
2796034398000, 0.8732319, -1.9898936, -0.26633725
2796039434000, 0.8729264, -2.038152, -0.16798794
2796044397000, 0.8530733, -2.1065688, -0.0870483
2796049399000, 0.79779, -2.1630738, -0.013133603
2796054382000, 0.7309003, -2.1774292, 0.021991149
2796059402000, 0.6722572, -2.1609359, 0.02321288
2796064397000, 0.65270954, -2.0925188, -0.01740966
2796069391000, 0.6774496, -1.9908098, -0.089491755
2796074379000, 0.7076874, -1.824349, -0.18906279
2796079503000, 0.7086037, -1.6215417, -0.31642818
2796084552000, 0.6960809, -1.4431691, -0.4428773
2796089599000, 0.6783658, -1.3362677, -0.53969944
2796094517000, 0.66706485, -1.2605205, -0.6041457
2796100422000, 0.63499445, -1.2305881, -0.6426302
2796104486000, 0.6087272, -1.2302825, -0.64660084
2796109510000, 0.5589417, -1.2089024, -0.6444628
2796114451000, 0.5403103, -1.1890492, -0.61483586
2796119504000, 0.52687126, -1.1691961, -0.54611355
2796124484000, 0.50762904, -1.1472049, -0.46578476
2796129489000, 0.49418998, -1.1661417, -0.36560285
2796135713000, 0.4596761, -1.1838568, -0.2452624
2796139486000, 0.42210788, -1.1777482, -0.1133155
2796144462000, 0.4120286, -1.1817188, 0.017104227
2796149505000, 0.42913285, -1.1878275, 0.1282817
2796154519000, 0.48563787, -1.1716396, 0.2012801
2796159479000, 0.59956425, -1.1621711, 0.24007004
2796164498000, 0.71959925, -1.1368202, 0.2321288
2796170409000, 0.8689558, -1.0955868, 0.17012598
2796174392000, 0.9993755, -1.0488557, 0.07360926
2796179407000, 1.1429288, -1.0183123, -0.051923547
2796184389000, 1.2983941, -1.0274754, -0.20769419
2796189444000, 1.4370605, -1.0742066, -0.3417791
2796194402000, 1.5778649, -1.087951, -0.4456262
2796199401000, 1.7174476, -1.0836749, -0.5537493
2796204542000, 1.8527542, -1.16492, -0.66675943
2796209394000, 1.9117028, -1.2311989, -0.7287622
2796214554000, 1.9068159, -1.3564262, -0.84604836
2796219369000, 1.8811595, -1.4651603, -0.9569204
2796224451000, 1.8017471, -1.539075, -1.0549643
2796229465000, 1.6475036, -1.5848899, -1.1074986
2796234398000, 1.5158621, -1.6536123, -1.119716
2796239575000, 1.4288138, -1.7336355, -1.1163563
2796244434000, 1.3842206, -1.7910569, -1.1068878
2796249464000, 1.3610078, -1.7391334, -1.0690142
2796254474000, 1.3414601, -1.5974126, -1.0390818
2796259470000, 1.2980887, -1.4068227, -0.9990701
2796264455000, 1.2519683, -1.2189816, -0.9578367
2796269438000, 1.1914927, -1.0454959, -0.89552844
2796274833000, 1.1032226, -0.9080512, -0.8127562
2796279466000, 0.9999864, -0.7699956, -0.7031059
2796284455000, 0.9230174, -0.70463306, -0.5500842
2796289500000, 0.91324353, -0.67073005, -0.37904188
2796294512000, 0.95081174, -0.6395759, -0.1704314
2796299502000, 1.0372492, -0.6093381, 0.060170226
2796304499000, 1.1704178, -0.6078109, 0.2910773
2796309507000, 1.2483032, -0.5748242, 0.40622538
2796314502000, 1.3552046, -0.5555819, 0.58246
2796319489000, 1.3341297, -0.74006325, 0.65576386
2796324567000, 1.1814134, -0.89949906, 0.6395759
2796329502000, 0.93951076, -1.2815952, 0.5671884
2796335167000, 0.7275405, -1.611768, 0.50610185
2796339520000, 0.61300325, -1.6548339, 0.45875978
2796344729000, 0.56413406, -1.320996, 0.45570546
2796349493000, 0.56382865, -0.7263188, 0.4859433
2796354504000, 0.59864795, -0.016798794, 0.4868596
2796359483000, 0.7476991, 0.61361414, 0.40561453
2796364506000, 1.0436633, 0.8961393, 0.09896017
2796369453000, 1.3738359, 0.8381071, -0.36071593
2796374516000, 1.6468927, 0.63285637, -0.7467828
2796379399000, 1.8707749, 0.45081854, -0.9450085
2796384503000, 2.046704, 0.32803464, -0.9147707
2796389466000, 2.0873265, 0.3817908, -0.7425067
2796394557000, 2.0402899, 0.48930305, -0.5503896
2796399396000, 1.969735, 0.5564982, -0.43768495
2796404505000, 1.8787161, 0.6560693, -0.37659842
2796409411000, 1.8072448, 0.6444628, -0.3555236
2796414512000, 1.6581937, 0.539394, -0.28771752
2796419467000, 1.5543466, 0.35888332, -0.23304509
2796424739000, 1.5213599, 0.1994475, -0.17165314
2796429451000, 1.5479325, 0.119729586, -0.08674286
2796434497000, 1.647809, 0.18936823, 0.033292156
2796439536000, 1.7611245, 0.36926803, 0.16890424
2796444591000, 1.8994855, 0.6414085, 0.30818152
2796449494000, 2.0448713, 0.9080512, 0.43676865
2796454502000, 2.1905627, 1.1704178, 0.5112942
2796460133000, 2.3209825, 1.4010195, 0.5296202
2796464499000, 2.4327707, 1.5830573, 0.50823987
2796469535000, 2.5030203, 1.6829338, 0.43371433
2796474523000, 2.5604417, 1.7647897, 0.34330627
2796479725000, 2.5567765, 1.7898352, 0.23335053
2796484504000, 2.5179865, 1.7027869, 0.13103059
2796489516000, 2.4853053, 1.5525141, 0.041233405
2796494456000, 2.417194, 1.3274102, -0.054367006
2796499780000, 2.3738225, 1.1203269, -0.110872045
2796504458000, 2.3020456, 1.0311406, -0.13775012
2796509461000, 2.2498167, 0.90194255, -0.20738874
2796514464000, 2.1520782, 0.7678576, -0.28344148
2796519447000, 2.0857995, 0.65118235, -0.364992
2796524486000, 2.0027218, 0.44593164, -0.41630468
2796529896000, 2.0137172, 0.29229903, -0.47555858
2796535627000, 2.0592268, 0.22052236, -0.5342017
2796539437000, 2.105958, 0.20341812, -0.6133087
2796544472000, 2.13925, 0.24037547, -0.7110472
2796549393000, 2.1587977, 0.2773328, -0.8029824
2796554453000, 2.1517727, 0.31948254, -0.86070913
2796559419000, 2.122146, 0.35033122, -0.89736104
2796564544000, 2.0680842, 0.3494149, -0.9401216
2796569445000, 1.9804251, 0.31764993, -0.9761627
2796574494000, 1.8845193, 0.2611449, -1.0042624
2796579467000, 1.785559, 0.19150625, -1.0366384
2796584461000, 1.702176, 0.14752395, -1.0671816
2796589491000, 1.6071864, 0.12614368, -1.0894781
2796594466000, 1.5183055, 0.1142318, -1.1282681
2796599960000, 1.4068227, 0.015271631, -1.1175779
2796604453000, 1.325883, -0.05467244, -1.1233811
2796609477000, 1.3023647, -0.17989981, -1.1242975
2796614463000, 1.2583824, -0.2574797, -1.1777482
2796619471000, 1.2522738, -0.2764165, -1.2458596
2796624482000, 1.2773192, -0.34238997, -1.2916746
2796629467000, 1.3811663, -0.32986724, -1.3402383
2796634464000, 1.5118915, -0.22968534, -1.3839152
2796639473000, 1.632232, -0.20250183, -1.4043792
2796644464000, 1.8133535, -0.09865474, -1.3429873
2796649469000, 1.9413297, 0.016798794, -1.287093
2796654436000, 1.9871446, 0.05375614, -1.2064588
2796659479000, 1.9596558, 0.047647487, -1.1389582
2796664462000, 1.9104811, 0.004276057, -1.0873401
2796669693000, 1.8533652, -0.03756821, -1.0488557
2796674488000, 1.7684549, -0.09743301, -1.0451905
2796679469000, 1.7110336, -0.18112154, -1.0836749
2796684451000, 1.6829338, -0.1966986, -1.135293
2796689466000, 1.6749926, -0.23365596, -1.183246
2796694424000, 1.6780468, -0.22479841, -1.2357804
2796699465000, 1.6719382, -0.23732115, -1.303281
2796704413000, 1.6841555, -0.29993483, -1.3460416
2796709475000, 1.7595973, -0.35338554, -1.4333953
2796714395000, 1.8512272, -0.3549127, -1.4953982
2796719444000, 1.8784106, -0.32803464, -1.5705346
2796724478000, 1.8686367, -0.34422258, -1.6417004
2796729468000, 1.8445076, -0.37843102, -1.7082846
2796735968000, 1.829236, -0.4352415, -1.7971655
2796739480000, 1.8338175, -0.4859433, -1.858252
2796744819000, 1.7907515, -0.5195409, -1.9278907
2796749465000, 1.7455474, -0.5543602, -2.0039434
2796754476000, 1.6985108, -0.5925393, -2.081218
2796759476000, 1.6612481, -0.6072, -2.1502457
2796764480000, 1.6539177, -0.6062838, -2.1951442
2796769446000, 1.6639969, -0.56138515, -2.2131648
2796774699000, 1.6850718, -0.5015204, -2.2214115
2796779468000, 1.7397442, -0.453262, -2.2119431
2796784425000, 1.8185458, -0.41141775, -2.2052236
2796789479000, 1.9113973, -0.37018433, -2.176513
2796794688000, 2.0167716, -0.3585779, -2.1429152
2796799468000, 2.1276436, -0.37965274, -2.1325307
2796804452000, 2.1670444, -0.4071417, -2.1126773
2796809477000, 2.225993, -0.41874814, -2.1175644
2796814429000, 2.262034, -0.41508293, -2.112983
2796819484000, 2.2892175, -0.38637227, -2.1148155
2796824482000, 2.3176227, -0.35827246, -2.1178699
2796829502000, 2.3698518, -0.33261612, -2.121535
2796834397000, 2.4336872, -0.3042109, -2.137723
2796839499000, 2.5060747, -0.29352075, -2.140472
2796844408000, 2.5619688, -0.3005457, -2.1487186
2796849500000, 2.6096163, -0.31031954, -2.1621575
2796854992000, 2.6267207, -0.30757064, -2.159714
2796859475000, 2.6126707, -0.2919936, -2.1841488
2796864423000, 2.6004534, -0.22937989, -2.21683
2796869449000, 2.5558603, -0.16493362, -2.2296581
2796874548000, 2.516154, -0.09987647, -2.2421808
2796879468000, 2.4846945, -0.03390302, -2.232407
2796884426000, 2.4736989, 0.0036651916, -2.2122486
2796889563000, 2.4700336, -0.0021380284, -2.1691825
2796894490000, 2.438574, -0.02076942, -2.1038198
2796899454000, 2.38268, -0.05467244, -2.069917
2796904505000, 2.3493876, -0.09712757, -1.9984456
2796909472000, 2.2586741, -0.13164146, -1.9156734
2796914448000, 2.179567, -0.14538592, -1.8304577
2796919477000, 2.0928242, -0.12003502, -1.7507398
2796925204000, 2.025629, -0.124005646, -1.6264287
2796929442000, 1.9511036, -0.13072516, -1.5818355
2796935588000, 1.8964312, -0.14660765, -1.4798211
2796939474000, 1.8209893, -0.1600467, -1.3854424
2796944470000, 1.7690657, -0.18692477, -1.2861768
2796949467000, 1.7055358, -0.20708331, -1.1609493
2796954450000, 1.6215417, -0.2406809, -1.0375546
2796959466000, 1.5076154, -0.27672195, -0.9266826
2796964466000, 1.3683381, -0.3203988, -0.8206975
2796969421000, 1.2195925, -0.34238997, -0.7150178
2796974533000, 1.0458013, -0.3585779, -0.63499445
2796979424000, 0.87689704, -0.39492437, -0.5519168
2796984468000, 0.73639804, -0.40653083, -0.46731192
2796989455000, 0.5910121, -0.40591997, -0.38453966
2796994757000, 0.47036624, -0.38453966, -0.30604348
2796999445000, 0.35033122, -0.36193767, -0.26236662
2797004456000, 0.28955013, -0.29779682, -0.15363261
2797009456000, 0.15393804, -0.21838433, -0.0571159
2797014465000, 0.032070424, -0.13805555, 0.05375614
2797019459000, -0.116675265, -0.1001819, 0.14385876
2797024498000, -0.27000242, -0.10262536, 0.2302962
2797029454000, -0.42363504, -0.1337795, 0.3005457
2797034464000, -0.61361414, -0.16371189, 0.37323865
2797039502000, -0.8002335, -0.19272798, 0.44837508
2797044476000, -0.99387777, -0.25900686, 0.50823987
2797049433000, -1.1658363, -0.32650748, 0.56138515
2797054462000, -1.3060299, -0.37293324, 0.6239988
2797059429000, -1.4395039, -0.3857614, 0.66920286
2797064470000, -1.5555683, -0.3811799, 0.7287622
2797069448000, -1.666135, -0.36835176, 0.7800749
2797074521000, -1.7675385, -0.35521814, 0.8362745
2797079428000, -1.8487836, -0.29535335, 0.8677341
2797084466000, -1.9211712, -0.17715092, 0.890947
2797089486000, -2.000889, -0.008246681, 0.8854492
2797094464000, -2.0937407, 0.06658431, 0.82863873
2797099485000, -2.1536055, 0.1853976, 0.79198676
2797104443000, -2.2653937, 0.2507602, 0.6805039
2797109476000, -2.382069, 0.2519819, 0.54061574
2797114473000, -2.4969118, 0.19517145, 0.37598756
2797119447000, -2.5778513, 0.13255776, 0.19120082
2797124475000, -2.6422975, 0.10140363, -0.0061086523
2797129439000, -2.68628, 0.06414085, -0.18997909
2797134917000, -2.7913487, 0.015271631, -0.36102137
2797139454000, -2.919325, -0.050396383, -0.539394
2797144534000, -3.0149255, -0.14355333, -0.6908886
2797149433000, -3.107166, -0.2947425, -0.850019
2797154429000, -3.1908545, -0.46944994, -0.95081174
2797159437000, -3.2265902, -0.5674938, -1.0629056
2797164433000, -3.2149837, -0.6591236, -1.1377366
2797169448000, -3.1948252, -0.7272351, -1.2043208
2797174435000, -3.1538973, -0.8594874, -1.246776
2797180060000, -3.1202996, -0.945314, -1.2596041
2797184461000, -3.062573, -0.9569204, -1.251052
2797189530000, -2.9950724, -0.9755518, -1.2305881
2797194488000, -2.9315424, -0.9978484, -1.1945469
2797199500000, -2.9046643, -0.82558435, -1.135904
2797204455000, -2.8371637, -0.5500842, -1.0821478
2797209509000, -2.728735, -0.21227567, -1.0461067
2797214494000, -2.6450465, 0.06688975, -1.0048733
2797219493000, -2.5579982, 0.17989981, -0.8918633
2797224463000, -2.4397957, 0.25289822, -0.75869465
2797229498000, -2.3026567, 0.4269948, -0.66431594
2797234394000, -2.1994202, 0.45448375, -0.6218608
2797239517000, -2.1499403, 0.32650748, -0.6356053
2797244401000, -2.1557434, 0.17470746, -0.6230826
2797250065000, -2.1529946, 0.047036625, -0.535118
2797254447000, -2.146275, -0.15485434, -0.39675698
2797259508000, -2.0463986, -0.30818152, -0.2489276
2797264439000, -1.8832976, -0.45814893, -0.119729586
2797269491000, -1.707063, -0.56321776, -0.0012217305
2797274705000, -1.5286902, -0.57696223, 0.112399206
2797279481000, -1.3439035, -0.47158796, 0.18173242
2797284485000, -1.1814134, -0.2678644, 0.27397305
2797289517000, -1.0537425, -0.058948494, 0.33383787
2797294485000, -0.95417154, 0.0106901415, 0.3643811
2797299506000, -0.9242391, 0.10415252, 0.40408736
2797304465000, -0.8891144, 0.15149458, 0.42638394
2797309515000, -0.8924741, 0.11178834, 0.43279803
2797314472000, -0.91629785, -0.0076358155, 0.43371433
2797319917000, -0.9615019, -0.172264, 0.4352415
2797324506000, -1.0057896, -0.36957347, 0.46486846
2797329467000, -1.0146471, -0.5849035, 0.50640726
2797336018000, -0.96577793, -0.7675522, 0.56199604
2797339486000, -0.89369583, -0.8677341, 0.6114761
2797344833000, -0.81031275, -0.8912524, 0.68294734
2797349501000, -0.7324274, -0.8579602, 0.73731434
2797354475000, -0.6927212, -0.8054258, 0.7837401
2797359509000, -0.6722572, -0.79076505, 0.8155051
2797364422000, -0.68233645, -0.8197812, 0.838718
2797369493000, -0.6780604, -0.91354895, 0.8567385
2797374474000, -0.6243043, -1.0341948, 0.88361657
2797379503000, -0.46975538, -1.1004738, 0.92057395
2797384401000, -0.19822577, -1.1420126, 0.9465357
2797389556000, 0.14935656, -1.1371256, 0.9804387
2797394420000, 0.52687126, -1.0690142, 0.9841039
2797399493000, 0.7134906, -0.99387777, 0.990518
2797404479000, 0.94806284, -0.9071349, 0.96669424
2797409503000, 1.0326678, -0.7626653, 0.9266826
2797414490000, 1.0180069, -0.6178902, 0.9049969
2797419497000, 1.0002918, -0.46211955, 0.9398162
2797424538000, 0.96944314, -0.28252518, 1.010982
2797429499000, 0.9306532, -0.11148291, 1.0711522
2797434500000, 0.88422745, -0.03573562, 1.1029172
2797439504000, 0.8032878, -0.16432275, 1.0760391
2797444504000, 0.68691796, -0.41386122, 0.99021256
2797449494000, 0.5681047, -0.64934975, 0.88300574
2797454501000, 0.46670106, -0.88178396, 0.7125743
2797459504000, 0.3191771, -1.0946705, 0.50518554
2797464498000, 0.13469578, -1.1249083, 0.30604348
2797469618000, -0.0421497, -1.0009027, 0.20066923
2797474482000, -0.20311269, -0.8381071, 0.16218472
2797479505000, -0.32589662, -0.66156703, 0.16310102
2797484503000, -0.3717115, -0.52290064, 0.17745635
2797489570000, -0.32467487, -0.4841107, 0.19730948
2797494515000, -0.2180789, -0.4279111, 0.20525073
2797499501000, -0.16340645, -0.42455134, 0.14569137
2797505141000, -0.09315695, -0.43585235, 0.059253927
2797509510000, -0.06627888, -0.38820487, -0.021380283
2797514496000, -0.062002823, -0.29871312, -0.086132
2797519509000, -0.06811147, -0.18784106, -0.14385876
2797524521000, -0.090713486, -0.062002823, -0.18845193
2797529447000, -0.09560041, 0.071776666, -0.22693644
2797535167000, -0.09285152, 0.21594086, -0.258396
2797539503000, -0.077579886, 0.3390302, -0.30207285
2797544504000, -0.08460484, 0.43066, -0.33444872
2797549399000, -0.077579886, 0.49021935, -0.364992
2797554502000, -0.06261369, 0.51251596, -0.37873647
2797559402000, -0.06352998, 0.52534413, -0.39584067
2797564502000, -0.062002823, 0.5320636, -0.4175264
2797569429000, -0.052534413, 0.5119051, -0.43799037
2797575275000, -0.039095376, 0.50335294, -0.4596761
2797579440000, -0.044898596, 0.50518554, -0.49327368
2797584493000, -0.04795292, 0.50671273, -0.5027421
2797589515000, -0.05497787, 0.5170974, -0.51007247
2797594505000, -0.06780604, 0.52473325, -0.5155703
2797599436000, -0.07544186, 0.5354234, -0.52442783
2797604493000, -0.080634214, 0.569021, -0.5348125
2797609501000, -0.074830994, 0.57451874, -0.56199604
2797614502000, -0.076052725, 0.5842926, -0.58246
2797619472000, -0.073303826, 0.5885687, -0.6053675
2797624531000, -0.09254608, 0.5833763, -0.64568454
2797629489000, -0.118507855, 0.5665775, -0.66737026
2797634498000, -0.15790866, 0.57848936, -0.7174612
2797639499000, -0.20861048, 0.6087272, -0.766025
2797644945000, -0.25778514, 0.6377433, -0.84665924
2797649487000, -0.29168814, 0.6001751, -0.9080512
2797654495000, -0.38423425, 0.5491679, -0.9288206
2797659510000, -0.4886922, 0.5723807, -0.99296147
2797664501000, -0.5891795, 0.59620446, -1.0290025
2797669483000, -0.6737844, 0.56199604, -1.022283
2797674477000, -0.73792523, 0.5671884, -0.977079
2797679743000, -0.77091193, 0.6258314, -0.9960158
2797684498000, -0.7892379, 0.6646214, -1.0057896
2797689529000, -0.79045963, 0.7244862, -0.98746365
2797694500000, -0.78893244, 0.7257079, -0.94134337
2797699463000, -0.7797695, 0.70921457, -0.9016371
2797704490000, -0.7492262, 0.6976081, -0.8533788
2797709453000, -0.743423, 0.68416905, -0.80939645
2797714600000, -0.7199047, 0.6783658, -0.7654142
2797719428000, -0.7067711, 0.66645396, -0.7290677
2797724517000, -0.6988298, 0.59742624, -0.6786713
2797729403000, -0.7012733, 0.559858, -0.6441574
2797735157000, -0.7031059, 0.56779927, -0.5992588
2797739450000, -0.6765333, 0.60231316, -0.537256
2797744504000, -0.6401868, 0.63346726, -0.4709771
2797749401000, -0.5919284, 0.6719518, -0.3839288
2797754484000, -0.56230146, 0.6844745, -0.3005457
2797759405000, -0.54092115, 0.72295904, -0.22785273
2797764498000, -0.5204572, 0.76144356, -0.14385876
2797769498000, -0.45448375, 0.7852673, -0.07452556
2797774480000, -0.4092797, 0.74464476, -0.026572637
2797779485000, -0.37659842, 0.67011917, 0.008246681
2797784500000, -0.35155296, 0.63804877, 0.03390302
2797789525000, -0.3594942, 0.55741453, 0.04886922
2797794501000, -0.36713, 0.48716503, 0.06811147
2797799493000, -0.37323865, 0.43035457, 0.09712757
2797804493000, -0.39706242, 0.38087448, 0.12308934
2797809502000, -0.40103304, 0.39767328, 0.14752395
2797814496000, -0.410196, 0.44440445, 0.17195857
2797819499000, -0.40653083, 0.4297437, 0.21197024
2797824521000, -0.4334089, 0.42394048, 0.24251351
2797830243000, -0.47494772, 0.45570546, 0.28985557
2797834494000, -0.48349985, 0.50976706, 0.32436943
2797839536000, -0.4810564, 0.55863625, 0.35308012
2797844503000, -0.47158796, 0.5748242, 0.40653083
2797849502000, -0.4813618, 0.5458081, 0.4908302
2797854483000, -0.5009095, 0.6041457, 0.42943826
2797859503000, -0.39858958, 0.63529986, 0.42332962
2797864491000, -0.37323865, 0.59956425, 0.4382958
2797869494000, -0.39522982, 0.56046885, 0.44929138
2797874479000, -0.42302418, 0.49327368, 0.46670106
2797879502000, -0.45173484, 0.47800204, 0.52503866
2797884491000, -0.46975538, 0.4841107, 0.5742133
2797889520000, -0.4700608, 0.46914452, 0.5900958
2797894502000, -0.49327368, 0.42455134, 0.6365216
2797900175000, -0.5164866, 0.37690386, 0.70616025
2797904486000, -0.58551437, 0.37598756, 0.7275405
2797909502000, -0.5992588, 0.32406402, 0.7669413
2797914497000, -0.6649268, 0.20250183, 0.81153446
2797919503000, -0.799928, 0.11789699, 0.8127562
2797924474000, -0.9074403, -0.022602014, 0.7858781
2797929503000, -0.99204516, -0.18967366, 0.7779369
2797935154000, -1.0213667, -0.40194935, 0.7699956
2797939505000, -1.0341948, -0.6423248, 0.7348709
2797944403000, -1.0354166, -0.86926126, 0.689056
2797949503000, -1.0403035, -1.0296134, 0.6044512
2797954420000, -1.0372492, -1.1242975, 0.5332854
2797959505000, -1.0112875, -1.2055426, 0.47708577
2797964435000, -1.003957, -1.2819008, 0.44684792
2797969513000, -0.9639453, -1.3057245, 0.4456262
2797974498000, -0.91996306, -1.2880094, 0.43218717
2797979509000, -0.8524625, -1.2198979, 0.43004912
2797984473000, -0.78984874, -1.1841623, 0.419359
2797989528000, -0.7556403, -1.1029172, 0.38881573
2797994475000, -0.6582073, -1.040609, 0.34483343
2797999503000, -0.573297, -1.0186177, 0.28496864
2798004466000, -0.49754974, -1.022283, 0.20463985
2798009504000, -0.4196644, -1.0577132, 0.12797627
2798014479000, -0.3585779, -1.0848967, 0.03940081
2798019503000, -0.32834008, -1.0809261, -0.022296581
2798024528000, -0.30451632, -1.0546589, -0.08246681
2798029505000, -0.27977628, -1.0479393, -0.15332718
2798034474000, -0.23609942, -1.0097603, -0.22632557
2798039676000, -0.19975294, -0.93828905, -0.2910773
2798044465000, -0.15241088, -0.8503244, -0.34483343
2798049502000, -0.12492194, -0.7623598, -0.38606682
2798054631000, -0.08032878, -0.68203104, -0.41538838
2798059504000, -0.04428773, -0.60048056, -0.43860126
2798064498000, 0.004886922, -0.52503866, -0.44318274
2798069530000, 0.06994407, -0.4129449, -0.45356745
2798074474000, 0.12583824, -0.28985557, -0.45051312
2798079499000, 0.18173242, -0.22540927, -0.43096542
2798084398000, 0.25411993, -0.105374254, -0.4202753
2798089511000, 0.29718593, -0.021380283, -0.3912592
2798094479000, 0.38789943, 0.055588737, -0.3387248
2798099501000, 0.46975538, 0.1386664, -0.29016098
2798104493000, 0.5876524, 0.23823744, -0.24923302
2798109510000, 0.70646566, 0.39706242, -0.21288654
2798114488000, 0.8472701, 0.6044512, -0.17379116
2798119489000, 0.9822713, 0.79779, -0.1777618
2798124545000, 1.1007792, 0.9801333, -0.19486602
2798129471000, 1.2061534, 1.1407908, -0.24098633
2798136069000, 1.3057245, 1.2547172, -0.3155119
2798139503000, 1.3765849, 1.3109168, -0.3866777
2798144477000, 1.4236214, 1.2996159, -0.45631635
2798149476000, 1.4367551, 1.2437216, -0.47708577
2798154474000, 1.4117095, 1.105666, -0.4877759
2798159485000, 1.351234, 0.95722586, -0.44990227
2798164476000, 1.271516, 0.8045095, -0.38240165
2798169495000, 1.1866057, 0.63285637, -0.3118467
2798174444000, 1.1111639, 0.44440445, -0.25870144
2798179496000, 1.0522153, 0.35460728, -0.23548855
2798184513000, 1.0128145, 0.1826487, -0.22815818
2798189528000, 0.9599747, -0.023823744, -0.23060162
2798194505000, 0.8854492, -0.23365596, -0.2312125
2798199492000, 0.8054258, -0.46303585, -0.23793201
2798204502000, 0.73426, -0.6600399, -0.22143865
2798209502000, 0.6747007, -0.83169305, -0.19364429
2798214500000, 0.6469063, -0.96761054, -0.17928895
2798219496000, 0.61850107, -1.0412198, -0.14874569
2798225291000, 0.63163465, -1.0916162, -0.13652839
2798229501000, 0.64996064, -1.1447614, -0.11575896
2798234491000, 0.6646214, -1.1829406, -0.10415252
2798239547000, 0.64568454, -1.2250903, -0.10048734
2798244485000, 0.62888575, -1.2519683, -0.09040806
2798249468000, 0.59864795, -1.2611313, -0.04734206
2798254452000, 0.59223384, -1.1890492, -0.043676864
2798259502000, 0.5705481, -1.1297953, -0.05222898
2798264467000, 0.5204572, -1.110553, -0.035124753
2798269475000, 0.5290093, -1.0928379, -0.018936822
2798274483000, 0.5491679, -1.0897835, -0.018020526
2798279408000, 0.58032197, -1.087951, -0.0143553335
2798284465000, 0.59498274, -1.0656544, -0.0106901415
2798289435000, 0.6246097, -1.0247264, -0.020158553
2798295109000, 0.6270532, -0.9914343, -0.03634648
2798299400000, 0.58184916, -0.98868537, -0.03940081
2798304454000, 0.5500842, -0.9639453, -0.026267206
2798309407000, 0.4896085, -0.94134337, -0.014660766
2798314466000, 0.45051312, -0.9260717, 0.02076942
2798319666000, 0.4120286, -0.89919364, 0.07666359
2798324486000, 0.3866777, -0.8762862, 0.14080444
2798329437000, 0.3930918, -0.8313876, 0.19517145
2798335106000, 0.4175264, -0.7806858, 0.23976462
2798339449000, 0.4642576, -0.77640975, 0.25961772
2798344468000, 0.5009095, -0.763887, 0.25320363
2798349399000, 0.54275376, -0.7348709, 0.23396139
2798354445000, 0.5821546, -0.69974613, 0.21288654
2798359564000, 0.6041457, -0.6435465, 0.17745635
2798364730000, 0.6209445, -0.52412236, 0.15454891
2798369478000, 0.61727935, -0.408058, 0.13561209
2798374489000, 0.5852089, -0.35246924, 0.103847094
2798379794000, 0.5702427, -0.21746802, 0.103847094
2798384460000, 0.5329799, -0.18570304, 0.11148291
2798389777000, 0.5158757, -0.16829337, 0.12858713
2798394498000, 0.49632803, -0.23548855, 0.12308934
2798399431000, 0.48258355, -0.28527406, 0.129198
2798404496000, 0.46883908, -0.35155296, 0.12858713
2798409460000, 0.44135013, -0.3933972, 0.13408493
2798414516000, 0.44715336, -0.40775254, 0.15607607
2798419434000, 0.43982297, -0.4025602, 0.172264
2798424537000, 0.4370741, -0.36468655, 0.1777618
2798429401000, 0.4147775, -0.32436943, 0.16615535
2798434499000, 0.39553526, -0.27916542, 0.16371189
2798439472000, 0.37232238, -0.24617869, 0.16920967
2798444510000, 0.34697145, -0.20647246, 0.1872302
2798449437000, 0.3136793, -0.20158553, 0.18936823
2798454495000, 0.29352075, -0.20952678, 0.2180789
2798459413000, 0.28313604, -0.22510384, 0.24037547
2798464498000, 0.267559, -0.23090707, 0.28771752
2798469426000, 0.25411993, -0.2574797, 0.31642818
2798474475000, 0.2519819, -0.25259277, 0.34208453
2798479434000, 0.23884831, -0.23976462, 0.3680463
2798484493000, 0.21868975, -0.21380283, 0.38453966
2798489597000, 0.20097467, -0.17867808, 0.39522982
2798494508000, 0.1863139, -0.11759156, 0.4083634
2798499490000, 0.15332718, -0.082161374, 0.42119157
2798504496000, 0.11789699, -0.046120327, 0.4083634
2798509511000, 0.086132, 0.008552114, 0.40591997
2798514543000, 0.06536258, 0.03940081, 0.40378192
2798519531000, 0.024740042, 0.040927973, 0.39645153
2798524534000, -0.006414085, 0.040927973, 0.39095375
2798529504000, -0.041233405, 0.046731193, 0.36713
2798535316000, -0.07360926, 0.05589417, 0.3475823
2798539510000, -0.10567969, 0.06536258, 0.32986724
2798544496000, -0.14019357, 0.101098195, 0.31795537
2798550159000, -0.15851954, 0.11881329, 0.29229903
2798554493000, -0.19181168, 0.15210545, 0.25411993
2798559506000, -0.22418754, 0.1826487, 0.23090707
2798564495000, -0.25534168, 0.21502456, 0.19730948
2798569492000, -0.2837469, 0.23976462, 0.17287487
2798574487000, -0.30940324, 0.24770586, 0.1432479
2798579504000, -0.3295618, 0.27091873, 0.12308934
2798584545000, -0.3567453, 0.29046643, 0.106901415
2798589601000, -0.3820962, 0.27977628, 0.09132435
2798594497000, -0.4129449, 0.29535335, 0.06841691
2798599503000, -0.4260785, 0.29443705, 0.055283304
2798604486000, -0.44073927, 0.28496864, 0.043066
2798609506000, -0.45814893, 0.2837469, 0.02107485
2798614499000, -0.4596761, 0.27580565, -0.0015271631
2798620097000, -0.46211955, 0.2846632, -0.019242255
2798624496000, -0.47128254, 0.28496864, -0.04886922
2798629501000, -0.4709771, 0.3051272, -0.08857546
2798634496000, -0.4728097, 0.34697145, -0.12980886
2798639543000, -0.48472157, 0.30787608, -0.14996742
2798644471000, -0.49113566, 0.2782491, -0.172264
2798649503000, -0.49357912, 0.2706133, -0.2003638
2798654441000, -0.5030475, 0.2751948, -0.22571471
2798659505000, -0.5161811, 0.27305678, -0.23793201
2798664418000, -0.5198463, 0.26908615, -0.25320363
2798669522000, -0.5271767, 0.28069258, -0.27977628
2798674497000, -0.5311473, 0.267559, -0.25442538
2798679597000, -0.5329799, 0.22602014, -0.24801129
2798684413000, -0.5323691, 0.18906279, -0.24495697
2798689567000, -0.5149594, 0.18234327, -0.22907446
2798694423000, -0.50885075, 0.18173242, -0.2180789
2798699503000, -0.49541172, 0.183565, -0.21533
2798704472000, -0.48166725, 0.15943582, -0.18417588
2798709505000, -0.47311515, 0.15118915, -0.16065755
2798714448000, -0.44684792, 0.13652839, -0.15027285
2798719511000, -0.4251622, 0.090713486, -0.15302174
2798724901000, -0.38545597, 0.056505036, -0.15210545
2798729504000, -0.3436117, 0.03268129, -0.17195857
2798735135000, -0.3118467, 0.0061086523, -0.1386664
2798739507000, -0.25473082, 0.0027488936, -0.10598512
2798744512000, -0.22082779, -0.0036651916, -0.089491755
2798749498000, -0.1740966, 0.0027488936, -0.0729984
2798754488000, -0.12950343, 0.007330383, -0.06169739
2798759540000, -0.08552113, 0.01985312, -0.055283304
2798764496000, -0.04337143, 0.025961773, -0.05375614
2798769499000, -0.0036651916, 0.038789943, -0.053450707
2798774489000, 0.034513887, 0.05467244, -0.056505036
2798779503000, 0.054061573, 0.07147124, -0.058337633
2798784497000, 0.08827003, 0.08246681, -0.051618114
2798789525000, 0.12095132, 0.0983493, -0.03756821
2798794510000, 0.13316862, 0.11362094, -0.025350908
2798799496000, 0.13836098, 0.12186762, -0.020158553
2798804473000, 0.13591751, 0.14172074, -0.022907447
2798809498000, 0.1386664, 0.13988814, -0.015882496
2798814498000, 0.15851954, 0.15118915, -0.005192355
2798819499000, 0.15241088, 0.15577064, -0.007330383
2798824538000, 0.13897185, 0.14446963, -0.004581489
2798829501000, 0.13439035, 0.14172074, -0.0067195175
2798834491000, 0.119729586, 0.12186762, -0.0018325958
2798839645000, 0.10934488, 0.112399206, -0.0076358155
2798844472000, 0.10323623, 0.09010262, -0.011911872
2798849465000, 0.09437868, 0.06688975, -0.009162978
2798854452000, 0.07696902, 0.050396383, -0.00580322
2798859469000, 0.07849618, 0.034513887, -0.009773844
2798864469000, 0.07452556, 0.021685716, -0.0021380284
2798869437000, 0.06505715, 0.008857546, -0.0018325958
2798875161000, 0.06688975, -0.008246681, -0.004886922
2798879488000, 0.060170226, -0.014966198, 0.0070249503
2798884463000, 0.0421497, -0.018325957, 0.017715093
2798889452000, 0.03145956, -0.04062254, 0.02321288
2798894478000, 0.015271631, -0.05375614, 0.032070424
2798899463000, 0.004886922, -0.05375614, 0.03756821
2798904449000, -0.0061086523, -0.055283304, 0.05222898
2798909579000, -0.007330383, -0.054061573, 0.06994407
2798914467000, -0.008552114, -0.04917465, 0.09101892
2798919442000, -0.0027488936, -0.04337143, 0.09896017
2798924525000, -0.004276057, -0.042760566, 0.12461651
2798929491000, 0.004886922, -0.035430185, 0.14721853
2798936004000, 0.018325957, -0.034208454, 0.16279559
2798939436000, 0.0290161, -0.04153884, 0.18020524
2798945242000, 0.04184427, -0.04337143, 0.19730948
2798949392000, 0.051923547, -0.04428773, 0.20861048
2798954455000, 0.0711658, -0.04520403, 0.23182335
2798959401000, 0.0852157, -0.03268129, 0.24465153
2798964468000, 0.106901415, -0.025961773, 0.25900686
2798969446000, 0.11453723, -0.022296581, 0.26328292
2798974482000, 0.12064589, -0.0076358155, 0.26328292
2798979464000, 0.13744467, -0.0027488936, 0.25686884
2798984458000, 0.1432479, 0.013744468, 0.26297748
2798989489000, 0.13622294, 0.03390302, 0.2452624
2798994474000, 0.14019357, 0.04886922, 0.23915374
2798999451000, 0.13683382, 0.06261369, 0.22693644
2799004452000, 0.13805555, 0.052534413, 0.2125811
2799009539000, 0.12797627, 0.048258353, 0.19914207
2799014883000, 0.12186762, 0.04917465, 0.183565
2799019464000, 0.11178834, 0.04886922, 0.16493362
2799024481000, 0.105374254, 0.052534413, 0.14996742
2799029589000, 0.086132, 0.04184427, 0.12736541
2799034459000, 0.06688975, 0.03970624, 0.112704635
2799039840000, 0.05681047, 0.03940081, 0.09101892
2799044470000, 0.028405234, 0.039095376, 0.07574729
2799049452000, 0.01038471, 0.041233405, 0.051618114
2799054455000, -0.020463986, 0.040927973, 0.035124753
2799059408000, -0.03848451, 0.04795292, 0.018020526
2799064468000, -0.05100725, 0.049785517, 0.0033597588
2799069458000, -0.071776666, 0.045814894, -0.004581489
2799074486000, -0.079107046, 0.04337143, -0.014660766
2799079401000, -0.10415252, 0.043982297, -0.018936822
2799084535000, -0.112399206, 0.055283304, -0.023518313
2799089452000, -0.12003502, 0.04734206, -0.03573562
2799094471000, -0.13530666, 0.04062254, -0.03940081
2799099399000, -0.129198, 0.05589417, -0.04642576
2799104454000, -0.13805555, 0.04520403, -0.04917465
2799109429000, -0.13225232, 0.042455133, -0.053145275
2799114442000, -0.1337795, 0.046120327, -0.051618114
2799119476000, -0.12370021, 0.042760566, -0.055283304
2799124532000, -0.12797627, 0.05009095, -0.050701816
2799129509000, -0.12736541, 0.044593163, -0.05681047
2799135344000, -0.1160644, 0.034513887, -0.058643065
2799139480000, -0.118202426, 0.035124753, -0.053145275
2799144476000, -0.122783914, 0.02076942, -0.052534413
2799149464000, -0.11881329, 0.02076942, -0.052839845
2799154458000, -0.110872045, 0.00580322, -0.040317107
2799159481000, -0.12003502, 0.005192355, -0.030848695
2799164465000, -0.100792766, 0.00580322, -0.024129177
2799169457000, -0.087659165, 9.162979E-4, -0.01740966
2799174477000, -0.073303826, -0.013744468, -0.017104227
2799179471000, -0.063224554, -0.02076942, -0.0067195175
2799184459000, -0.04550946, -0.018325957, -0.006414085
2799189528000, -0.03573562, -0.018325957, -0.005497787
2799194496000, -0.03573562, -0.017715093, -0.0076358155
2799200119000, -0.034513887, -0.003970624, -3.0543262E-4
2799204495000, -0.025961773, -0.003970624, 0.004276057
2799209505000, -0.01282817, 0.017715093, 0.011911872
2799214497000, -0.005192355, 0.043676864, 0.03940081
2799219499000, 0.021991149, 0.052839845, 0.043676864
2799224582000, 0.04428773, 0.052534413, 0.046120327
2799229558000, 0.052839845, 0.063224554, 0.041233405
2799234457000, 0.06291912, 0.065973446, 0.038179077
2799239456000, 0.076358154, 0.06688975, 0.029321533
2799244467000, 0.07452556, 0.082161374, 0.024740042
2799249500000, 0.081855945, 0.089491755, 0.0143553335
2799254489000, 0.0720821, 0.08307768, 0.009773844
2799259503000, 0.06078109, 0.07238753, 0.007941248
2799264498000, 0.05131268, 0.0842994, 3.0543262E-4
2799269492000, 0.03940081, 0.09468412, -0.0027488936
2799274473000, 0.034513887, 0.11148291, -9.162979E-4
2799279499000, 0.015577064, 0.13347405, 0.0061086523
2799284493000, 0.018020526, 0.13652839, 0.009468411
2799289518000, 0.0033597588, 0.1301143, 0.014966198
2799294504000, -0.015882496, 0.09712757, 0.030848695
2799299499000, -0.03634648, 0.073303826, 0.04642576
2799304486000, -0.050701816, 0.044593163, 0.058643065
2799309506000, -0.056505036, 0.022907447, 0.06688975
2799314494000, -0.061086524, 6.1086525E-4, 0.081855945
2799319504000, -0.06291912, -0.018020526, 0.08368854
2799324543000, -0.055283304, -0.04520403, 0.09682214
2799329583000, -0.061391957, -0.064446285, 0.09437868
2799334402000, -0.048563786, -0.06780604, 0.10293079
2799339507000, -0.03359759, -0.07360926, 0.09865474
2799344396000, -0.023518313, -0.080634214, 0.09865474
2799349503000, -0.017715093, -0.07880162, 0.09101892
2799354416000, -0.02107485, -0.069027774, 0.08460484
2799359506000, -0.01282817, -0.06872234, 0.083383106
2799364396000, -0.0067195175, -0.06872234, 0.08124508
2799369481000, -0.008857546, -0.064446285, 0.07544186
2799374459000, -0.015882496, -0.053145275, 0.06261369
2799379511000, -0.02107485, -0.042455133, 0.047036625
2799384447000, -0.027183503, -0.05009095, 0.040317107
2799389469000, -0.03970624, -0.0290161, 0.028099801
2799394470000, -0.06505715, -0.021685716, 0.02321288
2799399468000, -0.064446285, -0.017104227, 0.0106901415
2799404456000, -0.07360926, -0.010995574, 0.0012217305
2799409476000, -0.08674286, -0.0070249503, -0.008246681
2799414474000, -0.10323623, -0.004581489, -0.014966198
2799419452000, -0.11209377, -0.011911872, -0.025350908
2799424452000, -0.11759156, -0.0036651916, -0.03176499
2799429470000, -0.11148291, -0.0036651916, -0.039095376
2799434462000, -0.11056661, -0.0125227375, -0.046120327
2799439480000, -0.11301007, -0.02107485, -0.04428773
2799444472000, -0.11789699, -0.03268129, -0.048258353
2799449464000, -0.099265605, -0.024740042, -0.04734206
2799454466000, -0.10323623, -0.021380283, -0.040927973
2799459481000, -0.08582657, -0.024129177, -0.046120327
2799464432000, -0.08032878, -0.02076942, -0.04153884
2799469452000, -0.079107046, -0.018936822, -0.042760566
2799474848000, -0.06872234, -0.008552114, -0.03145956
2799479466000, -0.054367006, -0.006414085, -0.02687807
2799484802000, -0.06536258, -0.007330383, -0.018325957
2799489476000, -0.054061573, 0.0030543262, -0.014049901
2799494407000, -0.03604105, -0.004886922, -0.015271631
2799499467000, -0.0421497, 0.0030543262, -0.010079277
2799504788000, -0.03268129, -0.0012217305, 6.1086525E-4
2799509475000, -0.03359759, -0.0027488936, -0.0076358155
2799514399000, -0.0143553335, -0.004276057, -0.005497787
2799519448000, -0.007941248, -0.004276057, -0.0012217305
2799524465000, -0.014966198, 0.0018325958, -0.006414085
2799529469000, -0.016187929, -0.005497787, -0.0027488936
2799535436000, -0.009773844, 9.162979E-4, 0.0030543262
2799539462000, -0.002443461, 0.003970624, -0.0015271631
2799544404000, -6.1086525E-4, 0.008857546, -0.0030543262
2799549464000, -0.0030543262, 0.015271631, 0.009468411
2799554415000, 0.004581489, 0.008857546, 0.0125227375
2799559474000, 0.0018325958, 0.010995574, 0.01282817
2799564399000, 0.00580322, 0.024740042, 0.017104227
2799569506000, -6.1086525E-4, 0.02443461, 0.015577064
2799574453000, -0.002443461, 0.026267206, 0.021685716
2799579503000, -0.0036651916, 0.024740042, 0.011911872
2799584431000, -0.0067195175, 0.022907447, 0.016798794
2799589513000, -0.009162978, 0.025350908, 0.01985312
2799594440000, -0.0125227375, 0.024740042, 0.014660766
2799599495000, -0.009468411, 0.025961773, 0.02107485
2799604497000, -0.01160644, 0.025961773, 0.020463986
2799609505000, -0.0125227375, 0.027794369, 0.016493361
2799614477000, -0.011301007, 0.026267206, 0.01985312
2799619502000, -0.0106901415, 0.022296581, 0.014966198
2799624523000, -0.01863139, 0.0290161, 0.01282817
2799629501000, -0.023823744, 0.036651913, 0.026267206
2799634508000, -0.022907447, 0.042455133, 0.022602014
2799639508000, -0.014966198, 0.03634648, 0.0125227375
2799644504000, -0.017104227, 0.03481932, 0.01740966
2799649496000, -0.022602014, 0.035430185, 0.015577064
2799654499000, -0.026572637, 0.038179077, 0.024129177
2799659502000, -0.018936822, 0.042760566, 0.023823744
2799664501000, -0.030543262, 0.041233405, 0.029321533
2799669504000, -0.026267206, 0.04550946, 0.022296581
2799674471000, -0.03023783, 0.041233405, 0.021991149
2799679498000, -0.02076942, 0.043676864, 0.021991149
2799684490000, -0.027488936, 0.033292156, 0.021685716
2799689489000, -0.03145956, 0.036651913, 0.022602014
2799694505000, -0.03145956, 0.04062254, 0.01740966
2799699492000, -0.026267206, 0.03970624, 0.026267206
2799704502000, -0.03481932, 0.0421497, 0.011301007
2799709506000, -0.027794369, 0.041233405, 0.014660766
2799714490000, -0.03390302, 0.03940081, 0.0125227375
2799719494000, -0.032070424, 0.03940081, 0.0106901415
2799724516000, -0.031154128, 0.043982297, 0.008246681
2799729520000, -0.032986723, 0.03604105, 0.0076358155
2799735106000, -0.03573562, 0.03359759, 0.0067195175
2799739493000, -0.0290161, 0.034208454, 0.008857546
2799744504000, -0.028405234, 0.039095376, 0.010079277
2799749493000, -0.0290161, 0.039095376, 0.010079277
2799754496000, -0.03573562, 0.03390302, 0.015271631
2799759495000, -0.03726278, 0.03726278, 0.016798794
2799764498000, -0.029321533, 0.03145956, 0.018936822
2799769494000, -0.03176499, 0.027183503, 0.013744468
2799774488000, -0.03726278, 0.021380283, 0.01282817
2799779452000, -0.03481932, 0.028099801, 0.014966198
2799784495000, -0.034513887, 0.016493361, 0.0125227375
2799789464000, -0.022602014, 0.031154128, 0.015577064
2799794501000, -0.03023783, 0.019547688, 0.016493361
2799799458000, -0.01985312, 0.016187929, 0.013133603
2799804503000, -0.0125227375, 0.011911872, 0.018936822
2799809472000, -0.013133603, 0.013744468, 0.015271631
2799814501000, -0.009773844, 0.020463986, 0.019547688
2799819479000, -0.01863139, 0.01160644, 0.02107485
2799824537000, -0.015882496, 0.0106901415, 0.01282817
2799829497000, -0.016798794, 0.012217305, 0.018325957
2799834495000, -0.019242255, 0.016798794, 0.018936822
2799839475000, -0.011911872, 0.019547688, 0.016187929
2799844499000, -0.007941248, 0.013133603, 0.018020526
2799849480000, -0.01740966, 0.0076358155, 0.018020526
2799854503000, -0.015577064, 0.00580322, 0.01282817
2799859483000, -0.01740966, 0.0061086523, 0.014660766
2799864501000, -0.01985312, -0.013439035, 0.0070249503
2799869479000, -0.014660766, -0.008857546, 0.009468411
2799874462000, -0.020463986, -3.0543262E-4, 0.0067195175
2799879521000, -0.014049901, 0.009468411, 0.009468411
2799884493000, -0.027794369, 0.0027488936, 0.004886922
2799889503000, -0.024740042, -0.0076358155, 0.011911872
2799894503000, -0.03481932, -0.0036651916, 0.010995574
2799899490000, -0.038789943, -0.006414085, 0.0070249503
2799904506000, -0.03634648, -0.005192355, 0.004581489
2799909850000, -0.04734206, -0.01038471, 0.011301007
2799914502000, -0.044593163, -0.01160644, 0.003970624
2799919761000, -0.048258353, -0.009773844, 0.0143553335
2799924523000, -0.05009095, -0.013439035, 0.008552114
2799929459000, -0.059864793, -0.014966198, 0.008552114
2799935112000, -0.04734206, -0.010995574, 0.003970624
2799939481000, -0.058337633, -0.008246681, 0.01038471
2799944505000, -0.06078109, -0.0076358155, 0.015271631
2799949397000, -0.06047566, -0.01160644, 0.010995574
2799954489000, -0.045814894, -0.0143553335, 0.00580322
2799959406000, -0.05589417, -0.005192355, 0.01160644
2799964497000, -0.0571159, -0.0012217305, 0.0143553335
2799969434000, -0.053145275, 0.0027488936, 0.011301007
2799974500000, -0.04520403, -9.162979E-4, 0.0033597588
2799979467000, -0.052839845, -0.0027488936, 0.00580322
2799984487000, -0.048258353, -0.0021380284, 0.011911872
2799989430000, -0.03573562, 0.007330383, 0.0061086523
2799994514000, -0.039095376, 0.009162978, 0.01160644
2799999464000, -0.034513887, 0.005192355, 0.013744468
2800004500000, -0.03940081, 0.00580322, 0.016493361
2800009445000, -0.042455133, 0.011301007, 0.01985312
2800014496000, -0.032375857, 0.01863139, 0.018325957
2800019456000, -0.032375857, 0.017104227, 0.016187929
2800024518000, -0.022907447, 0.018936822, 0.01985312
2800029517000, -0.022907447, 0.013744468, 0.018325957
2800034491000, -0.028099801, 0.018936822, 0.023823744
2800039539000, -0.028099801, 0.019242255, 0.01863139
2800044501000, -0.02687807, 0.016798794, 0.01863139
2800049523000, -0.016798794, 0.0143553335, 0.02076942
2800054459000, -0.021380283, 0.015271631, 0.01985312
2800059475000, -0.0143553335, 0.025350908, 0.029932396
2800064464000, -0.019242255, 0.028099801, 0.021991149
2800069445000, -0.02443461, 0.032986723, 0.024129177
2800074508000, -0.018020526, 0.029626964, 0.030848695
2800079460000, -0.01160644, 0.037873644, 0.025961773
2800084458000, -0.010995574, 0.034208454, 0.023823744
2800089507000, -0.013133603, 0.043066, 0.02443461
2800094469000, -0.018936822, 0.043066, 0.021380283
