#Acceleration force along the x y z axes (including gravity).
#timestamp(ns),x,y,z(m/s^2)
#Datetime: 20/05/2015 12:23:58
##########################################
#Activity: 6 - STN - Stairs down - 10s
#Subject ID: 50
#First Name: sub50
#Last Name: sub50
#Age: 23
#Height(cm): 165
#Weight(kg): 50
#Gender: Female
##########################################

@DATA
547362134000, -2.767697, 9.461885, -0.81402856
547375176000, -2.7581203, 9.404425, -0.8714894
547385256000, -2.7868507, 9.423578, -0.8810662
547416470000, -2.8060043, 9.461885, -0.6799533
547437908000, -2.777274, 9.452309, -0.7469909
547457608000, -2.825158, 9.461885, -0.7374141
547478566000, -2.8060043, 9.519346, -0.7278373
547488845000, -2.815581, 9.490616, -0.80445176
547498713000, -2.7964275, 9.481039, -0.7661445
547530120000, -2.777274, 9.442732, -0.6991069
547539913000, -2.7964275, 9.452309, -0.7182605
547562378000, -2.8060043, 9.500193, -0.7469909
547572783000, -2.767697, 9.509769, -0.78529817
547582815000, -2.7485435, 9.481039, -0.641646
547602723000, -2.7964275, 9.528923, -0.8523358
547612835000, -2.834735, 9.509769, -0.7086837
547633225000, -2.825158, 9.433155, -0.79487497
547644187000, -2.7964275, 9.394848, -0.80445176
547655262000, -2.815581, 9.385271, -0.7757214
547676973000, -2.7868507, 9.375694, -0.7565677
547686827000, -2.7485435, 9.423578, -0.81402856
547696980000, -2.6623523, 9.481039, -0.90021986
547717376000, -2.7964275, 9.490616, -0.94810385
547727439000, -2.9975405, 9.414001, -0.7565677
547738080000, -2.9783869, 9.3661175, -0.5746084
547747668000, -2.9113493, 9.279925, -0.58418524
547757917000, -2.8634653, 9.212888, -0.46926352
547778827000, -2.8921957, 9.289502, -0.5363012
547788494000, -2.9113493, 9.346964, -0.59376204
547798595000, -2.9017725, 9.414001, -0.62249243
547809281000, -2.9400797, 9.423578, -0.49799395
547819554000, -3.016694, 9.356541, -0.50757074
547829256000, -3.064578, 9.308656, -0.60333884
547839822000, -3.1411927, 9.3182335, -0.7565677
547850580000, -3.2465374, 9.528923, -1.0534488
547862073000, -3.2273839, 9.634268, -1.13964
547892647000, -3.1890767, 9.528923, -1.3982137
547912916000, -3.1124623, 9.165004, -1.4269443
547925510000, -2.96881, 9.002198, -1.484405
547935374000, -2.9017725, 8.935161, -1.5514427
547947111000, -2.873042, 8.944737, -1.541866
547966714000, -2.8538885, 9.069236, -1.7812861
547977243000, -2.9113493, 9.375694, -2.2697031
547987321000, -3.169923, 9.653421, -2.9017725
547997480000, -3.5434184, 10.409989, -3.3039982
548012758000, -3.8019924, 10.524911, -3.2273839
548030344000, -3.8115692, 10.601525, -3.4093432
548043213000, -3.763685, 10.352529, -3.5242648
548052871000, -3.6391866, 9.931149, -3.667917
548062831000, -3.6104562, 9.481039, -3.7924154
548072700000, -3.5817258, 9.059659, -3.8019924
548082502000, -3.667917, 8.676587, -3.667917
548093098000, -3.9360676, 8.322245, -3.4859576
548103536000, -4.367024, 8.101978, -3.3901896
548113088000, -4.644751, 8.0924015, -3.514688
548123376000, -4.5777135, 8.1881695, -3.6966474
548135413000, -4.414908, 8.255207, -3.8115692
548146260000, -4.0701427, 7.8529816, -3.6966474
548157506000, -3.9552212, 7.431602, -3.466804
548167489000, -3.7445314, 7.086837, -3.2944214
548177616000, -3.5051112, 6.742072, -3.074155
548189138000, -3.2752678, 6.5218053, -2.9496565
548199132000, -3.0262709, 6.4739213, -2.7581203
548209331000, -2.9400797, 6.4547677, -2.566584
548221349000, -2.8921957, 6.6079965, -2.6048915
548233263000, -2.8634653, 6.655881, -2.719813
548243547000, -2.815581, 6.7803793, -3.3423057
548253257000, -2.8060043, 6.742072, -3.6870706
548264903000, -2.7389667, 6.6175733, -4.0222588
548274604000, -2.6719291, 6.4260373, -4.232949
548284326000, -2.5761611, 6.2249246, -4.2521024
548294996000, -2.4995465, 6.033388, -4.050989
548306257000, -2.4899697, 5.90889, -3.715801
548315095000, -2.4133554, 5.8705826, -3.371036
548326376000, -2.27928, 5.889736, -2.9017725
548345625000, -2.078167, 5.9184666, -2.0973208
548355918000, -1.9153614, 6.0238113, -2.2218192
548365841000, -1.7046716, 6.1100025, -2.6623523
548375976000, -1.4748282, 6.081272, -3.3327289
548388216000, -1.4077905, 6.157887, -3.7732618
548397198000, -1.4652514, 6.2632318, -3.8594532
548407605000, -1.6472107, 6.3206925, -3.620033
548417458000, -1.934515, 6.3781533, -3.2752678
548427787000, -2.1164744, 6.4260373, -2.8538885
548439213000, -2.1452048, 6.3781533, -2.4516625
548447928000, -2.0590134, 6.3111157, -2.1164744
548458965000, -1.8770541, 6.349423, -1.9153614
548468269000, -1.541866, 6.5696893, -1.9057846
548478370000, -1.2162545, 6.9527617, -2.1547816
548488536000, -0.94810385, 7.4603324, -2.566584
548498634000, -0.842759, 8.054094, -3.0358477
548509467000, -1.2258313, 8.973468, -2.9879637
548519697000, -1.4652514, 9.337387, -3.2848446
548529248000, -1.4460979, 9.758766, -3.821146
548539549000, -1.541866, 10.180145, -4.232949
548551910000, -1.7429788, 10.381259, -4.7022123
548561598000, -2.0973208, 10.151415, -4.7500963
548571946000, -2.6144683, 9.892841, -4.0892963
548582491000, -3.371036, 9.624691, -2.825158
548592379000, -4.175488, 9.471462, -0.90979666
548602224000, -4.912902, 9.32781, 1.1013328
548612440000, -5.4204726, 9.021352, 2.1930888
548623163000, -5.6982, 8.63828, 2.6431987
548633213000, -5.9184666, 8.772355, 2.6527755
548642735000, -6.895301, 10.0748005, 0.4405331
548653466000, -8.916007, 12.545617, -4.4723687
548665623000, -10.247183, 15.361198, -8.446744
548677382000, -7.393295, 14.432248, -8.082825
548687377000, -5.1906295, 12.631808, -5.3247046
548696913000, -3.620033, 11.310209, -2.4420857
548708042000, -2.9592333, 10.888829, -1.3311762
548717362000, -2.7389667, 11.089942, -0.6799533
548727672000, -2.920926, 11.310209, -0.49799395
548738229000, -3.41892, 11.492168, -0.8331822
548747910000, -4.1659107, 11.884817, -1.4460979
548758104000, -5.267244, 12.440272, -2.087744
548769004000, -6.3781533, 12.717999, -3.0454245
548778526000, -7.1347213, 12.497733, -4.0701427
548788924000, -7.680599, 12.277467, -5.3821654
548800249000, -8.264784, 12.26789, -6.8761473
548811777000, -8.130709, 12.469003, -7.872135
548822271000, -6.5505357, 12.861651, -8.1402855
548832340000, -4.6255975, 12.5264635, -7.6135616
548842423000, -3.0550013, 11.463438, -6.301539
548854177000, -1.7142484, 7.565677, -3.1794999
548864718000, -1.3694834, 6.0142345, -1.733402
548873864000, -0.8714894, 4.721366, -1.5131354
548886077000, -0.39264908, 3.6104562, -1.3790601
548895088000, -0.2777274, 2.3942018, -0.7278373
548905504000, -0.37349546, 1.2354081, 0.11492168
548915314000, -0.34476504, 0.5363012, 0.63206923
548926862000, -0.35434186, 0.21068975, 0.5746084
548936877000, -0.36391866, 0.29688102, 0.22984336
548947006000, -0.29688102, 0.63206923, 0.019153614
548956696000, -0.17238252, 1.1300632, 0.45968673
548966972000, -0.30645782, 1.532289, 0.7278373
548978317000, -0.7757214, 2.1930888, 0.4405331
548988407000, -1.6376339, 3.3518825, 0.0
548998527000, -2.815581, 5.267244, -0.24899697
549008904000, -3.7253778, 7.8625584, -1.0534488
549019499000, -4.309563, 10.055647, -3.1028855
549031966000, -5.2863975, 9.308656, -5.2385135
549042211000, -5.813122, 7.824251, -4.6351743
549052358000, -4.8267107, 8.274361, -4.2042184
549065609000, -3.371036, 9.77792, -5.995081
549076350000, -3.4380736, 10.6398325, -8.810662
549086822000, -3.8786068, 11.57836, -10.28549
549096684000, -3.8881836, 13.091495, -10.783484
549106547000, -4.1659107, 13.666103, -9.969456
549116871000, -5.21936, 12.919112, -8.762778
549127006000, -6.2249246, 11.81778, -7.747637
549137392000, -6.3781533, 11.061212, -6.6271505
549147221000, -5.813122, 10.553641, -5.793968
549158120000, -5.1523223, 10.218452, -5.085284
549167433000, -4.5777135, 9.682152, -4.0414124
549178668000, -4.0797195, 8.571242, -3.4572272
549188025000, -3.6774938, 7.326257, -3.6870706
549200875000, -2.719813, 5.5641246, -4.261679
549211776000, -2.0973208, 4.999093, -3.6487634
549221536000, -1.4652514, 4.548983, -2.6048915
549231561000, -1.0151415, 4.1180267, -1.5705963
549242167000, -0.641646, 3.9552212, -0.82360536
549252693000, -0.11492168, 4.2042184, 0.1340753
549261808000, 0.2681506, 4.5202527, 1.2354081
549273230000, 0.12449849, 4.606444, 1.292869
549283241000, -0.15322891, 5.046977, 1.2545617
549300521000, -0.46926352, 6.1004257, 2.3080103
549319432000, -4.0222588, 12.095507, 0.095768064
549329689000, -6.6654577, 13.340492, -6.2823853
549339678000, -8.552089, 14.5567465, -11.856087
549349701000, -9.921572, 16.596605, -10.247183
549359853000, -10.304645, 17.295713, -5.746084
549369928000, -10.534488, 15.112201, -4.2999864
549380225000, -8.465898, 12.5264635, -3.4572272
549390321000, -5.746084, 11.18571, -0.842759
549400442000, -4.1946416, 10.505757, -1.5131354
549412194000, -3.2752678, 10.927136, -3.3997664
549423120000, -3.2082303, 11.87524, -5.746084
549432556000, -4.8267107, 12.727576, -7.431602
549442679000, -7.1059904, 13.043611, -7.2687964
549453812000, -8.935161, 13.024457, -6.0238113
549464996000, -10.065224, 12.066776, -3.5625722
549475114000, -8.6574335, 11.099519, -2.0015526
549487928000, -6.646304, 10.180145, -1.2354081
549497046000, -4.5777135, 9.078813, -1.541866
549507171000, -2.5378537, 8.111555, -2.767697
549517230000, -0.82360536, 7.297527, -4.3766007
549527605000, 0.47884035, 6.943185, -5.995081
549547840000, 2.1930888, 6.042965, -2.920926
549558443000, 1.9249382, 4.223372, -0.16280572
549568728000, 1.0342951, 2.1260512, 1.9536686
549578370000, 0.1436521, 0.35434186, 3.1124623
549588238000, -0.47884035, -0.019153614, 3.3806129
549598725000, -0.45010993, 0.30645782, 2.9592333
549609076000, -0.23942018, 0.6607997, 2.1643584
549619635000, -0.22026655, 1.1779473, 1.1971009
549629411000, -1.1683705, 2.5474305, -0.89064306
549639972000, -2.9496565, 4.9703627, -2.480393
549652087000, -7.469909, 10.448297, -4.4915223
549662275000, -7.52737, 12.430696, -3.4284968
549672544000, -7.824251, 11.415554, -3.6870706
549684261000, -7.7667904, 8.504205, -4.414908
549697028000, -6.5218053, 6.253655, -4.357447
549706410000, -4.280833, 5.8322754, -4.0414124
549716805000, -1.1683705, 6.579266, -5.315128
549726324000, 1.1109096, 8.274361, -6.895301
549741865000, 1.5993267, 10.515334, -8.312668
549755462000, -3.5625722, 12.248735, -10.1226845
549766129000, -6.1100025, 11.645397, -8.925584
549775827000, -7.8625584, 11.147403, -6.6367273
549786928000, -8.781932, 10.984597, -4.9895163
549799031000, -8.178593, 10.94629, -3.5051112
549811892000, -5.0374002, 9.768343, -3.4859576
549821256000, -3.86903, 9.050082, -3.016694
549831791000, -3.0550013, 8.121132, -2.2505496
549841606000, -2.2409728, 7.07726, -1.7621324
549851869000, -1.4269443, 5.947197, -1.2737153
549861691000, -0.51714754, 4.999093, -0.8619126
549872932000, 0.29688102, 4.309563, -0.545878
549883614000, 0.6991069, 3.4955344, -1.1779473
549894189000, 0.47884035, 3.0358477, -2.2601264
549904085000, -0.12449849, 3.4572272, -1.5610195
549914236000, -1.0342951, 4.5681367, 0.6799533
549924276000, -2.27928, 5.90889, 2.8443117
549935727000, -4.098873, 7.680599, 3.217807
549944859000, -5.995081, 9.854534, 0.35434186
549954976000, -7.0006456, 12.277467, -3.1507695
549965325000, -7.144298, 14.250289, -5.401319
549976590000, -8.1402855, 18.090588, -5.93762
549987457000, -8.628703, 18.818426, -4.501099
549997258000, -8.532935, 15.677233, -6.4547677
550007870000, -7.431602, 12.133814, -5.161899
550017328000, -7.0006456, 9.701305, -2.384625
550027669000, -7.192182, 8.868123, -2.2601264
550037745000, -7.249643, 10.496181, -4.3382936
550048549000, -7.9008656, 13.388376, -7.1251445
550058473000, -9.279925, 14.949395, -8.130709
550068884000, -10.141838, 14.202404, -6.5026517
550078202000, -9.816227, 12.306197, -4.6926355
550088282000, -8.542512, 10.457873, -3.1507695
550098404000, -6.703765, 8.829816, -2.0398598
550108783000, -4.7309427, 7.1826053, -1.6950948
550120261000, -2.882619, 6.0142345, -2.384625
550130340000, -1.3790601, 5.48751, -3.3135753
550142767000, 0.047884032, 5.3821654, -3.1986535
550153326000, 1.2162545, 5.6215854, -3.2944214
550162854000, 2.0111294, 5.2863975, -2.1547816
550173640000, 2.2601264, 3.0933087, 1.4652514
550183464000, 1.8962077, 2.135628, 1.6280571
550195464000, 0.9768343, 1.3311762, 0.93852705
550205639000, -0.02873042, 0.8523358, 0.7661445
550216761000, -0.7661445, 0.7374141, 1.388637
550226810000, -1.2162545, 0.7469909, 2.4995465
550237497000, -1.1779473, 1.340753, 3.0071173
550247317000, -1.2066777, 2.7868507, 2.480393
550258528000, -2.4420857, 5.305551, 0.12449849
550267828000, -4.5777135, 10.563218, -1.6663644
550278190000, -6.3685765, 15.05474, -3.083732
550288317000, -8.015787, 15.389929, -5.45878
550298421000, -8.532935, 12.53604, -5.851429
550308298000, -7.4028716, 9.500193, -6.6846113
550318561000, -4.663905, 7.2687964, -7.249643
550328449000, -1.5227122, 6.157887, -6.8186865
550338936000, 0.7278373, 7.1730285, -6.9527617
550348706000, 1.3024458, 9.816227, -7.326257
550359000000, -0.25857377, 12.670115, -6.4643445
550371307000, -3.3039982, 13.9151, -5.142745
550381933000, -6.885724, 10.726024, -4.2042184
550392284000, -7.1730285, 9.251195, -2.6240451
550402952000, -6.6175733, 8.025364, -1.1587936
550412571000, -5.4779334, 6.9048777, -0.48841715
550422711000, -3.7924154, 5.7748146, 0.047884032
550432464000, -2.0973208, 4.6255975, 0.5554548
550443558000, -0.7182605, 3.7924154, 0.6991069
550453356000, 0.23942018, 3.064578, 0.36391866
550465320000, 0.9768343, 2.4995465, -0.5746084
550476579000, 1.3503298, 2.5474305, -1.8004397
550487536000, 0.7565677, 4.3766007, -1.1492168
550497082000, -0.7086837, 6.540959, 0.7565677
550508058000, -3.0071173, 9.021352, 1.7812861
550517380000, -5.9567738, 12.354081, 0.29688102
550527742000, -7.690176, 17.401058, -6.8186865
550538281000, -7.6710224, 18.138472, -5.9663506
550548074000, -8.283937, 17.745823, -4.3766007
550558493000, -9.050082, 17.592594, -4.223372
550569372000, -9.509769, 17.535133, -3.572149
550579006000, -10.113108, 16.22311, -3.7445314
550589057000, -9.730036, 13.8959465, -5.5162406
550600318000, -8.360553, 12.708423, -5.410896
550611953000, -7.699753, 12.469003, -4.8937483
550622291000, -7.5561004, 12.50731, -6.0238113
550632257000, -7.603985, 12.641385, -7.28795
550642823000, -7.651869, 12.909535, -7.1826053
550654019000, -7.431602, 12.555194, -5.861006
550665621000, -5.6790466, 9.835381, -3.016694
550677170000, -4.4436383, 7.728483, -2.2505496
550687716000, -3.074155, 5.554548, -1.4748282
550697402000, -1.5610195, 3.7062242, -0.32561144
550708062000, -0.31603462, 2.183512, 0.58418524
550717520000, 0.61291564, 0.9864111, 1.0821792
550727768000, 1.292869, 0.11492168, 1.0726024
550737852000, 1.6663644, -0.39264908, 0.89064306
550747960000, 1.5705963, -0.641646, 0.80445176
550758600000, 1.4269443, -0.6607997, 1.3120226
550769669000, 1.3503298, -0.12449849, 1.6089035
550780092000, 1.2354081, 0.7182605, 1.2162545
550790562000, 0.8714894, 1.8100165, 0.23942018
550801248000, 0.038307227, 3.1316159, -0.81402856
550811590000, -1.4460979, 4.999093, -2.231396
550829136000, -6.9240313, 13.168109, -4.7884035
550842195000, -8.389283, 16.357185, -4.2999864
550853378000, -9.710882, 15.380352, -7.690176
550864385000, -8.7532015, 11.425131, -7.1826053
550874594000, -6.7803793, 8.207323, -5.602432
550884483000, -4.462792, 6.588843, -5.133168
550894915000, -2.231396, 6.8665705, -5.544971
550906554000, -0.39264908, 9.375694, -6.655881
550916953000, 0.038307227, 12.631808, -7.4603324
550927311000, -1.4748282, 14.930242, -8.073248
550937581000, -3.7349546, 14.365211, -8.523358
550947328000, -5.535394, 12.210428, -7.747637
550957807000, -6.9048777, 9.682152, -6.1387334
550967792000, -8.312668, 7.249643, -4.4915223
550978030000, -8.983045, 5.401319, -3.3518825
550990608000, -7.7667904, 3.9264908, -1.4077905
551009714000, -5.9280434, 3.3806129, -1.4460979
551020271000, -1.4939818, 3.7924154, -1.2449849
551030222000, 0.095768064, 3.916914, -1.3311762
551040493000, 1.1587936, 3.86903, -1.3694834
551050291000, 1.733402, 3.715801, -1.6280571
551061179000, 1.8195933, 3.5051112, -2.7485435
551070373000, 1.484405, 3.5529952, -3.7253778
551080781000, 0.6607997, 4.2042184, -4.146757
551091084000, -0.58418524, 5.650316, -3.715801
551101146000, -2.0015526, 7.920019, -1.934515
551111712000, -3.763685, 10.189722, 0.641646
551121655000, -6.244078, 12.756307, 2.432509
551135993000, -9.050082, 16.146496, 3.8786068
551145260000, -10.831368, 17.84159, 3.4093432
551155213000, -10.055647, 18.693928, 0.1436521
551165291000, -7.920019, 16.625336, -3.4955344
551176029000, -6.4739213, 13.359646, -6.157887
551187353000, -5.8226986, 11.693281, -6.6654577
551206267000, -7.019799, 13.704411, -4.0414124
551216285000, -8.456321, 13.455414, -1.3503298
551226354000, -8.475474, 11.87524, -1.4173675
551236410000, -5.9759274, 10.658986, -2.3558946
551246555000, -4.9703627, 11.042058, -2.96881
551257610000, -4.146757, 11.530476, -3.7062242
551267288000, -3.466804, 11.36767, -3.8498764
551277345000, -3.1316159, 10.582372, -3.7445314
551287980000, -3.2082303, 9.643845, -3.8977604
551298048000, -3.6104562, 8.303091, -3.2561142
551319224000, -3.8402996, 6.033388, -1.13964
551328425000, -3.5625722, 5.315128, -0.23942018
551338714000, -3.074155, 4.6926355, -0.038307227
551348837000, -2.5378537, 4.213795, -0.6895301
551359262000, -2.2026656, 4.271256, -1.6376339
551369841000, -2.1739352, 4.7788267, -2.432509
551381764000, -2.480393, 5.439626, -2.815581
551392246000, -3.016694, 5.5641246, -3.016694
551403449000, -3.5434184, 5.257667, -3.083732
551412770000, -3.8498764, 4.8841715, -2.96881
551423421000, -3.7828386, 4.5394063, -2.633622
551433151000, -3.3614593, 4.7022123, -2.1164744
551443615000, -2.7389667, 6.081272, -1.7812861
551453709000, -2.9496565, 7.1059904, -1.5705963
551466899000, -3.265691, 8.504205, -1.0821792
551477103000, -3.6966474, 10.132261, -0.8810662
551488868000, -4.3861775, 11.722012, -0.7469909
551498232000, -5.161899, 13.589489, -0.7374141
551508799000, -5.8705826, 15.619772, -1.1683705
551519136000, -6.1100025, 17.017986, -1.8866309
551528531000, -5.9663506, 16.749836, -3.1603463
551538878000, -5.602432, 14.939818, -4.4915223
551552310000, -4.2904096, 11.070788, -4.367024
551562179000, -4.0892963, 10.28549, -4.1276035
551571920000, -4.146757, 10.668563, -3.9839516
551582263000, -4.223372, 11.57836, -3.8881836
551592671000, -4.0797195, 12.765883, -3.7828386
551602166000, -3.9839516, 13.656527, -4.0414124
551616339000, -3.9935284, 13.742718, -4.7500963
551626436000, -4.2425256, 12.813767, -5.5737014
551638628000, -4.55856, 11.300632, -6.2249246
551648151000, -4.644751, 9.787497, -6.5984197
551658491000, -4.6351743, 8.580819, -5.9759274
551668503000, -4.6160207, 7.6135616, -4.7309427
551678610000, -4.5872903, 6.655881, -3.217807
551688765000, -4.4244847, 5.841852, -2.1643584
551699045000, -3.9456444, 5.2289367, -1.5610195
551709568000, -2.27928, 4.903325, -1.5035586
551720064000, -1.6184803, 4.673482, -1.7908629
551729084000, -1.1204864, 4.357447, -1.9536686
551741986000, -0.90021986, 4.2521024, -2.1260512
551752957000, -1.0630256, 4.1659107, -2.078167
551762507000, -1.4460979, 3.916914, -1.7429788
551772522000, -1.8770541, 3.514688, -1.0821792
551782552000, -2.2218192, 3.1603463, -0.4213795
551792947000, -2.27928, 2.8921957, -0.22984336
551803793000, -1.8770541, 3.1603463, -0.6991069
551813302000, -1.2545617, 3.9743748, -1.5610195
551823800000, -0.80445176, 5.0757074, -2.336741
551834357000, -0.8714894, 6.1770406, -2.96881
551844847000, -1.4556746, 7.1730285, -3.3901896
551854541000, -1.8866309, 7.97748, -3.5242648
551866434000, -2.2697031, 8.197746, -3.620033
551876551000, -2.9975405, 7.3071036, -4.3478703
551887341000, -3.1603463, 6.6367273, -4.4915223
551897264000, -3.1794999, 6.1004257, -4.367024
551908895000, -3.0262709, 5.631162, -4.261679
551918194000, -2.72939, 5.353435, -3.964798
551928362000, -2.3750482, 6.0716953, -4.0318356
551938491000, -1.7429788, 7.9487495, -3.3039982
551948608000, -1.7046716, 10.218452, -4.213795
551959032000, -3.3614593, 12.765883, -6.5505357
551969790000, -5.631162, 15.313314, -4.5872903
551980217000, -7.8050976, 17.343597, -1.4077905
551990766000, -9.232041, 18.272547, 2.4229321
552002514000, -9.040505, 17.764977, 5.5641246
552012604000, -7.795521, 15.342045, 6.9240313
552023437000, -6.2728086, 13.464991, 5.90889
552033183000, -5.142745, 12.516887, 3.016694
552043534000, -4.1946416, 13.426683, -0.6607997
552054465000, -6.8282633, 17.946936, -7.086837
552066573000, -8.8777, 18.741812, -7.1730285
552076848000, -10.199299, 16.701952, -6.7229185
552087585000, -10.103531, 13.369223, -5.48751
552097133000, -9.232041, 10.745177, -3.064578
552107958000, -8.255207, 9.442732, -0.545878
552117555000, -7.297527, 9.605537, 0.6607997
552128060000, -6.215348, 10.524911, 0.6895301
552138880000, -4.7884035, 11.540052, 0.19153613
552148246000, -3.5242648, 12.0571995, -0.8714894
552158846000, -2.3175871, 11.81778, -1.7621324
552169209000, -1.5227122, 11.042058, -2.1452048
552178557000, -1.13964, 10.055647, -2.1739352
552188683000, -1.0534488, 9.030929, -1.8962077
552198931000, -1.1779473, 8.2169, -1.3503298
552209650000, -1.3982137, 7.565677, -0.7278373
552220348000, -1.5993267, 6.981492, -0.29688102
552231106000, -1.7717092, 6.531382, -0.34476504
552242710000, -1.982399, 6.167464, -1.0630256
552253231000, -2.2122424, 6.081272, -1.532289
552265460000, -2.3942018, 5.985504, -1.7525556
552276468000, -2.6144683, 5.803545, -1.7717092
552287209000, -2.9879637, 5.6120086, -1.6089035
552297116000, -3.41892, 5.449203, -1.1492168
552307418000, -4.003105, 5.3438582, -0.61291564
552317276000, -4.7500963, 5.3342814, -0.2681506
552326847000, -5.535394, 5.650316, -0.038307227
552336869000, -6.0046577, 6.3302693, -0.10534488
552347192000, -6.090849, 7.2209125, -0.46926352
552357909000, -5.93762, 8.121132, -0.9768343
552367788000, -5.45878, 8.619126, -1.091756
552381644000, -4.855441, 8.896853, -0.82360536
552391781000, -4.223372, 9.768343, 0.02873042
552403328000, -4.271256, 10.649409, 0.2873042
552412541000, -4.223372, 11.84651, 0.31603462
552423022000, -3.8307228, 13.340492, -0.05746084
552432742000, -3.169923, 14.60463, -0.48841715
552442959000, -2.4516625, 15.131354, -0.7661445
552453683000, -1.8579005, 14.719552, -0.9576807
552464131000, -1.5610195, 13.532028, -1.0055647
552474379000, -1.8004397, 11.779472, -0.5650316
552484064000, -2.1643584, 9.9790325, -0.15322891
552497092000, -2.3175871, 7.73806, 0.16280572
552507853000, -1.9728222, 7.2783732, 0.37349546
552517481000, -1.8770541, 7.153875, 0.2873042
552528137000, -2.1164744, 7.1059904, 0.08619126
552538211000, -2.6240451, 7.019799, -0.009576807
552548853000, -3.2273839, 6.8569937, 0.0
552558633000, -3.763685, 6.751649, 0.038307227
552569268000, -4.012682, 6.8665705, 0.0
552578631000, -4.003105, 7.201759, -0.019153614
552588792000, -4.012682, 7.7093296, 0.009576807
552609698000, -3.916914, 9.232041, 0.34476504
552620340000, -3.8594532, 10.1226845, 0.5363012
552629915000, -3.7541082, 10.907983, 0.4405331
552641345000, -3.6487634, 11.425131, 0.22984336
552651078000, -3.5817258, 11.57836, 0.0
552661882000, -3.572149, 11.405977, -0.1340753
552671199000, -3.4955344, 11.089942, -0.19153613
552681638000, -3.2848446, 10.773908, -0.15322891
552691986000, -3.064578, 10.496181, 0.0
552702642000, -2.9592333, 10.237606, 0.15322891
552711853000, -2.920926, 9.998186, 0.24899697
552722022000, -3.064578, 9.643845, 0.2777274
552732157000, -3.2369606, 9.193734, 0.2873042
552743300000, -3.514688, 8.236053, 0.05746084
552772740000, -3.3901896, 7.9104424, 0.15322891
552782637000, -3.2944214, 8.130709, 0.22984336
552793096000, -3.083732, 8.552089, 0.24899697
552803705000, -2.882619, 9.021352, 0.20111294
552813331000, -2.8060043, 9.442732, 0.10534488
552823550000, -2.834735, 9.710882, 0.009576807
552833227000, -2.873042, 9.825804, 0.0
552845377000, -2.920926, 9.80665, -0.019153614
552856013000, -2.96881, 9.653421, 0.095768064
552879069000, -2.9592333, 9.3182335, 0.33518824
552888262000, -2.96881, 9.222465, 0.47884035
552898394000, -3.0262709, 9.184157, 0.5363012
552909038000, -3.1124623, 9.203311, 0.51714754
552919345000, -3.2273839, 9.289502, 0.39264908
552928897000, -3.3135753, 9.404425, 0.23942018
552939265000, -3.3806129, 9.548077, 0.18195933
552949140000, -3.4284968, 9.662998, 0.1436521
552960436000, -3.514688, 9.768343, 0.11492168
552971507000, -3.4572272, 9.730036, 0.0
552981478000, -3.4093432, 9.662998, -0.038307227
552992442000, -3.4380736, 9.548077, -0.047884032
553003103000, -3.4284968, 9.433155, 0.095768064
553012522000, -3.3997664, 9.337387, 0.18195933
553023235000, -3.3518825, 9.203311, 0.2873042
553032949000, -3.2561142, 9.11712, 0.31603462
553043881000, -3.1411927, 9.097966, 0.24899697
553053830000, -3.016694, 9.14585, 0.08619126
553066224000, -2.9400797, 9.279925, 0.0
553077045000, -2.9592333, 9.337387, -0.038307227
553087865000, -3.1603463, 9.289502, 0.20111294
553097379000, -3.3039982, 9.232041, 0.29688102
553117613000, -3.466804, 9.289502, 0.17238252
553128185000, -3.5817258, 9.433155, 0.15322891
553138652000, -3.6487634, 9.528923, 0.12449849
553158896000, -3.6487634, 9.528923, 0.08619126
553180240000, -3.6583402, 9.232041, 0.18195933
553191126000, -3.6966474, 9.174581, 0.16280572
553212477000, -3.8786068, 9.251195, 0.1436521
553232290000, -3.8307228, 9.251195, 0.17238252
553243094000, -3.715801, 9.279925, 0.15322891
553254126000, -3.572149, 9.308656, 0.009576807
553266456000, -3.620033, 9.385271, -0.21068975
553277416000, -3.7253778, 9.289502, -0.1436521
553287479000, -3.8977604, 9.11712, 0.009576807
553297328000, -4.050989, 8.944737, 0.17238252
553307608000, -4.1371803, 8.868123, 0.22026655
553317343000, -4.098873, 8.896853, 0.23942018
553326930000, -4.0797195, 8.916007, 0.2681506
553336987000, -4.0318356, 8.973468, 0.23942018
553347015000, -4.012682, 9.021352, 0.2777274
553358127000, -3.9935284, 9.069236, 0.31603462
553378626000, -3.9839516, 9.097966, 0.22984336
553388861000, -3.9935284, 9.002198, 0.21068975
553399200000, -3.9839516, 8.925584, 0.18195933
553409482000, -3.9935284, 8.944737, 0.10534488
553420603000, -4.012682, 8.992621, 0.1340753
553431497000, -3.9743748, 9.040505, 0.21068975
553442147000, -3.8115692, 9.059659, 0.4213795
553452766000, -3.763685, 9.002198, 0.45010993
553465537000, -3.7828386, 9.050082, 0.4309563
553487748000, -3.715801, 9.461885, 0.047884032
553497291000, -3.7541082, 9.653421, -0.02873042
553507260000, -3.7924154, 9.682152, 0.12449849
553517755000, -3.8498764, 9.605537, 0.29688102
553528443000, -3.8977604, 9.490616, 0.51714754
553538525000, -3.9456444, 9.337387, 0.45010993
553548837000, -3.7924154, 9.232041, 0.33518824
553558999000, -3.6774938, 9.184157, 0.30645782
553569834000, -3.4859576, 8.896853, 0.7182605
553580306000, -3.371036, 8.801085, 0.80445176
553592058000, -3.323152, 8.762778, 0.7469909
553603518000, -3.41892, 8.839393, 0.7661445
553613184000, -3.5529952, 8.925584, 0.7278373
553623262000, -3.7253778, 9.030929, 0.6799533
553634235000, -3.821146, 9.107543, 0.6607997
553646579000, -3.86903, 9.165004, 0.61291564
553657641000, -3.7732618, 9.184157, 0.58418524
553667619000, -3.6774938, 9.155427, 0.60333884
553678152000, -3.715801, 8.858546, 0.842759
553697617000, -3.7732618, 8.686164, 1.1683705
553708108000, -3.8594532, 8.599973, 1.1587936
553718351000, -3.8402996, 8.6574335, 1.2066777
553729163000, -3.6391866, 8.963891, 1.1013328
553738997000, -3.4380736, 9.337387, 0.842759
553750800000, -3.371036, 9.672575, 0.545878
553762144000, -3.3806129, 9.931149, 0.32561144
553772351000, -3.4763808, 10.04607, 0.29688102
553792735000, -3.7253778, 9.653421, 0.35434186
553803168000, -3.667917, 9.404425, 0.2873042
553812593000, -3.514688, 9.251195, -0.019153614
553822882000, -3.371036, 9.193734, -0.16280572
553833748000, -3.3901896, 9.126697, 0.08619126
553843247000, -3.5817258, 8.925584, 0.2873042
553854193000, -3.86903, 8.724471, 0.24899697
553863643000, -4.098873, 8.590396, 0.17238252
553874097000, -4.357447, 8.513782, 0.047884032
553903966000, -4.9416323, 8.772355, 0.08619126
553914346000, -4.5681367, 9.11712, 0.17238252
553933594000, -4.2904096, 9.193734, 0.2777274
553944013000, -3.8594532, 9.155427, 0.46926352
553955175000, -3.6966474, 9.136273, 0.35434186
553964258000, -3.5529952, 9.11712, 0.25857377
553974333000, -3.466804, 9.097966, 0.2681506
553984457000, -3.4763808, 8.992621, 0.39264908
553994714000, -3.5051112, 8.839393, 0.545878
554015786000, -3.5625722, 8.7053175, 0.7086837
554025848000, -3.6487634, 8.820239, 0.63206923
554036610000, -3.7445314, 8.963891, 0.545878
554047132000, -3.8307228, 9.155427, 0.45010993
554057639000, -3.9073372, 9.299079, 0.35434186
554067685000, -3.9552212, 9.404425, 0.2873042
554077684000, -3.9360676, 9.433155, 0.20111294
554087962000, -3.8786068, 9.423578, 0.15322891
554098346000, -3.7828386, 9.337387, 0.20111294
554108412000, -3.667917, 9.251195, 0.23942018
554118218000, -3.5434184, 9.222465, 0.34476504
554128407000, -3.4763808, 9.203311, 0.4309563
554138488000, -3.3997664, 9.193734, 0.40222588
554148598000, -3.4093432, 9.212888, 0.34476504
554159008000, -3.4955344, 9.203311, 0.2777274
554169618000, -3.5913026, 9.165004, 0.19153613
554179064000, -3.7253778, 9.174581, 0.076614454
554189169000, -3.8307228, 9.107543, 0.06703765
554201932000, -4.050989, 8.954314, 0.10534488
554212197000, -4.0892963, 8.90643, 0.18195933
554222158000, -4.050989, 8.868123, 0.23942018
554232316000, -3.964798, 8.848969, 0.22026655
554253817000, -3.8977604, 8.848969, 0.24899697
554265493000, -3.916914, 8.90643, 0.2681506
554286614000, -3.9073372, 9.097966, 0.29688102
554296723000, -3.8307228, 9.14585, 0.2777274
554307527000, -3.7732618, 9.212888, 0.32561144
554317393000, -3.6870706, 9.222465, 0.4405331
554326845000, -3.6104562, 9.232041, 0.51714754
554336923000, -3.5529952, 9.270349, 0.545878
554346991000, -3.5051112, 9.279925, 0.46926352
554368019000, -3.5242648, 9.251195, 0.37349546
554378085000, -3.4955344, 9.299079, 0.35434186
554387709000, -3.4763808, 9.346964, 0.37349546
554408269000, -3.4955344, 9.32781, 0.4309563
554418010000, -3.41892, 9.308656, 0.45968673
554428491000, -3.4284968, 9.241618, 0.4213795
554438806000, -3.5051112, 9.232041, 0.46926352
554448987000, -3.5529952, 9.165004, 0.4405331
554469676000, -3.5913026, 9.203311, 0.23942018
554480338000, -3.6391866, 9.241618, 0.16280572
554491931000, -3.6104562, 9.270349, 0.1340753
554512612000, -3.572149, 9.203311, 0.23942018
554543183000, -3.5434184, 9.136273, 0.25857377
554573657000, -3.5817258, 9.14585, 0.038307227
554593512000, -3.4859576, 9.260772, -0.019153614
554613892000, -3.466804, 9.337387, -0.009576807
554624502000, -3.4763808, 9.346964, 0.019153614
554634713000, -3.4955344, 9.3182335, 0.05746084
554646102000, -3.5051112, 9.279925, 0.095768064
554656721000, -3.514688, 9.212888, 0.08619126
554666102000, -3.4859576, 9.155427, 0.15322891
554676690000, -3.4476504, 9.14585, 0.17238252
554696402000, -3.4859576, 9.11712, 0.10534488
554706384000, -3.4955344, 9.174581, 0.06703765
554716451000, -3.4572272, 9.232041, 0.05746084
554726353000, -3.4380736, 9.241618, 0.038307227
554736883000, -3.4476504, 9.260772, 0.05746084
554746480000, -3.4284968, 9.251195, 0.10534488
554757039000, -3.4476504, 9.203311, 0.1340753
554767053000, -3.4284968, 9.222465, 0.1436521
554776917000, -3.4859576, 9.203311, 0.1340753
554797272000, -3.5817258, 9.088389, 0.15322891
554807586000, -3.6966474, 8.992621, 0.16280572
554817816000, -3.7062242, 8.963891, 0.05746084
554828888000, -3.6966474, 9.002198, 0.047884032
554839027000, -3.6487634, 9.097966, -0.076614454
554849403000, -3.5817258, 9.14585, -0.11492168
554870364000, -3.6870706, 9.11712, 0.19153613
554879526000, -3.7349546, 9.059659, 0.25857377
554889901000, -3.8019924, 9.021352, 0.34476504
554920835000, -3.8402996, 9.021352, 0.32561144
554930565000, -3.7828386, 9.126697, 0.22026655
554941078000, -3.6583402, 9.251195, -0.02873042
554951003000, -3.5338416, 9.3661175, -0.22026655
554961028000, -3.3997664, 9.414001, -0.34476504
554971285000, -3.371036, 9.442732, -0.20111294
554981260000, -3.4859576, 9.356541, 0.06703765
554991423000, -3.572149, 9.251195, 0.29688102
555001737000, -3.620033, 9.126697, 0.4213795
555022041000, -3.7349546, 9.078813, 0.37349546
555032162000, -3.7732618, 9.136273, 0.2777274
555042853000, -3.8019924, 9.155427, 0.19153613
555053366000, -3.7732618, 9.184157, 0.1340753
555066089000, -3.6870706, 9.222465, 0.18195933
555086545000, -3.667917, 9.136273, 0.35434186
555097363000, -3.6104562, 9.107543, 0.4405331
555107898000, -3.572149, 9.155427, 0.46926352
555138089000, -3.3614593, 9.193734, 0.6703765
555147710000, -3.2561142, 9.212888, 0.6895301
555167903000, -3.2465374, 9.212888, 0.60333884
555178607000, -3.3327289, 9.155427, 0.47884035
555188807000, -3.4284968, 9.136273, 0.31603462
555199059000, -3.620033, 9.14585, 0.20111294
555209427000, -3.763685, 9.126697, 0.1340753
555219820000, -3.8786068, 9.14585, 0.0
555240582000, -4.0701427, 9.184157, 0.019153614
555252095000, -4.0892963, 9.14585, 0.06703765
555262364000, -4.0797195, 9.136273, 0.1436521
555274066000, -3.964798, 9.184157, 0.22026655
555284163000, -3.86903, 9.165004, 0.2777274
555304129000, -3.7062242, 9.270349, 0.2873042
555314229000, -3.6391866, 9.308656, 0.31603462
555324567000, -3.5625722, 9.289502, 0.32561144
555334396000, -3.5051112, 9.251195, 0.38307226
555344863000, -3.466804, 9.232041, 0.47884035
555355281000, -3.3997664, 9.14585, 0.5363012
555367013000, -3.371036, 9.136273, 0.63206923
555377347000, -3.3997664, 9.078813, 0.6607997
555388023000, -3.4380736, 9.011775, 0.6703765
555397420000, -3.466804, 9.002198, 0.7278373
555407932000, -3.514688, 8.992621, 0.6799533
555417799000, -3.5338416, 9.021352, 0.63206923
555428544000, -3.5434184, 9.050082, 0.50757074
555438131000, -3.5625722, 9.126697, 0.35434186
555447933000, -3.572149, 9.212888, 0.25857377
555458256000, -3.620033, 9.279925, 0.24899697
555468112000, -3.6774938, 9.299079, 0.22984336
555478986000, -3.7062242, 9.289502, 0.2681506
555499215000, -3.6104562, 9.251195, 0.30645782
555510123000, -3.5434184, 9.184157, 0.2873042
555521854000, -3.5913026, 9.174581, 0.29688102
555542816000, -3.6296098, 9.184157, 0.2681506
555562374000, -3.6870706, 9.203311, 0.2681506
555572372000, -3.7062242, 9.165004, 0.2777274
555603552000, -3.6391866, 9.14585, 0.2681506
555612943000, -3.667917, 9.126697, 0.29688102
555633394000, -3.6296098, 9.088389, 0.30645782
555643473000, -3.6104562, 9.11712, 0.2681506
555653970000, -3.667917, 9.165004, 0.19153613
555666220000, -3.7445314, 9.241618, 0.16280572
555676735000, -3.8977604, 9.270349, 0.095768064
555697387000, -3.8019924, 9.059659, 0.095768064
555707955000, -3.667917, 8.973468, 0.1436521
555717719000, -3.6104562, 8.954314, 0.18195933
555727809000, -3.5242648, 8.992621, 0.2777274
555738200000, -3.4572272, 9.14585, 0.36391866
555757985000, -3.4284968, 9.299079, 0.38307226
555767939000, -3.4380736, 9.346964, 0.34476504
555779057000, -3.4859576, 9.356541, 0.2681506
555821591000, -3.5434184, 9.097966, 0.30645782
555842465000, -3.514688, 9.059659, 0.41180268
555852274000, -3.4763808, 9.040505, 0.39264908
555873922000, -3.5242648, 9.136273, 0.2777274
555894215000, -3.6008794, 9.203311, 0.25857377
555915224000, -3.6104562, 9.299079, 0.25857377
555925695000, -3.6008794, 9.346964, 0.2681506
555937357000, -3.572149, 9.337387, 0.25857377
555947400000, -3.6487634, 9.260772, 0.21068975
555957726000, -3.667917, 9.193734, 0.1340753
555967725000, -3.6870706, 9.126697, 0.095768064
555977558000, -3.7253778, 9.184157, 0.08619126
555988251000, -3.763685, 9.203311, 0.1340753
556008032000, -3.7541082, 9.193734, 0.15322891
556017941000, -3.7253778, 9.174581, 0.22026655
556029098000, -3.7062242, 9.155427, 0.2873042
556039045000, -3.667917, 9.136273, 0.24899697
556049190000, -3.6583402, 9.078813, 0.22984336
556071880000, -3.5434184, 9.14585, -0.047884032
556081881000, -3.4955344, 9.251195, -0.11492168
556092495000, -3.4859576, 9.308656, -0.06703765
556103261000, -3.5529952, 9.222465, 0.2777274
556112589000, -3.6966474, 9.11712, 0.6512229
556122680000, -3.7062242, 9.069236, 0.61291564
556132792000, -3.6104562, 9.107543, 0.4309563
556143128000, -3.5625722, 9.155427, 0.29688102
556153880000, -3.5913026, 9.203311, 0.12449849
556163470000, -3.6391866, 9.270349, 0.05746084
556173388000, -3.667917, 9.289502, 0.038307227
556183593000, -3.5913026, 9.346964, 0.12449849
556204409000, -3.514688, 9.270349, 0.30645782
556214115000, -3.5242648, 9.165004, 0.38307226
556224723000, -3.5817258, 9.11712, 0.41180268
556235002000, -3.6296098, 9.078813, 0.36391866
556246450000, -3.667917, 9.11712, 0.20111294
556256869000, -3.7253778, 9.184157, -0.019153614
556266686000, -3.7732618, 9.232041, -0.15322891
556277368000, -3.916914, 9.174581, -0.22026655
556288289000, -3.9456444, 9.088389, -0.20111294
556308100000, -3.9073372, 9.011775, -0.16280572
556318043000, -3.8977604, 8.954314, -0.1340753
556339784000, -3.8498764, 8.90643, -0.019153614
556351389000, -3.86903, 8.820239, 0.17238252
556372157000, -3.7445314, 8.839393, 0.25857377
556382062000, -3.6583402, 8.887277, 0.20111294
556392763000, -3.5529952, 8.973468, 0.11492168
556402289000, -3.514688, 9.097966, 0.02873042
556424446000, -3.6774938, 9.3182335, 0.038307227
556443683000, -3.572149, 9.308656, 0.095768064
556454321000, -3.5434184, 9.260772, 0.038307227
556466022000, -3.5817258, 9.232041, -0.019153614
556475089000, -3.7062242, 9.251195, -0.047884032
556495327000, -3.7732618, 9.212888, 0.038307227
556505367000, -3.7924154, 9.165004, 0.08619126
556516088000, -3.7732618, 9.097966, 0.095768064
556526341000, -3.763685, 9.030929, 0.12449849
556536845000, -3.8019924, 9.050082, 0.11492168
556547385000, -3.8498764, 9.088389, 0.0
556558062000, -3.8019924, 9.11712, -0.08619126
556568516000, -3.6966474, 9.212888, -0.20111294
556578272000, -3.6391866, 9.251195, -0.21068975
556588408000, -3.6583402, 9.222465, -0.08619126
556609003000, -3.5913026, 9.126697, 0.05746084
556618758000, -3.572149, 9.088389, 0.11492168
556629041000, -3.5817258, 9.069236, 0.16280572
556639047000, -3.6296098, 9.088389, 0.17238252
556649216000, -3.6487634, 9.126697, 0.1436521
556659978000, -3.6296098, 9.193734, 0.047884032
556669972000, -3.572149, 9.232041, 0.038307227
556680358000, -3.5529952, 9.241618, 0.095768064
556700830000, -3.6104562, 9.184157, 0.1436521
556721514000, -3.6583402, 9.193734, 0.1340753
556731487000, -3.7062242, 9.203311, 0.095768064
556741774000, -3.6774938, 9.193734, 0.12449849
556762060000, -3.620033, 9.212888, 0.076614454
556772190000, -3.5913026, 9.251195, 0.12449849
556792652000, -3.5913026, 9.222465, 0.11492168
556813122000, -3.5625722, 9.174581, 0.19153613
556823010000, -3.5529952, 9.193734, 0.21068975
556834524000, -3.5434184, 9.241618, 0.23942018
556845323000, -3.5242648, 9.260772, 0.25857377
556865636000, -3.5529952, 9.279925, 0.2681506
556876214000, -3.5242648, 9.203311, 0.2777274
556907318000, -3.667917, 9.193734, 0.20111294
556917281000, -3.6966474, 9.174581, 0.17238252
556937423000, -3.7062242, 9.136273, 0.12449849
556947494000, -3.7349546, 9.078813, 0.1436521
556967648000, -3.763685, 9.069236, 0.16280572
556979717000, -3.7541082, 9.126697, 0.1436521
556992768000, -3.7445314, 9.155427, 0.15322891
557011617000, -3.7062242, 9.165004, 0.18195933
557022496000, -3.7253778, 9.174581, 0.20111294
557041906000, -3.6583402, 9.165004, 0.08619126
557051936000, -3.6774938, 9.136273, 0.095768064
557061933000, -3.667917, 9.14585, 0.076614454
557072673000, -3.7253778, 9.11712, 0.095768064
557082598000, -3.7732618, 9.097966, 0.08619126
557092702000, -3.763685, 9.078813, 0.06703765
557103190000, -3.6966474, 9.097966, 0.095768064
557123255000, -3.7062242, 9.14585, 0.12449849
557133357000, -3.7253778, 9.174581, 0.08619126
557143396000, -3.6583402, 9.203311, 0.038307227
557153926000, -3.6391866, 9.222465, 0.009576807
557174204000, -3.6296098, 9.232041, 0.009576807
557184139000, -3.6870706, 9.203311, 0.10534488
557194157000, -3.7062242, 9.193734, 0.1436521
557204943000, -3.6104562, 9.174581, 0.06703765
557225262000, -3.5913026, 9.184157, 0.076614454
557235236000, -3.6008794, 9.155427, 0.1436521
