#Acceleration force along the x y z axes (including gravity).
#timestamp(ns),x,y,z(m/s^2)
#Datetime: 18/05/2015 11:43:21
##########################################
#Activity: 6 - STN - Stairs down - 10s
#Subject ID: 54
#First Name: sub54
#Last Name: sub54
#Age: 27
#Height(cm): 164
#Weight(kg): 55
#Gender: Female
##########################################

@DATA
1778032952000, 0.5746084, 9.80665, -0.82360536
1778433807000, 0.6512229, 9.844957, -0.8331822
1778633756000, 0.8810662, 10.093954, -0.90021986
1778833939000, 2.0685902, 9.662998, -0.2777274
1778844930000, 1.9919758, 9.509769, -0.47884035
1778855522000, 1.9440918, 9.279925, -0.61291564
1778866263000, 1.8291701, 9.040505, -0.6512229
1778875710000, 1.6759412, 8.724471, -0.60333884
1778885538000, 1.4269443, 8.446744, -0.51714754
1778895639000, 1.2258313, 8.207323, -0.41180268
1778905787000, 1.0726024, 8.178593, -0.21068975
1778915820000, 0.82360536, 8.341399, 0.2777274
1778925933000, 0.5650316, 8.8777, 0.90021986
1778936090000, 0.37349546, 9.873688, 1.3790601
1778946783000, 0.30645782, 11.118672, 1.7812861
1778956175000, 0.4213795, 12.133814, 2.1930888
1778966163000, 0.81402856, 12.74673, 2.873042
1778976261000, 1.2641385, 12.77546, 3.6774938
1778986389000, 1.5514427, 12.239159, 3.9552212
1778996406000, 1.5897499, 11.18571, 3.7541082
1779007570000, 1.6567876, 9.203311, 2.6240451
1779017570000, 1.9440918, 8.781932, 2.2505496
1779028537000, 2.2888567, 8.418014, 2.087744
1779038707000, 2.6910827, 8.513782, 2.2218192
1779050320000, 2.8921957, 8.734048, 2.2122424
1779060988000, 3.1890767, 9.279925, 2.1547816
1779071599000, 3.0550013, 9.299079, 2.1068976
1779080799000, 2.834735, 8.90643, 2.1547816
1779091228000, 2.5953147, 8.6574335, 2.2218192
1779101310000, 2.3080103, 8.226477, 2.1643584
1779111382000, 2.087744, 7.7093296, 2.2026656
1779121715000, 1.7525556, 6.991069, 2.2697031
1779132426000, 1.6759412, 6.943185, 2.3942018
1779141678000, 1.388637, 7.0581064, 2.5091233
1779151765000, 1.1587936, 6.4547677, 2.5474305
1779176652000, 1.043872, 6.033388, 2.4612393
1779186382000, 1.1492168, 6.2823853, 2.3654714
1779196136000, 1.2545617, 6.588843, 2.3175871
1779206304000, 1.4269443, 6.9048777, 2.336741
1779216942000, 1.6089035, 7.153875, 2.480393
1779226435000, 1.7621324, 7.374141, 2.7868507
1779236762000, 1.8579005, 7.4603324, 3.1028855
1779258852000, 1.8100165, 7.517793, 3.371036
1779269845000, 1.7046716, 7.479486, 3.1890767
1779280493000, 1.5801731, 7.4124484, 2.815581
1779290700000, 1.484405, 7.3071036, 2.3750482
1779300807000, 1.3790601, 7.3645644, 1.9536686
1779310721000, 1.2449849, 7.374141, 1.733402
1779320522000, 1.1683705, 7.3549876, 1.7142484
1779330576000, 1.283292, 7.393295, 1.7429788
1779340802000, 1.388637, 7.3166804, 1.7525556
1779350992000, 1.532289, 7.07726, 1.8195933
1779360870000, 1.6567876, 6.8186865, 1.934515
1779371587000, 1.7142484, 6.5218053, 1.982399
1779391491000, 1.8962077, 6.196194, 2.183512
1779401584000, 1.9249382, 6.445191, 2.4899697
1779411709000, 1.8387469, 6.8761473, 2.8634653
1779422040000, 1.6759412, 7.441179, 3.1890767
1779432803000, 1.4652514, 7.747637, 3.5625722
1779442202000, 1.13964, 8.781932, 3.572149
1779452402000, 0.7757214, 10.0269165, 3.514688
1779462590000, 0.25857377, 12.191275, 3.083732
1779472722000, -0.33518824, 14.642938, 2.5474305
1779483422000, -0.6895301, 16.108189, 2.0015526
1779493003000, -0.51714754, 16.098612, 0.9768343
1779503300000, 0.1436521, 15.073894, -0.16280572
1779513112000, 1.0726024, 13.618219, -0.5746084
1779523208000, 1.7238252, 12.047623, -1.3120226
1779535081000, 2.0111294, 10.524911, -2.2984335
1779545052000, 2.480393, 9.816227, -3.1411927
1779555339000, 3.2561142, 10.419566, -2.9400797
1779566210000, 3.9360676, 11.520899, -1.7525556
1779575326000, 4.3766007, 12.98615, -0.40222588
1779585605000, 4.5872903, 14.020445, 0.41180268
1779595601000, 4.3957543, 14.346057, 0.47884035
1779605837000, 3.9264908, 14.279019, 0.4405331
1779616491000, 3.5434184, 14.077906, 0.2873042
1779626515000, 3.2082303, 13.685257, 0.2681506
1779636113000, 2.9400797, 12.899959, 0.4213795
1779645907000, 2.719813, 11.760319, 0.40222588
1779656295000, 2.4899697, 10.323798, 0.32561144
1779666142000, 2.1643584, 8.858546, 0.23942018
1779676405000, 1.8387469, 7.680599, 0.19153613
1779687553000, 1.6472107, 7.038953, 0.1340753
1779696545000, 1.6376339, 7.086837, 0.12449849
1779706804000, 1.8004397, 7.9104424, 0.2777274
1779716991000, 1.9249382, 8.829816, 0.38307226
1779727062000, 2.0398598, 9.595961, 0.50757074
1779737415000, 2.231396, 9.739613, 0.7278373
1779747060000, 2.4037786, 9.442732, 1.1492168
1779758876000, 2.5187001, 8.935161, 1.2162545
1779770840000, 2.681506, 8.322245, 1.1109096
1779781295000, 2.920926, 7.8625584, 1.1683705
1779791281000, 3.2273839, 7.5465236, 1.4269443
1779801356000, 3.4476504, 7.240066, 1.5897499
1779812625000, 3.5051112, 6.8186865, 1.484405
1779821676000, 3.3806129, 6.5026517, 1.292869
1779832378000, 3.323152, 6.4739213, 1.043872
1779851900000, 3.0454245, 7.5465236, 1.3120226
1779873217000, 2.920926, 9.414001, 1.4748282
1779883110000, 2.834735, 9.212888, 1.8291701
1779892410000, 2.882619, 8.523358, 1.8195933
1779902793000, 3.1028855, 7.795521, 1.5514427
1779912638000, 3.3806129, 7.335834, 1.436521
1779923177000, 3.5529952, 7.153875, 1.1779473
1779933256000, 3.514688, 7.383718, 0.7086837
1779944983000, 3.016694, 7.8146744, 0.79487497
1779954708000, 2.3654714, 8.695741, 1.1492168
1779964503000, 2.030283, 9.739613, 0.90979666
1779974594000, 1.6472107, 10.534488, 0.6799533
1779984755000, 1.0055647, 11.128249, 0.8714894
1779994601000, 0.2873042, 12.047623, 1.0726024
1780005701000, -0.33518824, 13.388376, 1.0247183
1780026252000, -1.1779473, 15.102624, 0.6991069
1780036360000, -1.6472107, 14.824897, 0.45010993
1780046086000, -1.8004397, 13.800179, 0.33518824
1780056598000, -0.8523358, 12.497733, 0.22984336
1780067179000, 0.038307227, 11.731588, 0.7374141
1780076468000, 0.19153613, 12.4785795, 2.5187001
1780086877000, 0.641646, 14.4609785, 4.003105
1780097074000, 1.3599066, 16.175226, 4.3287168
1780108557000, 1.8004397, 16.692375, 4.309563
1780118310000, 1.9057846, 15.658079, 4.003105
1780129894000, 2.6048915, 11.932701, 3.2082303
1780150587000, 3.1986535, 8.868123, 2.633622
1780160090000, 3.620033, 8.389283, 2.5761611
1780170272000, 3.9264908, 8.236053, 2.5378537
1780179952000, 4.050989, 8.130709, 2.528277
1780190563000, 4.012682, 8.101978, 2.4995465
1780200309000, 3.620033, 7.7667904, 2.4133554
1780211319000, 2.920926, 7.0964136, 2.2888567
1780221759000, 2.2601264, 6.042965, 2.1930888
1780230927000, 1.8004397, 5.5737014, 2.1068976
1780241305000, 1.6089035, 5.535394, 1.7812861
1780251356000, 1.4269443, 5.3821654, 1.5227122
1780261456000, 1.3599066, 5.0374002, 1.484405
1780271622000, 1.2737153, 4.8267107, 1.541866
1780282484000, 1.2449849, 4.644751, 1.7142484
1780291922000, 1.1587936, 4.759673, 1.8866309
1780301832000, 1.0342951, 4.807557, 2.183512
1780312591000, 0.9576807, 4.8458643, 2.4612393
1780333107000, 1.1683705, 4.711789, 3.016694
1780342373000, 1.4077905, 4.5394063, 3.1028855
1780352475000, 1.5993267, 4.4340615, 2.9975405
1780364760000, 1.5897499, 4.2425256, 2.681506
1780374946000, 1.3503298, 4.1371803, 2.336741
1780385130000, 1.0821792, 4.175488, 1.7621324
1780395704000, 0.78529817, 4.3861775, 1.1779473
1780405426000, 0.51714754, 5.1906295, 0.91937345
1780416261000, 0.5650316, 9.77792, 1.2258313
1780425457000, 1.0247183, 12.382812, 1.7812861
1780435343000, 1.5897499, 12.871228, 2.6910827
1780445503000, 2.2122424, 12.354081, 3.4955344
1780455898000, 2.72939, 11.128249, 4.0414124
1780466659000, 2.6719291, 10.295067, 3.3806129
1780475804000, 2.2601264, 10.170568, 1.8579005
1780486213000, 1.8770541, 10.419566, 1.6567876
1780496108000, 1.0821792, 11.18571, 1.4556746
1780506251000, -0.047884032, 12.5743475, 0.60333884
1780516293000, -0.89064306, 14.135366, -1.0151415
1780526338000, -0.4405331, 15.8304615, -1.1587936
1780536749000, 0.45010993, 15.188815, -2.078167
1780546732000, 1.0151415, 12.852075, -3.1124623
1780556650000, 2.336741, 11.080365, -2.8538885
1780567278000, 3.9552212, 10.342952, -0.7469909
1780577070000, 3.8498764, 12.239159, 0.7469909
1780587456000, 4.3382936, 15.887922, 2.1739352
1780597337000, 5.5641246, 17.717093, 2.2697031
1780607479000, 6.4260373, 18.550274, 0.7757214
1780617606000, 5.410896, 14.12579, 1.1779473
1780628483000, 4.2999864, 10.496181, 0.94810385
1780642459000, 2.384625, 8.1402855, 0.7757214
1780652498000, 1.2737153, 7.489063, 0.641646
1780662146000, 0.2777274, 6.83784, 0.51714754
1780672694000, -0.30645782, 6.4643445, 0.58418524
1780683534000, -0.095768064, 7.038953, 0.6703765
1780692933000, 0.60333884, 8.379706, 0.90021986
1780703016000, 1.436521, 9.710882, 1.2545617
1780712807000, 2.1260512, 10.400413, 1.4173675
1780723370000, 2.5091233, 10.6398325, 1.1013328
1780733784000, 2.6144683, 10.199299, 0.36391866
1780744107000, 2.5570073, 9.423578, -0.32561144
1780755862000, 2.5091233, 8.714894, -0.4405331
1780776454000, 2.566584, 7.632715, 1.0630256
1780786636000, 2.5761611, 7.1347213, 1.9440918
1780796448000, 2.6144683, 6.8091097, 2.2026656
1780806803000, 2.7485435, 6.579266, 1.9153614
1780817042000, 2.9879637, 6.7324953, 1.7142484
1780826733000, 3.3614593, 6.9527617, 1.541866
1780838277000, 3.6487634, 6.7612257, 1.0726024
1780847731000, 3.6966474, 6.4068837, 0.7086837
1780858441000, 3.4380736, 5.7269306, 0.82360536
1780869490000, 2.7389667, 5.2768207, 0.5363012
1780881305000, 2.3175871, 5.3247046, 0.6895301
1780890927000, 2.0973208, 5.90889, 1.0821792
1780901059000, 2.0590134, 6.799533, 1.2545617
1780911137000, 2.1260512, 7.6231384, 1.292869
1780921208000, 2.1739352, 8.801085, 1.1971009
1780931302000, 2.3463178, 9.787497, 1.292869
1780961383000, 3.1028855, 10.496181, 1.0247183
1780971840000, 3.2082303, 9.940725, 1.13964
1780982146000, 3.1603463, 9.605537, 1.3120226
1780991849000, 3.0358477, 9.720459, 1.5801731
1781012419000, 2.4612393, 10.745177, 1.1013328
1781023038000, 1.6663644, 11.291056, 0.94810385
1781033496000, 0.62249243, 11.923124, 1.3982137
1781043000000, -0.47884035, 12.469003, 1.6376339
1781053882000, -1.6184803, 12.708423, 1.6950948
1781063027000, -2.480393, 12.804191, 1.7812861
1781083129000, -2.135628, 12.727576, 1.685518
1781093368000, -0.9576807, 12.670115, 1.5514427
1781104017000, -0.31603462, 13.503298, 2.2409728
1781115173000, 1.2641385, 17.286137, 3.3806129
1781125611000, 2.7006595, 18.013973, 2.8443117
1781135111000, 3.9935284, 16.472107, 2.767697
1781145100000, 4.232949, 13.378799, 3.6104562
1781156258000, 4.10845, 10.275913, 4.146757
1781165921000, 3.964798, 8.42759, 3.964798
1781176181000, 3.620033, 8.034941, 3.2944214
1781186762000, 3.2082303, 8.207323, 2.777274
1781196212000, 2.920926, 8.446744, 2.566584
1781206337000, 2.72939, 8.437167, 2.6048915
1781217260000, 2.6527755, 8.274361, 2.7964275
1781226521000, 2.5187001, 7.6231384, 2.815581
1781237152000, 2.327164, 6.339846, 2.7006595
1781246963000, 2.2984335, 5.66947, 2.3942018
1781257073000, 2.2218192, 5.2768207, 2.0015526
1781266976000, 2.1164744, 5.056554, 1.7908629
1781277014000, 2.0111294, 4.960786, 1.8962077
1781287687000, 1.9057846, 4.9799395, 2.0590134
1781298242000, 1.8579005, 5.1235914, 2.3750482
1781310676000, 1.8004397, 5.2959743, 2.7581203
1781341332000, 1.8770541, 5.6407394, 3.667917
1781351539000, 1.9153614, 5.6215854, 3.3614593
1781370798000, 1.8483237, 5.5162406, 2.2984335
1781381118000, 1.4556746, 5.659893, 2.0590134
1781391941000, 1.3790601, 6.349423, 1.934515
1781402603000, 1.5897499, 7.651869, 2.087744
1781411894000, 1.9153614, 8.983045, 2.2026656
1781422379000, 2.1643584, 9.452309, 2.3750482
1781432048000, 2.3463178, 9.260772, 2.8538885
1781442511000, 2.5091233, 8.714894, 3.1890767
1781452507000, 2.633622, 7.9870567, 3.2561142
1781462890000, 2.767697, 7.144298, 3.016694
1781473345000, 2.815581, 6.2632318, 2.5091233
1781483699000, 2.7581203, 5.793968, 2.2505496
1781493790000, 2.5187001, 5.544971, 2.2601264
1781503932000, 2.087744, 6.0716953, 1.8004397
1781513976000, 1.4939818, 7.5082164, 1.6280571
1781524221000, 0.7469909, 9.959879, 2.0590134
1781534468000, 0.019153614, 13.129802, 2.432509
1781545185000, -0.29688102, 16.338032, 2.6623523
1781555668000, -0.49799395, 17.937359, 1.5610195
1781566565000, -0.20111294, 18.272547, 0.39264908
1781575866000, 0.45968673, 15.581465, -0.1340753
1781585997000, 1.1109096, 11.808203, -1.6759412
1781596057000, 1.7046716, 8.418014, -3.0454245
1781606211000, 2.873042, 7.345411, -2.9783869
1781617256000, 4.5681367, 10.0269165, -0.6799533
1781636546000, 4.721366, 12.50731, 0.4213795
1781646486000, 4.3382936, 15.887922, 1.3120226
1781656590000, 4.050989, 18.626888, 0.21068975
1781666663000, 3.9552212, 15.380352, 1.0726024
1781676784000, 3.8019924, 12.440272, 1.0534488
1781687236000, 3.3327289, 10.515334, 0.41180268
1781697142000, 2.4899697, 9.260772, -0.22026655
1781707491000, 1.5514427, 8.24563, -0.5267244
1781717380000, 0.5746084, 7.4507556, -0.29688102
1781729909000, -0.2873042, 6.9719152, -0.02873042
1781739481000, -0.91937345, 6.8761473, 0.24899697
1781749767000, -1.0151415, 7.240066, 0.50757074
1781760139000, -0.5267244, 8.159439, 0.842759
1781770174000, 0.45968673, 9.193734, 0.92895025
1781780172000, 1.6280571, 9.615114, 0.7278373
1781789809000, 2.6527755, 9.758766, 0.62249243
1781800681000, 3.2848446, 9.279925, 0.4405331
1781810754000, 3.3997664, 8.7053175, 0.33518824
1781821435000, 3.3614593, 8.331821, 0.34476504
1781830859000, 3.3997664, 8.054094, 0.61291564
1781840994000, 3.4763808, 7.9487495, 1.0821792
1781851259000, 3.5338416, 7.785944, 1.6089035
1781861213000, 3.6391866, 7.5561004, 2.0111294
1781871687000, 3.6583402, 7.2113357, 1.9632454
1781882136000, 3.5625722, 6.742072, 1.7142484
1781891595000, 3.4572272, 6.253655, 1.3311762
1781901695000, 3.265691, 5.66947, 0.7757214
1781911836000, 3.122039, 5.449203, 0.7278373
1781921959000, 2.9400797, 5.793968, 0.9672575
1781932003000, 2.834735, 6.531382, 1.043872
1781965328000, 2.9017725, 8.264784, 1.8579005
1781976103000, 3.1028855, 7.7189064, 1.484405
1781986115000, 3.2369606, 7.1155677, 1.1779473
1781995865000, 3.4763808, 6.7229185, 0.9672575
1782006440000, 3.7924154, 6.7324953, 0.59376204
1782015978000, 3.5434184, 7.3645644, 0.2681506
1782026229000, 2.9592333, 8.628703, 0.22026655
1782036149000, 2.5474305, 10.457873, -0.4405331
1782046272000, 1.9632454, 11.60709, -1.0342951
1782056523000, 0.90979666, 11.999739, -0.8810662
1782066365000, -0.33518824, 12.344504, -0.009576807
1782076477000, -1.3599066, 13.024457, 1.0534488
1782086683000, -2.1164744, 13.934254, 1.685518
1782096693000, -2.6719291, 14.719552, 1.9536686
1782107541000, -2.96881, 15.045163, 2.1643584
1782116860000, -2.566584, 14.824897, 2.0111294
1782127007000, -1.5131354, 14.202404, 1.7908629
1782137920000, -0.39264908, 13.685257, 1.8291701
1782147299000, 0.16280572, 13.857639, 2.3654714
1782157661000, 0.5650316, 15.102624, 2.96881
1782169221000, 1.9728222, 17.669209, 4.213795
1782179897000, 2.1164744, 17.180792, 4.1946416
1782190088000, 1.8866309, 15.629349, 3.964798
1782200202000, 1.733402, 13.484144, 3.8402996
1782210228000, 1.8195933, 11.15698, 3.5529952
1782220998000, 2.1547816, 9.5385, 2.8634653
1782231822000, 2.4229321, 8.408437, 2.183512
1782242148000, 2.5953147, 7.603985, 1.7908629
1782252413000, 2.566584, 6.7324953, 1.532289
1782263472000, 2.6048915, 6.090849, 1.4652514
1782276087000, 2.4229321, 5.353435, 1.5514427
1782285489000, 2.1452048, 4.6351743, 1.7046716
1782295590000, 1.8387469, 4.7788267, 1.8004397
1782306014000, 1.5610195, 4.960786, 1.8866309
1782315953000, 1.292869, 5.0182467, 2.0398598
1782325889000, 1.1109096, 5.0278234, 2.2122424
1782336141000, 1.0342951, 4.7884035, 2.3750482
1782346807000, 1.1779473, 4.6351743, 2.3654714
1782356447000, 1.4269443, 4.3957543, 2.327164
1782367198000, 1.6759412, 4.060566, 2.3942018
1782376525000, 1.8195933, 3.6104562, 2.585738
1782386755000, 1.9632454, 3.169923, 2.7006595
1782396541000, 1.9728222, 2.815581, 2.8060043
1782406683000, 1.8387469, 2.72939, 2.6431987
1782417129000, 1.5131354, 2.8538885, 2.231396
1782426822000, 1.0821792, 3.0454245, 1.6089035
1782437467000, 0.5746084, 3.9264908, 0.80445176
1782447900000, 0.095768064, 6.1100025, 0.11492168
1782457133000, -0.05746084, 9.3661175, -0.24899697
1782467296000, 0.05746084, 12.392388, -0.19153613
1782477672000, 0.6895301, 13.091495, 0.6799533
1782487718000, 1.5514427, 12.497733, 2.0494366
1782497624000, 2.3942018, 11.195287, 3.4380736
1782507823000, 2.920926, 9.969456, 3.6583402
1782517928000, 2.6623523, 9.423578, 2.0398598
1782528023000, 1.733402, 9.624691, 1.2641385
1782538526000, 0.4213795, 10.582372, 0.93852705
1782548469000, -1.1013328, 12.852075, 0.6703765
1782558924000, -2.585738, 15.198392, 0.50757074
1782568914000, -2.3463178, 16.567875, 0.8523358
1782579649000, -0.5746084, 16.01242, 2.0590134
1782589675000, 1.283292, 13.838486, -0.076614454
1782600493000, 2.8634653, 11.224017, -2.9400797
1782610710000, 4.0797195, 10.151415, -2.7006595
1782620500000, 4.414908, 10.43872, -1.1587936
1782629790000, 3.8402996, 13.139379, 0.34476504
1782640091000, 4.721366, 16.338032, 0.89064306
1782650204000, 6.943185, 17.937359, -0.34476504
1782660896000, 6.0716953, 12.210428, 0.5554548
1782671097000, 5.2768207, 9.595961, 0.32561144
1782680752000, 4.5394063, 9.002198, -0.05746084
1782690459000, 3.3518825, 9.011775, 0.25857377
1782701040000, 2.0590134, 9.059659, 0.47884035
1782710641000, 1.2641385, 8.839393, 0.59376204
1782720845000, 1.0055647, 8.695741, 0.61291564
1782730867000, 0.9864111, 8.944737, 0.7757214
1782742272000, 1.1109096, 9.500193, 1.1587936
1782763371000, 1.0151415, 10.342952, 1.3982137
1782774781000, 1.0726024, 10.352529, 0.8619126
1782794977000, 0.8810662, 8.571242, 0.10534488
1782805916000, 0.5746084, 7.536947, 0.076614454
1782816913000, 0.39264908, 6.694188, 0.35434186
1782827458000, 0.4309563, 6.2632318, 0.60333884
1782848330000, 2.3080103, 7.4603324, 0.6895301
1782857931000, 3.083732, 8.054094, 0.4309563
1782867899000, 3.8786068, 8.389283, 0.23942018
1782877989000, 4.5394063, 8.485051, -0.10534488
1782888490000, 4.807557, 7.8912888, -0.36391866
1782898425000, 4.8267107, 7.1347213, -0.4405331
1782908880000, 4.6351743, 6.2249246, -0.12449849
1782918884000, 4.232949, 5.506664, 0.7086837
1782928882000, 3.2273839, 5.353435, 0.8714894
1782939720000, 2.3080103, 5.554548, 0.545878
1782950719000, 1.7717092, 6.205771, 0.5267244
1782959858000, 1.4748282, 6.9240313, 0.5746084
1782970405000, 1.4460979, 7.7189064, 0.5363012
1782980092000, 1.7908629, 8.446744, 0.33518824
1782990254000, 2.1930888, 8.944737, 0.30645782
1783001136000, 2.5474305, 9.165004, 0.6991069
1783010619000, 2.8538885, 9.279925, 1.4556746
1783020713000, 3.1890767, 9.251195, 1.9440918
1783030961000, 3.4284968, 9.097966, 1.5705963
1783041173000, 3.6104562, 9.040505, 1.283292
1783051299000, 3.6583402, 9.184157, 1.0821792
1783061122000, 3.5817258, 9.433155, 0.8331822
1783071646000, 3.2944214, 9.854534, 0.16280572
1783081335000, 2.6719291, 10.419566, -0.31603462
1783092022000, 1.6280571, 10.984597, 0.22026655
1783102102000, 0.6991069, 11.769896, 0.9959879
1783112328000, -0.1340753, 12.641385, 1.5801731
1783122709000, -0.82360536, 13.388376, 1.8866309
1783133691000, -1.1683705, 14.039598, 1.9536686
1783153213000, -0.8619126, 14.106636, 2.1643584
1783165191000, 1.2354081, 13.397953, 1.8387469
1783175222000, 1.8674773, 13.369223, 2.3080103
1783184685000, 1.7046716, 14.671668, 3.7349546
1783194544000, 1.9919758, 16.146496, 4.7500963
1783205157000, 2.5570073, 16.558298, 5.506664
1783214719000, 2.873042, 15.303738, 5.995081
1783225537000, 2.6527755, 13.091495, 5.90889
1783235349000, 2.432509, 11.051635, 5.497087
1783245446000, 2.4037786, 9.749189, 4.5872903
1783255693000, 2.4612393, 9.059659, 3.2561142
1783266373000, 2.528277, 8.379706, 2.078167
1783275855000, 2.6719291, 7.8529816, 1.1779473
1783285832000, 2.7581203, 7.1251445, 0.9768343
1783296156000, 2.834735, 6.0525417, 1.091756
1783306397000, 2.9017725, 4.855441, 1.2737153
1783316411000, 2.8634653, 3.86903, 1.7238252
1783326657000, 2.6719291, 3.964798, 1.9440918
1783336517000, 2.4037786, 4.31914, 2.2218192
1783346671000, 1.9728222, 4.606444, 2.4229321
1783356738000, 1.5035586, 4.9799395, 2.585738
1783366830000, 1.0726024, 5.4683566, 2.6527755
1783377174000, 0.82360536, 5.9663506, 2.6431987
1783387143000, 0.79487497, 6.2632318, 2.5953147
1783397485000, 1.0055647, 6.4164605, 2.6431987
1783407349000, 1.2641385, 6.4260373, 2.815581
1783418256000, 1.5514427, 6.215348, 2.7964275
1783428356000, 1.8579005, 5.9759274, 2.7006595
1783438859000, 1.9632454, 5.631162, 2.5187001
1783448970000, 1.4939818, 4.9895163, 1.7429788
1783459345000, 1.043872, 4.7788267, 1.3503298
1783470160000, 0.641646, 5.046977, 0.9672575
1783480206000, 0.4309563, 6.196194, 0.7565677
1783490316000, 0.39264908, 7.7093296, 0.8619126
1783500281000, 0.5650316, 8.829816, 1.2354081
1783510625000, 0.93852705, 9.136273, 1.9057846
1783520992000, 1.436521, 9.097966, 2.6431987
1783530856000, 1.9440918, 8.896853, 3.1603463
1783540957000, 2.2697031, 8.504205, 3.5051112
1783551051000, 2.0398598, 8.00621, 3.169923
1783560991000, 1.541866, 7.7189064, 2.7389667
1783573787000, 0.61291564, 8.303091, 1.7525556
1783585564000, -0.2777274, 10.342952, 1.6663644
1783595657000, -1.0821792, 13.522451, 1.2258313
1783605077000, -1.6567876, 16.529568, 1.1109096
1783625035000, -0.4213795, 16.64449, 1.436521
1783635098000, 0.89064306, 14.097059, 0.90021986
1783645227000, 2.2601264, 11.434708, -0.06703765
1783655481000, 3.2082303, 7.9870567, -4.5394063
1783666069000, 4.5298295, 9.509769, -3.1794999
1783675682000, 5.6215854, 12.248735, -1.1204864
1783685945000, 6.445191, 15.351622, 0.33518824
1783695829000, 5.9280434, 17.448942, 1.1300632
1783706040000, 4.999093, 18.492813, 0.12449849
1783716496000, 4.146757, 17.774553, 0.009576807
1783726017000, 3.371036, 14.949395, 1.13964
1783736293000, 2.8634653, 12.909535, 1.6472107
1783746194000, 2.2888567, 11.501745, 1.1971009
1783756271000, 1.7238252, 10.333375, 0.49799395
1783766851000, 1.292869, 9.299079, 0.20111294
1783776540000, 0.9864111, 8.283937, 0.24899697
1783796556000, 0.6512229, 7.2783732, 0.0
1783806713000, 0.8331822, 8.1402855, -0.36391866
1783816952000, 1.1587936, 9.452309, -0.4213795
1783827028000, 1.4652514, 10.429143, -0.31603462
1783836987000, 1.541866, 10.658986, -0.20111294
1783847047000, 1.4460979, 10.409989, -0.06703765
1783857425000, 1.2641385, 9.931149, 0.25857377
1783867625000, 1.1683705, 9.557653, 0.5650316
1783878500000, 1.1300632, 9.299079, 0.89064306
1783888745000, 1.2737153, 9.030929, 1.2066777
1783899212000, 1.6472107, 8.743625, 1.340753
1783909219000, 2.0207062, 8.341399, 1.1109096
1783919880000, 2.336741, 7.881712, 0.61291564
1783929950000, 2.5378537, 7.153875, 0.2777274
1783939970000, 2.5570073, 6.215348, 0.24899697
1783951117000, 2.327164, 4.759673, 0.095768064
1783971674000, 2.2026656, 4.5681367, -0.11492168
1783980686000, 2.2218192, 4.673482, -0.02873042
1783990549000, 2.2697031, 4.8745947, 0.11492168
1784001308000, 2.336741, 5.267244, 0.0
1784010961000, 2.4037786, 5.851429, -0.24899697
1784021290000, 2.384625, 6.3206925, -0.30645782
1784031201000, 2.2697031, 6.7324953, -0.019153614
1784051570000, 2.1739352, 6.933608, -0.10534488
1784061976000, 2.030283, 6.895301, 0.15322891
1784071920000, 1.8674773, 7.2783732, 0.49799395
1784081874000, 1.8579005, 8.111555, 1.2066777
1784092058000, 1.9728222, 9.193734, 1.292869
1784102148000, 2.1164744, 10.342952, 1.5035586
1784112384000, 2.3942018, 11.530476, 1.3694834
1784122694000, 2.719813, 12.765883, 0.80445176
1784132685000, 2.8634653, 13.819332, 0.23942018
1784142771000, 2.432509, 14.5567465, 0.5650316
1784152864000, 1.4460979, 14.901511, 1.2354081
1784163166000, 0.2681506, 14.978126, 2.0111294
1784173096000, -0.7469909, 15.045163, 2.231396
1784183321000, -1.2737153, 14.719552, 2.2122424
1784193259000, -1.3790601, 13.905523, 2.2218192
1784203346000, -0.90979666, 13.206416, 2.1643584
1784213757000, -0.12449849, 12.880805, 1.9057846
1784223645000, 1.0342951, 13.043611, 1.4939818
1784234224000, 2.3080103, 13.512875, 1.2737153
1784243908000, 3.169923, 14.221559, 1.9440918
1784255218000, 3.5338416, 15.409082, 2.825158
1784265843000, 3.7445314, 16.625336, 3.8594532
1784275654000, 3.8498764, 16.950949, 4.4915223
1784285800000, 2.9496565, 13.704411, 4.596867
1784295809000, 2.4037786, 11.511322, 4.1276035
1784306039000, 2.0398598, 10.0269165, 3.4476504
1784315959000, 1.7238252, 9.030929, 2.7389667
1784325886000, 1.340753, 8.322245, 2.231396
1784335838000, 1.13964, 7.536947, 1.9728222
1784345990000, 1.0247183, 6.9048777, 2.135628
1784366385000, 0.9672575, 6.8569937, 2.3463178
1784376262000, 0.92895025, 6.7324953, 2.4899697
1784386261000, 0.8523358, 6.5696893, 2.5474305
1784396603000, 0.7661445, 6.3685765, 2.4612393
1784406596000, 0.6895301, 6.1387334, 2.2505496
1784417262000, 0.62249243, 5.9759274, 2.087744
1784426665000, 0.63206923, 5.793968, 1.9536686
1784437236000, 0.6895301, 5.544971, 1.8100165
1784447279000, 0.79487497, 5.3725886, 1.7238252
1784457252000, 0.93852705, 5.133168, 1.7717092
1784467482000, 1.043872, 4.8841715, 1.982399
1784477577000, 1.0151415, 4.606444, 2.2026656
1784497762000, 0.9959879, 4.1946416, 2.1739352
1784507998000, 0.8714894, 4.175488, 1.9249382
1784517868000, 0.63206923, 4.156334, 1.340753
1784528003000, 0.39264908, 4.271256, 0.92895025
1784538056000, 0.24899697, 4.7405195, 0.91937345
1784548207000, 0.34476504, 5.755661, 1.1204864
1784558561000, 0.6703765, 6.991069, 1.2162545
1784570111000, 0.9959879, 8.293514, 1.3790601
1784579461000, 1.3311762, 9.32781, 1.388637
1784589692000, 1.6184803, 9.892841, 1.6089035
1784599941000, 1.8962077, 9.959879, 1.7812861
1784610640000, 1.9249382, 8.983045, 2.1930888
1784621108000, 1.6950948, 8.236053, 2.2122424
1784632608000, 1.5227122, 7.5082164, 2.3463178
1784641973000, 1.5801731, 6.742072, 2.681506
1784652047000, 1.6472107, 6.1770406, 2.7964275
1784662169000, 1.7717092, 5.7365074, 3.0262709
1784672423000, 0.90979666, 7.0485296, 2.7964275
1784682591000, 0.49799395, 10.70687, 2.3558946
1784692771000, 0.17238252, 14.920665, 2.6527755
1784703199000, 0.29688102, 17.228676, 2.528277
1784713409000, 0.32561144, 18.387468, -0.82360536
1784723483000, -0.1340753, 17.860744, -3.6870706
1784733778000, 0.5650316, 15.68681, -2.5378537
1784743884000, 1.6663644, 13.493721, -0.90021986
1784753913000, 2.9592333, 12.344504, -0.1340753
1784765336000, 3.7732618, 12.018892, -0.4405331
1784775485000, 4.0701427, 12.133814, -0.8714894
1784785615000, 3.9935284, 12.344504, -1.2066777
1784795560000, 3.6870706, 12.50731, -1.1683705
1784806381000, 3.1986535, 12.890382, -0.8810662
1784815864000, 2.5953147, 13.541605, -0.5267244
1784826124000, 2.2122424, 14.671668, -0.16280572
1784835804000, 2.1547816, 15.8783455, 0.05746084
1784845911000, 2.1452048, 15.792154, 0.047884032
1784856520000, 1.8579005, 14.4130945, 0.05746084
1784866209000, 1.4652514, 12.957419, -0.10534488
1784876235000, 1.0726024, 11.693281, -0.40222588
1784886270000, 0.89064306, 10.601525, -0.641646
1784896346000, 0.82360536, 8.973468, -0.90021986
1784906601000, 0.90021986, 8.513782, -0.8523358
1784916634000, 1.0534488, 8.485051, -0.9672575
1784926654000, 1.3120226, 8.7532015, -0.9768343
1784936996000, 1.5610195, 9.3661175, -0.91937345
1784947074000, 1.7621324, 9.921572, -0.81402856
1784957120000, 1.8291701, 10.141838, -0.9576807
1784967030000, 1.8004397, 10.065224, -0.92895025
1784977369000, 1.7238252, 9.730036, -0.6895301
1784987497000, 1.6950948, 9.3182335, -0.38307226
1784998231000, 1.7046716, 8.954314, -0.20111294
1785007635000, 1.733402, 8.6095495, -0.06703765
1785028271000, 1.6759412, 8.063671, 0.019153614
1785038705000, 1.6376339, 8.0924015, 0.038307227
1785048944000, 1.5705963, 8.015787, -0.29688102
1785069260000, 1.6184803, 8.149862, -0.6895301
1785090143000, 1.6376339, 8.580819, -0.7374141
1785110465000, 1.6472107, 9.308656, -0.60333884
1785120699000, 1.685518, 9.720459, -0.38307226
1785130855000, 1.7908629, 10.170568, -0.33518824
1785141011000, 2.0015526, 10.611102, -0.34476504
1785150947000, 2.1930888, 10.927136, -0.24899697
1785160967000, 2.3080103, 11.271901, -0.23942018
1785172485000, 2.5953147, 11.932701, -0.8331822
1785182569000, 2.6048915, 11.769896, -1.2737153
1785192886000, 2.4708161, 11.137826, -1.4652514
1785203297000, 2.1930888, 10.515334, -1.4269443
1785213995000, 1.8100165, 10.084377, -1.2162545
1785224281000, 1.2545617, 9.816227, -1.0151415
1785234995000, 0.7374141, 9.615114, -0.6512229
1785244993000, 0.24899697, 9.461885, -0.22984336
1785255796000, -0.009576807, 9.404425, 0.019153614
1785265668000, -0.19153613, 9.346964, 0.1340753
1785275778000, -0.2681506, 9.203311, 0.08619126
1785285885000, -0.32561144, 9.433155, 0.019153614
1785295841000, -0.31603462, 9.56723, -0.24899697
1785305897000, -0.19153613, 9.682152, -0.5363012
1785316666000, -0.08619126, 9.77792, -0.6703765
1785326140000, 0.06703765, 9.80665, -0.7374141
1785336116000, 0.20111294, 9.758766, -0.6799533
1785346300000, 0.29688102, 9.643845, -0.6512229
1785356926000, 0.39264908, 9.394848, -0.60333884
1785367491000, 0.47884035, 9.222465, -0.545878
1785378792000, 0.5554548, 9.184157, -0.46926352
1785388059000, 0.641646, 9.289502, -0.48841715
1785398658000, 0.6991069, 9.452309, -0.7182605
1785412821000, 0.7086837, 9.433155, -0.90979666
1785422524000, 0.641646, 9.528923, -1.1779473
1785432417000, 0.5650316, 9.662998, -1.4173675
1785442674000, 0.4405331, 10.04607, -1.6089035
1785454018000, 0.33518824, 10.362105, -1.7142484
1785463935000, 0.2681506, 10.620679, -1.5801731
1785475328000, 0.16280572, 10.860099, -1.3024458
1785485309000, 0.02873042, 11.080365, -0.9864111
1785495158000, -0.22984336, 11.271901, -0.61291564
1785506147000, -0.39264908, 11.463438, -0.18195933
1785515751000, -0.5554548, 11.549629, 0.08619126
1785525856000, -0.59376204, 11.492168, 0.30645782
1785535874000, -0.5267244, 11.204864, 0.37349546
1785545969000, -0.34476504, 10.793061, 0.29688102
1785556244000, 0.17238252, 10.01734, -0.17238252
1785567103000, 0.46926352, 9.682152, -0.36391866
1785576364000, 0.78529817, 9.423578, -0.5650316
1785586302000, 1.1013328, 9.308656, -0.7086837
1785596731000, 1.340753, 9.184157, -0.90021986
1785606697000, 1.5035586, 9.097966, -1.0055647
1785617507000, 1.6184803, 8.983045, -1.0151415
1785626944000, 1.6089035, 8.935161, -0.89064306
1785637195000, 1.436521, 8.983045, -0.7469909
1785646957000, 1.2449849, 9.069236, -0.61291564
1785657324000, 1.0342951, 9.203311, -0.5363012
1785667306000, 0.81402856, 9.3182335, -0.47884035
1785677421000, 0.61291564, 9.452309, -0.4405331
1785687960000, 0.36391866, 9.56723, -0.39264908
1785697954000, 0.17238252, 9.672575, -0.34476504
1785707766000, 0.0, 9.768343, -0.4405331
1785717960000, -0.11492168, 9.873688, -0.46926352
1785727939000, -0.20111294, 9.9790325, -0.49799395
1785738273000, -0.2777274, 10.093954, -0.5746084
1785748134000, -0.24899697, 10.180145, -0.61291564
1785758997000, -0.17238252, 10.266336, -0.641646
1785769071000, -0.047884032, 10.323798, -0.6512229
1785779474000, 0.10534488, 10.295067, -0.6703765
1785789661000, 0.2777274, 10.247183, -0.6991069
1785800289000, 0.4213795, 10.160992, -0.6895301
1785809944000, 0.5363012, 10.0269165, -0.7182605
1785820229000, 0.58418524, 9.940725, -0.7565677
1785830137000, 0.6799533, 9.883265, -0.7661445
1785840355000, 0.6991069, 9.825804, -0.7757214
1785851003000, 0.7374141, 9.768343, -0.78529817
1785860353000, 0.7182605, 9.749189, -0.80445176
1785880273000, 0.5746084, 9.787497, -0.7565677
1785890584000, 0.51714754, 9.835381, -0.7469909
1785900616000, 0.45010993, 9.873688, -0.6512229
1785913903000, 0.47884035, 9.883265, -0.62249243
1785924253000, 0.49799395, 9.864111, -0.641646
1785935110000, 0.545878, 9.892841, -0.6512229
1785944917000, 0.51714754, 9.921572, -0.7374141
1785964784000, 0.50757074, 9.911995, -0.80445176
1785974577000, 0.48841715, 9.873688, -0.842759
1785984652000, 0.4405331, 9.883265, -0.89064306
1785994658000, 0.41180268, 9.835381, -0.8810662
1786006192000, 0.37349546, 9.825804, -0.842759
1786015854000, 0.32561144, 9.816227, -0.81402856
1786026162000, 0.21068975, 9.835381, -0.7565677
1786036060000, 0.1340753, 9.864111, -0.7278373
1786056634000, 0.06703765, 9.873688, -0.7278373
1786076563000, 0.019153614, 9.844957, -0.7661445
1786096775000, -0.02873042, 9.873688, -0.81402856
1786117865000, -0.038307227, 9.873688, -0.8331822
1786137471000, -0.05746084, 9.864111, -0.79487497
1786157717000, -0.02873042, 9.864111, -0.8331822
1786178223000, -0.019153614, 9.854534, -0.8810662
1786188466000, 0.0, 9.883265, -0.89064306
1786198747000, -0.02873042, 9.854534, -0.8619126
1786210380000, -0.019153614, 9.883265, -0.842759
1786230078000, -0.019153614, 9.892841, -0.80445176
1786240616000, -0.009576807, 9.873688, -0.79487497
1786260790000, 0.019153614, 9.835381, -0.82360536
1786270968000, 0.038307227, 9.854534, -0.80445176
1786280820000, 0.05746084, 9.864111, -0.78529817
1786291025000, 0.08619126, 9.854534, -0.79487497
1786310821000, 0.08619126, 9.873688, -0.80445176
1786321359000, 0.11492168, 9.883265, -0.7661445
1786331025000, 0.10534488, 9.873688, -0.7757214
1786341135000, 0.076614454, 9.854534, -0.80445176
1786361282000, 0.047884032, 9.892841, -0.7565677
1786382596000, 0.02873042, 9.873688, -0.7374141
1786403185000, 0.009576807, 9.873688, -0.7374141
1786413930000, 0.019153614, 9.864111, -0.7278373
1786424956000, 0.038307227, 9.883265, -0.7565677
1786445143000, 0.02873042, 9.921572, -0.7469909
1786456125000, 0.047884032, 9.911995, -0.7374141
1786475883000, 0.05746084, 9.864111, -0.6991069
1786486020000, 0.11492168, 9.873688, -0.6799533
1786496049000, 0.10534488, 9.902418, -0.6607997
1786516979000, 0.11492168, 9.864111, -0.6512229
1786526402000, 0.12449849, 9.854534, -0.641646
1786557013000, 0.11492168, 9.864111, -0.60333884
1786566968000, 0.15322891, 9.873688, -0.62249243
1786577221000, 0.17238252, 9.883265, -0.60333884
1786587144000, 0.18195933, 9.844957, -0.5746084
1786597326000, 0.21068975, 9.825804, -0.5650316
1786607470000, 0.22984336, 9.844957, -0.59376204
1786617574000, 0.22026655, 9.835381, -0.641646
1786648476000, 0.21068975, 9.844957, -0.58418524
1786668796000, 0.18195933, 9.854534, -0.545878
1786690144000, 0.17238252, 9.892841, -0.58418524
1786700199000, 0.15322891, 9.902418, -0.5650316
1786712525000, 0.12449849, 9.892841, -0.58418524
1786731930000, 0.15322891, 9.864111, -0.5363012
1786752143000, 0.16280572, 9.873688, -0.5267244
1786765273000, 0.12449849, 9.892841, -0.49799395
1786785387000, 0.10534488, 9.911995, -0.5554548
1786795479000, 0.1436521, 9.902418, -0.5650316
1786806156000, 0.10534488, 9.873688, -0.51714754
1786815807000, 0.11492168, 9.883265, -0.49799395
1786835903000, 0.095768064, 9.864111, -0.50757074
1786856668000, 0.12449849, 9.873688, -0.51714754
1786876484000, 0.1436521, 9.825804, -0.48841715
1786886417000, 0.1340753, 9.797073, -0.51714754
1786896780000, 0.15322891, 9.835381, -0.49799395
1786906714000, 0.16280572, 9.864111, -0.48841715
1786916785000, 0.15322891, 9.854534, -0.51714754
1786926855000, 0.16280572, 9.825804, -0.46926352
1786937225000, 0.19153613, 9.787497, -0.47884035
1786957446000, 0.1340753, 9.835381, -0.45968673
1786977593000, 0.16280572, 9.902418, -0.4405331
1787007760000, 0.18195933, 9.892841, -0.4309563
1787048559000, 0.22984336, 9.835381, -0.45010993
1787059444000, 0.20111294, 9.844957, -0.4405331
1787079893000, 0.17238252, 9.825804, -0.45010993
1787090735000, 0.1340753, 9.844957, -0.47884035
1787100875000, 0.17238252, 9.825804, -0.46926352
1787121342000, 0.16280572, 9.787497, -0.4405331
1787130777000, 0.18195933, 9.825804, -0.45968673
1787141190000, 0.22984336, 9.864111, -0.47884035
1787161061000, 0.20111294, 9.835381, -0.47884035
1787172825000, 0.19153613, 9.80665, -0.45968673
1787182603000, 0.20111294, 9.797073, -0.46926352
1787193092000, 0.22026655, 9.835381, -0.47884035
1787203224000, 0.23942018, 9.892841, -0.45010993
1787225184000, 0.18195933, 9.902418, -0.47884035
1787247499000, 0.17238252, 9.873688, -0.545878
1787257551000, 0.1436521, 9.883265, -0.5363012
1787268451000, 0.16280572, 9.873688, -0.5267244
1787299220000, 0.19153613, 9.883265, -0.51714754
1787309931000, 0.22026655, 9.873688, -0.5363012
1787319934000, 0.21068975, 9.883265, -0.5554548
1787340551000, 0.19153613, 9.854534, -0.5746084
1787360729000, 0.18195933, 9.825804, -0.5363012
1787371516000, 0.16280572, 9.844957, -0.545878
1787391009000, 0.17238252, 9.854534, -0.5363012
1787401543000, 0.15322891, 9.864111, -0.51714754
1787431151000, 0.21068975, 9.825804, -0.545878
1787441202000, 0.17238252, 9.864111, -0.5363012
1787451952000, 0.18195933, 9.854534, -0.5267244
1787471648000, 0.18195933, 9.873688, -0.51714754
1787491838000, 0.21068975, 9.844957, -0.5267244
1787512123000, 0.22026655, 9.854534, -0.5363012
1787532548000, 0.17238252, 9.873688, -0.5554548
1787542667000, 0.1340753, 9.854534, -0.5267244
1787565702000, 0.1340753, 9.825804, -0.46926352
1787575555000, 0.17238252, 9.864111, -0.4405331
1787585611000, 0.18195933, 9.854534, -0.45010993
1787615752000, 0.22984336, 9.883265, -0.50757074
1787630357000, 0.19153613, 9.835381, -0.46926352
1787660580000, 0.21068975, 9.825804, -0.45968673
1787680689000, 0.17238252, 9.854534, -0.46926352
1787690535000, 0.19153613, 9.883265, -0.50757074
1787710548000, 0.20111294, 9.864111, -0.49799395
1787720643000, 0.19153613, 9.873688, -0.545878
1787730727000, 0.17238252, 9.883265, -0.5363012
1787772777000, 0.1340753, 9.873688, -0.50757074
1787803814000, 0.12449849, 9.902418, -0.49799395
1787813707000, 0.19153613, 9.864111, -0.46926352
1787824023000, 0.17238252, 9.835381, -0.5267244
1787844482000, 0.18195933, 9.825804, -0.50757074
