#Acceleration force along the x y z axes (including gravity).
#timestamp(ns),x,y,z(m/s^2)
#Datetime: 22/04/2015 16:20:43
##########################################
#Activity: 6 - STN - Stairs down - 10s
#Subject ID: 48
#First Name: sub48
#Last Name: sub48
#Age: 22
#Height(cm): 180
#Weight(kg): 80
#Gender: Male
##########################################

@DATA
13609066871000, -0.06703765, 9.797073, -1.3982137
13609087219000, -0.05746084, 9.77792, -1.3790601
13609107525000, -0.047884032, 9.816227, -1.340753
13609117496000, -0.02873042, 9.797073, -1.3215994
13609128443000, -0.009576807, 9.80665, -1.3599066
13609147725000, -0.02873042, 9.749189, -1.4077905
13609158180000, -0.019153614, 9.768343, -1.3982137
13609178310000, 0.009576807, 9.77792, -1.3599066
13609188295000, -0.009576807, 9.787497, -1.3503298
13609218952000, 0.019153614, 9.816227, -1.3024458
13609239038000, -0.009576807, 9.787497, -1.3311762
13609249066000, -0.019153614, 9.768343, -1.3120226
13609269541000, -0.038307227, 9.80665, -1.3694834
13609299608000, -0.019153614, 9.816227, -1.5227122
13609309657000, -0.06703765, 9.797073, -1.3024458
13609319805000, -0.076614454, 9.816227, -1.2641385
13609330181000, -0.02873042, 9.797073, -1.5705963
13609340146000, -0.10534488, 9.749189, -1.340753
13609350461000, -0.06703765, 9.77792, -1.2737153
13609360599000, -0.076614454, 9.797073, -1.388637
13609381305000, -0.11492168, 9.77792, -1.3694834
13609390610000, -0.1340753, 9.787497, -1.3024458
13609401232000, -0.11492168, 9.77792, -1.283292
13609410787000, -0.10534488, 9.80665, -1.2258313
13609420896000, -0.08619126, 9.825804, -1.1875241
13609431820000, -0.06703765, 9.797073, -1.2162545
13609441349000, -0.047884032, 9.77792, -1.2449849
13609451379000, 0.0, 9.816227, -1.3311762
13609461928000, 0.009576807, 9.787497, -1.3982137
13609481928000, -0.02873042, 9.749189, -1.4269443
13609502180000, -0.019153614, 9.816227, -1.5227122
13609512235000, -0.02873042, 9.835381, -1.532289
13609523412000, 0.009576807, 9.825804, -1.5131354
13609532629000, 0.02873042, 9.816227, -1.436521
13609542966000, 0.05746084, 9.835381, -1.484405
13609563201000, 0.047884032, 9.825804, -1.5035586
13609573875000, 0.05746084, 9.816227, -1.4652514
13609593983000, 0.047884032, 9.80665, -1.3982137
13609604044000, 0.019153614, 9.758766, -1.3311762
13609634122000, -0.019153614, 9.768343, -1.2641385
13609645408000, -0.038307227, 9.797073, -1.283292
13609655630000, -0.1436521, 9.825804, -1.3120226
13609665878000, -0.40222588, 9.892841, -1.4748282
13609676217000, -0.4405331, 10.0748005, -1.6376339
13609686706000, -0.35434186, 10.28549, -1.6184803
13609696251000, -0.24899697, 10.419566, -1.3120226
13609706482000, -0.20111294, 10.400413, -0.8619126
13609726870000, -0.21068975, 10.429143, -0.4405331
13609737416000, -0.22984336, 10.601525, -0.37349546
13609747166000, -0.19153613, 10.6877165, -0.36391866
13609757482000, -0.06703765, 10.630256, -0.49799395
13609767415000, 0.038307227, 10.486604, -0.45968673
13609778305000, 0.06703765, 10.247183, -0.08619126
13609787649000, 0.08619126, 9.950302, 0.22026655
13609797704000, 0.12449849, 9.662998, 0.24899697
13609808143000, 0.047884032, 9.500193, 0.11492168
13609818225000, 0.009576807, 9.414001, -0.038307227
13609828383000, 0.11492168, 9.3661175, -0.20111294
13609838152000, 0.4213795, 9.260772, -0.5554548
13609849316000, 0.45010993, 9.193734, -0.7182605
13609859121000, 0.31603462, 9.088389, -0.94810385
13609869542000, 0.10534488, 9.107543, -1.091756
13609879676000, -0.18195933, 9.14585, -1.1204864
13609889737000, -0.4213795, 9.203311, -0.9864111
13609899864000, -0.50757074, 9.337387, -0.7565677
13609909991000, -0.36391866, 9.500193, -0.58418524
13609920325000, -0.20111294, 9.605537, -0.46926352
13609941130000, 0.009576807, 9.758766, -0.47884035
13609950651000, 0.038307227, 9.768343, -0.5363012
13609960514000, 0.0, 9.77792, -0.59376204
13609970584000, -0.08619126, 9.739613, -0.60333884
13609980677000, -0.18195933, 9.758766, -0.7182605
13609990842000, -0.095768064, 9.883265, -0.7278373
13610000928000, 0.16280572, 9.825804, -0.7757214
13610011201000, 0.38307226, 9.548077, -0.94810385
13610031608000, 0.5746084, 8.66701, -1.7525556
13610041918000, 0.46926352, 8.418014, -1.9632454
13610052441000, 0.40222588, 8.599973, -1.9728222
13610062394000, 0.32561144, 9.078813, -1.4748282
13610072524000, 0.38307226, 9.749189, -1.0342951
13610082742000, 0.6991069, 10.43872, -0.58418524
13610093625000, 1.0630256, 10.888829, -0.45010993
13610104622000, 1.292869, 11.147403, -0.51714754
13610115330000, 1.3024458, 11.166556, -0.641646
13610124707000, 1.1300632, 10.898406, -0.2873042
13610135373000, 1.0247183, 10.486604, -0.1340753
13610145168000, 1.1587936, 9.959879, -0.48841715
13610154984000, 1.6089035, 9.528923, -0.8810662
13610165329000, 2.030283, 9.346964, -1.1875241
13610175196000, 2.3175871, 9.289502, -1.2737153
13610185671000, 2.4708161, 9.241618, -1.3024458
13610197463000, 2.4229321, 9.126697, -1.1971009
13610207610000, 2.3463178, 9.14585, -0.47884035
13610217639000, 2.2888567, 9.212888, -0.1340753
13610229017000, 2.1260512, 9.346964, 0.009576807
13610239814000, 1.8291701, 9.500193, 0.05746084
13610249710000, 1.6950948, 9.3661175, 0.4405331
13610259836000, 1.8674773, 9.184157, 0.63206923
13610270459000, 2.0973208, 9.165004, 0.641646
13610300267000, 2.4037786, 9.222465, 0.5267244
13610320892000, 2.336741, 9.251195, 1.2545617
13610331590000, 2.2601264, 9.193734, 1.7046716
13610340792000, 2.3175871, 9.088389, 2.1260512
13610351263000, 2.3558946, 8.781932, 2.4420857
13610371243000, 2.183512, 7.9104424, 3.1603463
13610381922000, 1.8387469, 7.431602, 3.4284968
13610391645000, 1.3215994, 6.933608, 3.6487634
13610402025000, 0.7374141, 6.5026517, 3.1124623
13610411923000, -0.038307227, 6.0621185, 1.9536686
13610421674000, -0.9672575, 5.6120086, 1.532289
13610432061000, -1.8291701, 5.3438582, 1.340753
13610441926000, -2.384625, 5.1906295, 0.78529817
13610452247000, -2.3175871, 5.3247046, -0.1436521
13610462187000, -1.5801731, 6.2632318, -0.2777274
13610472377000, -0.5650316, 7.5465236, 0.4405331
13610484097000, 1.9440918, 9.136273, 1.3982137
13610493888000, 2.7485435, 9.069236, 1.5705963
13610504316000, 3.1507695, 8.485051, 1.3311762
13610514223000, 3.1028855, 7.6614456, 1.8674773
13610524462000, 2.9496565, 7.07726, 2.0111294
13610534342000, 3.2465374, 6.799533, 1.7429788
13610545411000, 3.763685, 6.933608, 2.1164744
13610554850000, 4.367024, 7.2687964, 2.9113493
13610564933000, 5.0278234, 7.795521, 3.3423057
13610575992000, 5.506664, 8.801085, 3.7349546
13610585361000, 5.707777, 11.003751, 3.3997664
13610595312000, 4.9703627, 15.045163, 4.003105
13610605594000, 4.060566, 17.295713, 4.0892963
13610615686000, 3.6296098, 18.416199, 4.0222588
13610625744000, 2.7389667, 18.981232, 3.620033
13610636863000, 1.5993267, 19.258959, 3.074155
13610646224000, 0.32561144, 18.579004, 3.4476504
13610656525000, -1.0247183, 16.472107, 3.2561142
13610666488000, -2.030283, 14.882358, 2.0398598
13610676609000, -2.135628, 13.618219, 1.0821792
13610687007000, -0.78529817, 12.813767, 2.3942018
13610697475000, 1.1587936, 12.564771, 4.462792
13610707311000, 2.4516625, 11.884817, 5.45878
13610716918000, 1.8866309, 10.697293, 4.9895163
13610727047000, 0.50757074, 9.337387, 2.9017725
13610737553000, -0.7757214, 7.8625584, 0.90979666
13610748394000, -1.5801731, 6.8761473, 0.22984336
13610757531000, -2.3080103, 5.5641246, -0.1436521
13610767810000, -2.3654714, 4.31914, -0.48841715
13610777671000, -1.7238252, 3.9552212, -0.37349546
13610788240000, -0.90021986, 3.572149, 0.5554548
13610798493000, -1.1779473, 3.371036, 1.0534488
13610807913000, -1.5610195, 2.873042, 1.7525556
13610818602000, -1.9057846, 2.1547816, 2.4708161
13610828277000, -2.078167, 1.484405, 2.7102363
13610838447000, -1.8291701, 1.1683705, 3.0550013
13610848521000, -1.436521, 0.641646, 3.2369606
13610858350000, -1.4173675, 0.22026655, 2.4995465
13610869214000, -1.9536686, 0.11492168, 0.80445176
13610878482000, -2.432509, 0.36391866, -1.1109096
13610888914000, -2.4420857, 0.6512229, -2.4612393
13610898719000, -1.2258313, 2.0015526, -2.9783869
13610908968000, 1.1875241, 4.405331, -3.016694
13610919108000, 4.232949, 6.8665705, -2.327164
13610928817000, 6.4547677, 8.848969, -1.4269443
13610938981000, 7.0964136, 10.275913, 0.6799533
13610949044000, 6.090849, 11.348516, 5.707777
13610959116000, 5.305551, 13.120225, 11.884817
13610969310000, 3.3423057, 12.373235, 13.177686
13610979241000, 1.3790601, 11.166556, 12.047623
13610989345000, 0.2777274, 10.247183, 10.5919485
13610999419000, 0.06703765, 9.576807, 9.528923
13611009559000, -0.37349546, 9.107543, 9.385271
13611019756000, -1.5897499, 9.595961, 7.8146744
13611029658000, -2.825158, 11.530476, 1.091756
13611039763000, -4.5202527, 15.533581, -5.995081
13611049981000, -6.579266, 17.535133, -7.3645644
13611060307000, -7.086837, 18.540697, -3.8019924
13611070731000, 3.9360676, 19.038692, 7.872135
13611081366000, 11.741165, 19.28769, 12.516887
13611091043000, 9.471462, 15.016433, 1.9728222
13611101170000, 1.4939818, 10.486604, -4.213795
13611111211000, -4.7979803, 5.7365074, -7.9391727
13611121754000, -5.746084, 3.6008794, -10.697293
13611132484000, -4.673482, 3.323152, -11.702858
13611142409000, -2.7485435, 7.536947, -7.690176
13611152633000, 2.0207062, 16.203957, -4.050989
13611162503000, 4.2999864, 17.870321, -1.0342951
13611172631000, 5.602432, 15.753847, 2.1739352
13611184294000, 5.5641246, 12.650962, 4.2521024
13611194233000, 3.7253778, 9.825804, 5.085284
13611204483000, 1.9632454, 8.24563, 3.9360676
13611214612000, 0.92895025, 7.6614456, 2.2505496
13611224543000, 0.47884035, 7.345411, 0.9576807
13611234405000, 0.5746084, 7.153875, 0.8619126
13611245787000, 0.9672575, 6.9240313, 1.3599066
13611254923000, 1.3694834, 6.655881, 1.7621324
13611265092000, 1.6376339, 6.4547677, 2.1260512
13611285499000, 1.5227122, 6.1866174, 2.528277
13611295487000, 1.6567876, 6.2632318, 2.825158
13611305692000, 2.078167, 6.6175733, 2.9400797
13611315852000, 2.4229321, 7.029376, 3.122039
13611326042000, 2.7868507, 7.28795, 3.3997664
13611336647000, 3.4955344, 7.603985, 4.0892963
13611346278000, 4.261679, 7.632715, 4.951209
13611356512000, 4.6160207, 7.240066, 5.305551
13611366898000, 4.309563, 6.435614, 5.1235914
13611378720000, 2.1452048, 4.7884035, 2.3654714
13611388621000, 0.7374141, 4.414908, 0.35434186
13611398770000, -1.0055647, 3.5434184, -0.12449849
13611408959000, -1.7908629, 3.169923, -0.08619126
13611419544000, -1.3790601, 3.4476504, 0.21068975
13611429364000, -0.5363012, 4.1946416, 1.5705963
13611439796000, 0.21068975, 5.3725886, 2.2601264
13611449389000, 0.41180268, 6.588843, 2.0973208
13611459304000, 0.8810662, 7.785944, 2.030283
13611470191000, 1.8195933, 8.772355, 2.183512
13611480150000, 3.1028855, 10.275913, 2.2888567
13611490411000, 3.6391866, 12.334928, 2.9975405
13611500222000, 3.9743748, 15.322891, 4.4244847
13611510832000, 5.171476, 17.429789, 3.0933087
13611520706000, 6.4643445, 18.483236, 3.8307228
13611531337000, 6.0238113, 19.009962, 5.861006
13611540908000, 4.807557, 19.278112, 6.7612257
13611550932000, 3.265691, 18.770542, 5.592855
13611561021000, 1.9249382, 18.65562, 4.0318356
13611571179000, 0.39264908, 18.626888, 3.8977604
13611581282000, -1.2449849, 18.090588, 4.606444
13611591558000, -2.3558946, 16.845604, 4.5202527
13611602140000, -2.4037786, 15.456966, 4.0797195
13611612471000, -2.0207062, 13.88637, 3.5051112
13611622532000, -1.7142484, 11.999739, 3.0262709
13611633676000, -1.5610195, 9.9790325, 2.8443117
13611644344000, -1.6567876, 8.561666, 2.9975405
13611654510000, -1.5993267, 8.073248, 2.6623523
13611664334000, -1.3982137, 7.920019, 2.231396
13611674688000, -1.1013328, 7.5848308, 1.9919758
13611684516000, -0.8619126, 6.9527617, 1.8579005
13611694692000, -0.9672575, 6.3589997, 1.4460979
13611704467000, -1.3503298, 5.7365074, 0.9864111
13611714491000, -1.8387469, 5.1235914, 0.6799533
13611725241000, -2.1643584, 4.606444, 0.45968673
13611734718000, -2.2697031, 4.309563, 0.25857377
13611744748000, -2.087744, 3.5817258, 0.22026655
13611754849000, -1.8100165, 3.083732, 0.29688102
13611765168000, -1.5035586, 2.6431987, 0.50757074
13611775160000, -0.91937345, 1.8866309, 0.6799533
13611785386000, -0.6512229, 1.5035586, 0.7469909
13611795403000, -0.45010993, 1.2354081, 0.7661445
13611805413000, -0.10534488, 1.043872, 0.6607997
13611815485000, 0.32561144, 0.90979666, 0.7278373
13611825593000, 0.79487497, 1.283292, 0.63206923
13611836541000, 1.4269443, 2.1739352, 0.4405331
13611845916000, 2.0590134, 3.3135753, 0.10534488
13611856665000, 2.5570073, 4.9224787, 0.2873042
13611866279000, 2.9017725, 6.943185, 0.34476504
13611876286000, 2.6623523, 8.954314, 0.91937345
13611886678000, 1.8866309, 10.994174, 1.9057846
13611896434000, 1.5227122, 13.321339, 3.514688
13611906545000, 1.6950948, 15.160085, 6.847417
13611916691000, 2.432509, 15.102624, 10.237606
13611926886000, 2.9017725, 13.110648, 12.315774
13611937526000, 2.633622, 10.70687, 11.377247
13611947796000, 1.1204864, 8.848969, 7.8625584
13611957958000, -0.62249243, 7.52737, 4.31914
13611969063000, -1.7621324, 7.240066, 2.135628
13611979115000, -3.1411927, 7.9391727, -0.5554548
13611989227000, -5.401319, 11.530476, -1.685518
13611999440000, -5.171476, 15.533581, -1.541866
13612009185000, -3.371036, 17.535133, -0.62249243
13612039690000, 6.5122285, 19.28769, 4.003105
13612049443000, 9.672575, 19.412188, 5.257667
13612059524000, 9.864111, 17.554287, 5.841852
13612069855000, 5.803545, 13.081918, 1.292869
13612079739000, 1.5227122, 8.944737, -2.6623523
13612090445000, -0.60333884, 5.085284, -6.349423
13612100250000, -1.388637, 3.86903, -8.197746
13612110151000, -0.61291564, 5.1523223, -7.881712
13612120262000, 0.60333884, 7.9487495, -6.6846113
13612130298000, 1.8483237, 11.693281, -5.544971
13612140432000, 2.528277, 14.528016, -3.3327289
13612150629000, 2.3080103, 15.2367, -0.6799533
13612160667000, 1.3503298, 13.934254, 1.1779473
13612170961000, 0.18195933, 11.84651, 1.8291701
13612181646000, -0.9576807, 9.988609, 1.8866309
13612191449000, -1.532289, 8.772355, 1.7621324
13612201277000, -1.1013328, 8.197746, 1.7908629
13612212352000, -0.20111294, 7.7189064, 1.8866309
13612222390000, 0.8810662, 7.383718, 2.0398598
13612232592000, 1.8579005, 7.240066, 2.4516625
13612242579000, 2.5761611, 7.192182, 2.7389667
13612263646000, 2.7581203, 7.1634517, 2.0015526
13612274334000, 2.4995465, 6.8665705, 1.5993267
13612284167000, 2.3558946, 6.5696893, 1.4556746
13612294287000, 2.9879637, 5.7748146, 2.882619
13612304740000, 3.6391866, 5.4779334, 3.5529952
13612314543000, 3.821146, 5.0757074, 3.4763808
13612334548000, 2.1739352, 4.7788267, 3.9073372
13612344420000, 0.9959879, 4.6926355, 2.6910827
13612354648000, -0.39264908, 4.1659107, -0.11492168
13612364662000, -1.4269443, 3.6966474, -1.9919758
13612375542000, -1.7812861, 3.6774938, -0.842759
13612384945000, -1.1109096, 4.3766007, 1.0821792
13612394924000, 0.009576807, 5.4204726, 1.982399
13612405171000, 0.7757214, 6.5505357, 1.9728222
13612415271000, 1.0055647, 7.335834, 1.1971009
13612425247000, 0.9672575, 7.843405, 1.3120226
13612436783000, 1.1875241, 7.690176, 1.6280571
13612446031000, 1.340753, 7.6231384, 2.0494366
13612456316000, 1.5993267, 7.5561004, 2.6144683
13612466578000, 2.2888567, 7.9870567, 3.9073372
13612476584000, 3.466804, 9.385271, 4.223372
13612486879000, 4.185065, 12.08593, 4.7500963
13612497035000, 4.663905, 15.71554, 4.999093
13612507173000, 5.0278234, 17.630901, 5.8705826
13612517485000, 4.9895163, 18.588581, 6.7133417
13612527586000, 3.4763808, 19.067423, 5.755661
13612538665000, 1.4173675, 19.306843, 4.654328
13612548670000, -0.6895301, 19.278112, 4.012682
13612558657000, -2.0015526, 18.253393, 3.5242648
13612569097000, -2.873042, 17.190369, 3.4284968
13612578941000, -3.5242648, 15.849615, 3.6296098
13612589073000, -3.0262709, 14.202404, 3.9456444
13612599891000, -0.6607997, 11.166556, 4.7022123
13612609565000, -0.23942018, 9.672575, 3.8881836
13612620162000, -0.5267244, 8.973468, 3.5913026
13612629511000, -0.9959879, 8.848969, 3.6104562
13612639563000, -1.3120226, 8.734048, 3.1316159
13612649556000, -0.9959879, 8.255207, 2.7389667
13612659778000, -0.6799533, 7.7667904, 2.566584
13612670929000, -0.6512229, 7.0581064, 2.2505496
13612680278000, -0.9864111, 6.2823853, 1.532289
13612690226000, -1.5610195, 5.554548, 1.2258313
13612700703000, -2.2218192, 5.0661306, 1.0821792
13612710742000, -2.7389667, 4.4723687, 0.81402856
13612721089000, -2.8921957, 3.8881836, 0.5650316
13612731022000, -2.873042, 3.2369606, 0.45010993
13612741353000, -2.4995465, 2.5474305, 0.38307226
13612751376000, -2.0111294, 1.532289, 0.5363012
13612762167000, -1.8100165, 0.7374141, 0.45968673
13612772129000, -1.7717092, -0.02873042, 0.35434186
13612782207000, -1.8579005, -0.6607997, -0.11492168
13612792363000, -1.8387469, -0.7469909, -0.59376204
13612804200000, -1.2737153, 0.06703765, -0.94810385
13612814048000, 0.06703765, 1.9536686, -0.82360536
13612824454000, 1.8387469, 4.146757, -0.6895301
13612834566000, 3.4284968, 6.349423, -0.17238252
13612845781000, 4.865018, 9.758766, 1.1587936
13612856017000, 4.759673, 10.97502, 2.7102363
13612866399000, 4.4819455, 11.789049, 5.305551
13612876238000, 3.763685, 11.693281, 8.542512
13612886637000, 3.6104562, 11.626244, 9.519346
13612897157000, 2.5761611, 10.611102, 9.691729
13612907209000, 0.7469909, 9.921572, 9.3661175
13612917370000, -1.4077905, 11.57836, 9.787497
13612928601000, -2.8538885, 15.562311, 13.2351465
13612938726000, -3.1890767, 17.554287, 8.619126
13612949211000, -4.76925, 18.550274, -5.45878
13612959548000, -6.579266, 16.49126, -11.693281
13612969027000, -6.4739213, 14.930242, -7.3645644
13612979247000, -2.9592333, 15.868769, 5.8226986
13612989439000, 6.3206925, 17.707516, 12.679692
13612999551000, 9.126697, 18.626888, 4.10845
13613009642000, 4.2521024, 15.179238, -3.821146
13613019719000, -0.05746084, 12.488156, -5.0661306
13613029420000, -2.2601264, 9.471462, -6.339846
13613039658000, -2.5187001, 8.236053, -7.52737
13613049590000, -1.1109096, 7.9104424, -6.4260373
13613059940000, 1.0630256, 9.605537, -4.7309427
13613070222000, 2.8634653, 12.162544, -2.825158
13613080108000, 3.7732618, 14.60463, -0.9768343
13613090304000, 3.7253778, 15.179238, 1.2066777
13613100327000, 3.4476504, 13.838486, 2.480393
13613110883000, 2.8921957, 11.9135475, 2.231396
13613121145000, 1.3503298, 9.375694, 1.8195933
13613144896000, 0.5267244, 8.523358, 1.2354081
13613155218000, 0.6991069, 8.111555, 1.0247183
13613165191000, 1.1109096, 7.843405, 0.8523358
13613175239000, 1.7429788, 7.680599, 1.043872
13613185636000, 2.384625, 7.699753, 1.1109096
13613195571000, 2.8538885, 7.785944, 1.3024458
13613215862000, 3.0933087, 7.833828, 2.3942018
13613225944000, 2.9975405, 7.795521, 3.1986535
13613237326000, 2.7868507, 7.7667904, 4.0701427
13613246055000, 2.4516625, 7.7189064, 4.903325
13613256324000, 2.087744, 7.5561004, 5.7269306
13613266267000, 1.388637, 7.0485296, 5.9663506
13613276344000, 0.38307226, 6.033388, 5.2002063
13613286441000, -0.62249243, 4.9224787, 3.8402996
13613296438000, -1.1875241, 3.9552212, 2.767697
13613306518000, -1.3694834, 3.122039, 1.8770541
13613316733000, -1.1875241, 2.5761611, 1.1013328
13613326900000, -1.0151415, 2.4612393, 0.31603462
13613337116000, -0.62249243, 3.064578, -0.7374141
13613347645000, 0.12449849, 3.7349546, -0.24899697
13613357170000, 1.1492168, 5.0757074, 1.6663644
13613367239000, 2.3942018, 7.8912888, 2.9400797
13613377296000, 2.5378537, 8.724471, 2.183512
13613387396000, 2.719813, 8.916007, 2.2122424
13613398011000, 2.930503, 8.437167, 2.6527755
13613407768000, 3.466804, 8.37013, 3.2082303
13613418106000, 3.8786068, 9.797073, 3.6583402
13613428006000, 4.0222588, 12.488156, 3.2561142
13613438077000, 4.2521024, 16.01242, 3.1124623
13613448491000, 4.9224787, 17.774553, 3.6391866
13613459113000, 4.644751, 18.65562, 5.3821654
13613469089000, 3.169923, 19.096153, 5.6886234
13613478653000, 1.9057846, 19.31642, 5.0182467
13613489015000, 0.095768064, 19.431341, 4.8267107
13613499228000, -1.8100165, 19.488802, 4.9320555
13613508967000, -2.9496565, 18.770542, 4.2425256
13613519487000, -2.8538885, 16.481684, 2.9879637
13613529302000, -2.3558946, 13.8480625, 2.5761611
13613539946000, -2.1547816, 11.070788, 2.528277
13613549442000, -2.4420857, 8.571242, 2.3558946
13613559740000, -2.72939, 6.6846113, 4.548983
13613570461000, -3.8402996, 6.933608, 3.8498764
13613579920000, -2.825158, 6.6654577, 3.5434184
13613590227000, -1.4939818, 6.4068837, 2.5187001
13613600263000, -0.545878, 6.5984197, 1.4460979
13613610363000, 0.019153614, 6.4739213, 0.5554548
13613621584000, -0.019153614, 5.8322754, 0.047884032
13613630589000, -0.50757074, 4.817134, -0.12449849
13613640700000, -0.842759, 3.8977604, -0.4213795
13613650870000, -0.8331822, 3.3039982, -0.7757214
13613660920000, -0.7757214, 2.9783869, -1.0630256
13613671252000, -0.41180268, 2.873042, -1.4077905
13613681399000, -0.15322891, 2.5761611, -1.340753
13613691373000, -0.16280572, 2.4612393, -1.3982137
13613701614000, -0.18195933, 2.336741, -1.4556746
13613711693000, -0.19153613, 2.4516625, -0.90979666
13613721614000, -0.6799533, 2.7102363, -0.59376204
13613731825000, -0.8810662, 3.3039982, -0.40222588
13613751987000, -0.4213795, 5.21936, 0.2681506
13613762910000, 0.36391866, 6.3302693, 1.1683705
13613772722000, 1.4077905, 7.8529816, 3.0071173
13613783507000, 2.566584, 9.797073, 6.1866174
13613792895000, 4.1659107, 11.549629, 10.170568
13613803300000, 5.497087, 11.932701, 13.369223
13613813177000, 5.5258174, 11.15698, 14.355634
13613823338000, 4.31914, 10.0269165, 11.999739
13613833297000, 2.1643584, 9.174581, 7.517793
13613843412000, -0.2873042, 9.241618, 4.721366
13613853656000, -2.0685902, 10.793061, 6.0238113
13613864347000, -3.083732, 13.474567, 3.0071173
13613874397000, -3.667917, 15.868769, -6.9144545
13613884494000, -3.9552212, 17.707516, -9.279925
13613894095000, -4.644751, 18.626888, -3.8307228
13613904240000, -3.4859576, 19.086576, 1.1875241
13613914283000, 1.0821792, 19.31642, 9.749189
13613924444000, 7.920019, 19.431341, 14.5759
13613934535000, 7.5082164, 16.596605, 6.167464
13613944617000, 2.7868507, 12.382812, -1.436521
13613954904000, -1.340753, 8.724471, -5.1140146
13613965004000, -2.873042, 5.650316, -6.5984197
13613975189000, -2.4708161, 4.673482, -7.2592196
13613985260000, -0.17238252, 6.042965, -7.1347213
13613995831000, 2.5761611, 10.304645, -5.9184666
13614005626000, 3.5817258, 14.087482, -4.1659107
13614015766000, 3.2082303, 16.385916, -1.982399
13614039716000, 0.0, 11.63582, 1.7621324
13614048986000, -0.12449849, 10.0748005, 1.4173675
13614059283000, 0.08619126, 8.90643, 1.2449849
13614069390000, 0.20111294, 8.073248, 1.0726024
13614079443000, 0.61291564, 7.479486, 1.292869
13614089510000, 1.2162545, 7.067683, 1.532289
13614099553000, 1.8962077, 6.703765, 1.9632454
13614109664000, 2.6527755, 6.3589997, 2.4708161
13614119959000, 3.2369606, 6.14831, 3.074155
13614129849000, 3.3423057, 5.9567738, 3.7924154
13614140005000, 2.9113493, 5.544971, 4.3287168
13614150217000, 2.2505496, 5.00867, 4.414908
13614160254000, 1.685518, 4.5394063, 4.232949
13614170529000, 1.2354081, 4.1180267, 3.8019924
13614180598000, 1.1109096, 4.003105, 3.0358477
13614190677000, 1.4173675, 4.31914, 3.0071173
13614200798000, 1.7812861, 5.1810527, 3.667917
13614210836000, 1.7717092, 6.244078, 4.654328
13614221159000, 1.091756, 7.038953, 4.912902
13614231268000, 0.21068975, 7.393295, 4.4723687
13614241353000, -0.48841715, 7.383718, 3.4955344
13614251335000, -0.58418524, 6.8761473, 2.1164744
13614262144000, -0.2681506, 6.215348, 0.8810662
13614272705000, 0.22026655, 5.765238, 0.51714754
13614283681000, 1.6376339, 5.4300494, -0.06703765
13614293631000, 2.030283, 5.5641246, 0.58418524
13614304139000, 2.633622, 6.14831, 1.1109096
13614313979000, 3.5051112, 7.4603324, 2.566584
13614324427000, 4.7022123, 9.931149, 2.767697
13614334122000, 5.583278, 13.9438305, 3.2561142
13614344188000, 5.5162406, 16.74026, 3.5242648
13614354727000, 3.964798, 18.138472, 5.2002063
13614364575000, 2.1739352, 18.83758, 5.899313
13614374532000, 1.4748282, 19.191921, 5.2002063
13614384578000, 0.90979666, 19.10573, 4.232949
13614394761000, -0.21068975, 19.096153, 3.6008794
13614405170000, -1.6759412, 19.306843, 3.8019924
13614415109000, -3.1028855, 19.239805, 3.9456444
13614425262000, -4.003105, 18.167202, 3.86903
13614437389000, -4.0414124, 16.414646, 3.4859576
13614446422000, -3.6296098, 13.742718, 3.217807
13614457041000, -3.3327289, 10.907983, 2.9113493
13614466633000, -3.1028855, 8.935161, 2.3750482
13614476918000, -2.6527755, 8.178593, 1.9728222
13614487677000, -2.336741, 7.489063, 1.8579005
13614497862000, -2.0685902, 7.029376, 1.8291701
13614508092000, -1.7812861, 6.885724, 1.7717092
13614518913000, -1.1204864, 6.8282633, 1.4269443
13614529248000, -1.1779473, 6.4164605, 1.0726024
13614539583000, -1.3694834, 5.851429, 0.7661445
13614549541000, -1.5610195, 5.3438582, 0.5746084
13614559649000, -1.6280571, 5.142745, 0.45010993
13614570214000, -1.6950948, 4.76925, 0.047884032
13614579731000, -1.5993267, 4.357447, -0.19153613
13614589804000, -1.4748282, 3.821146, -0.22026655
13614599909000, -1.340753, 3.3806129, 0.038307227
13614610106000, -0.9576807, 2.9975405, 0.22984336
13614630217000, -0.5554548, 2.6431987, 0.21068975
13614640526000, -0.37349546, 2.6048915, 0.36391866
13614650751000, -0.047884032, 2.8538885, 0.33518824
13614660667000, 0.6703765, 3.41892, 0.11492168
13614671070000, 1.6567876, 3.9552212, 0.06703765
13614681559000, 2.9879637, 5.056554, 0.20111294
13614691360000, 4.1276035, 6.483498, 1.0726024
13614701278000, 4.7309427, 7.9391727, 3.371036
13614711637000, 5.0278234, 9.662998, 7.1347213
13614721721000, 5.1523223, 10.649409, 10.97502
13614732660000, 4.8267107, 10.419566, 11.118672
13614742022000, 3.3518825, 9.3182335, 9.260772
13614752746000, 1.2354081, 8.312668, 7.240066
13614761899000, -0.81402856, 8.226477, 6.5505357
13614771994000, -2.1547816, 10.515334, 7.6135616
13614783230000, -2.5474305, 13.742718, 2.719813
13614792187000, -3.41892, 16.64449, -5.6790466
13614802876000, -4.4340615, 18.090588, -5.995081
13614812473000, -5.3342814, 18.818426, 0.58418524
13614823661000, -3.1986535, 19.182344, 6.2728086
13614833510000, 2.7964275, 19.364304, 12.909535
13614843933000, 3.371036, 13.244724, 0.5746084
13614853857000, -1.0055647, 9.80665, -3.7445314
13614863612000, -3.2848446, 6.5601125, -8.504205
13614873729000, -3.2465374, 4.9799395, -10.275913
13614883875000, -1.8004397, 6.6175733, -8.734048
13614893907000, 0.34476504, 10.630256, -7.1251445
13614904219000, 2.9400797, 15.08347, -4.3861775
13614914076000, 4.10845, 16.998833, -2.078167
13614924058000, 3.9743748, 16.117765, -0.047884032
13614934110000, 3.1316159, 14.164097, 0.79487497
13614944228000, 2.135628, 12.152967, 1.0821792
13614954955000, 1.388637, 10.7356, 1.685518
13614964542000, 0.78529817, 9.921572, 2.2122424
13614974521000, 0.4213795, 9.5385, 2.3750482
13614984610000, 0.4309563, 9.289502, 2.5570073
13614994701000, 0.90021986, 8.916007, 3.0071173
13615004830000, 1.4939818, 8.408437, 3.1507695
13615014912000, 1.6567876, 7.9104424, 2.9496565
13615025250000, 1.2737153, 7.3645644, 2.7964275
13615038168000, 0.61291564, 6.8282633, 2.6719291
13615048896000, 0.22026655, 6.244078, 2.432509
13615058991000, 0.21068975, 5.707777, 2.0207062
13615069171000, 0.5554548, 5.267244, 1.388637
13615079506000, 1.043872, 4.9224787, 0.78529817
13615090242000, 1.5227122, 4.280833, 0.29688102
13615099739000, 1.388637, 4.1946416, 0.7565677
13615109709000, 1.2737153, 4.2521024, 1.292869
13615120117000, 1.2066777, 4.232949, 1.6950948
13615129858000, 1.3120226, 4.5298295, 1.541866
13615139963000, 1.3694834, 5.085284, 1.982399
13615150159000, 1.292869, 5.8226986, 2.681506
13615160258000, 1.0247183, 6.5026517, 2.8634653
13615170582000, 0.90021986, 7.067683, 2.6240451
13615180353000, 1.1109096, 7.240066, 2.2122424
13615190640000, 1.4269443, 7.144298, 2.183512
13615200788000, 1.292869, 7.0964136, 2.5091233
13615210734000, 1.2162545, 7.019799, 2.5570073
13615221190000, 1.340753, 6.6654577, 2.1643584
13615230907000, 1.733402, 6.339846, 1.541866
13615241173000, 2.480393, 6.5984197, 1.5897499
13615251255000, 3.667917, 7.07726, 2.1452048
13615261401000, 5.315128, 8.082825, 3.0071173
13615271896000, 6.588843, 10.505757, 4.357447
13615281989000, 6.2345014, 14.824897, 5.995081
13615292402000, 4.405331, 17.180792, 6.7708025
13615302244000, 2.7581203, 18.358738, 6.7803793
13615312519000, 1.2354081, 18.952501, 6.339846
13615322620000, 0.39264908, 19.249382, 5.3342814
13615332726000, -1.2545617, 19.393034, 4.4915223
13615343631000, -3.514688, 19.469648, 4.4340615
13615354039000, -5.3725886, 18.540697, 4.453215
13615363776000, -6.2728086, 16.40507, 3.3997664
13615373962000, -5.9280434, 14.374787, 2.27928
13615384145000, -5.046977, 12.143391, 2.4516625
13615394229000, -3.8307228, 10.132261, 2.4708161
13615404924000, -2.327164, 8.274361, 2.834735
13615425063000, -1.9153614, 9.414001, 3.1507695
13615434719000, -1.0342951, 10.572795, 2.6623523
13615447339000, -0.38307226, 11.224017, 2.2026656
13615457561000, -0.45010993, 10.927136, 1.6567876
13615467604000, -1.1492168, 9.998186, 0.9672575
13615477522000, -1.982399, 9.059659, 0.11492168
13615487977000, -2.6144683, 8.226477, -0.51714754
13615497805000, -3.217807, 7.3549876, 0.076614454
13615508440000, -3.821146, 6.531382, 1.5897499
13615519208000, -4.1946416, 5.90889, 2.6144683
13615529508000, -3.8115692, 5.2959743, 3.217807
13615539577000, -2.9879637, 4.999093, 3.8881836
13615549477000, -1.9249382, 5.104438, 4.003105
13615559612000, -1.0821792, 5.6407394, 4.156334
13615570005000, -0.34476504, 6.339846, 4.003105
13615579596000, 0.22026655, 6.895301, 3.1316159
13615589714000, 0.4309563, 7.3071036, 1.982399
13615599879000, 0.5363012, 7.73806, 0.92895025
13615609997000, 0.24899697, 8.1881695, 0.41180268
13615620386000, -0.038307227, 8.303091, -0.12449849
13615630177000, -0.2681506, 8.197746, -0.6895301
13615640296000, -0.51714754, 8.073248, -0.92895025
13615650587000, -0.63206923, 8.111555, -0.94810385
13615660569000, -0.5554548, 7.9870567, -0.7565677
13615670944000, -0.6607997, 8.494628, 0.80445176
13615680832000, -1.1300632, 9.624691, 1.9249382
13615690978000, -1.5801731, 11.166556, 3.064578
13615701202000, -1.7717092, 12.555194, 3.5913026
13615711271000, -1.7908629, 13.139379, 2.9113493
13615721508000, -1.5993267, 13.579912, 2.5570073
13615731939000, -1.7238252, 13.551182, 2.1547816
13615742161000, -1.9153614, 13.034034, 1.6663644
13615752131000, -1.7429788, 12.765883, 1.1875241
13615762693000, -1.3694834, 13.043611, 0.91937345
13615772701000, -0.8523358, 13.120225, 0.6607997
13615782976000, -0.25857377, 12.698846, 0.641646
13615793618000, 0.2873042, 11.827356, 0.32561144
13615804117000, 0.6512229, 10.773908, 0.49799395
13615824059000, 0.2777274, 9.299079, 0.5746084
13615834194000, -0.22984336, 8.8777, 0.47884035
13615843987000, -0.82360536, 8.504205, 0.90021986
13615854256000, -1.2545617, 8.312668, 0.8714894
13615864094000, -1.436521, 8.504205, 0.38307226
13615874064000, -1.4556746, 8.7053175, -0.05746084
13615894197000, -1.3599066, 9.433155, -0.37349546
13615904431000, -1.3024458, 9.730036, -0.38307226
13615914403000, -1.1971009, 9.959879, -0.4213795
13615924660000, -1.13964, 9.969456, -0.33518824
13615934550000, -1.0630256, 9.950302, -0.08619126
13615944728000, -0.7469909, 10.0269165, 0.10534488
13615955174000, -0.34476504, 10.0748005, 0.047884032
13615964998000, -0.02873042, 10.103531, -0.095768064
13615975087000, 0.18195933, 10.218452, -0.22026655
13615995221000, 0.05746084, 10.515334, -0.45010993
13616005312000, -0.06703765, 10.716447, -0.6895301
13616015788000, 0.009576807, 10.773908, -0.6512229
13616025333000, 0.21068975, 10.793061, -0.5650316
13616036691000, 0.37349546, 10.611102, -0.4405331
13616045478000, 0.48841715, 10.390836, -0.18195933
13616055678000, 0.51714754, 10.132261, -0.02873042
13616065766000, 0.47884035, 9.921572, 0.02873042
13616075969000, 0.35434186, 9.758766, -0.08619126
13616086372000, 0.17238252, 9.653421, -0.2777274
13616096263000, -0.1340753, 9.519346, -0.59376204
13616106492000, -0.33518824, 9.509769, -0.8331822
13616116502000, -0.545878, 9.557653, -1.0055647
13616126592000, -0.7374141, 9.595961, -1.1587936
13616137548000, -0.80445176, 9.662998, -1.1971009
13616146892000, -0.90021986, 9.720459, -1.1013328
13616157036000, -0.9864111, 9.768343, -1.043872
13616167100000, -0.94810385, 9.787497, -0.93852705
13616177399000, -0.89064306, 9.77792, -0.8714894
13616187718000, -0.81402856, 9.825804, -0.78529817
13616197480000, -0.6799533, 9.911995, -0.6895301
13616207625000, -0.5746084, 9.931149, -0.7565677
13616217741000, -0.4405331, 9.988609, -0.8523358
13616228226000, -0.18195933, 10.103531, -0.81402856
13616238815000, 0.038307227, 10.141838, -0.7086837
13616248264000, 0.19153613, 10.1226845, -0.63206923
13616258491000, 0.21068975, 10.093954, -0.7086837
13616268556000, 0.17238252, 9.9790325, -0.90979666
13616278725000, 0.12449849, 9.911995, -1.091756
13616288789000, 0.16280572, 9.864111, -1.1683705
13616298784000, 0.15322891, 9.883265, -1.1492168
13616308957000, 0.10534488, 9.854534, -1.1109096
13616318991000, -0.02873042, 9.80665, -1.043872
13616329009000, -0.15322891, 9.758766, -0.9672575
13616339026000, -0.25857377, 9.749189, -0.91937345
13616349096000, -0.40222588, 9.739613, -0.89064306
13616359287000, -0.47884035, 9.77792, -0.8714894
13616369323000, -0.545878, 9.797073, -0.8331822
13616379337000, -0.63206923, 9.768343, -0.78529817
13616389420000, -0.7086837, 9.739613, -0.7278373
13616399551000, -0.7565677, 9.720459, -0.6895301
13616409677000, -0.6512229, 9.710882, -0.7757214
13616419928000, -0.4213795, 9.730036, -0.89064306
13616429880000, -0.2873042, 9.624691, -1.043872
13616439988000, -0.15322891, 9.605537, -1.1971009
13616450110000, -0.06703765, 9.595961, -1.2641385
13616460295000, -0.019153614, 9.615114, -1.3790601
13616470862000, -0.10534488, 9.624691, -1.3024458
13616480510000, -0.15322891, 9.691729, -1.1587936
13616490687000, -0.24899697, 9.730036, -1.0055647
13616500776000, -0.34476504, 9.739613, -0.89064306
13616521365000, -0.5267244, 9.720459, -0.8331822
13616533201000, -0.61291564, 9.768343, -0.8714894
13616542469000, -0.6703765, 9.816227, -1.0342951
13616552601000, -0.7661445, 10.007763, -1.3024458
13616563791000, -0.8619126, 10.199299, -1.388637
13616573906000, -0.8714894, 10.28549, -1.3694834
13616584089000, -0.8619126, 10.151415, -1.1492168
13616594091000, -0.7469909, 9.998186, -0.82360536
13616604800000, -0.5746084, 9.892841, -0.60333884
13616614842000, -0.38307226, 9.854534, -0.5554548
13616624926000, -0.2777274, 9.873688, -0.61291564
13616646368000, -0.545878, 9.864111, -0.9959879
13616657083000, -0.59376204, 9.825804, -1.1300632
13616667400000, -0.63206923, 9.739613, -1.2449849
13616677549000, -0.62249243, 9.768343, -1.292869
13616688715000, -0.58418524, 9.758766, -1.2641385
13616698809000, -0.5650316, 9.768343, -1.283292
13616708975000, -0.545878, 9.797073, -1.2354081
13616719181000, -0.5650316, 9.835381, -1.2258313
13616729500000, -0.5267244, 9.892841, -1.1779473
13616739531000, -0.46926352, 9.902418, -1.0534488
13616749441000, -0.4213795, 9.883265, -0.93852705
13616759373000, -0.39264908, 9.797073, -0.81402856
13616769774000, -0.4309563, 9.787497, -0.7757214
13616779516000, -0.5267244, 9.758766, -0.6799533
13616789566000, -0.59376204, 9.77792, -0.59376204
13616799708000, -0.6895301, 9.825804, -0.51714754
13616809777000, -0.6512229, 9.873688, -0.45010993
13616819946000, -0.5746084, 9.902418, -0.4213795
13616829963000, -0.5267244, 9.883265, -0.4405331
13616840155000, -0.47884035, 9.911995, -0.59376204
13616850169000, -0.5267244, 9.864111, -0.7661445
13616860280000, -0.5746084, 9.835381, -0.92895025
13616870975000, -0.63206923, 9.80665, -1.0630256
13616890712000, -0.641646, 9.758766, -1.2641385
13616900820000, -0.5267244, 9.768343, -1.1971009
13616910871000, -0.38307226, 9.787497, -1.1204864
13616921390000, -0.35434186, 9.768343, -1.0342951
13616931196000, -0.29688102, 9.758766, -0.9959879
13616951320000, -0.33518824, 9.768343, -0.9864111
13616962391000, -0.40222588, 9.816227, -0.9576807
13616972344000, -0.50757074, 9.854534, -0.91937345
13616982489000, -0.5650316, 9.902418, -0.8714894
13617002685000, -0.63206923, 9.883265, -0.7374141
13617012961000, -0.58418524, 9.864111, -0.79487497
13617022783000, -0.5267244, 9.854534, -0.8331822
13617032603000, -0.49799395, 9.844957, -0.90021986
13617043229000, -0.50757074, 9.816227, -0.94810385
13617053425000, -0.45968673, 9.825804, -1.0151415
13617063235000, -0.47884035, 9.816227, -1.0726024
13617084052000, -0.48841715, 9.844957, -1.0534488
13617104110000, -0.48841715, 9.873688, -1.0055647
13617124065000, -0.5267244, 9.854534, -1.0055647
13617144688000, -0.51714754, 9.835381, -1.0151415
13617155322000, -0.49799395, 9.816227, -1.0055647
13617164743000, -0.46926352, 9.797073, -1.0151415
13617184863000, -0.51714754, 9.77792, -1.0247183
13617195214000, -0.545878, 9.80665, -0.9672575
13617215581000, -0.545878, 9.844957, -0.89064306
13617225527000, -0.5554548, 9.873688, -0.8523358
13617246851000, -0.50757074, 9.854534, -0.9768343
13617267189000, -0.51714754, 9.816227, -1.0630256
13617308342000, -0.6607997, 9.835381, -1.13964
13617318278000, -0.6799533, 9.825804, -1.091756
13617338664000, -0.7278373, 9.816227, -1.1013328
13617348713000, -0.6895301, 9.77792, -1.0821792
13617368756000, -0.7086837, 9.80665, -1.091756
13617378960000, -0.641646, 9.768343, -1.0630256
13617389037000, -0.6512229, 9.80665, -1.0726024
13617409688000, -0.62249243, 9.825804, -1.0630256
13617429519000, -0.5363012, 9.816227, -1.0821792
13617439443000, -0.5267244, 9.854534, -1.0630256
13617449612000, -0.48841715, 9.864111, -1.0534488
13617469999000, -0.50757074, 9.854534, -1.0630256
13617479988000, -0.5267244, 9.844957, -1.0534488
13617500404000, -0.61291564, 9.864111, -1.091756
13617510461000, -0.63206923, 9.816227, -1.1013328
13617520703000, -0.62249243, 9.80665, -1.0726024
13617530486000, -0.641646, 9.787497, -1.1300632
13617550767000, -0.63206923, 9.816227, -1.2066777
13617571270000, -0.6799533, 9.787497, -1.1683705
13617591350000, -0.5746084, 9.768343, -1.1300632
13617601361000, -0.5650316, 9.787497, -1.1779473
13617611495000, -0.58418524, 9.77792, -1.2162545
13617621790000, -0.545878, 9.749189, -1.1683705
13617632567000, -0.48841715, 9.77792, -1.1971009
13617641780000, -0.4309563, 9.768343, -1.1204864
13617651710000, -0.45968673, 9.787497, -1.1300632
13617672576000, -0.5267244, 9.835381, -1.1013328
13617683861000, -0.59376204, 9.844957, -1.0247183
13617703813000, -0.545878, 9.864111, -0.89064306
13617713566000, -0.5267244, 9.844957, -0.91937345
13617733874000, -0.47884035, 9.797073, -0.93852705
13617744198000, -0.45010993, 9.816227, -0.9672575
13617754506000, -0.39264908, 9.854534, -0.90979666
13617764033000, -0.37349546, 9.864111, -0.92895025
13617774261000, -0.41180268, 9.883265, -0.9959879
13617794460000, -0.48841715, 9.844957, -0.9768343
13617804635000, -0.47884035, 9.797073, -0.94810385
13617815457000, -0.51714754, 9.80665, -0.9576807
13617824944000, -0.5363012, 9.787497, -1.0055647
13617834840000, -0.5267244, 9.77792, -0.9959879
13617846105000, -0.63206923, 9.768343, -1.0534488
13617856328000, -0.6512229, 9.749189, -1.0726024
13617866668000, -0.6703765, 9.758766, -1.0342951
13617876485000, -0.6895301, 9.797073, -0.9864111
13617886801000, -0.6991069, 9.825804, -0.91937345
13617896793000, -0.7086837, 9.835381, -0.92895025
13617917448000, -0.6895301, 9.854534, -0.9864111
13617927928000, -0.62249243, 9.80665, -1.0055647
13617938285000, -0.60333884, 9.816227, -0.9959879
13617948167000, -0.5746084, 9.825804, -1.043872
13617958235000, -0.62249243, 9.77792, -1.0534488
13617978387000, -0.6607997, 9.768343, -1.0247183
13617988725000, -0.7757214, 9.797073, -0.9864111
13617998657000, -0.82360536, 9.816227, -1.0055647
13618008725000, -0.8331822, 9.835381, -1.0151415
13618029434000, -0.7278373, 9.825804, -0.9959879
13618049220000, -0.5554548, 9.787497, -1.0534488
13618059260000, -0.51714754, 9.797073, -1.1013328
13618069636000, -0.5650316, 9.80665, -1.1683705
13618079468000, -0.58418524, 9.825804, -1.1971009
13618099767000, -0.641646, 9.797073, -1.13964
13618109843000, -0.6512229, 9.835381, -1.1109096
13618120193000, -0.641646, 9.844957, -1.0534488
13618130100000, -0.6607997, 9.864111, -1.0630256
13618150237000, -0.62249243, 9.873688, -1.0151415
13618170769000, -0.59376204, 9.797073, -1.0821792
13618190744000, -0.6512229, 9.787497, -1.1492168
13618200822000, -0.7086837, 9.768343, -1.1971009
13618211044000, -0.6799533, 9.749189, -1.1683705
13618231325000, -0.6512229, 9.77792, -1.1300632
13618251892000, -0.641646, 9.825804, -1.1683705
13618262437000, -0.63206923, 9.816227, -1.1587936
13618272388000, -0.5650316, 9.797073, -1.1204864
13618292518000, -0.50757074, 9.825804, -1.1683705
13618302586000, -0.51714754, 9.787497, -1.2354081
13618312552000, -0.5650316, 9.797073, -1.2545617
13618322651000, -0.5746084, 9.816227, -1.2354081
13618332703000, -0.641646, 9.80665, -1.1875241
13618343594000, -0.6512229, 9.787497, -1.1779473
13618354085000, -0.6799533, 9.80665, -1.1492168
13618364770000, -0.6895301, 9.844957, -1.1109096
13618374595000, -0.6703765, 9.835381, -1.091756
13618384845000, -0.6512229, 9.854534, -1.1013328
13618394593000, -0.63206923, 9.844957, -1.1204864
13618404636000, -0.61291564, 9.797073, -1.1875241
13618414123000, -0.63206923, 9.749189, -1.2449849
13618424194000, -0.59376204, 9.758766, -1.2545617
13618434284000, -0.61291564, 9.749189, -1.2354081
13618445291000, -0.60333884, 9.739613, -1.2641385
13618455928000, -0.59376204, 9.797073, -1.2545617
13618465935000, -0.5746084, 9.825804, -1.1492168
13618476070000, -0.5650316, 9.77792, -1.1587936
13618486567000, -0.58418524, 9.80665, -1.1683705
13618496289000, -0.60333884, 9.797073, -1.2354081
13618506326000, -0.59376204, 9.768343, -1.2449849
13618516862000, -0.63206923, 9.816227, -1.2066777
13618526982000, -0.61291564, 9.80665, -1.2545617
13618537403000, -0.58418524, 9.816227, -1.1779473
13618547404000, -0.5650316, 9.797073, -1.2066777
13618558862000, -0.59376204, 9.77792, -1.1971009
13618579172000, -0.61291564, 9.787497, -1.1204864
13618589262000, -0.59376204, 9.816227, -1.1683705
13618599930000, -0.5746084, 9.797073, -1.1971009
13618609343000, -0.5363012, 9.787497, -1.1204864
13618629300000, -0.545878, 9.787497, -1.1204864
13618639439000, -0.5267244, 9.80665, -1.0726024
13618649482000, -0.5746084, 9.835381, -1.0630256
13618659808000, -0.5650316, 9.844957, -1.0726024
13618689876000, -0.59376204, 9.883265, -1.0630256
13618699945000, -0.5650316, 9.864111, -1.0151415
13618710211000, -0.5267244, 9.854534, -1.0247183
13618720424000, -0.545878, 9.835381, -1.0342951
13618740416000, -0.58418524, 9.825804, -1.1492168
13618761078000, -0.5746084, 9.787497, -1.1204864
13618781250000, -0.61291564, 9.77792, -1.2066777
13618792054000, -0.62249243, 9.816227, -1.1300632
13618801884000, -0.641646, 9.80665, -1.1492168
13618822480000, -0.6512229, 9.80665, -1.1587936
13618832549000, -0.61291564, 9.816227, -1.13964
13618853335000, -0.545878, 9.80665, -1.1300632
13618863407000, -0.5554548, 9.835381, -1.0821792
13618873381000, -0.5363012, 9.816227, -1.1204864
13618883475000, -0.5267244, 9.80665, -1.13964
13618903827000, -0.50757074, 9.787497, -1.091756
13618924342000, -0.5267244, 9.825804, -1.0726024
13618934464000, -0.545878, 9.816227, -1.0821792
