#Acceleration force along the x y z axes (including gravity).
#timestamp(ns),x,y,z(m/s^2)
#Datetime: 23/03/2015 10:52:04
##########################################
#Activity: 6 - STN - Stairs down - 10s
#Subject ID: 36
#First Name: sub36
#Last Name: sub36
#Age: 22
#Height(cm): 164
#Weight(kg): 62
#Gender: Female
##########################################

@DATA
4325760965000, -0.5650316, 9.768343, 0.5554548
4325963310000, -0.41180268, 9.730036, 0.36391866
4326161801000, -0.49799395, 10.065224, 0.7182605
4326363276000, -0.61291564, 9.222465, 2.0111294
4326562705000, -1.541866, 9.528923, 2.585738
4326762610000, -0.019153614, 7.0964136, 1.292869
4326772364000, 0.009576807, 6.933608, 1.2737153
4326792717000, -0.1436521, 6.3589997, 1.1683705
4326802961000, -0.33518824, 6.0525417, 1.0630256
4326813219000, -0.4405331, 5.8801594, 1.0342951
4326822942000, -0.4213795, 5.947197, 1.091756
4326833011000, -0.25857377, 6.2632318, 1.13964
4326844005000, -0.06703765, 6.789956, 1.1587936
4326853296000, 0.02873042, 7.345411, 1.2162545
4326863539000, 0.0, 7.920019, 1.4269443
4326873489000, -0.31603462, 8.408437, 1.7717092
4326883995000, -0.63206923, 8.829816, 2.0494366
4326893777000, -0.94810385, 9.14585, 2.27928
4326903867000, -1.1683705, 9.394848, 2.3463178
4326914413000, -1.2258313, 9.643845, 2.2697031
4326924031000, -1.1013328, 9.624691, 2.0111294
4326934246000, -0.8523358, 9.32781, 1.6759412
4326945304000, -0.4309563, 9.011775, 1.1300632
4326954635000, -0.047884032, 9.222465, 0.91937345
4326964738000, 0.60333884, 9.80665, 0.1340753
4326974824000, 0.4213795, 11.894394, -0.8714894
4326985134000, -0.9768343, 13.752295, -3.5338416
4326995173000, -2.336741, 13.455414, -4.2904096
4327006435000, -3.3997664, 12.4785795, -4.0892963
4327016192000, -3.9839516, 11.013328, -3.371036
4327026533000, -4.175488, 9.308656, -2.5187001
4327036347000, -3.9935284, 8.236053, -2.27928
4327046941000, -3.763685, 8.197746, -1.4173675
4327056616000, -3.6104562, 9.634268, 0.7278373
4327066730000, -2.9592333, 13.656527, 2.7389667
4327077099000, -1.0247183, 16.596605, 1.4460979
4327097531000, -3.3614593, 16.64449, -1.6567876
4327107748000, -4.7979803, 12.698846, -1.436521
4327118000000, -4.855441, 10.25676, -0.5267244
4327129208000, -4.2425256, 9.433155, 0.59376204
4327138703000, -3.5338416, 9.251195, 1.0726024
4327148293000, -2.528277, 9.308656, 0.58418524
4327158360000, -1.4269443, 9.461885, -0.20111294
4327169321000, -0.6895301, 9.442732, -0.82360536
4327178953000, -0.35434186, 9.308656, -1.0055647
4327188887000, -0.38307226, 9.241618, -0.8714894
4327198943000, -0.7469909, 9.011775, -0.6799533
4327209136000, -1.3024458, 8.571242, -0.32561144
4327219248000, -1.8483237, 8.169016, 0.2873042
4327229381000, -2.27928, 8.015787, 0.9576807
4327239415000, -2.633622, 8.025364, 1.6184803
4327249578000, -2.6623523, 8.159439, 2.0398598
4327259648000, -2.480393, 8.255207, 2.327164
4327270144000, -2.2218192, 8.24563, 2.4899697
4327280231000, -2.2409728, 7.441179, 2.3175871
4327290470000, -2.585738, 6.703765, 2.087744
4327300714000, -3.217807, 6.090849, 2.2601264
4327310615000, -3.916914, 5.8226986, 2.6527755
4327321328000, -4.4244847, 5.7365074, 3.0262709
4327331337000, -4.596867, 5.813122, 2.9592333
4327340958000, -4.453215, 6.0142345, 2.7485435
4327351130000, -4.0892963, 6.483498, 2.5474305
4327361135000, -3.620033, 6.991069, 2.6910827
4327371225000, -3.323152, 7.632715, 2.6623523
4327381340000, -3.2944214, 8.24563, 2.3654714
4327391381000, -3.4476504, 8.6095495, 1.8770541
4327402153000, -3.572149, 8.513782, 1.6376339
4327413473000, -3.5625722, 8.24563, 1.9057846
4327424189000, -3.466804, 7.8625584, 1.9536686
4327433770000, -3.2561142, 7.3166804, 1.4652514
4327443726000, -3.0358477, 6.579266, 0.7182605
4327453903000, -2.336741, 6.3302693, 1.2737153
4327464173000, -1.2162545, 7.6135616, 1.8004397
4327474173000, -0.51714754, 9.500193, 1.1013328
4327484301000, -0.019153614, 12.152967, 0.20111294
4327494808000, 1.0055647, 15.05474, -1.0630256
4327504420000, 1.9632454, 17.286137, -1.2162545
4327514671000, 2.1068976, 17.238253, 0.1340753
4327524919000, 0.93852705, 15.380352, 1.0055647
4327535199000, -0.45010993, 13.254301, 1.3024458
4327545793000, -1.1013328, 12.698846, 2.3558946
4327556204000, -0.9672575, 17.295713, 4.4436383
4327566398000, -0.17238252, 18.416199, 3.7253778
4327575707000, 0.31603462, 18.981232, 3.4955344
4327586305000, 0.08619126, 17.429789, 3.715801
4327595703000, -0.6895301, 14.863204, 3.6391866
4327605791000, -1.6184803, 12.382812, 3.0550013
4327615889000, -2.3750482, 10.28549, 2.4516625
4327625894000, -2.633622, 8.408437, 2.087744
4327635982000, -2.432509, 6.655881, 1.8004397
4327646265000, -2.0015526, 5.3247046, 2.0207062
4327656018000, -1.2545617, 4.654328, 2.0590134
4327665947000, -0.32561144, 4.5202527, 1.8674773
4327676014000, 0.2777274, 4.6255975, 1.4748282
4327686092000, 0.5746084, 4.8458643, 1.292869
4327696292000, 0.62249243, 4.9703627, 1.283292
4327706545000, 0.5363012, 4.9416323, 1.3024458
4327716749000, 0.1436521, 4.6255975, 1.0534488
4327726839000, -0.32561144, 4.261679, 0.6895301
4327738424000, -0.61291564, 3.9360676, 0.45968673
4327748085000, -0.641646, 3.572149, 0.24899697
4327757935000, -0.58418524, 3.5338416, 0.22026655
4327768178000, -0.60333884, 3.572149, 0.37349546
4327778104000, -0.641646, 3.6774938, 0.80445176
4327788062000, -0.59376204, 3.9073372, 1.3311762
4327798085000, -0.4309563, 4.309563, 1.8962077
4327808264000, -0.24899697, 4.8458643, 2.2888567
4327818662000, -0.19153613, 5.506664, 2.566584
4327828470000, 0.047884032, 6.435614, 2.6623523
4327838933000, 0.41180268, 7.881712, 2.719813
4327849177000, 0.4213795, 9.921572, 2.4708161
4327860221000, 0.0, 11.81778, 2.0015526
4327870075000, -0.46926352, 13.081918, 1.3024458
4327879965000, -0.5746084, 13.005303, 1.1492168
4327890396000, -0.18195933, 10.67814, 1.9919758
4327900924000, 0.095768064, 10.275913, 2.0015526
4327910706000, 0.37349546, 11.57836, 2.4229321
4327920799000, 0.29688102, 13.148955, 1.0821792
4327931593000, 0.20111294, 15.05474, -0.047884032
4327941424000, -0.35434186, 14.30775, 0.25857377
4327951579000, -1.3790601, 11.750742, -0.7757214
4327961441000, -3.0358477, 9.691729, -1.13964
4327971590000, -4.807557, 8.389283, -0.7374141
4327981724000, -6.14831, 7.5082164, -0.48841715
4327992578000, -6.531382, 7.249643, -1.1492168
4328002158000, -6.291962, 7.479486, -1.6184803
4328013528000, -5.8226986, 8.6574335, -1.091756
4328023266000, -4.759673, 11.769896, 0.10534488
4328033403000, -3.0454245, 15.658079, 1.388637
4328043458000, -1.2162545, 17.60217, -0.19153613
4328053540000, -1.2449849, 18.569427, -1.3982137
4328064619000, -2.920926, 16.156073, -1.1971009
4328074131000, -3.916914, 12.354081, 0.48841715
4328084106000, -4.1276035, 10.275913, 1.9632454
4328094319000, -3.8498764, 9.710882, 2.2697031
4328104583000, -3.0071173, 9.308656, 1.2545617
4328114657000, -1.8291701, 8.820239, -0.22026655
4328124594000, -0.94810385, 8.341399, -1.0534488
4328134777000, -0.45968673, 8.0445175, -1.1683705
4328144870000, -0.1436521, 7.9870567, -1.2162545
4328155726000, -0.12449849, 8.264784, -1.4269443
4328165207000, -0.60333884, 8.954314, -1.5131354
4328175196000, -1.1971009, 9.059659, -0.90979666
4328185409000, -1.7812861, 9.050082, 1.3503298
4328195761000, -2.7485435, 9.212888, 1.9153614
4328205891000, -2.9592333, 9.011775, 2.030283
4328215839000, -3.1028855, 9.030929, 1.7812861
4328225847000, -3.0550013, 8.6574335, 1.484405
4328236049000, -2.767697, 8.322245, 1.5131354
4328246163000, -2.6719291, 7.872135, 1.8195933
4328256401000, -2.825158, 7.603985, 2.3558946
4328266605000, -3.1986535, 7.479486, 2.6144683
4328276691000, -3.620033, 7.4603324, 2.5187001
4328286818000, -4.0222588, 7.575254, 2.4037786
4328297270000, -4.357447, 7.651869, 2.2888567
4328307180000, -4.5202527, 7.7093296, 2.231396
4328318188000, -4.4436383, 7.824251, 2.3558946
4328327784000, -4.223372, 7.8146744, 2.4420857
4328337884000, -3.964798, 7.699753, 2.1643584
4328347999000, -3.8786068, 7.6135616, 1.9153614
4328358651000, -3.8498764, 7.690176, 1.7908629
4328368924000, -3.7253778, 7.785944, 1.6472107
4328379100000, -3.4380736, 7.843405, 1.388637
4328389031000, -2.9783869, 7.632715, 1.2066777
4328398978000, -2.4133554, 7.2304893, 1.5131354
4328408743000, -1.6376339, 6.7229185, 1.388637
4328418966000, -0.90021986, 5.9759274, 0.8714894
4328429215000, -0.2777274, 4.951209, 0.038307227
4328439137000, 0.21068975, 4.3766007, -0.62249243
4328449284000, 0.7757214, 4.6351743, -0.36391866
4328459567000, 0.94810385, 6.4739213, 0.1340753
4328469495000, 0.6703765, 9.509769, 0.5554548
4328480690000, 1.6376339, 16.40507, -1.2545617
4328499967000, 1.8291701, 17.956512, 0.37349546
4328510096000, 0.25857377, 15.897499, 3.3518825
4328520351000, -1.982399, 11.693281, 3.8402996
4328531051000, -2.5570073, 11.990162, 3.4955344
4328540621000, -2.566584, 13.417107, 3.7253778
4328551431000, -2.1547816, 15.332468, 3.9743748
4328561441000, -0.78529817, 17.180792, 3.9935284
4328571788000, 0.63206923, 18.358738, 3.7541082
4328582985000, 1.1683705, 17.525557, 3.9552212
4328592944000, 0.89064306, 15.677233, 4.1180267
4328603109000, 0.2873042, 13.857639, 3.9552212
4328613249000, -0.40222588, 12.095507, 3.1794999
4328623309000, -1.0534488, 10.381259, 2.566584
4328633410000, -1.388637, 8.475474, 1.9919758
4328644159000, -1.3311762, 6.694188, 1.5897499
4328653717000, -1.0534488, 5.1906295, 1.2354081
4328663929000, -0.6895301, 4.0222588, 0.8810662
4328673823000, -0.29688102, 3.466804, 0.6703765
4328683785000, -0.1436521, 3.3614593, 0.79487497
4328693791000, -0.1340753, 3.6008794, 1.0247183
4328703952000, -0.21068975, 4.232949, 1.2162545
4328714850000, -0.2777274, 4.673482, 1.5035586
4328724340000, -0.62249243, 4.721366, 1.6663644
4328734373000, -1.0821792, 4.711789, 1.6280571
4328744382000, -1.1779473, 4.5777135, 0.78529817
4328754728000, -0.93852705, 4.6255975, 0.23942018
4328764821000, -0.6895301, 4.711789, 0.0
4328774776000, -0.5363012, 4.7405195, -0.11492168
4328784993000, -0.48841715, 4.903325, -0.05746084
4328794886000, -0.5746084, 5.5641246, 0.45010993
4328805689000, -0.93852705, 8.647857, 1.8483237
4328825232000, -1.0342951, 11.224017, 2.72939
4328835648000, -0.60333884, 11.444284, 2.8443117
4328845720000, -0.02873042, 10.955867, 2.566584
4328855955000, 0.5554548, 10.304645, 2.2697031
4328865871000, 0.94810385, 9.624691, 1.6663644
4328876192000, 1.1971009, 9.404425, 1.3120226
4328886185000, 1.4077905, 9.797073, 1.5131354
4328896238000, 1.733402, 10.773908, 1.5993267
4328906802000, 1.8674773, 13.177686, 1.1109096
4328916281000, 2.2888567, 15.7825775, 0.9768343
4328926285000, 1.3982137, 15.753847, -2.078167
4328936809000, -1.1779473, 13.148955, -4.5681367
4328948001000, -3.8786068, 10.409989, -4.6926355
4328958976000, -5.650316, 8.207323, -2.8443117
4328969378000, -6.4068837, 6.8569937, -0.31603462
4328978852000, -5.90889, 7.086837, 1.3790601
4328988720000, -5.133168, 8.274361, 1.6759412
4328998814000, -4.5872903, 10.7356, 1.6280571
4329008973000, -3.4859576, 15.140931, 1.8291701
4329019100000, -2.2409728, 17.343597, 0.6512229
4329029279000, -2.7389667, 18.44493, -1.3599066
4329039292000, -4.3382936, 17.06587, -2.1643584
4329049592000, -5.056554, 13.905523, -1.0055647
4329059670000, -5.085284, 11.932701, 0.8810662
4329069963000, -4.55856, 10.907983, 2.4229321
4329080376000, -3.4955344, 9.940725, 2.8921957
4329090104000, -1.8770541, 8.791509, 2.0973208
4329100330000, -0.5363012, 7.785944, 0.5650316
4329110625000, 0.20111294, 7.2304893, -1.6567876
4329120597000, 0.29688102, 7.5082164, -1.9249382
4329131427000, 0.05746084, 8.207323, -1.7429788
4329141858000, -0.45968673, 8.839393, -1.340753
4329151078000, -1.0726024, 9.165004, -0.7661445
4329160987000, -1.685518, 9.136273, -0.17238252
4329171220000, -2.0973208, 8.8777, 0.4309563
4329181547000, -2.336741, 8.475474, 1.0534488
4329201612000, -2.1068976, 8.101978, 2.0590134
4329212215000, -1.8962077, 7.9487495, 2.087744
4329221635000, -1.7908629, 7.699753, 1.8579005
4329231878000, -2.1643584, 7.326257, 1.484405
4329242172000, -2.5953147, 7.0964136, 1.1779473
4329252398000, -2.8443117, 6.8569937, 1.2258313
4329262747000, -2.8921957, 6.847417, 1.6089035
4329272369000, -3.0071173, 7.0006456, 1.9919758
4329282485000, -3.2465374, 7.2113357, 2.1452048
4329292567000, -3.5529952, 7.374141, 2.27928
4329302673000, -3.8881836, 7.469909, 2.231396
4329313168000, -4.098873, 7.603985, 2.1164744
4329322879000, -4.3766007, 7.843405, 2.0111294
4329333232000, -4.6830587, 8.169016, 1.8387469
4329343120000, -4.7884035, 8.571242, 1.7429788
4329353409000, -4.5202527, 8.829816, 1.7238252
4329373418000, -3.122039, 8.475474, 1.8674773
4329383553000, -2.2888567, 7.872135, 1.7429788
4329394364000, -1.5514427, 6.751649, 1.2545617
4329403807000, -1.13964, 5.861006, 1.0247183
4329414083000, -0.5554548, 5.544971, 1.5131354
4329424173000, 0.009576807, 6.9048777, 1.5897499
4329434257000, 0.81402856, 9.548077, 1.4173675
4329444252000, 1.6089035, 13.771448, 0.08619126
4329454253000, 2.3558946, 16.654066, -2.231396
4329464534000, 2.9975405, 17.324444, -2.2697031
4329474800000, -0.009576807, 12.373235, 1.6567876
4329484785000, -1.3120226, 10.582372, 2.1547816
4329494750000, -2.087744, 10.160992, 2.3942018
4329504963000, -2.72939, 11.061212, 2.7389667
4329515215000, -2.9400797, 12.880805, 3.4093432
4329525181000, -2.6431987, 15.303738, 3.715801
4329535405000, -1.283292, 17.420212, 3.2944214
4329545624000, 0.39264908, 18.483236, 2.9017725
4329555886000, 1.0534488, 17.410635, 3.3327289
4329565746000, 1.0342951, 15.198392, 3.6391866
4329575834000, 0.33518824, 13.091495, 3.4284968
4329585944000, -0.45968673, 11.042058, 2.834735
4329595964000, -1.1109096, 8.973468, 2.384625
4329606221000, -1.3599066, 7.0581064, 1.9057846
4329616142000, -1.4173675, 5.5641246, 1.5131354
4329626309000, -1.2449849, 4.4723687, 1.2354081
4329636417000, -0.82360536, 3.9456444, 1.1204864
4329646791000, -0.50757074, 3.9743748, 1.2354081
4329666853000, -0.5746084, 4.673482, 1.4652514
4329676933000, -0.842759, 4.76925, 1.7046716
4329687969000, -1.0151415, 4.721366, 1.7238252
4329697759000, -0.92895025, 4.7022123, 1.6376339
4329707511000, -0.63206923, 4.663905, 1.3024458
4329717654000, -0.25857377, 4.654328, 0.842759
4329728237000, 0.009576807, 4.721366, 0.45968673
4329737831000, 0.05746084, 4.807557, 0.25857377
4329748123000, -0.16280572, 5.1810527, 0.39264908
4329758703000, -0.4405331, 6.1387334, 1.0534488
4329768320000, -0.78529817, 7.843405, 2.2218192
4329778192000, -1.1683705, 9.998186, 3.1890767
4329788742000, -1.436521, 11.980585, 3.667917
4329798459000, -1.4939818, 12.813767, 3.3806129
4329808464000, -1.1300632, 12.488156, 2.825158
4329818695000, -0.50757074, 11.15698, 2.1547816
4329828763000, 0.1436521, 9.739613, 1.6184803
4329838867000, 0.2873042, 8.034941, 0.79487497
4329848893000, 0.22984336, 8.312668, 0.78529817
4329858950000, 0.6991069, 9.232041, 0.63206923
4329869082000, 1.1492168, 10.907983, 0.20111294
4329879476000, 1.1013328, 13.474567, -1.0055647
4329889343000, 0.9576807, 15.112201, -1.8291701
4329899434000, -0.7086837, 13.953407, -3.074155
4329909460000, -2.719813, 11.664551, -3.2082303
4329920267000, -4.2521024, 9.883265, -2.3942018
4329930877000, -4.9320555, 8.868123, -1.7908629
4329939818000, -4.673482, 8.791509, -1.5705963
4329950389000, -4.261679, 9.030929, -0.7661445
4329961065000, -3.7924154, 10.103531, 0.9768343
4329971649000, -3.2082303, 13.101071, 2.815581
4329981670000, -2.3750482, 16.318878, 2.078167
4329992895000, -1.4269443, 17.927782, -0.5267244
4330002779000, -2.6048915, 18.693928, -1.2641385
4330013566000, -3.9456444, 14.566323, -1.3215994
4330022925000, -4.510676, 11.405977, -0.7565677
4330033726000, -4.4819455, 10.141838, 0.35434186
4330043464000, -4.1946416, 9.634268, 1.292869
4330053442000, -3.3423057, 9.136273, 1.5801731
4330064275000, -2.078167, 8.686164, 1.0821792
4330073650000, -0.842759, 8.159439, 0.35434186
4330084369000, 0.08619126, 7.7189064, -0.19153613
4330093954000, 0.63206923, 7.5848308, -0.4405331
4330103967000, 0.7469909, 7.9870567, -0.45968673
4330114625000, -0.32561144, 9.32781, 0.1436521
4330125289000, -1.13964, 9.5385, 0.7469909
4330134517000, -1.9632454, 9.500193, 1.4652514
4330144899000, -2.585738, 9.203311, 1.9919758
4330154748000, -2.7868507, 8.829816, 2.3750482
4330176179000, -2.1068976, 7.833828, 1.934515
4330185454000, -1.7525556, 7.144298, 1.3982137
4330195746000, -1.6376339, 6.4260373, 1.1683705
4330205558000, -1.8579005, 6.3206925, 1.0726024
4330215692000, -2.2218192, 6.291962, 1.1971009
4330226106000, -2.4612393, 6.2632318, 1.6280571
4330235838000, -2.7581203, 6.397307, 1.7046716
4330246364000, -3.1411927, 6.694188, 1.685518
4330256126000, -3.5242648, 7.374141, 1.7525556
4330267139000, -3.7732618, 8.00621, 1.7717092
4330276704000, -3.9264908, 8.437167, 1.7621324
4330287380000, -4.185065, 8.590396, 1.8674773
4330297532000, -4.357447, 8.6574335, 1.982399
4330308279000, -4.146757, 8.619126, 2.327164
4330317453000, -3.6966474, 8.446744, 2.432509
4330327524000, -3.1124623, 7.920019, 1.9632454
4330338302000, -2.3750482, 6.981492, 1.6472107
4330348128000, -1.4652514, 5.793968, 1.0630256
4330358615000, -0.6895301, 5.104438, 1.1779473
4330368017000, 0.29688102, 5.6215854, 1.8770541
4330378272000, 0.92895025, 7.5848308, 2.1452048
4330388225000, 1.2354081, 10.907983, 1.5705963
4330398327000, 1.733402, 14.709975, -0.12449849
4330409309000, 2.030283, 17.123331, -1.1587936
4330418752000, 0.6991069, 15.907076, 0.92895025
4330428564000, -0.9576807, 13.053187, 2.5378537
4330459823000, -2.5187001, 13.244724, 3.8786068
4330469091000, -1.8674773, 16.242264, 4.2425256
4330479078000, -0.36391866, 17.889475, 3.6104562
4330489248000, 1.2162545, 18.02355, 3.0071173
4330499447000, 1.7046716, 16.299725, 3.2465374
4330509578000, 1.3694834, 13.934254, 3.6391866
4330519573000, 0.5746084, 11.84651, 3.6774938
4330529610000, -0.60333884, 10.01734, 3.122039
4330539583000, -1.6472107, 8.24563, 2.566584
4330549709000, -2.2601264, 6.588843, 2.135628
4330560084000, -2.432509, 5.267244, 1.982399
4330570801000, -2.2984335, 4.453215, 1.7717092
4330580130000, -2.0590134, 3.8881836, 1.733402
4330590245000, -1.7238252, 3.7732618, 1.8579005
4330600563000, -1.6089035, 3.8307228, 2.030283
4330610492000, -1.5227122, 4.3478703, 2.432509
4330621061000, -1.5131354, 4.9895163, 3.0550013
4330642797000, -1.4652514, 5.765238, 2.9592333
4330652789000, -1.1013328, 5.8226986, 2.1260512
4330663527000, -0.7374141, 5.746084, 1.2545617
4330673445000, -0.49799395, 5.6120086, 0.6895301
4330683898000, -0.37349546, 5.5162406, 0.36391866
4330693523000, -0.34476504, 5.7365074, 0.34476504
4330703669000, -0.37349546, 6.5696893, 0.58418524
4330714169000, -0.32561144, 8.0445175, 0.9576807
4330723665000, -0.30645782, 9.519346, 1.6280571
4330733859000, -0.36391866, 10.6398325, 2.3942018
4330743918000, -0.58418524, 11.195287, 3.0262709
4330754136000, -1.0055647, 10.907983, 3.7445314
4330764573000, -0.92895025, 10.132261, 3.6104562
4330774986000, -0.7086837, 9.11712, 3.2369606
4330784542000, -0.4213795, 8.523358, 2.480393
4330794571000, -0.038307227, 9.241618, 2.2026656
4330804917000, 0.40222588, 10.199299, 1.340753
4330815164000, 0.15322891, 12.852075, 1.0151415
4330825829000, -0.16280572, 14.997279, -0.641646
4330835233000, -1.4077905, 13.694834, -3.916914
4330845638000, -3.1794999, 11.750742, -4.2904096
4330855788000, -4.3861775, 10.304645, -2.8921957
4330865563000, -5.3247046, 9.720459, -1.5705963
4330876265000, -5.305551, 10.0748005, -1.4460979
4330885814000, -4.999093, 10.065224, -1.5897499
4330896313000, -4.8362875, 9.672575, -0.60333884
4330905965000, -3.916914, 10.486604, 1.1013328
4330916074000, -2.27928, 13.685257, 2.2697031
4330926268000, -0.34476504, 16.615759, 0.9672575
4330938312000, 0.5650316, 18.08101, -1.3599066
4330947866000, -1.3215994, 16.711529, -1.7525556
4330958379000, -2.9879637, 13.081918, -0.7661445
4330968119000, -3.9360676, 11.291056, 0.49799395
4330978431000, -4.1946416, 10.745177, 1.0726024
4330988284000, -3.7732618, 10.208876, 1.0630256
4330998800000, -2.9017725, 9.270349, 0.50757074
4331009097000, -1.8674773, 8.274361, -0.038307227
4331018917000, -0.91937345, 7.3645644, -0.35434186
4331029095000, -0.15322891, 6.6271505, -0.545878
4331038799000, 0.38307226, 6.8761473, -0.7086837
4331049018000, 0.20111294, 7.632715, -0.7374141
4331059535000, -0.9959879, 8.820239, 0.49799395
4331069151000, -1.7525556, 9.433155, 0.9864111
4331079572000, -2.4133554, 9.691729, 1.1875241
4331089483000, -2.8060043, 9.385271, 1.3982137
4331099333000, -2.6623523, 8.66701, 1.7525556
4331111740000, -2.0590134, 7.929596, 2.3463178
4331126401000, -1.6376339, 7.335834, 2.6240451
4331135430000, -1.4939818, 7.0102224, 2.4133554
4331145622000, -1.6376339, 6.8282633, 1.9536686
4331156659000, -2.1739352, 6.847417, 1.5514427
4331167574000, -3.5242648, 7.1347213, 1.6089035
4331178012000, -4.1276035, 7.374141, 1.9057846
4331188201000, -4.6926355, 7.6135616, 2.183512
4331198244000, -5.171476, 7.603985, 2.384625
4331208794000, -5.5162406, 7.489063, 2.6048915
4331217998000, -5.535394, 7.2687964, 2.6719291
4331238213000, -5.0661306, 6.7803793, 2.4708161
4331248581000, -4.4244847, 6.3781533, 2.2026656
4331259195000, -3.466804, 5.947197, 2.1164744
4331269871000, -2.4420857, 5.391742, 1.8004397
4331279194000, -1.5227122, 4.855441, 1.2162545
4331299077000, -0.36391866, 6.301539, 2.0015526
4331309522000, -0.29688102, 8.781932, 2.2122424
4331319223000, -0.30645782, 11.980585, 1.5227122
4331329959000, 0.39264908, 15.638926, 0.038307227
4331339414000, 1.6663644, 17.592594, 0.10534488
4331349584000, 2.1930888, 17.353174, 2.1643584
4331359918000, 1.8291701, 15.792154, 3.5242648
4331369696000, 1.340753, 14.240712, 3.3518825
4331379892000, 1.0342951, 13.67568, 2.8921957
4331389879000, 0.6607997, 13.656527, 2.9783869
4331399996000, 0.2873042, 14.279019, 3.6774938
4331410217000, 0.11492168, 15.638926, 4.261679
4331420760000, 0.59376204, 17.03714, 4.4915223
4331431266000, 1.1013328, 17.736246, 4.4819455
4331441865000, 0.80445176, 16.903065, 4.5681367
4331451053000, 0.009576807, 15.093047, 4.4244847
4331461043000, -0.9864111, 13.043611, 4.012682
4331471144000, -1.8866309, 11.36767, 3.4859576
4331481422000, -2.135628, 9.940725, 2.8443117
4331492419000, -1.8387469, 7.441179, 2.3654714
4331512025000, -0.7565677, 5.9280434, 1.9536686
4331522432000, -0.51714754, 5.449203, 2.1739352
4331532387000, -0.33518824, 5.410896, 2.1930888
4331543181000, -0.2873042, 5.592855, 2.078167
4331552522000, -0.41180268, 5.6407394, 1.9440918
4331562818000, -0.5363012, 5.592855, 1.8195933
4331572524000, -0.4405331, 5.439626, 1.6663644
4331582656000, -0.34476504, 5.3247046, 1.3120226
4331592727000, -0.24899697, 5.2289367, 0.9672575
4331602794000, -0.16280572, 5.1906295, 0.6607997
4331612890000, -0.095768064, 5.2289367, 0.39264908
4331643231000, -0.047884032, 5.9759274, 0.1436521
4331652887000, 0.019153614, 6.397307, 0.25857377
4331662944000, 0.16280572, 6.981492, 0.48841715
4331672918000, 0.51714754, 7.8912888, 0.7469909
4331683269000, 0.8714894, 8.944737, 0.7565677
4331693324000, 0.9959879, 10.036493, 0.7278373
4331714411000, 1.043872, 10.869676, 1.1587936
4331723899000, 0.82360536, 10.649409, 1.7717092
4331734101000, 0.5363012, 10.371682, 2.480393
4331744184000, 0.095768064, 10.333375, 2.9017725
4331754317000, -0.36391866, 9.969456, 3.1411927
4331765159000, -0.7661445, 9.346964, 3.2561142
4331775182000, -1.0342951, 8.571242, 3.4093432
4331784673000, -1.1013328, 7.651869, 3.6104562
4331794670000, -1.1683705, 6.9144545, 3.6966474
4331805326000, -1.1492168, 6.4260373, 3.5529952
4331815197000, -1.0342951, 5.746084, 3.466804
4331825810000, -0.89064306, 5.056554, 3.620033
4331835364000, -0.842759, 4.9224787, 3.6774938
4331845612000, -0.4309563, 6.090849, 4.7405195
4331855836000, 1.4077905, 9.002198, 3.9935284
4331865727000, 0.51714754, 14.269443, 1.7621324
4331876759000, -2.2218192, 16.673222, -5.410896
4331886434000, -4.003105, 12.4785795, -6.7229185
4331897991000, -5.209783, 9.471462, -3.9935284
4331908593000, -5.6215854, 9.701305, 0.31603462
4331930648000, -5.3342814, 11.999739, 1.541866
4331939576000, -4.4244847, 12.852075, 2.2026656
4331951021000, -2.6431987, 14.585477, 2.2601264
4331959955000, -1.0821792, 17.06587, 0.9576807
4331970092000, -0.5554548, 18.301277, -2.1547816
4331980444000, -1.8579005, 18.109741, -3.016694
4331990442000, -2.9975405, 14.930242, -1.9440918
4332000884000, -3.620033, 12.842498, -0.32561144
4332011276000, -3.1986535, 12.5743475, 0.47884035
4332021397000, -2.528277, 12.823344, 0.6799533
4332031840000, -1.8770541, 12.440272, 0.32561144
4332042962000, -1.0151415, 11.042058, -0.58418524
4332052857000, -0.20111294, 9.749189, -1.5705963
4332063594000, -0.2873042, 8.42759, -1.8483237
4332073319000, -1.0630256, 8.39886, -1.484405
4332082839000, -1.8866309, 8.034941, -1.1013328
4332093004000, -2.432509, 7.642292, -0.8523358
4332103321000, -2.7006595, 7.374141, -0.5746084
4332113534000, -2.5761611, 7.249643, -0.35434186
4332123299000, -2.2218192, 7.1826053, -0.21068975
4332133467000, -1.8962077, 7.2113357, -0.2777274
4332143555000, -1.685518, 7.2687964, -0.4309563
4332153779000, -1.5131354, 7.52737, -0.5267244
4332164436000, -1.5993267, 8.054094, -0.39264908
4332173913000, -1.8195933, 8.686164, -0.08619126
4332185106000, -2.0015526, 8.973468, 0.18195933
4332205141000, -2.2984335, 9.184157, 0.038307227
4332215617000, -2.27928, 9.069236, -0.20111294
4332226213000, -2.1739352, 8.820239, -0.40222588
4332235776000, -1.9728222, 8.925584, -0.33518824
4332246786000, -1.8291701, 9.557653, -0.16280572
4332256657000, -1.7142484, 10.649409, 0.076614454
4332266815000, -1.6184803, 11.9614315, 0.23942018
4332278035000, -1.8291701, 13.043611, 0.35434186
4332287551000, -2.2697031, 12.871228, 0.29688102
4332297829000, -2.6623523, 11.942278, 0.12449849
4332307703000, -2.8060043, 11.118672, -0.16280572
4332318179000, -2.7964275, 10.6398325, -0.5363012
4332330508000, -2.231396, 9.672575, -0.9864111
4332339432000, -1.4652514, 9.452309, -1.2449849
4332349590000, -0.7374141, 9.32781, -1.532289
4332359827000, 0.02873042, 9.155427, -1.8004397
4332369929000, 0.7086837, 9.050082, -2.030283
4332389915000, 1.4939818, 9.059659, -1.8291701
4332401035000, 1.4556746, 9.232041, -1.4652514
4332410453000, 1.0630256, 9.634268, -1.091756
4332420821000, 0.59376204, 10.0748005, -0.92895025
4332430678000, 0.22984336, 10.314221, -0.7565677
4332440699000, -0.12449849, 10.400413, -0.7374141
4332451647000, -0.4405331, 10.342952, -0.7182605
4332460926000, -0.842759, 10.266336, -0.61291564
4332471049000, -1.2354081, 10.141838, -0.48841715
4332481301000, -1.6472107, 10.065224, -0.22984336
4332492658000, -2.2026656, 10.055647, 0.48841715
4332502363000, -2.9113493, 10.084377, 0.31603462
4332512634000, -3.1316159, 10.0269165, -1.6376339
4332522340000, -2.1068976, 9.988609, -1.8387469
4332532742000, -0.6991069, 9.471462, -1.283292
4332542594000, -0.17238252, 9.481039, -0.4309563
4332552828000, -0.23942018, 9.950302, 0.41180268
4332563293000, -0.6799533, 10.208876, 0.39264908
4332572835000, -1.1683705, 10.141838, 0.15322891
4332583026000, -1.436521, 9.921572, 0.0
4332592950000, -1.4748282, 9.797073, -0.25857377
4332602983000, -1.292869, 9.749189, -0.45968673
4332613081000, -0.9864111, 9.643845, -0.545878
4332623151000, -0.81402856, 9.490616, -0.7182605
4332643570000, -1.2066777, 9.605537, -0.17238252
4332653181000, -1.4460979, 9.701305, 0.05746084
4332663267000, -1.5131354, 9.739613, 0.17238252
4332673269000, -1.4173675, 9.797073, 0.0
4332683496000, -1.3215994, 9.873688, -0.32561144
4332693547000, -1.1683705, 9.959879, -0.58418524
4332703856000, -1.0630256, 9.988609, -0.7374141
4332724079000, -0.8810662, 9.998186, -0.6607997
4332734294000, -0.81402856, 9.931149, -0.5746084
4332744362000, -0.8331822, 9.864111, -0.46926352
4332754485000, -0.842759, 9.787497, -0.32561144
4332764886000, -0.90979666, 9.701305, -0.2873042
4332775205000, -0.9672575, 9.615114, -0.34476504
4332784960000, -1.0342951, 9.595961, -0.38307226
4332794858000, -1.1204864, 9.56723, -0.4309563
4332804963000, -1.1875241, 9.624691, -0.50757074
4332826230000, -1.2545617, 9.739613, -0.51714754
4332835687000, -1.292869, 9.787497, -0.47884035
4332845829000, -1.3311762, 9.835381, -0.39264908
4332855718000, -1.3503298, 9.864111, -0.31603462
4332865750000, -1.3311762, 9.873688, -0.32561144
4332886082000, -1.292869, 9.854534, -0.45968673
4332896053000, -1.2354081, 9.844957, -0.5267244
4332916131000, -1.091756, 9.758766, -0.59376204
4332926200000, -1.043872, 9.730036, -0.5554548
4332937698000, -1.0151415, 9.701305, -0.49799395
4332956821000, -1.0534488, 9.77792, -0.50757074
4332967403000, -1.0342951, 9.797073, -0.48841715
4332987614000, -1.0821792, 9.80665, -0.48841715
4332997506000, -1.0534488, 9.825804, -0.4309563
4333007499000, -1.0821792, 9.873688, -0.4213795
4333017770000, -1.1300632, 9.854534, -0.40222588
4333027888000, -1.1587936, 9.816227, -0.36391866
4333037908000, -1.2162545, 9.787497, -0.35434186
4333058760000, -1.13964, 9.768343, -0.33518824
4333078202000, -1.2066777, 9.749189, -0.32561144
4333109392000, -1.1875241, 9.758766, -0.29688102
4333118629000, -1.1779473, 9.77792, -0.31603462
4333139820000, -1.1875241, 9.768343, -0.32561144
4333182164000, -1.1779473, 9.77792, -0.36391866
4333202525000, -1.2258313, 9.787497, -0.37349546
4333213308000, -1.2162545, 9.749189, -0.33518824
4333232944000, -1.283292, 9.739613, -0.2873042
4333253300000, -1.3120226, 9.758766, -0.31603462
4333263233000, -1.3024458, 9.749189, -0.29688102
4333273799000, -1.3311762, 9.768343, -0.33518824
4333284390000, -1.3503298, 9.749189, -0.34476504
4333293999000, -1.3311762, 9.768343, -0.35434186
4333314932000, -1.3120226, 9.768343, -0.37349546
4333324297000, -1.2449849, 9.787497, -0.38307226
4333334420000, -1.1875241, 9.80665, -0.36391866
4333354801000, -1.2162545, 9.825804, -0.38307226
4333365070000, -1.1971009, 9.816227, -0.4213795
4333375182000, -1.2354081, 9.80665, -0.4309563
4333385298000, -1.283292, 9.77792, -0.40222588
4333395431000, -1.292869, 9.787497, -0.41180268
4333405657000, -1.3215994, 9.797073, -0.37349546
4333416098000, -1.3024458, 9.835381, -0.34476504
4333426177000, -1.3120226, 9.80665, -0.30645782
4333446316000, -1.3311762, 9.768343, -0.34476504
4333476238000, -1.283292, 9.758766, -0.41180268
4333496614000, -1.2641385, 9.77792, -0.45968673
4333517432000, -1.1779473, 9.816227, -0.45010993
4333537865000, -1.1683705, 9.797073, -0.45010993
4333548169000, -1.1875241, 9.825804, -0.4405331
4333558238000, -1.2066777, 9.768343, -0.4309563
4333578138000, -1.2545617, 9.758766, -0.41180268
4333598612000, -1.283292, 9.749189, -0.41180268
4333618568000, -1.3024458, 9.739613, -0.4309563
4333628692000, -1.283292, 9.77792, -0.4213795
4333638676000, -1.292869, 9.768343, -0.4309563
4333658997000, -1.2545617, 9.749189, -0.41180268
4333678778000, -1.2449849, 9.730036, -0.45968673
4333688792000, -1.283292, 9.739613, -0.4405331
4333698867000, -1.2641385, 9.730036, -0.4213795
4333709017000, -1.2449849, 9.739613, -0.4309563
4333729384000, -1.2258313, 9.797073, -0.4405331
4333739233000, -1.2162545, 9.80665, -0.4213795
4333749650000, -1.2354081, 9.825804, -0.4405331
4333759723000, -1.2258313, 9.816227, -0.45968673
4333769811000, -1.2354081, 9.835381, -0.45010993
4333811113000, -1.2641385, 9.77792, -0.4309563
4333820560000, -1.2449849, 9.816227, -0.41180268
4333841207000, -1.2737153, 9.77792, -0.45968673
4333851364000, -1.2545617, 9.797073, -0.48841715
4333861556000, -1.2737153, 9.758766, -0.49799395
4333882156000, -1.3024458, 9.730036, -0.45010993
4333892860000, -1.292869, 9.758766, -0.4309563
4333902939000, -1.3120226, 9.768343, -0.4213795
4333913380000, -1.3024458, 9.758766, -0.40222588
4333923228000, -1.3311762, 9.797073, -0.4213795
4333933386000, -1.292869, 9.787497, -0.4405331
4333953647000, -1.3215994, 9.749189, -0.4309563
4333973649000, -1.3311762, 9.739613, -0.39264908
4333993793000, -1.292869, 9.749189, -0.45010993
4334003761000, -1.2641385, 9.758766, -0.47884035
4334014257000, -1.283292, 9.768343, -0.46926352
4334033826000, -1.3024458, 9.816227, -0.47884035
4334064427000, -1.3215994, 9.758766, -0.4213795
4334074227000, -1.3311762, 9.77792, -0.4309563
4334094428000, -1.3694834, 9.758766, -0.45010993
4334114756000, -1.3503298, 9.749189, -0.47884035
4334134869000, -1.3215994, 9.758766, -0.46926352
4334155200000, -1.2737153, 9.749189, -0.4309563
4334165413000, -1.3024458, 9.77792, -0.41180268
4334185784000, -1.3694834, 9.739613, -0.49799395
4334196322000, -1.3503298, 9.749189, -0.48841715
4334206932000, -1.340753, 9.758766, -0.46926352
4334217882000, -1.3599066, 9.797073, -0.45968673
4334227912000, -1.3215994, 9.77792, -0.45010993
4334248663000, -1.3311762, 9.730036, -0.4309563
4334258362000, -1.3215994, 9.758766, -0.4405331
4334278553000, -1.3503298, 9.749189, -0.45968673
4334299123000, -1.3694834, 9.739613, -0.46926352
4334308862000, -1.3599066, 9.758766, -0.50757074
4334318971000, -1.340753, 9.768343, -0.45010993
4334330330000, -1.3503298, 9.739613, -0.4213795
4334339277000, -1.3311762, 9.749189, -0.4309563
4334359475000, -1.3311762, 9.768343, -0.4405331
4334379824000, -1.3311762, 9.720459, -0.45968673
4334389907000, -1.340753, 9.749189, -0.47884035
4334410108000, -1.3599066, 9.77792, -0.45968673
4334420216000, -1.388637, 9.758766, -0.5363012
4334430754000, -1.3503298, 9.730036, -0.49799395
4334440623000, -1.3599066, 9.710882, -0.47884035
4334451338000, -1.3311762, 9.720459, -0.46926352
4334461286000, -1.3215994, 9.739613, -0.4309563
4334471187000, -1.340753, 9.758766, -0.45010993
4334481497000, -1.3694834, 9.77792, -0.48841715
4334511710000, -1.3120226, 9.77792, -0.46926352
4334532152000, -1.3311762, 9.797073, -0.47884035
4334542938000, -1.340753, 9.768343, -0.46926352
4334563092000, -1.3694834, 9.749189, -0.46926352
4334573147000, -1.3599066, 9.768343, -0.4405331
4334583341000, -1.3503298, 9.739613, -0.41180268
4334613768000, -1.340753, 9.739613, -0.4309563
4334633701000, -1.3503298, 9.730036, -0.41180268
4334653830000, -1.3311762, 9.768343, -0.4213795
4334663623000, -1.3503298, 9.797073, -0.45010993
4334694062000, -1.340753, 9.77792, -0.41180268
4334704177000, -1.3215994, 9.797073, -0.45010993
4334714641000, -1.3024458, 9.80665, -0.4309563
4334734490000, -1.340753, 9.787497, -0.45010993
4334754682000, -1.3311762, 9.77792, -0.45968673
4334775189000, -1.3120226, 9.797073, -0.46926352
4334785264000, -1.3311762, 9.787497, -0.4309563
4334795146000, -1.3599066, 9.768343, -0.45968673
4334805401000, -1.3694834, 9.730036, -0.49799395
4334815737000, -1.3790601, 9.739613, -0.48841715
4334825737000, -1.3982137, 9.749189, -0.4309563
4334846317000, -1.3790601, 9.758766, -0.45968673
4334876838000, -1.388637, 9.739613, -0.4405331
4334887177000, -1.3599066, 9.768343, -0.38307226
4334898201000, -1.4173675, 9.758766, -0.4213795
4334907913000, -1.3790601, 9.787497, -0.45010993
4334918094000, -1.3694834, 9.768343, -0.4213795
4334930000000, -1.340753, 9.739613, -0.4405331
4334939121000, -1.3694834, 9.730036, -0.41180268
4334959390000, -1.3790601, 9.787497, -0.4213795
4334969581000, -1.3694834, 9.758766, -0.4309563
4334999930000, -1.3599066, 9.758766, -0.4405331
4335019963000, -1.3694834, 9.768343, -0.45010993
4335040587000, -1.3503298, 9.77792, -0.38307226
4335050648000, -1.340753, 9.787497, -0.37349546
4335060804000, -1.388637, 9.768343, -0.39264908
4335070706000, -1.4173675, 9.77792, -0.34476504
4335081059000, -1.3982137, 9.768343, -0.32561144
4335101336000, -1.436521, 9.797073, -0.39264908
4335111400000, -1.4077905, 9.768343, -0.38307226
4335121587000, -1.3694834, 9.77792, -0.39264908
4335142592000, -1.3694834, 9.787497, -0.36391866
4335162539000, -1.3503298, 9.749189, -0.32561144
4335182618000, -1.3215994, 9.749189, -0.36391866
4335202721000, -1.3503298, 9.768343, -0.35434186
4335222714000, -1.3694834, 9.749189, -0.34476504
4335243745000, -1.340753, 9.739613, -0.32561144
4335253175000, -1.3599066, 9.758766, -0.34476504
4335273086000, -1.340753, 9.758766, -0.33518824
4335293731000, -1.3311762, 9.758766, -0.34476504
4335333941000, -1.340753, 9.768343, -0.35434186
4335344068000, -1.3311762, 9.720459, -0.30645782
4335354180000, -1.3120226, 9.758766, -0.34476504
4335374344000, -1.3503298, 9.768343, -0.32561144
4335394798000, -1.3694834, 9.739613, -0.33518824
4335404918000, -1.340753, 9.749189, -0.29688102
4335415311000, -1.388637, 9.77792, -0.32561144
4335435444000, -1.3982137, 9.80665, -0.4213795
4335445511000, -1.4077905, 9.739613, -0.32561144
4335476692000, -1.3503298, 9.768343, -0.33518824
4335486112000, -1.340753, 9.758766, -0.34476504
4335506090000, -1.3503298, 9.768343, -0.32561144
4335526614000, -1.3790601, 9.77792, -0.2777274
4335538201000, -1.3694834, 9.768343, -0.23942018
4335548503000, -1.3790601, 9.739613, -0.2777274
